Date,Open,High,Low,Close,Adj Close,Volume
2013-01-02,0.700000,0.700000,0.700000,0.700000,0.700000,13500
2013-01-03,0.710000,0.720000,0.700000,0.720000,0.720000,11800
2013-01-04,0.720000,0.750000,0.720000,0.740000,0.740000,72300
2013-01-07,0.740000,0.740000,0.740000,0.740000,0.740000,3700
2013-01-08,0.740000,0.760000,0.740000,0.760000,0.760000,33100
2013-01-09,0.760000,0.760000,0.750000,0.750000,0.750000,25300
2013-01-10,0.760000,0.760000,0.760000,0.760000,0.760000,40500
2013-01-11,0.750000,0.760000,0.750000,0.760000,0.760000,4300
2013-01-14,0.750000,0.750000,0.720000,0.730000,0.730000,40000
2013-01-15,0.720000,0.720000,0.720000,0.720000,0.720000,12400
2013-01-16,0.730000,0.740000,0.730000,0.740000,0.740000,5200
2013-01-17,0.730000,0.750000,0.730000,0.730000,0.730000,12300
2013-01-18,0.770000,0.830000,0.760000,0.800000,0.800000,683600
2013-01-22,0.810000,0.810000,0.780000,0.800000,0.800000,61700
2013-01-23,0.790000,0.800000,0.760000,0.780000,0.780000,51400
2013-01-24,0.800000,0.800000,0.780000,0.780000,0.780000,75800
2013-01-25,0.780000,0.780000,0.750000,0.770000,0.770000,114200
2013-01-28,0.770000,0.790000,0.750000,0.790000,0.790000,100700
2013-01-29,0.800000,0.800000,0.800000,0.800000,0.800000,75600
2013-01-30,0.770000,0.790000,0.760000,0.790000,0.790000,17000
2013-01-31,0.790000,0.800000,0.790000,0.790000,0.790000,4000
2013-02-01,0.700000,0.800000,0.700000,0.790000,0.790000,72000
2013-02-04,0.790000,0.800000,0.790000,0.800000,0.800000,1200
2013-02-05,0.790000,0.800000,0.790000,0.790000,0.790000,17300
2013-02-06,0.790000,0.800000,0.790000,0.790000,0.790000,15000
2013-02-07,0.790000,0.790000,0.790000,0.790000,0.790000,0
2013-02-08,0.800000,0.800000,0.800000,0.800000,0.800000,3800
2013-02-11,0.770000,0.770000,0.770000,0.770000,0.770000,8400
2013-02-12,0.770000,0.780000,0.730000,0.730000,0.730000,257800
2013-02-13,0.750000,0.770000,0.750000,0.770000,0.770000,40600
2013-02-14,0.760000,0.770000,0.740000,0.750000,0.750000,139500
2013-02-15,0.750000,0.750000,0.730000,0.750000,0.750000,312000
2013-02-19,0.730000,0.800000,0.730000,0.800000,0.800000,245700
2013-02-20,0.790000,0.790000,0.780000,0.780000,0.780000,142300
2013-02-21,0.790000,0.790000,0.780000,0.780000,0.780000,43100
2013-02-22,0.780000,0.790000,0.780000,0.790000,0.790000,25800
2013-02-25,0.790000,0.790000,0.780000,0.780000,0.780000,148600
2013-02-26,0.780000,0.780000,0.770000,0.780000,0.780000,111500
2013-02-27,0.780000,0.780000,0.770000,0.770000,0.770000,50000
2013-02-28,0.770000,0.770000,0.770000,0.770000,0.770000,900
2013-03-01,0.780000,0.780000,0.780000,0.780000,0.780000,48500
2013-03-04,0.780000,0.810000,0.780000,0.790000,0.790000,332700
2013-03-05,0.780000,0.780000,0.770000,0.780000,0.780000,146900
2013-03-06,0.770000,0.780000,0.770000,0.780000,0.780000,63900
2013-03-07,0.790000,0.790000,0.780000,0.790000,0.790000,93900
2013-03-08,0.780000,0.780000,0.770000,0.770000,0.770000,15300
2013-03-11,0.780000,0.780000,0.780000,0.780000,0.780000,27500
2013-03-12,0.770000,0.770000,0.770000,0.770000,0.770000,700
2013-03-13,0.770000,0.780000,0.770000,0.780000,0.780000,5800
2013-03-14,0.770000,0.800000,0.770000,0.800000,0.800000,65000
2013-03-15,0.810000,0.820000,0.810000,0.820000,0.820000,11000
2013-03-18,0.800000,0.860000,0.800000,0.850000,0.850000,115900
2013-03-19,0.840000,0.870000,0.840000,0.870000,0.870000,56900
2013-03-20,0.860000,0.860000,0.830000,0.850000,0.850000,60800
2013-03-21,0.830000,0.830000,0.830000,0.830000,0.830000,13000
2013-03-22,0.820000,0.820000,0.820000,0.820000,0.820000,10000
2013-03-25,0.810000,0.850000,0.800000,0.850000,0.850000,109000
2013-03-26,0.830000,0.830000,0.830000,0.830000,0.830000,1300
2013-03-27,0.830000,0.840000,0.810000,0.830000,0.830000,271200
2013-03-28,0.830000,0.850000,0.830000,0.850000,0.850000,68400
2013-04-01,0.850000,0.850000,0.830000,0.830000,0.830000,14700
2013-04-02,0.830000,0.850000,0.830000,0.840000,0.840000,29700
2013-04-03,0.840000,0.840000,0.830000,0.830000,0.830000,11000
2013-04-04,0.830000,0.830000,0.830000,0.830000,0.830000,4500
2013-04-05,0.820000,0.820000,0.820000,0.820000,0.820000,70800
2013-04-08,0.820000,0.840000,0.820000,0.820000,0.820000,11200
2013-04-09,0.830000,0.830000,0.830000,0.830000,0.830000,2000
2013-04-10,0.840000,0.840000,0.840000,0.840000,0.840000,2500
2013-04-11,0.840000,0.840000,0.830000,0.830000,0.830000,14100
2013-04-12,0.830000,0.830000,0.830000,0.830000,0.830000,0
2013-04-15,0.850000,0.880000,0.830000,0.830000,0.830000,35100
2013-04-16,0.820000,0.830000,0.810000,0.830000,0.830000,4700
2013-04-17,0.830000,0.830000,0.830000,0.830000,0.830000,0
2013-04-18,0.810000,0.840000,0.810000,0.840000,0.840000,16500
2013-04-19,0.820000,0.820000,0.820000,0.820000,0.820000,300
2013-04-22,0.820000,0.820000,0.810000,0.810000,0.810000,4100
2013-04-23,0.810000,0.810000,0.810000,0.810000,0.810000,2200
2013-04-24,0.840000,0.840000,0.840000,0.840000,0.840000,900
2013-04-25,0.810000,0.840000,0.790000,0.840000,0.840000,7700
2013-04-26,0.810000,0.850000,0.810000,0.850000,0.850000,17500
2013-04-29,0.840000,0.840000,0.840000,0.840000,0.840000,14000
2013-04-30,0.840000,0.840000,0.840000,0.840000,0.840000,0
2013-05-01,0.830000,0.840000,0.810000,0.810000,0.810000,21000
2013-05-02,0.830000,0.830000,0.820000,0.820000,0.820000,117000
2013-05-03,0.820000,0.820000,0.820000,0.820000,0.820000,0
2013-05-06,0.830000,0.830000,0.830000,0.830000,0.830000,7300
2013-05-07,0.830000,0.830000,0.830000,0.830000,0.830000,4200
2013-05-08,0.790000,0.800000,0.780000,0.800000,0.800000,31500
2013-05-09,0.800000,0.810000,0.800000,0.810000,0.810000,3000
2013-05-10,0.810000,0.810000,0.810000,0.810000,0.810000,0
2013-05-13,0.810000,0.810000,0.810000,0.810000,0.810000,0
2013-05-14,0.810000,0.810000,0.810000,0.810000,0.810000,0
2013-05-15,0.810000,0.810000,0.810000,0.810000,0.810000,0
2013-05-16,0.800000,0.820000,0.780000,0.820000,0.820000,18600
2013-05-17,0.820000,0.820000,0.820000,0.820000,0.820000,0
2013-05-20,0.820000,0.840000,0.820000,0.840000,0.840000,12000
2013-05-21,0.830000,0.830000,0.800000,0.800000,0.800000,2200
2013-05-22,0.800000,0.840000,0.800000,0.800000,0.800000,11300
2013-05-23,0.800000,0.800000,0.800000,0.800000,0.800000,500
2013-05-24,0.820000,0.820000,0.800000,0.810000,0.810000,26500
2013-05-28,0.810000,0.810000,0.810000,0.810000,0.810000,0
2013-05-29,0.820000,0.820000,0.820000,0.820000,0.820000,12200
2013-05-30,0.820000,0.820000,0.820000,0.820000,0.820000,0
2013-05-31,0.840000,0.840000,0.840000,0.840000,0.840000,7000
2013-06-03,0.840000,0.840000,0.840000,0.840000,0.840000,0
2013-06-04,0.840000,0.840000,0.840000,0.840000,0.840000,0
2013-06-05,0.840000,0.840000,0.840000,0.840000,0.840000,0
2013-06-06,0.840000,0.840000,0.840000,0.840000,0.840000,0
2013-06-07,0.840000,0.850000,0.820000,0.840000,0.840000,180700
2013-06-10,0.840000,0.840000,0.820000,0.820000,0.820000,2300
2013-06-11,0.830000,0.840000,0.820000,0.840000,0.840000,22400
2013-06-12,0.840000,0.840000,0.840000,0.840000,0.840000,0
2013-06-13,0.820000,0.840000,0.820000,0.840000,0.840000,24100
2013-06-14,0.820000,0.840000,0.820000,0.840000,0.840000,36500
2013-06-17,0.820000,0.820000,0.820000,0.820000,0.820000,1600
2013-06-18,0.830000,0.840000,0.830000,0.840000,0.840000,12000
2013-06-19,0.820000,0.820000,0.820000,0.820000,0.820000,1600
2013-06-20,0.820000,0.820000,0.820000,0.820000,0.820000,3200
2013-06-21,0.820000,0.820000,0.820000,0.820000,0.820000,1600
2013-06-24,0.820000,0.820000,0.820000,0.820000,0.820000,500
2013-06-25,0.820000,0.820000,0.820000,0.820000,0.820000,1500
2013-06-26,0.820000,0.830000,0.820000,0.830000,0.830000,3200
2013-06-27,0.830000,0.830000,0.830000,0.830000,0.830000,2000
2013-06-28,0.830000,0.830000,0.820000,0.820000,0.820000,2000
2013-07-01,0.820000,0.830000,0.820000,0.820000,0.820000,59800
2013-07-02,0.820000,0.830000,0.820000,0.830000,0.830000,16500
2013-07-03,0.830000,0.830000,0.830000,0.830000,0.830000,0
2013-07-05,0.830000,0.840000,0.830000,0.840000,0.840000,7000
2013-07-08,0.830000,0.840000,0.830000,0.840000,0.840000,2700
2013-07-09,0.830000,0.830000,0.820000,0.820000,0.820000,19000
2013-07-10,0.820000,0.820000,0.820000,0.820000,0.820000,600
2013-07-11,0.840000,0.840000,0.820000,0.830000,0.830000,67000
2013-07-12,0.810000,0.840000,0.810000,0.840000,0.840000,2300
2013-07-15,0.830000,0.840000,0.830000,0.840000,0.840000,9800
2013-07-16,0.830000,0.830000,0.810000,0.810000,0.810000,5700
2013-07-17,0.830000,0.840000,0.810000,0.810000,0.810000,76200
2013-07-18,0.820000,0.820000,0.820000,0.820000,0.820000,1000
2013-07-19,0.840000,0.840000,0.840000,0.840000,0.840000,2000
2013-07-22,0.840000,0.840000,0.840000,0.840000,0.840000,0
2013-07-23,0.840000,0.840000,0.840000,0.840000,0.840000,0
2013-07-24,0.840000,0.840000,0.840000,0.840000,0.840000,0
2013-07-25,0.810000,0.820000,0.810000,0.810000,0.810000,7200
2013-07-26,0.810000,0.840000,0.810000,0.840000,0.840000,4000
2013-07-29,0.800000,0.800000,0.800000,0.800000,0.800000,1000
2013-07-30,0.800000,0.800000,0.800000,0.800000,0.800000,0
2013-07-31,0.820000,0.820000,0.820000,0.820000,0.820000,10000
2013-08-01,0.820000,0.820000,0.820000,0.820000,0.820000,0
2013-08-02,0.830000,0.830000,0.820000,0.820000,0.820000,15000
2013-08-05,0.820000,0.820000,0.820000,0.820000,0.820000,10500
2013-08-06,0.800000,0.800000,0.800000,0.800000,0.800000,1000
2013-08-07,0.800000,0.800000,0.800000,0.800000,0.800000,0
2013-08-08,0.820000,0.840000,0.820000,0.840000,0.840000,1600
2013-08-09,0.820000,0.820000,0.820000,0.820000,0.820000,1100
2013-08-12,0.820000,0.820000,0.820000,0.820000,0.820000,50000
2013-08-13,0.840000,0.840000,0.800000,0.810000,0.810000,257000
2013-08-14,0.810000,0.810000,0.810000,0.810000,0.810000,0
2013-08-15,0.840000,0.840000,0.830000,0.830000,0.830000,233500
2013-08-16,0.830000,0.830000,0.780000,0.810000,0.810000,63800
2013-08-19,0.810000,0.810000,0.810000,0.810000,0.810000,800
2013-08-20,0.810000,0.810000,0.810000,0.810000,0.810000,0
2013-08-21,0.810000,0.820000,0.810000,0.810000,0.810000,70500
2013-08-22,0.820000,0.820000,0.820000,0.820000,0.820000,2000
2013-08-23,0.800000,0.800000,0.800000,0.800000,0.800000,18500
2013-08-26,0.810000,0.810000,0.810000,0.810000,0.810000,18800
2013-08-27,0.820000,0.840000,0.820000,0.840000,0.840000,102700
2013-08-28,0.840000,0.850000,0.840000,0.850000,0.850000,18900
2013-08-29,0.840000,0.840000,0.840000,0.840000,0.840000,200
2013-08-30,0.830000,0.840000,0.830000,0.840000,0.840000,9000
2013-09-03,0.830000,0.830000,0.830000,0.830000,0.830000,600
2013-09-04,0.840000,0.850000,0.840000,0.850000,0.850000,43200
2013-09-05,0.850000,0.850000,0.850000,0.850000,0.850000,0
2013-09-06,0.850000,0.850000,0.850000,0.850000,0.850000,37200
2013-09-09,0.850000,0.850000,0.830000,0.850000,0.850000,39100
2013-09-10,0.840000,0.840000,0.830000,0.840000,0.840000,62000
2013-09-11,0.830000,0.850000,0.830000,0.850000,0.850000,2000
2013-09-12,0.850000,0.870000,0.830000,0.830000,0.830000,76900
2013-09-13,0.850000,0.850000,0.840000,0.840000,0.840000,10800
2013-09-16,0.850000,0.870000,0.840000,0.840000,0.840000,17500
2013-09-17,0.840000,0.850000,0.830000,0.830000,0.830000,68800
2013-09-18,0.830000,0.830000,0.830000,0.830000,0.830000,4000
2013-09-19,0.830000,0.830000,0.830000,0.830000,0.830000,0
2013-09-20,0.830000,0.830000,0.830000,0.830000,0.830000,800
2013-09-23,0.840000,0.840000,0.830000,0.830000,0.830000,40100
2013-09-24,0.830000,0.830000,0.830000,0.830000,0.830000,12200
2013-09-25,0.850000,0.850000,0.850000,0.850000,0.850000,400
2013-09-26,0.830000,0.830000,0.830000,0.830000,0.830000,1000
2013-09-27,0.820000,0.830000,0.820000,0.820000,0.820000,16100
2013-09-30,0.820000,0.820000,0.820000,0.820000,0.820000,400
2013-10-01,0.840000,0.840000,0.820000,0.820000,0.820000,4400
2013-10-02,0.830000,0.840000,0.830000,0.830000,0.830000,10500
2013-10-03,0.840000,0.840000,0.830000,0.830000,0.830000,20000
2013-10-04,0.830000,0.830000,0.830000,0.830000,0.830000,0
2013-10-07,0.830000,0.830000,0.830000,0.830000,0.830000,2000
2013-10-08,0.830000,0.830000,0.830000,0.830000,0.830000,0
2013-10-09,0.830000,0.830000,0.830000,0.830000,0.830000,0
2013-10-10,0.840000,0.840000,0.840000,0.840000,0.840000,10000
2013-10-11,0.830000,0.840000,0.830000,0.830000,0.830000,9100
2013-10-14,0.830000,0.830000,0.830000,0.830000,0.830000,5000
2013-10-15,0.830000,0.830000,0.830000,0.830000,0.830000,0
2013-10-16,0.830000,0.830000,0.830000,0.830000,0.830000,10000
2013-10-17,0.820000,0.830000,0.820000,0.830000,0.830000,11500
2013-10-18,0.830000,1.050000,0.830000,1.040000,1.040000,445000
2013-10-21,1.060000,1.190000,1.040000,1.140000,1.140000,391900
2013-10-22,1.150000,1.400000,1.150000,1.360000,1.360000,312100
2013-10-23,1.400000,1.400000,1.300000,1.340000,1.340000,275900
2013-10-24,1.330000,1.330000,1.270000,1.310000,1.310000,194400
2013-10-25,1.310000,1.320000,1.250000,1.300000,1.300000,119500
2013-10-28,1.300000,1.530000,1.290000,1.520000,1.520000,565500
2013-10-29,1.520000,1.540000,1.400000,1.430000,1.430000,10900
2013-10-30,1.450000,1.480000,1.430000,1.460000,1.460000,62500
2013-10-31,1.460000,1.550000,1.450000,1.520000,1.520000,97800
2013-11-01,1.520000,1.640000,1.500000,1.550000,1.550000,141100
2013-11-04,1.550000,1.580000,1.550000,1.550000,1.550000,10000
2013-11-05,1.550000,1.570000,1.530000,1.550000,1.550000,24200
2013-11-06,1.580000,1.580000,1.550000,1.550000,1.550000,2100
2013-11-07,1.560000,1.560000,1.540000,1.560000,1.560000,27100
2013-11-08,1.550000,1.550000,1.540000,1.550000,1.550000,38000
2013-11-11,1.550000,1.600000,1.550000,1.550000,1.550000,20900
2013-11-12,1.550000,1.560000,1.550000,1.550000,1.550000,6900
2013-11-13,1.560000,1.610000,1.550000,1.590000,1.590000,78100
2013-11-14,1.580000,1.590000,1.580000,1.590000,1.590000,3900
2013-11-15,1.590000,1.590000,1.560000,1.560000,1.560000,7300
2013-11-18,1.560000,1.590000,1.560000,1.560000,1.560000,7500
2013-11-19,1.580000,1.640000,1.560000,1.640000,1.640000,11700
2013-11-20,1.620000,1.660000,1.620000,1.650000,1.650000,128200
2013-11-21,1.680000,1.680000,1.650000,1.660000,1.660000,8300
2013-11-22,1.680000,1.680000,1.650000,1.660000,1.660000,18500
2013-11-25,1.670000,1.670000,1.600000,1.600000,1.600000,20300
2013-11-26,1.570000,1.570000,1.540000,1.550000,1.550000,18200
2013-11-27,1.540000,1.550000,1.530000,1.550000,1.550000,26700
2013-11-29,1.550000,1.550000,1.550000,1.550000,1.550000,10900
2013-12-02,1.550000,1.550000,1.550000,1.550000,1.550000,1400
2013-12-03,1.550000,1.550000,1.500000,1.500000,1.500000,47700
2013-12-04,1.510000,1.550000,1.470000,1.550000,1.550000,57900
2013-12-05,1.560000,1.650000,1.560000,1.650000,1.650000,27100
2013-12-06,1.660000,1.660000,1.570000,1.570000,1.570000,5900
2013-12-09,1.570000,1.580000,1.550000,1.580000,1.580000,14000
2013-12-10,1.580000,1.600000,1.580000,1.600000,1.600000,23800
2013-12-11,1.600000,1.600000,1.550000,1.550000,1.550000,10000
2013-12-12,1.550000,1.560000,1.550000,1.550000,1.550000,5700
2013-12-13,1.550000,1.550000,1.550000,1.550000,1.550000,6300
2013-12-16,1.550000,1.550000,1.550000,1.550000,1.550000,1600
2013-12-17,1.550000,1.550000,1.550000,1.550000,1.550000,21700
2013-12-18,1.560000,1.590000,1.560000,1.570000,1.570000,122500
2013-12-19,1.600000,1.600000,1.600000,1.600000,1.600000,19800
2013-12-20,1.600000,1.640000,1.530000,1.640000,1.640000,14400
2013-12-23,1.550000,1.650000,1.550000,1.620000,1.620000,15100
2013-12-24,1.620000,1.620000,1.620000,1.620000,1.620000,0
2013-12-26,1.610000,1.610000,1.550000,1.550000,1.550000,52700
2013-12-27,1.600000,1.620000,1.550000,1.600000,1.600000,50700
2013-12-30,1.600000,1.600000,1.500000,1.500000,1.500000,171200
2013-12-31,1.500000,1.590000,1.500000,1.550000,1.550000,44600
2014-01-02,1.550000,1.590000,1.550000,1.590000,1.590000,11600
2014-01-03,1.580000,1.600000,1.580000,1.600000,1.600000,3300
2014-01-06,1.610000,1.610000,1.610000,1.610000,1.610000,300
2014-01-07,1.580000,1.620000,1.550000,1.600000,1.600000,44100
2014-01-08,1.600000,1.600000,1.570000,1.570000,1.570000,25500
2014-01-09,1.570000,1.610000,1.570000,1.600000,1.600000,45100
2014-01-10,1.610000,1.670000,1.610000,1.670000,1.670000,10300
2014-01-13,1.650000,1.670000,1.650000,1.670000,1.670000,5200
2014-01-14,1.670000,1.670000,1.650000,1.650000,1.650000,6100
2014-01-15,1.650000,1.660000,1.650000,1.660000,1.660000,25300
2014-01-16,1.660000,1.700000,1.660000,1.700000,1.700000,102700
2014-01-17,1.700000,1.710000,1.700000,1.710000,1.710000,11300
2014-01-21,1.700000,1.710000,1.700000,1.700000,1.700000,16000
2014-01-22,1.710000,1.710000,1.700000,1.700000,1.700000,4600
2014-01-23,1.710000,1.730000,1.700000,1.700000,1.700000,39600
2014-01-24,1.710000,1.710000,1.690000,1.690000,1.690000,44900
2014-01-27,1.700000,1.710000,1.670000,1.710000,1.710000,1600
2014-01-28,1.710000,1.710000,1.670000,1.670000,1.670000,6200
2014-01-29,1.650000,1.650000,1.640000,1.640000,1.640000,2700
2014-01-30,1.640000,1.640000,1.580000,1.580000,1.580000,22300
2014-01-31,1.600000,1.600000,1.550000,1.560000,1.560000,118600
2014-02-03,1.550000,1.560000,1.550000,1.560000,1.560000,33100
2014-02-04,1.570000,1.670000,1.570000,1.610000,1.610000,2100
2014-02-05,1.610000,1.610000,1.610000,1.610000,1.610000,0
2014-02-06,1.690000,1.690000,1.550000,1.550000,1.550000,300
2014-02-07,1.570000,1.570000,1.570000,1.570000,1.570000,100
2014-02-10,1.570000,1.570000,1.570000,1.570000,1.570000,3000
2014-02-11,1.570000,1.570000,1.550000,1.560000,1.560000,13200
2014-02-12,1.560000,1.560000,1.560000,1.560000,1.560000,0
2014-02-13,1.560000,1.560000,1.560000,1.560000,1.560000,0
2014-02-14,1.560000,1.560000,1.550000,1.560000,1.560000,26800
2014-02-18,1.590000,1.600000,1.580000,1.600000,1.600000,12500
2014-02-19,1.600000,1.600000,1.600000,1.600000,1.600000,0
2014-02-20,1.590000,1.590000,1.590000,1.590000,1.590000,1800
2014-02-21,1.600000,1.750000,1.600000,1.740000,1.740000,96700
2014-02-24,1.740000,1.790000,1.710000,1.770000,1.770000,18900
2014-02-25,1.770000,1.790000,1.740000,1.740000,1.740000,12800
2014-02-26,1.690000,1.690000,1.690000,1.690000,1.690000,700
2014-02-27,1.780000,1.780000,1.750000,1.780000,1.780000,32700
2014-02-28,1.780000,1.780000,1.750000,1.780000,1.780000,11800
2014-03-03,1.770000,1.790000,1.770000,1.790000,1.790000,2800
2014-03-04,1.790000,1.790000,1.790000,1.790000,1.790000,200
2014-03-05,1.790000,1.800000,1.790000,1.800000,1.800000,18500
2014-03-06,1.780000,1.780000,1.710000,1.780000,1.780000,3600
2014-03-07,1.720000,1.800000,1.720000,1.800000,1.800000,2000
2014-03-10,1.800000,1.800000,1.800000,1.800000,1.800000,1100
2014-03-11,1.750000,1.750000,1.700000,1.700000,1.700000,7100
2014-03-12,1.710000,1.710000,1.700000,1.700000,1.700000,1000
2014-03-13,1.700000,1.700000,1.700000,1.700000,1.700000,2600
2014-03-14,1.710000,1.710000,1.710000,1.710000,1.710000,600
2014-03-17,1.700000,1.720000,1.700000,1.720000,1.720000,1700
2014-03-18,1.720000,1.720000,1.700000,1.700000,1.700000,1300
2014-03-19,1.750000,1.750000,1.750000,1.750000,1.750000,100
2014-03-20,1.750000,1.750000,1.750000,1.750000,1.750000,5000
2014-03-21,1.780000,1.790000,1.600000,1.750000,1.750000,7300
2014-03-24,1.620000,1.760000,1.620000,1.760000,1.760000,1400
2014-03-25,1.620000,1.720000,1.620000,1.720000,1.720000,2800
2014-03-26,1.670000,1.680000,1.670000,1.680000,1.680000,2600
2014-03-27,1.680000,1.680000,1.680000,1.680000,1.680000,0
2014-03-28,1.670000,1.800000,1.670000,1.800000,1.800000,10000
2014-03-31,1.680000,1.680000,1.680000,1.680000,1.680000,400
2014-04-01,1.750000,1.750000,1.750000,1.750000,1.750000,200
2014-04-02,1.720000,1.720000,1.700000,1.700000,1.700000,24000
2014-04-03,1.800000,1.800000,1.740000,1.740000,1.740000,5800
2014-04-04,1.790000,1.790000,1.750000,1.750000,1.750000,700
2014-04-07,1.750000,1.750000,1.750000,1.750000,1.750000,900
2014-04-08,1.750000,1.950000,1.750000,1.840000,1.840000,48300
2014-04-09,1.840000,1.840000,1.840000,1.840000,1.840000,100
2014-04-10,1.800000,1.840000,1.800000,1.840000,1.840000,22100
2014-04-11,1.840000,1.840000,1.840000,1.840000,1.840000,1000
2014-04-14,1.840000,1.840000,1.720000,1.740000,1.740000,900
2014-04-15,1.740000,1.740000,1.740000,1.740000,1.740000,0
2014-04-16,1.760000,1.760000,1.740000,1.750000,1.750000,3700
2014-04-17,1.750000,1.750000,1.750000,1.750000,1.750000,0
2014-04-21,1.760000,1.760000,1.720000,1.720000,1.720000,2000
2014-04-22,1.740000,1.890000,1.720000,1.890000,1.890000,11800
2014-04-23,1.890000,1.890000,1.890000,1.890000,1.890000,0
2014-04-24,1.870000,1.900000,1.870000,1.890000,1.890000,6300
2014-04-25,1.900000,1.900000,1.880000,1.880000,1.880000,600
2014-04-28,1.810000,1.810000,1.790000,1.790000,1.790000,1500
2014-04-29,1.790000,1.790000,1.790000,1.790000,1.790000,0
2014-04-30,1.800000,1.820000,1.780000,1.780000,1.780000,5200
2014-05-01,1.860000,1.860000,1.780000,1.790000,1.790000,15500
2014-05-02,1.790000,1.800000,1.780000,1.780000,1.780000,1400
2014-05-05,1.780000,1.830000,1.780000,1.830000,1.830000,8600
2014-05-06,1.760000,1.830000,1.760000,1.780000,1.780000,54100
2014-05-07,1.800000,1.800000,1.800000,1.800000,1.800000,100
2014-05-08,1.800000,1.800000,1.770000,1.770000,1.770000,7800
2014-05-09,1.780000,1.780000,1.760000,1.770000,1.770000,8100
2014-05-12,1.780000,1.780000,1.780000,1.780000,1.780000,600
2014-05-13,1.800000,1.800000,1.750000,1.770000,1.770000,7800
2014-05-14,1.710000,1.710000,1.710000,1.710000,1.710000,300
2014-05-15,1.890000,2.380000,1.890000,2.330000,2.330000,1020400
2014-05-16,2.350000,2.590000,2.330000,2.530000,2.530000,394700
2014-05-19,2.530000,2.650000,2.480000,2.630000,2.630000,66300
2014-05-20,2.620000,2.650000,2.560000,2.620000,2.620000,18700
2014-05-21,2.620000,2.620000,2.570000,2.610000,2.610000,12800
2014-05-22,2.640000,2.640000,2.550000,2.590000,2.590000,38800
2014-05-23,2.550000,2.590000,2.550000,2.590000,2.590000,31700
2014-05-27,2.590000,2.610000,2.580000,2.580000,2.580000,27000
2014-05-28,2.580000,2.610000,2.580000,2.610000,2.610000,60700
2014-05-29,2.590000,2.600000,2.570000,2.570000,2.570000,75000
2014-05-30,2.510000,2.530000,2.490000,2.530000,2.530000,19600
2014-06-02,2.530000,2.530000,2.480000,2.480000,2.480000,18300
2014-06-03,2.490000,2.490000,2.450000,2.490000,2.490000,7600
2014-06-04,2.470000,2.470000,2.450000,2.450000,2.450000,17700
2014-06-05,2.470000,2.470000,2.450000,2.450000,2.450000,2600
2014-06-06,2.450000,2.450000,2.440000,2.450000,2.450000,24700
2014-06-09,2.440000,2.440000,2.400000,2.420000,2.420000,11100
2014-06-10,2.400000,2.430000,2.380000,2.430000,2.430000,16100
2014-06-11,2.430000,2.450000,2.350000,2.450000,2.450000,23800
2014-06-12,2.420000,2.460000,2.420000,2.460000,2.460000,13600
2014-06-13,2.450000,2.450000,2.450000,2.450000,2.450000,100
2014-06-16,2.390000,2.400000,2.350000,2.400000,2.400000,13100
2014-06-17,2.400000,2.450000,2.400000,2.450000,2.450000,9100
2014-06-18,2.390000,2.420000,2.360000,2.420000,2.420000,18300
2014-06-19,2.410000,2.470000,2.410000,2.470000,2.470000,12200
2014-06-20,2.480000,2.500000,2.480000,2.500000,2.500000,39500
2014-06-23,2.500000,2.550000,2.500000,2.500000,2.500000,60100
2014-06-24,2.500000,2.500000,2.480000,2.500000,2.500000,3000
2014-06-25,2.450000,2.500000,2.450000,2.480000,2.480000,24200
2014-06-26,2.500000,2.650000,2.480000,2.600000,2.600000,2200
2014-06-27,2.600000,2.600000,2.600000,2.600000,2.600000,0
2014-06-30,2.550000,2.550000,2.450000,2.450000,2.450000,300
2014-07-01,2.450000,2.450000,2.450000,2.450000,2.450000,0
2014-07-02,2.440000,2.510000,2.440000,2.440000,2.440000,65000
2014-07-03,2.430000,2.450000,2.430000,2.450000,2.450000,3700
2014-07-07,2.460000,2.500000,2.330000,2.440000,2.440000,12200
2014-07-08,2.480000,2.480000,2.410000,2.480000,2.480000,39400
2014-07-09,2.480000,2.600000,2.480000,2.600000,2.600000,25300
2014-07-10,2.600000,2.600000,2.550000,2.550000,2.550000,700
2014-07-11,2.520000,2.520000,2.500000,2.500000,2.500000,14400
2014-07-14,2.520000,2.600000,2.520000,2.540000,2.540000,18700
2014-07-15,2.570000,2.570000,2.530000,2.540000,2.540000,17800
2014-07-16,2.570000,2.670000,2.570000,2.650000,2.650000,7300
2014-07-17,2.700000,3.200000,2.690000,2.960000,2.960000,158700
2014-07-18,2.990000,3.000000,2.850000,2.930000,2.930000,66300
2014-07-21,2.920000,3.070000,2.920000,3.040000,3.040000,41100
2014-07-22,3.060000,3.190000,3.060000,3.150000,3.150000,85900
2014-07-23,3.160000,3.240000,3.160000,3.240000,3.240000,63800
2014-07-24,3.240000,3.240000,3.160000,3.180000,3.180000,15200
2014-07-25,3.180000,3.180000,3.160000,3.160000,3.160000,39200
2014-07-28,3.170000,3.170000,3.160000,3.170000,3.170000,19200
2014-07-29,3.170000,3.200000,3.170000,3.200000,3.200000,18300
2014-07-30,3.190000,3.190000,3.170000,3.170000,3.170000,5800
2014-07-31,3.190000,3.200000,3.170000,3.170000,3.170000,3000
2014-08-01,3.170000,3.170000,3.080000,3.090000,3.090000,10700
2014-08-04,3.090000,3.140000,3.000000,3.030000,3.030000,8300
2014-08-05,2.970000,3.020000,2.970000,3.000000,3.000000,20600
2014-08-06,3.000000,3.040000,3.000000,3.000000,3.000000,3900
2014-08-07,3.000000,3.050000,3.000000,3.000000,3.000000,21600
2014-08-08,3.040000,3.040000,3.030000,3.030000,3.030000,1500
2014-08-11,2.980000,3.000000,2.980000,2.990000,2.990000,35500
2014-08-12,3.010000,3.050000,3.000000,3.010000,3.010000,31600
2014-08-13,3.050000,3.070000,3.010000,3.070000,3.070000,28300
2014-08-14,3.100000,3.230000,3.100000,3.210000,3.210000,159000
2014-08-15,3.220000,3.280000,3.220000,3.280000,3.280000,87600
2014-08-18,3.280000,3.650000,3.280000,3.630000,3.630000,193200
2014-08-19,3.630000,3.690000,3.500000,3.560000,3.560000,47700
2014-08-20,3.500000,3.580000,3.480000,3.530000,3.530000,74700
2014-08-21,3.500000,3.550000,3.400000,3.500000,3.500000,54400
2014-08-22,3.480000,3.560000,3.480000,3.510000,3.510000,17800
2014-08-25,3.530000,3.550000,3.520000,3.520000,3.520000,19600
2014-08-26,3.570000,3.570000,3.530000,3.560000,3.560000,19800
2014-08-27,3.520000,3.530000,3.500000,3.500000,3.500000,10400
2014-08-28,3.500000,3.540000,3.500000,3.540000,3.540000,26400
2014-08-29,3.520000,3.550000,3.500000,3.550000,3.550000,8700
2014-09-02,3.580000,3.600000,3.580000,3.600000,3.600000,10100
2014-09-03,3.690000,3.730000,3.610000,3.630000,3.630000,26600
2014-09-04,3.630000,3.650000,3.600000,3.650000,3.650000,15900
2014-09-05,3.680000,3.750000,3.660000,3.660000,3.660000,30900
2014-09-08,3.640000,3.680000,3.500000,3.550000,3.550000,4000
2014-09-09,3.630000,3.630000,3.600000,3.630000,3.630000,3700
2014-09-10,3.580000,3.580000,3.500000,3.530000,3.530000,17900
2014-09-11,3.500000,3.510000,3.500000,3.500000,3.500000,7600
2014-09-12,3.500000,3.500000,3.480000,3.480000,3.480000,22400
2014-09-15,3.500000,3.640000,3.500000,3.600000,3.600000,9500
2014-09-16,3.500000,3.550000,3.500000,3.500000,3.500000,4500
2014-09-17,3.500000,3.500000,3.500000,3.500000,3.500000,3800
2014-09-18,3.510000,3.530000,3.510000,3.530000,3.530000,4800
2014-09-19,3.550000,3.550000,3.510000,3.510000,3.510000,1600
2014-09-22,3.510000,3.510000,3.490000,3.490000,3.490000,18300
2014-09-23,3.490000,3.510000,3.490000,3.500000,3.500000,6300
2014-09-24,3.500000,3.510000,3.480000,3.510000,3.510000,1600
2014-09-25,3.480000,3.480000,3.480000,3.480000,3.480000,1000
2014-09-26,3.510000,3.550000,3.500000,3.500000,3.500000,10800
2014-09-29,3.530000,3.550000,3.500000,3.500000,3.500000,3300
2014-09-30,3.530000,3.530000,3.500000,3.500000,3.500000,7800
2014-10-01,3.500000,3.500000,3.350000,3.370000,3.370000,24200
2014-10-02,3.370000,3.480000,3.370000,3.450000,3.450000,11800
2014-10-03,3.450000,3.450000,3.410000,3.410000,3.410000,18400
2014-10-06,3.430000,3.430000,3.430000,3.430000,3.430000,1000
2014-10-07,3.420000,3.440000,3.420000,3.440000,3.440000,1200
2014-10-08,3.410000,3.440000,3.350000,3.440000,3.440000,8500
2014-10-09,3.350000,3.440000,3.300000,3.400000,3.400000,2700
2014-10-10,3.250000,3.400000,3.210000,3.350000,3.350000,6300
2014-10-13,3.320000,3.350000,3.000000,3.000000,3.000000,20100
2014-10-14,3.220000,3.230000,3.180000,3.190000,3.190000,9400
2014-10-15,3.210000,3.250000,3.210000,3.250000,3.250000,5200
2014-10-16,3.200000,3.280000,3.200000,3.200000,3.200000,3800
2014-10-17,3.270000,3.350000,3.260000,3.350000,3.350000,14300
2014-10-20,3.290000,3.360000,3.290000,3.360000,3.360000,8800
2014-10-21,3.350000,3.370000,3.300000,3.310000,3.310000,2200
2014-10-22,3.320000,3.480000,3.320000,3.350000,3.350000,8700
2014-10-23,3.360000,3.360000,3.360000,3.360000,3.360000,100
2014-10-24,3.390000,3.500000,3.390000,3.500000,3.500000,31800
2014-10-27,3.500000,3.500000,3.260000,3.330000,3.330000,18100
2014-10-28,3.350000,3.350000,3.200000,3.270000,3.270000,27000
2014-10-29,3.250000,3.270000,3.220000,3.270000,3.270000,1000
2014-10-30,3.230000,3.230000,3.220000,3.220000,3.220000,1100
2014-10-31,3.220000,3.350000,3.200000,3.350000,3.350000,5300
2014-11-03,3.310000,3.320000,3.050000,3.250000,3.250000,13900
2014-11-04,3.290000,3.300000,3.110000,3.250000,3.250000,5900
2014-11-05,3.250000,3.500000,3.220000,3.500000,3.500000,4600
2014-11-06,3.490000,3.500000,3.450000,3.450000,3.450000,5600
2014-11-07,3.450000,3.470000,3.450000,3.450000,3.450000,1100
2014-11-10,3.480000,3.570000,3.450000,3.450000,3.450000,48400
2014-11-11,3.550000,3.750000,3.530000,3.700000,3.700000,70700
2014-11-12,3.600000,3.700000,3.600000,3.700000,3.700000,14100
2014-11-13,3.700000,3.750000,3.650000,3.650000,3.650000,6900
2014-11-14,3.470000,3.600000,3.470000,3.600000,3.600000,2400
2014-11-17,3.600000,3.650000,3.540000,3.600000,3.600000,17100
2014-11-18,3.550000,3.630000,3.550000,3.620000,3.620000,5500
2014-11-19,3.620000,3.830000,3.550000,3.800000,3.800000,54200
2014-11-20,3.860000,4.020000,3.660000,3.780000,3.780000,93500
2014-11-21,3.790000,3.900000,3.770000,3.790000,3.790000,58700
2014-11-24,3.890000,4.000000,3.840000,4.000000,4.000000,85800
2014-11-25,4.000000,4.110000,4.000000,4.090000,4.090000,61100
2014-11-26,4.080000,4.090000,4.040000,4.070000,4.070000,5500
2014-11-28,4.020000,4.090000,4.000000,4.000000,4.000000,17500
2014-12-01,3.770000,4.070000,3.770000,4.040000,4.040000,17100
2014-12-02,4.060000,4.070000,4.000000,4.070000,4.070000,15500
2014-12-03,3.780000,4.050000,3.780000,4.000000,4.000000,12800
2014-12-04,4.000000,4.000000,4.000000,4.000000,4.000000,3600
2014-12-05,4.000000,4.080000,4.000000,4.010000,4.010000,20500
2014-12-08,4.000000,4.050000,3.990000,4.050000,4.050000,13400
2014-12-09,4.000000,4.050000,4.000000,4.050000,4.050000,5500
2014-12-10,4.020000,4.040000,4.000000,4.040000,4.040000,2500
2014-12-11,4.020000,4.020000,3.910000,3.990000,3.990000,15100
2014-12-12,4.000000,4.010000,4.000000,4.000000,4.000000,7500
2014-12-15,4.000000,4.020000,4.000000,4.020000,4.020000,2000
2014-12-16,4.000000,4.020000,3.960000,4.020000,4.020000,28500
2014-12-17,3.970000,4.040000,3.970000,3.990000,3.990000,7900
2014-12-18,4.020000,4.020000,3.910000,3.990000,3.990000,18500
2014-12-19,3.950000,4.050000,3.940000,4.050000,4.050000,32600
2014-12-22,4.040000,4.040000,4.000000,4.010000,4.010000,3000
2014-12-23,4.040000,4.050000,4.030000,4.050000,4.050000,6400
2014-12-24,4.080000,4.100000,4.010000,4.010000,4.010000,2200
2014-12-26,4.050000,4.050000,4.050000,4.050000,4.050000,400
2014-12-29,4.020000,4.050000,4.010000,4.010000,4.010000,1600
2014-12-30,4.000000,4.040000,4.000000,4.040000,4.040000,2300
2014-12-31,4.030000,4.890000,4.030000,4.350000,4.350000,165500
2015-01-02,4.200000,4.350000,3.850000,3.880000,3.880000,221100
2015-01-05,3.870000,3.870000,3.540000,3.570000,3.570000,138100
2015-01-06,3.570000,3.850000,3.550000,3.850000,3.850000,16700
2015-01-07,3.850000,3.940000,3.770000,3.930000,3.930000,5100
2015-01-08,3.930000,3.940000,3.880000,3.930000,3.930000,55100
2015-01-09,3.870000,3.870000,3.750000,3.800000,3.800000,3700
2015-01-12,3.750000,3.900000,3.570000,3.700000,3.700000,12500
2015-01-13,3.740000,3.740000,3.700000,3.700000,3.700000,26000
2015-01-14,3.650000,3.720000,3.600000,3.720000,3.720000,8500
2015-01-15,3.700000,3.720000,3.560000,3.720000,3.720000,38800
2015-01-16,3.720000,3.950000,3.720000,3.950000,3.950000,47900
2015-01-20,3.950000,4.140000,3.950000,4.140000,4.140000,10700
2015-01-21,4.000000,4.030000,4.000000,4.000000,4.000000,21800
2015-01-22,3.960000,4.000000,3.950000,4.000000,4.000000,9800
2015-01-23,3.850000,3.960000,3.850000,3.900000,3.900000,3400
2015-01-26,3.900000,3.900000,3.900000,3.900000,3.900000,200
2015-01-27,3.910000,3.920000,3.850000,3.920000,3.920000,3500
2015-01-28,3.910000,3.910000,3.910000,3.910000,3.910000,1000
2015-01-29,3.860000,3.860000,3.850000,3.850000,3.850000,1200
2015-01-30,3.910000,4.050000,3.910000,4.050000,4.050000,10000
2015-02-02,4.040000,4.050000,3.960000,3.970000,3.970000,6400
2015-02-03,3.940000,3.940000,3.800000,3.870000,3.870000,3700
2015-02-04,3.900000,3.900000,3.820000,3.830000,3.830000,7700
2015-02-05,3.860000,3.870000,3.830000,3.830000,3.830000,4500
2015-02-06,3.830000,3.830000,3.830000,3.830000,3.830000,1600
2015-02-09,3.830000,4.010000,3.820000,3.820000,3.820000,1900
2015-02-10,3.860000,3.950000,3.800000,3.950000,3.950000,8800
2015-02-11,3.950000,4.090000,3.800000,3.830000,3.830000,31400
2015-02-12,3.900000,4.050000,3.850000,4.000000,4.000000,47600
2015-02-13,4.000000,4.400000,4.000000,4.240000,4.240000,77600
2015-02-17,4.250000,4.280000,4.250000,4.250000,4.250000,21600
2015-02-18,4.300000,4.300000,4.260000,4.270000,4.270000,14500
2015-02-19,4.260000,4.350000,4.260000,4.290000,4.290000,11800
2015-02-20,4.290000,4.350000,4.290000,4.340000,4.340000,6100
2015-02-23,4.340000,4.340000,4.250000,4.300000,4.300000,8600
2015-02-24,4.250000,4.250000,4.250000,4.250000,4.250000,100
2015-02-25,4.250000,4.330000,4.250000,4.330000,4.330000,2900
2015-02-26,4.320000,4.320000,4.300000,4.300000,4.300000,200
2015-02-27,4.330000,4.450000,4.330000,4.450000,4.450000,114300
2015-03-02,4.370000,4.420000,4.370000,4.420000,4.420000,8800
2015-03-03,4.450000,4.510000,4.400000,4.500000,4.500000,50700
2015-03-04,4.440000,4.440000,4.320000,4.400000,4.400000,13400
2015-03-05,4.400000,4.400000,4.400000,4.400000,4.400000,3500
2015-03-06,4.400000,4.400000,4.400000,4.400000,4.400000,4000
2015-03-09,4.490000,4.490000,4.410000,4.410000,4.410000,3400
2015-03-10,4.410000,4.410000,4.400000,4.400000,4.400000,22600
2015-03-11,4.410000,4.420000,4.380000,4.380000,4.380000,11900
2015-03-12,4.350000,4.380000,4.350000,4.350000,4.350000,2900
2015-03-13,4.350000,4.360000,4.350000,4.350000,4.350000,6300
2015-03-16,4.350000,4.350000,4.350000,4.350000,4.350000,21500
2015-03-17,4.300000,4.350000,4.300000,4.300000,4.300000,11300
2015-03-18,4.310000,4.310000,4.300000,4.300000,4.300000,17600
2015-03-19,4.310000,4.340000,4.300000,4.320000,4.320000,6600
2015-03-20,4.350000,4.350000,4.300000,4.350000,4.350000,30800
2015-03-23,4.350000,4.350000,4.330000,4.330000,4.330000,6200
2015-03-24,4.330000,4.330000,4.330000,4.330000,4.330000,5200
2015-03-25,4.340000,4.340000,4.250000,4.250000,4.250000,3300
2015-03-26,4.200000,4.240000,4.200000,4.200000,4.200000,5400
2015-03-27,4.250000,4.250000,4.250000,4.250000,4.250000,6000
2015-03-30,4.260000,4.260000,4.250000,4.250000,4.250000,1400
2015-03-31,4.250000,4.350000,4.250000,4.300000,4.300000,30700
2015-04-01,4.290000,4.300000,4.150000,4.300000,4.300000,44300
2015-04-02,4.200000,4.250000,4.200000,4.200000,4.200000,15000
2015-04-06,4.200000,4.330000,4.200000,4.320000,4.320000,8900
2015-04-07,4.320000,4.330000,4.280000,4.280000,4.280000,9100
2015-04-08,4.330000,4.330000,4.300000,4.300000,4.300000,4200
2015-04-09,4.300000,4.310000,4.150000,4.150000,4.150000,28800
2015-04-10,4.160000,4.180000,4.160000,4.160000,4.160000,16200
2015-04-13,4.170000,4.220000,4.160000,4.200000,4.200000,23100
2015-04-14,4.250000,4.800000,4.150000,4.480000,4.480000,17900
2015-04-15,4.440000,4.490000,4.440000,4.450000,4.450000,1200
2015-04-16,4.510000,4.510000,4.510000,4.510000,4.510000,1200
2015-04-17,4.500000,4.610000,4.490000,4.560000,4.560000,17200
2015-04-20,4.590000,4.700000,4.560000,4.650000,4.650000,11000
2015-04-21,4.630000,4.660000,4.630000,4.650000,4.650000,30700
2015-04-22,4.610000,4.610000,4.500000,4.500000,4.500000,17300
2015-04-23,4.650000,4.670000,4.650000,4.650000,4.650000,14000
2015-04-24,4.790000,4.790000,4.660000,4.680000,4.680000,43100
2015-04-27,4.600000,4.600000,4.600000,4.600000,4.600000,700
2015-04-28,4.620000,4.680000,4.620000,4.680000,4.680000,2500
2015-04-29,4.650000,4.650000,4.640000,4.650000,4.650000,4300
2015-04-30,4.650000,4.660000,4.650000,4.650000,4.650000,41500
2015-05-01,4.650000,4.650000,4.450000,4.600000,4.600000,31100
2015-05-04,4.560000,4.600000,4.500000,4.500000,4.500000,3100
2015-05-05,4.500000,4.500000,4.450000,4.500000,4.500000,18000
2015-05-06,4.500000,4.500000,4.490000,4.490000,4.490000,2500
2015-05-07,4.480000,4.510000,4.450000,4.510000,4.510000,18400
2015-05-08,4.510000,4.510000,4.510000,4.510000,4.510000,0
2015-05-11,4.510000,4.510000,4.510000,4.510000,4.510000,0
2015-05-12,4.600000,4.600000,4.550000,4.550000,4.550000,13100
2015-05-13,4.550000,4.550000,4.510000,4.550000,4.550000,6000
2015-05-14,4.550000,4.600000,4.550000,4.600000,4.600000,1300
2015-05-15,4.060000,4.100000,3.550000,3.940000,3.940000,398800
2015-05-18,3.890000,4.050000,3.890000,4.030000,4.030000,42200
2015-05-19,4.050000,4.100000,4.040000,4.100000,4.100000,15600
2015-05-20,4.100000,4.130000,4.100000,4.120000,4.120000,12200
2015-05-21,4.130000,4.180000,4.120000,4.120000,4.120000,44900
2015-05-22,4.130000,4.170000,4.130000,4.170000,4.170000,16000
2015-05-26,4.170000,4.170000,4.020000,4.150000,4.150000,27000
2015-05-27,4.150000,4.160000,4.100000,4.100000,4.100000,52400
2015-05-28,4.100000,4.120000,4.050000,4.050000,4.050000,63800
2015-05-29,4.040000,4.040000,3.990000,3.990000,3.990000,36600
2015-06-01,4.000000,4.040000,3.950000,4.030000,4.030000,7000
2015-06-02,3.950000,4.080000,3.950000,3.950000,3.950000,68800
2015-06-03,3.900000,4.120000,3.890000,4.000000,4.000000,37700
2015-06-04,3.970000,3.970000,3.880000,3.970000,3.970000,3600
2015-06-05,3.900000,3.900000,3.900000,3.900000,3.900000,300
2015-06-08,3.900000,4.000000,3.780000,4.000000,4.000000,8500
2015-06-09,3.980000,4.000000,3.950000,3.950000,3.950000,4500
2015-06-10,4.000000,4.020000,3.950000,3.960000,3.960000,6600
2015-06-11,4.000000,4.000000,3.780000,3.940000,3.940000,30900
2015-06-12,3.900000,4.000000,3.830000,4.000000,4.000000,115600
2015-06-15,3.920000,4.000000,3.920000,3.970000,3.970000,25000
2015-06-16,3.970000,4.000000,3.930000,3.930000,3.930000,87100
2015-06-17,4.150000,4.150000,3.950000,3.950000,3.950000,6100
2015-06-18,3.980000,3.980000,3.750000,3.950000,3.950000,10500
2015-06-19,3.950000,3.980000,3.930000,3.930000,3.930000,12900
2015-06-22,3.900000,3.900000,3.800000,3.900000,3.900000,2400
2015-06-23,3.880000,3.900000,3.850000,3.900000,3.900000,2500
2015-06-24,3.880000,3.880000,3.850000,3.850000,3.850000,11900
2015-06-25,3.880000,3.880000,3.880000,3.880000,3.880000,2000
2015-06-26,3.880000,3.880000,3.850000,3.850000,3.850000,2500
2015-06-29,3.850000,3.880000,3.800000,3.850000,3.850000,15700
2015-06-30,3.850000,3.850000,3.850000,3.850000,3.850000,0
2015-07-01,3.850000,3.850000,3.850000,3.850000,3.850000,2800
2015-07-02,3.880000,3.880000,3.800000,3.850000,3.850000,82600
2015-07-06,3.780000,3.800000,3.750000,3.750000,3.750000,26300
2015-07-07,3.750000,3.780000,3.690000,3.720000,3.720000,7900
2015-07-08,3.720000,3.810000,3.640000,3.810000,3.810000,4500
2015-07-09,3.700000,3.750000,3.700000,3.700000,3.700000,700
2015-07-10,3.800000,3.800000,3.800000,3.800000,3.800000,500
2015-07-13,4.320000,4.990000,4.250000,4.850000,4.850000,248100
2015-07-14,4.850000,4.880000,4.560000,4.700000,4.700000,45800
2015-07-15,4.620000,4.700000,4.300000,4.420000,4.420000,98900
2015-07-16,4.430000,4.740000,4.250000,4.330000,4.330000,37600
2015-07-17,4.400000,4.460000,4.350000,4.450000,4.450000,22100
2015-07-20,4.360000,4.360000,4.200000,4.250000,4.250000,11500
2015-07-21,4.280000,4.280000,4.050000,4.200000,4.200000,96900
2015-07-22,4.150000,4.200000,4.150000,4.200000,4.200000,15200
2015-07-23,4.200000,4.220000,4.180000,4.220000,4.220000,12700
2015-07-24,4.240000,4.250000,4.160000,4.220000,4.220000,36300
2015-07-27,4.220000,4.250000,4.000000,4.000000,4.000000,10300
2015-07-28,4.050000,4.210000,4.000000,4.060000,4.060000,41600
2015-07-29,4.090000,4.180000,4.060000,4.060000,4.060000,8100
2015-07-30,4.100000,4.180000,4.090000,4.180000,4.180000,6000
2015-07-31,4.200000,4.350000,4.150000,4.250000,4.250000,16700
2015-08-03,4.200000,4.200000,4.020000,4.200000,4.200000,8800
2015-08-04,4.200000,4.250000,4.200000,4.250000,4.250000,25000
2015-08-05,4.200000,4.350000,4.120000,4.320000,4.320000,25300
2015-08-06,4.250000,4.300000,4.250000,4.280000,4.280000,18000
2015-08-07,4.280000,4.300000,4.200000,4.200000,4.200000,11100
2015-08-10,4.250000,4.250000,4.250000,4.250000,4.250000,5600
2015-08-11,4.300000,4.300000,4.130000,4.300000,4.300000,7400
2015-08-12,4.310000,4.320000,4.250000,4.260000,4.260000,18800
2015-08-13,4.350000,4.350000,4.300000,4.300000,4.300000,15100
2015-08-14,4.260000,4.300000,4.230000,4.270000,4.270000,6500
2015-08-17,4.270000,4.300000,4.000000,4.150000,4.150000,32800
2015-08-18,4.150000,4.260000,4.150000,4.200000,4.200000,6800
2015-08-19,4.200000,4.200000,4.160000,4.160000,4.160000,6100
2015-08-20,4.150000,4.150000,3.970000,3.970000,3.970000,13800
2015-08-21,4.000000,4.000000,4.000000,4.000000,4.000000,12900
2015-08-24,4.000000,4.000000,3.800000,3.900000,3.900000,89400
2015-08-25,3.920000,4.000000,3.870000,3.870000,3.870000,17100
2015-08-26,3.880000,4.000000,3.850000,3.950000,3.950000,86200
2015-08-27,3.940000,4.150000,3.920000,3.950000,3.950000,117800
2015-08-28,3.970000,4.000000,3.900000,3.900000,3.900000,13600
2015-08-31,3.920000,3.950000,3.920000,3.950000,3.950000,16900
2015-09-01,3.950000,3.950000,3.910000,3.910000,3.910000,10900
2015-09-02,3.950000,3.950000,3.950000,3.950000,3.950000,17700
2015-09-03,3.950000,3.950000,3.910000,3.950000,3.950000,26400
2015-09-04,4.080000,4.100000,3.900000,3.950000,3.950000,5300
2015-09-08,3.930000,4.030000,3.930000,3.950000,3.950000,5100
2015-09-09,3.950000,3.950000,3.950000,3.950000,3.950000,0
2015-09-10,3.950000,3.950000,3.950000,3.950000,3.950000,0
2015-09-11,4.030000,4.050000,3.800000,3.800000,3.800000,4700
2015-09-14,3.900000,4.000000,3.800000,4.000000,4.000000,17400
2015-09-15,3.950000,4.130000,3.850000,4.100000,4.100000,48900
2015-09-16,4.130000,4.170000,4.070000,4.100000,4.100000,44900
2015-09-17,4.000000,4.220000,4.000000,4.190000,4.190000,37900
2015-09-18,4.200000,4.210000,4.060000,4.060000,4.060000,80500
2015-09-21,4.100000,4.100000,4.070000,4.070000,4.070000,6100
2015-09-22,4.080000,4.080000,3.900000,3.900000,3.900000,7600
2015-09-23,3.900000,3.900000,3.900000,3.900000,3.900000,0
2015-09-24,3.980000,3.980000,3.900000,3.900000,3.900000,900
2015-09-25,3.930000,3.950000,3.900000,3.900000,3.900000,17200
2015-09-28,3.900000,3.900000,3.650000,3.850000,3.850000,11100
2015-09-29,3.850000,3.870000,3.550000,3.850000,3.850000,12500
2015-09-30,3.650000,4.000000,3.650000,3.950000,3.950000,22100
2015-10-01,3.920000,3.920000,3.700000,3.830000,3.830000,18700
2015-10-02,3.850000,3.870000,3.810000,3.840000,3.840000,13900
2015-10-05,3.870000,4.000000,3.850000,3.960000,3.960000,8200
2015-10-06,3.930000,4.250000,3.900000,4.250000,4.250000,15200
2015-10-07,4.210000,4.370000,4.190000,4.340000,4.340000,68900
2015-10-08,4.360000,4.370000,4.220000,4.220000,4.220000,7500
2015-10-09,4.250000,4.350000,4.210000,4.300000,4.300000,9900
2015-10-12,4.310000,4.320000,4.300000,4.310000,4.310000,9800
2015-10-13,4.230000,4.230000,4.230000,4.230000,4.230000,200
2015-10-14,4.230000,4.230000,4.230000,4.230000,4.230000,0
2015-10-15,4.300000,4.300000,4.250000,4.250000,4.250000,500
2015-10-16,4.250000,4.340000,4.230000,4.340000,4.340000,2600
2015-10-19,4.390000,4.430000,4.380000,4.420000,4.420000,34200
2015-10-20,4.500000,4.550000,4.410000,4.410000,4.410000,28200
2015-10-21,4.400000,4.460000,4.350000,4.350000,4.350000,30300
2015-10-22,4.440000,4.450000,4.390000,4.400000,4.400000,12300
2015-10-23,4.390000,4.520000,4.370000,4.520000,4.520000,47400
2015-10-26,4.520000,4.520000,4.520000,4.520000,4.520000,0
2015-10-27,4.500000,4.500000,4.500000,4.500000,4.500000,2500
2015-10-28,4.480000,4.480000,4.410000,4.440000,4.440000,51200
2015-10-29,4.350000,4.350000,4.210000,4.210000,4.210000,3000
2015-10-30,4.300000,4.400000,4.300000,4.400000,4.400000,2500
2015-11-02,4.400000,4.700000,4.400000,4.700000,4.700000,62700
2015-11-03,4.750000,4.810000,4.750000,4.800000,4.800000,32700
2015-11-04,4.500000,4.870000,4.500000,4.850000,4.850000,32100
2015-11-05,4.870000,5.120000,4.870000,5.010000,5.010000,56300
2015-11-06,5.050000,5.150000,5.030000,5.150000,5.150000,22600
2015-11-09,5.010000,5.150000,5.010000,5.050000,5.050000,44500
2015-11-10,5.080000,5.150000,5.080000,5.150000,5.150000,35600
2015-11-11,5.080000,5.140000,5.010000,5.050000,5.050000,44500
2015-11-12,5.020000,5.070000,4.900000,4.970000,4.970000,64600
2015-11-13,4.960000,4.960000,4.350000,4.500000,4.500000,22600
2015-11-16,4.450000,4.550000,4.450000,4.550000,4.550000,4200
2015-11-17,4.550000,4.710000,4.550000,4.700000,4.700000,11000
2015-11-18,4.700000,4.700000,4.600000,4.600000,4.600000,700
2015-11-19,4.690000,4.700000,4.680000,4.680000,4.680000,4300
2015-11-20,4.720000,4.720000,4.550000,4.550000,4.550000,6300
2015-11-23,4.550000,4.550000,4.550000,4.550000,4.550000,0
2015-11-24,4.350000,4.350000,4.350000,4.350000,4.350000,300
2015-11-25,4.310000,4.550000,4.310000,4.500000,4.500000,19900
2015-11-27,4.550000,4.800000,4.550000,4.800000,4.800000,10200
2015-11-30,4.900000,5.000000,4.850000,4.950000,4.950000,55800
2015-12-01,4.950000,4.960000,4.900000,4.900000,4.900000,123500
2015-12-02,4.930000,4.930000,4.740000,4.740000,4.740000,3700
2015-12-03,4.760000,4.760000,4.360000,4.650000,4.650000,5200
2015-12-04,4.650000,4.790000,4.610000,4.790000,4.790000,8900
2015-12-07,4.650000,4.800000,4.650000,4.750000,4.750000,5500
2015-12-08,4.750000,4.750000,4.750000,4.750000,4.750000,100
2015-12-09,4.700000,4.700000,4.610000,4.610000,4.610000,2100
2015-12-10,4.550000,4.550000,4.520000,4.530000,4.530000,3300
2015-12-11,4.560000,4.600000,4.420000,4.420000,4.420000,8200
2015-12-14,4.350000,4.650000,4.350000,4.650000,4.650000,2100
2015-12-15,4.650000,4.650000,4.650000,4.650000,4.650000,0
2015-12-16,4.500000,4.640000,4.350000,4.640000,4.640000,1000
2015-12-17,4.640000,4.640000,4.640000,4.640000,4.640000,4000
2015-12-18,4.550000,4.620000,4.550000,4.620000,4.620000,3400
2015-12-21,4.620000,4.620000,4.620000,4.620000,4.620000,0
2015-12-22,4.630000,4.710000,4.630000,4.650000,4.650000,13300
2015-12-23,4.700000,4.700000,4.700000,4.700000,4.700000,11500
2015-12-24,4.700000,4.700000,4.700000,4.700000,4.700000,1000
2015-12-28,4.700000,4.700000,4.700000,4.700000,4.700000,0
2015-12-29,4.700000,4.700000,4.650000,4.650000,4.650000,13100
2015-12-30,4.700000,4.700000,4.600000,4.670000,4.670000,22000
2015-12-31,4.650000,4.650000,4.560000,4.590000,4.590000,24500
2016-01-04,4.600000,4.750000,4.600000,4.720000,4.720000,4700
2016-01-05,4.800000,4.800000,4.750000,4.800000,4.800000,1400
2016-01-06,4.660000,4.700000,4.660000,4.700000,4.700000,2700
2016-01-07,4.600000,4.650000,4.600000,4.650000,4.650000,2400
2016-01-08,4.640000,4.660000,4.560000,4.560000,4.560000,5500
2016-01-11,4.800000,4.800000,4.310000,4.400000,4.400000,13900
2016-01-12,4.400000,4.580000,4.400000,4.520000,4.520000,6200
2016-01-13,4.600000,4.610000,4.520000,4.520000,4.520000,1900
2016-01-14,4.480000,4.480000,4.390000,4.450000,4.450000,4700
2016-01-15,4.390000,4.400000,4.250000,4.250000,4.250000,13700
2016-01-19,4.250000,4.330000,4.100000,4.330000,4.330000,15800
2016-01-20,4.210000,4.540000,4.020000,4.540000,4.540000,10900
2016-01-21,4.180000,4.540000,4.180000,4.540000,4.540000,2500
2016-01-22,4.500000,4.500000,4.060000,4.300000,4.300000,25500
2016-01-25,4.300000,4.300000,4.250000,4.250000,4.250000,1000
2016-01-26,4.250000,4.250000,4.250000,4.250000,4.250000,0
2016-01-27,4.250000,4.450000,4.250000,4.450000,4.450000,16700
2016-01-28,4.250000,4.750000,4.250000,4.550000,4.550000,7800
2016-01-29,5.000000,5.000000,4.250000,4.850000,4.850000,30400
2016-02-01,4.750000,4.750000,4.600000,4.600000,4.600000,1100
2016-02-02,4.610000,4.610000,4.300000,4.350000,4.350000,3700
2016-02-03,4.650000,4.650000,4.300000,4.400000,4.400000,2000
2016-02-04,4.400000,4.400000,4.400000,4.400000,4.400000,100
2016-02-05,4.350000,4.350000,4.100000,4.250000,4.250000,19400
2016-02-08,4.250000,4.250000,4.050000,4.090000,4.090000,11500
2016-02-09,4.090000,4.100000,4.090000,4.100000,4.100000,600
2016-02-10,4.100000,4.100000,4.100000,4.100000,4.100000,0
2016-02-11,4.110000,4.200000,4.100000,4.200000,4.200000,33900
2016-02-12,4.190000,4.200000,4.110000,4.150000,4.150000,3900
2016-02-16,4.110000,4.150000,4.050000,4.100000,4.100000,56300
2016-02-17,4.070000,4.190000,4.070000,4.150000,4.150000,66600
2016-02-18,4.150000,4.180000,4.150000,4.150000,4.150000,3500
2016-02-19,4.150000,4.200000,4.050000,4.150000,4.150000,25400
2016-02-22,4.160000,4.160000,4.130000,4.160000,4.160000,800
2016-02-23,4.160000,4.160000,4.160000,4.160000,4.160000,400
2016-02-24,4.160000,4.160000,4.160000,4.160000,4.160000,0
2016-02-25,4.150000,4.180000,4.150000,4.180000,4.180000,6600
2016-02-26,4.180000,4.180000,4.180000,4.180000,4.180000,1000
2016-02-29,4.150000,4.180000,4.150000,4.180000,4.180000,3800
2016-03-01,4.150000,4.180000,4.150000,4.180000,4.180000,900
2016-03-02,4.180000,4.180000,4.180000,4.180000,4.180000,0
2016-03-03,4.180000,4.200000,4.180000,4.190000,4.190000,73500
2016-03-04,4.180000,4.190000,4.050000,4.170000,4.170000,19600
2016-03-07,4.170000,4.170000,4.160000,4.160000,4.160000,62100
2016-03-08,4.160000,4.160000,4.160000,4.160000,4.160000,0
2016-03-09,4.160000,4.180000,4.160000,4.160000,4.160000,19900
2016-03-10,4.180000,4.180000,4.160000,4.160000,4.160000,14500
2016-03-11,4.160000,4.250000,4.150000,4.170000,4.170000,194900
2016-03-14,4.170000,4.170000,4.160000,4.160000,4.160000,3500
2016-03-15,4.160000,4.170000,4.150000,4.150000,4.150000,19400
2016-03-16,4.170000,4.170000,4.170000,4.170000,4.170000,300
2016-03-17,4.160000,4.160000,4.150000,4.160000,4.160000,92500
2016-03-18,4.160000,4.160000,4.160000,4.160000,4.160000,30400
2016-03-21,4.150000,4.190000,4.150000,4.190000,4.190000,3900
2016-03-22,4.190000,4.250000,4.180000,4.250000,4.250000,78100
2016-03-23,4.250000,4.250000,4.250000,4.250000,4.250000,0
2016-03-24,4.240000,4.250000,4.240000,4.250000,4.250000,58100
2016-03-28,4.250000,4.350000,4.250000,4.350000,4.350000,800
2016-03-29,4.350000,4.350000,4.300000,4.320000,4.320000,51700
2016-03-30,4.290000,4.290000,4.250000,4.290000,4.290000,25900
2016-03-31,4.290000,4.350000,4.290000,4.350000,4.350000,2700
2016-04-01,4.330000,4.330000,4.330000,4.330000,4.330000,700
2016-04-04,4.330000,4.350000,4.330000,4.340000,4.340000,11900
2016-04-05,4.250000,4.320000,4.250000,4.280000,4.280000,16200
2016-04-06,4.300000,4.300000,4.260000,4.300000,4.300000,2400
2016-04-07,4.270000,4.280000,4.240000,4.260000,4.260000,221700
2016-04-08,4.260000,4.260000,4.230000,4.240000,4.240000,7400
2016-04-11,4.220000,4.220000,4.070000,4.150000,4.150000,37300
2016-04-12,4.130000,4.170000,3.950000,4.130000,4.130000,28200
2016-04-13,4.100000,4.100000,4.000000,4.020000,4.020000,44400
2016-04-14,4.000000,4.090000,4.000000,4.050000,4.050000,20300
2016-04-15,4.050000,4.050000,4.050000,4.050000,4.050000,0
2016-04-18,3.900000,4.000000,3.900000,4.000000,4.000000,21500
2016-04-19,3.950000,4.040000,3.910000,4.040000,4.040000,19400
2016-04-20,4.010000,4.030000,4.000000,4.010000,4.010000,19900
2016-04-21,4.000000,4.000000,4.000000,4.000000,4.000000,3300
2016-04-22,4.000000,4.050000,3.970000,3.970000,3.970000,26600
2016-04-25,4.030000,4.030000,4.030000,4.030000,4.030000,100
2016-04-26,4.040000,4.040000,4.000000,4.020000,4.020000,21100
2016-04-27,3.990000,4.000000,3.990000,4.000000,4.000000,13100
2016-04-28,4.010000,4.020000,4.000000,4.000000,4.000000,2900
2016-04-29,4.000000,4.400000,3.960000,4.300000,4.300000,37200
2016-05-02,4.150000,4.150000,3.990000,3.990000,3.990000,52700
2016-05-03,4.000000,4.010000,3.990000,3.990000,3.990000,20500
2016-05-04,3.990000,3.990000,3.850000,3.900000,3.900000,61500
2016-05-05,3.900000,3.950000,3.900000,3.950000,3.950000,20000
2016-05-06,3.870000,3.950000,3.800000,3.820000,3.820000,21000
2016-05-09,3.810000,3.850000,3.810000,3.850000,3.850000,3300
2016-05-10,4.000000,4.100000,3.950000,4.060000,4.060000,54900
2016-05-11,4.190000,4.200000,4.110000,4.110000,4.110000,14100
2016-05-12,4.170000,4.170000,4.100000,4.100000,4.100000,17400
2016-05-13,4.050000,4.150000,4.040000,4.040000,4.040000,24700
2016-05-16,4.120000,4.170000,4.100000,4.140000,4.140000,33100
2016-05-17,4.140000,4.140000,4.000000,4.120000,4.120000,14300
2016-05-18,4.100000,4.160000,4.040000,4.120000,4.120000,43400
2016-05-19,4.020000,4.170000,3.850000,4.170000,4.170000,4800
2016-05-20,4.150000,4.170000,4.030000,4.170000,4.170000,6000
2016-05-23,4.110000,4.200000,3.960000,4.120000,4.120000,37400
2016-05-24,4.180000,4.180000,4.070000,4.140000,4.140000,32800
2016-05-25,4.150000,4.150000,4.120000,4.140000,4.140000,24600
2016-05-26,4.100000,4.160000,4.100000,4.150000,4.150000,55100
2016-05-27,4.140000,4.150000,4.110000,4.150000,4.150000,39100
2016-05-31,4.150000,4.170000,4.110000,4.170000,4.170000,19400
2016-06-01,4.150000,4.150000,4.010000,4.150000,4.150000,14500
2016-06-02,4.150000,4.170000,4.140000,4.160000,4.160000,35200
2016-06-03,4.160000,4.290000,4.140000,4.270000,4.270000,14800
2016-06-06,4.080000,4.270000,4.080000,4.240000,4.240000,5800
2016-06-07,4.230000,4.450000,4.230000,4.420000,4.420000,67300
2016-06-08,4.310000,4.310000,4.300000,4.300000,4.300000,200
2016-06-09,4.320000,4.320000,4.320000,4.320000,4.320000,100
2016-06-10,4.360000,4.740000,4.320000,4.640000,4.640000,42700
2016-06-13,4.640000,5.070000,4.580000,5.030000,5.030000,177500
2016-06-14,5.090000,5.150000,4.920000,5.050000,5.050000,98100
2016-06-15,5.100000,5.420000,4.820000,5.420000,5.420000,100300
2016-06-16,5.240000,5.490000,5.000000,5.480000,5.480000,142000
2016-06-17,5.470000,5.500000,4.800000,4.800000,4.800000,327900
2016-06-20,4.940000,4.940000,4.360000,4.450000,4.450000,100100
2016-06-21,4.500000,4.680000,4.500000,4.660000,4.660000,16100
2016-06-22,4.660000,4.660000,4.320000,4.470000,4.470000,19000
2016-06-23,4.420000,4.620000,4.420000,4.490000,4.490000,50500
2016-06-24,4.440000,4.660000,4.380000,4.640000,4.640000,1631800
2016-06-27,4.700000,4.910000,4.550000,4.860000,4.860000,83700
2016-06-28,4.860000,4.900000,4.810000,4.870000,4.870000,62100
2016-06-29,4.880000,5.070000,4.880000,4.950000,4.950000,49900
2016-06-30,4.970000,5.040000,4.710000,5.000000,5.000000,46600
2016-07-01,5.100000,5.100000,4.850000,4.960000,4.960000,50400
2016-07-05,4.880000,4.880000,4.560000,4.800000,4.800000,101300
2016-07-06,4.790000,4.800000,4.660000,4.780000,4.780000,48300
2016-07-07,4.640000,4.860000,4.600000,4.720000,4.720000,18700
2016-07-08,4.720000,4.930000,4.720000,4.890000,4.890000,52800
2016-07-11,4.920000,5.000000,4.860000,4.930000,4.930000,20700
2016-07-12,4.900000,5.060000,4.870000,4.960000,4.960000,43300
2016-07-13,4.930000,4.940000,4.610000,4.890000,4.890000,15000
2016-07-14,4.950000,4.950000,4.840000,4.890000,4.890000,14000
2016-07-15,4.890000,4.900000,4.800000,4.900000,4.900000,20800
2016-07-18,4.960000,4.960000,4.790000,4.900000,4.900000,7900
2016-07-19,4.950000,4.950000,4.820000,4.860000,4.860000,16400
2016-07-20,4.920000,4.970000,4.800000,4.960000,4.960000,21000
2016-07-21,5.010000,5.010000,4.850000,4.940000,4.940000,23400
2016-07-22,4.980000,4.980000,4.740000,4.850000,4.850000,17800
2016-07-25,4.800000,4.800000,4.540000,4.730000,4.730000,16300
2016-07-26,4.800000,4.870000,4.740000,4.830000,4.830000,12200
2016-07-27,4.830000,4.870000,4.670000,4.780000,4.780000,15500
2016-07-28,4.840000,4.840000,4.460000,4.740000,4.740000,12700
2016-07-29,4.680000,4.870000,4.680000,4.830000,4.830000,37800
2016-08-01,4.710000,4.740000,4.580000,4.650000,4.650000,12100
2016-08-02,4.720000,4.720000,4.510000,4.510000,4.510000,11800
2016-08-03,4.600000,4.600000,4.450000,4.570000,4.570000,20400
2016-08-04,4.710000,4.710000,4.480000,4.500000,4.500000,12900
2016-08-05,4.490000,4.650000,4.460000,4.580000,4.580000,26500
2016-08-08,4.460000,4.600000,4.430000,4.460000,4.460000,7800
2016-08-09,4.420000,4.730000,4.420000,4.710000,4.710000,11500
2016-08-10,4.800000,4.800000,4.520000,4.560000,4.560000,18800
2016-08-11,4.440000,4.660000,4.440000,4.620000,4.620000,15700
2016-08-12,4.720000,4.840000,4.650000,4.800000,4.800000,42500
2016-08-15,4.890000,4.890000,4.700000,4.820000,4.820000,36200
2016-08-16,4.760000,4.800000,4.690000,4.770000,4.770000,17700
2016-08-17,4.790000,4.790000,4.750000,4.780000,4.780000,11700
2016-08-18,4.790000,4.790000,4.680000,4.790000,4.790000,43100
2016-08-19,4.790000,4.790000,4.740000,4.740000,4.740000,25200
2016-08-22,4.740000,4.750000,4.700000,4.740000,4.740000,7500
2016-08-23,4.750000,4.780000,4.700000,4.760000,4.760000,9400
2016-08-24,4.740000,4.760000,4.600000,4.620000,4.620000,9800
2016-08-25,4.590000,4.630000,4.580000,4.600000,4.600000,13100
2016-08-26,4.580000,4.640000,4.560000,4.560000,4.560000,8100
2016-08-29,4.560000,4.580000,4.540000,4.580000,4.580000,10000
2016-08-30,4.510000,4.590000,4.480000,4.540000,4.540000,15000
2016-08-31,4.580000,4.600000,4.450000,4.570000,4.570000,25100
2016-09-01,4.550000,4.780000,4.540000,4.770000,4.770000,37800
2016-09-02,4.700000,4.940000,4.650000,4.800000,4.800000,38300
2016-09-06,4.860000,4.970000,4.730000,4.830000,4.830000,40000
2016-09-07,4.870000,4.890000,4.770000,4.830000,4.830000,35200
2016-09-08,4.920000,4.950000,4.850000,4.950000,4.950000,46600
2016-09-09,4.950000,4.950000,4.760000,4.860000,4.860000,37400
2016-09-12,4.890000,4.900000,4.780000,4.870000,4.870000,60300
2016-09-13,4.890000,4.890000,4.700000,4.760000,4.760000,38700
2016-09-14,4.750000,4.750000,4.640000,4.640000,4.640000,22400
2016-09-15,4.740000,4.740000,4.470000,4.500000,4.500000,60100
2016-09-16,4.610000,4.660000,4.480000,4.620000,4.620000,326900
2016-09-19,4.610000,4.820000,4.610000,4.810000,4.810000,17600
2016-09-20,4.850000,4.990000,4.850000,4.880000,4.880000,14700
2016-09-21,4.910000,4.920000,4.690000,4.920000,4.920000,20800
2016-09-22,4.900000,4.910000,4.860000,4.890000,4.890000,8000
2016-09-23,4.920000,4.920000,4.760000,4.780000,4.780000,14100
2016-09-26,4.720000,4.720000,4.540000,4.570000,4.570000,24500
2016-09-27,4.520000,4.740000,4.520000,4.700000,4.700000,27800
2016-09-28,4.630000,4.660000,4.530000,4.580000,4.580000,26500
2016-09-29,4.520000,4.570000,4.500000,4.530000,4.530000,24300
2016-09-30,4.510000,4.700000,4.470000,4.700000,4.700000,41700
2016-10-03,4.580000,4.650000,4.530000,4.580000,4.580000,28900
2016-10-04,4.550000,4.550000,4.390000,4.410000,4.410000,16200
2016-10-05,4.370000,4.460000,4.310000,4.450000,4.450000,24800
2016-10-06,4.400000,4.540000,4.400000,4.510000,4.510000,36900
2016-10-07,4.470000,4.510000,4.380000,4.470000,4.470000,31100
2016-10-10,4.440000,4.540000,4.440000,4.520000,4.520000,16200
2016-10-11,4.480000,4.540000,4.410000,4.470000,4.470000,20400
2016-10-12,4.430000,4.520000,4.420000,4.490000,4.490000,11800
2016-10-13,4.440000,4.440000,4.350000,4.370000,4.370000,17900
2016-10-14,4.310000,4.400000,4.300000,4.350000,4.350000,24900
2016-10-17,4.310000,4.370000,4.280000,4.360000,4.360000,19500
2016-10-18,4.380000,4.420000,4.350000,4.390000,4.390000,36900
2016-10-19,4.370000,4.450000,4.340000,4.440000,4.440000,182400
2016-10-20,4.400000,4.440000,4.370000,4.400000,4.400000,86400
2016-10-21,4.360000,4.410000,4.300000,4.410000,4.410000,16000
2016-10-24,4.480000,4.480000,4.350000,4.440000,4.440000,19700
2016-10-25,4.410000,4.450000,4.350000,4.410000,4.410000,29400
2016-10-26,4.370000,4.410000,4.250000,4.290000,4.290000,30300
2016-10-27,4.270000,4.270000,4.100000,4.140000,4.140000,26300
2016-10-28,4.030000,4.100000,3.870000,3.980000,3.980000,54800
2016-10-31,3.950000,4.030000,3.930000,3.990000,3.990000,24100
2016-11-01,3.970000,3.980000,3.930000,3.940000,3.940000,11600
2016-11-02,3.960000,3.960000,3.750000,3.780000,3.780000,25200
2016-11-03,3.810000,3.900000,3.770000,3.830000,3.830000,16700
2016-11-04,3.860000,3.920000,3.800000,3.840000,3.840000,24300
2016-11-07,3.910000,3.980000,3.800000,3.890000,3.890000,25000
2016-11-08,3.860000,4.020000,3.860000,3.900000,3.900000,19400
2016-11-09,3.800000,4.070000,3.800000,4.060000,4.060000,38700
2016-11-10,4.110000,4.240000,3.870000,4.180000,4.180000,27000
2016-11-11,4.060000,4.480000,4.050000,4.460000,4.460000,70900
2016-11-14,4.520000,4.590000,4.410000,4.550000,4.550000,28200
2016-11-15,4.490000,4.530000,4.290000,4.340000,4.340000,20900
2016-11-16,4.320000,4.380000,4.240000,4.380000,4.380000,17200
2016-11-17,4.300000,4.510000,4.300000,4.410000,4.410000,19800
2016-11-18,4.350000,4.390000,4.230000,4.350000,4.350000,48600
2016-11-21,4.380000,4.500000,4.290000,4.470000,4.470000,20000
2016-11-22,4.530000,4.630000,4.410000,4.510000,4.510000,201000
2016-11-23,4.500000,4.580000,4.360000,4.480000,4.480000,29700
2016-11-25,4.430000,4.530000,4.350000,4.420000,4.420000,24200
2016-11-28,4.330000,4.580000,4.300000,4.330000,4.330000,39600
2016-11-29,4.380000,4.430000,4.300000,4.340000,4.340000,53100
2016-11-30,4.320000,4.440000,4.300000,4.370000,4.370000,103400
2016-12-01,4.380000,4.500000,4.250000,4.300000,4.300000,49300
2016-12-02,4.300000,4.300000,4.250000,4.270000,4.270000,16800
2016-12-05,4.280000,4.310000,4.230000,4.300000,4.300000,47400
2016-12-06,4.300000,4.300000,4.220000,4.300000,4.300000,43800
2016-12-07,4.260000,4.430000,4.250000,4.290000,4.290000,27400
2016-12-08,4.270000,4.390000,4.260000,4.320000,4.320000,48100
2016-12-09,4.300000,4.300000,4.230000,4.280000,4.280000,63600
2016-12-12,4.300000,4.300000,4.050000,4.090000,4.090000,54900
2016-12-13,4.060000,4.080000,3.860000,4.050000,4.050000,94200
2016-12-14,4.000000,4.190000,3.940000,3.990000,3.990000,33300
2016-12-15,3.960000,4.060000,3.920000,4.030000,4.030000,28700
2016-12-16,4.050000,4.100000,4.010000,4.040000,4.040000,103300
2016-12-19,4.230000,4.260000,4.030000,4.070000,4.070000,101800
2016-12-20,4.010000,4.260000,4.000000,4.150000,4.150000,56300
2016-12-21,4.100000,4.180000,4.040000,4.160000,4.160000,38800
2016-12-22,4.110000,4.160000,3.990000,4.100000,4.100000,44900
2016-12-23,4.060000,4.330000,4.060000,4.330000,4.330000,81300
2016-12-27,4.240000,4.340000,4.170000,4.310000,4.310000,49200
2016-12-28,4.260000,4.450000,4.200000,4.320000,4.320000,105200
2016-12-29,4.310000,4.870000,4.160000,4.760000,4.760000,79700
2016-12-30,4.690000,4.730000,4.330000,4.390000,4.390000,47000
2017-01-03,4.400000,4.450000,4.150000,4.200000,4.200000,54100
2017-01-04,4.190000,4.240000,4.150000,4.220000,4.220000,37600
2017-01-05,4.210000,4.340000,3.980000,4.000000,4.000000,20000
2017-01-06,4.080000,4.110000,3.850000,3.910000,3.910000,31500
2017-01-09,3.850000,3.910000,3.810000,3.900000,3.900000,27300
2017-01-10,3.830000,4.060000,3.830000,3.900000,3.900000,24000
2017-01-11,3.840000,3.890000,3.750000,3.880000,3.880000,33100
2017-01-12,3.820000,3.920000,3.810000,3.840000,3.840000,20300
2017-01-13,3.790000,3.920000,3.790000,3.830000,3.830000,23400
2017-01-17,3.830000,3.860000,3.730000,3.820000,3.820000,32900
2017-01-18,3.780000,3.950000,3.750000,3.930000,3.930000,23700
2017-01-19,3.930000,3.990000,3.930000,3.940000,3.940000,11700
2017-01-20,3.910000,4.050000,3.850000,3.880000,3.880000,21600
2017-01-23,3.770000,3.850000,3.770000,3.850000,3.850000,10300
2017-01-24,3.850000,4.000000,3.850000,3.980000,3.980000,11600
2017-01-25,4.040000,4.040000,3.910000,3.940000,3.940000,13700
2017-01-26,3.960000,3.990000,3.800000,3.840000,3.840000,12500
2017-01-27,3.860000,3.960000,3.840000,3.930000,3.930000,15500
2017-01-30,3.900000,3.900000,3.800000,3.860000,3.860000,23200
2017-01-31,3.860000,4.010000,3.860000,3.990000,3.990000,65500
2017-02-01,3.990000,4.160000,3.970000,4.030000,4.030000,47300
2017-02-02,4.060000,4.090000,3.930000,4.040000,4.040000,147100
2017-02-03,4.020000,4.070000,4.010000,4.030000,4.030000,22600
2017-02-06,3.990000,4.400000,3.990000,4.120000,4.120000,78200
2017-02-07,4.060000,4.200000,4.020000,4.070000,4.070000,20400
2017-02-08,4.010000,4.050000,4.010000,4.040000,4.040000,49500
2017-02-09,4.020000,4.100000,4.000000,4.070000,4.070000,65900
2017-02-10,4.030000,4.130000,3.980000,4.130000,4.130000,29400
2017-02-13,4.060000,4.120000,3.970000,4.010000,4.010000,84600
2017-02-14,4.000000,4.240000,3.920000,3.950000,3.950000,132400
2017-02-15,3.810000,3.910000,3.810000,3.900000,3.900000,37400
2017-02-16,3.910000,3.910000,3.780000,3.810000,3.810000,26100
2017-02-17,3.870000,3.910000,3.800000,3.820000,3.820000,34100
2017-02-21,3.850000,3.850000,3.730000,3.800000,3.800000,19200
2017-02-22,3.810000,4.060000,3.810000,3.950000,3.950000,48400
2017-02-23,3.860000,3.980000,3.860000,3.900000,3.900000,11500
2017-02-24,3.900000,3.950000,3.810000,3.920000,3.920000,9100
2017-02-27,3.940000,3.990000,3.910000,3.930000,3.930000,21900
2017-02-28,3.910000,3.910000,3.790000,3.830000,3.830000,28600
2017-03-01,3.910000,3.970000,3.880000,3.960000,3.960000,26800
2017-03-02,3.990000,4.010000,3.930000,3.950000,3.950000,56300
2017-03-03,3.920000,3.970000,3.920000,3.960000,3.960000,42700
2017-03-06,3.900000,3.920000,3.790000,3.800000,3.800000,51600
2017-03-07,3.800000,3.810000,3.760000,3.770000,3.770000,18700
2017-03-08,3.740000,3.750000,3.650000,3.650000,3.650000,57700
2017-03-09,3.690000,3.770000,3.670000,3.740000,3.740000,25200
2017-03-10,3.700000,3.900000,3.680000,3.820000,3.820000,71800
2017-03-13,3.790000,3.840000,3.730000,3.740000,3.740000,13500
2017-03-14,3.720000,3.830000,3.690000,3.770000,3.770000,19200
2017-03-15,3.720000,3.800000,3.720000,3.790000,3.790000,23500
2017-03-16,3.770000,3.780000,3.760000,3.770000,3.770000,17300
2017-03-17,3.710000,3.820000,3.710000,3.740000,3.740000,64100
2017-03-20,3.720000,3.760000,3.680000,3.730000,3.730000,32700
2017-03-21,3.770000,3.770000,3.680000,3.690000,3.690000,29400
2017-03-22,3.680000,3.680000,3.580000,3.610000,3.610000,33800
2017-03-23,3.580000,3.580000,3.510000,3.550000,3.550000,25700
2017-03-24,3.580000,3.690000,3.510000,3.630000,3.630000,45500
2017-03-27,3.570000,3.670000,3.520000,3.620000,3.620000,14400
2017-03-28,3.590000,3.630000,3.530000,3.580000,3.580000,28800
2017-03-29,3.580000,3.910000,3.570000,3.720000,3.720000,50400
2017-03-30,3.730000,3.800000,3.650000,3.670000,3.670000,28700
2017-03-31,3.780000,3.780000,3.600000,3.720000,3.720000,25600
2017-04-03,3.720000,3.790000,3.700000,3.710000,3.710000,42600
2017-04-04,3.720000,3.760000,3.600000,3.610000,3.610000,35900
2017-04-05,3.620000,3.680000,3.550000,3.570000,3.570000,16300
2017-04-06,3.550000,3.670000,3.490000,3.610000,3.610000,62600
2017-04-07,3.580000,3.650000,3.260000,3.630000,3.630000,26200
2017-04-10,3.640000,3.640000,3.510000,3.530000,3.530000,22700
2017-04-11,3.550000,3.550000,3.450000,3.480000,3.480000,12700
2017-04-12,3.450000,3.460000,3.300000,3.410000,3.410000,85300
2017-04-13,3.370000,3.450000,3.330000,3.350000,3.350000,72900
2017-04-17,3.380000,3.380000,3.250000,3.320000,3.320000,21400
2017-04-18,3.280000,3.790000,3.270000,3.330000,3.330000,28000
2017-04-19,3.350000,3.460000,3.320000,3.350000,3.350000,34700
2017-04-20,3.380000,3.580000,3.330000,3.550000,3.550000,38300
2017-04-21,3.550000,3.560000,3.260000,3.420000,3.420000,27600
2017-04-24,3.540000,3.540000,3.250000,3.330000,3.330000,90000
2017-04-25,3.380000,3.390000,3.200000,3.240000,3.240000,64800
2017-04-26,3.260000,3.280000,3.160000,3.220000,3.220000,58300
2017-04-27,3.250000,3.260000,3.210000,3.230000,3.230000,22500
2017-04-28,3.240000,3.370000,3.200000,3.350000,3.350000,44500
2017-05-01,3.350000,3.360000,3.260000,3.270000,3.270000,25600
2017-05-02,3.340000,3.430000,3.280000,3.410000,3.410000,53800
2017-05-03,3.380000,3.400000,3.300000,3.370000,3.370000,22200
2017-05-04,3.400000,3.430000,3.300000,3.360000,3.360000,45100
2017-05-05,3.350000,3.430000,3.330000,3.340000,3.340000,21500
2017-05-08,3.360000,3.400000,3.300000,3.300000,3.300000,13400
2017-05-09,3.270000,3.300000,3.260000,3.270000,3.270000,54700
2017-05-10,3.290000,3.290000,3.220000,3.230000,3.230000,46500
2017-05-11,3.210000,3.280000,3.210000,3.270000,3.270000,63000
2017-05-12,3.250000,3.310000,3.250000,3.250000,3.250000,24700
2017-05-15,3.320000,3.330000,3.250000,3.260000,3.260000,23000
2017-05-16,3.250000,3.460000,3.250000,3.400000,3.400000,114700
2017-05-17,3.400000,3.520000,3.310000,3.320000,3.320000,85800
2017-05-18,3.320000,3.540000,3.320000,3.430000,3.430000,78400
2017-05-19,3.410000,3.450000,3.350000,3.400000,3.400000,138600
2017-05-22,3.320000,3.400000,3.290000,3.350000,3.350000,62900
2017-05-23,3.310000,3.340000,3.290000,3.300000,3.300000,41500
2017-05-24,3.290000,3.330000,3.250000,3.260000,3.260000,46800
2017-05-25,3.250000,3.260000,3.170000,3.210000,3.210000,77800
2017-05-26,3.210000,3.230000,3.200000,3.210000,3.210000,37000
2017-05-30,3.210000,3.260000,3.200000,3.200000,3.200000,85500
2017-05-31,3.200000,3.460000,3.160000,3.380000,3.380000,65900
2017-06-01,3.370000,3.520000,3.320000,3.490000,3.490000,46000
2017-06-02,3.520000,3.780000,3.500000,3.600000,3.600000,57900
2017-06-05,3.630000,3.630000,3.350000,3.380000,3.380000,73600
2017-06-06,3.350000,3.350000,3.200000,3.250000,3.250000,35300
2017-06-07,3.240000,3.240000,3.100000,3.130000,3.130000,74400
2017-06-08,3.090000,3.270000,3.090000,3.180000,3.180000,93200
2017-06-09,3.130000,3.220000,3.130000,3.200000,3.200000,57400
2017-06-12,3.240000,3.340000,3.150000,3.180000,3.180000,113500
2017-06-13,3.170000,3.250000,3.150000,3.210000,3.210000,59600
2017-06-14,3.210000,3.240000,3.170000,3.180000,3.180000,28300
2017-06-15,3.190000,3.340000,3.130000,3.160000,3.160000,101100
2017-06-16,3.100000,3.200000,3.100000,3.150000,3.150000,89000
2017-06-19,3.190000,3.210000,3.100000,3.200000,3.200000,60700
2017-06-20,3.220000,3.410000,3.150000,3.280000,3.280000,63100
2017-06-21,3.410000,3.450000,3.380000,3.400000,3.400000,39200
2017-06-22,3.380000,3.580000,3.380000,3.500000,3.500000,68000
2017-06-23,3.490000,3.720000,3.420000,3.570000,3.570000,1597300
2017-06-26,3.630000,3.720000,3.440000,3.490000,3.490000,100600
2017-06-27,3.460000,3.540000,3.150000,3.190000,3.190000,97300
2017-06-28,3.230000,3.590000,3.210000,3.370000,3.370000,87900
2017-06-29,3.370000,3.490000,3.250000,3.270000,3.270000,73000
2017-06-30,3.300000,3.340000,3.160000,3.200000,3.200000,50500
2017-07-03,3.260000,3.260000,3.090000,3.180000,3.180000,41000
2017-07-05,3.150000,3.280000,3.100000,3.120000,3.120000,39600
2017-07-06,3.120000,3.150000,2.990000,3.060000,3.060000,66700
2017-07-07,3.080000,3.330000,3.070000,3.120000,3.120000,52700
2017-07-10,3.170000,3.260000,3.050000,3.090000,3.090000,36200
2017-07-11,3.100000,3.170000,3.030000,3.060000,3.060000,31100
2017-07-12,3.060000,3.150000,3.060000,3.090000,3.090000,29600
2017-07-13,3.060000,3.110000,3.060000,3.100000,3.100000,13600
2017-07-14,3.090000,3.190000,3.050000,3.110000,3.110000,31100
2017-07-17,3.140000,3.260000,3.140000,3.220000,3.220000,12300
2017-07-18,3.220000,3.390000,3.220000,3.320000,3.320000,37600
2017-07-19,3.320000,3.360000,3.270000,3.280000,3.280000,38100
2017-07-20,3.250000,3.250000,3.250000,3.250000,3.250000,8100
2017-07-21,3.230000,3.360000,3.230000,3.230000,3.230000,13200
2017-07-24,3.230000,3.310000,3.230000,3.260000,3.260000,13800
2017-07-25,3.280000,3.360000,3.230000,3.340000,3.340000,23500
2017-07-26,3.320000,3.370000,3.270000,3.330000,3.330000,38900
2017-07-27,3.380000,3.380000,3.230000,3.240000,3.240000,16100
2017-07-28,3.300000,3.300000,3.140000,3.170000,3.170000,28000
2017-07-31,3.170000,3.180000,3.050000,3.070000,3.070000,42100
2017-08-01,3.180000,3.230000,3.150000,3.150000,3.150000,23800
2017-08-02,3.110000,3.160000,3.100000,3.130000,3.130000,12200
2017-08-03,3.160000,3.330000,3.110000,3.270000,3.270000,22700
2017-08-04,3.300000,3.370000,3.200000,3.330000,3.330000,31800
2017-08-07,3.350000,3.350000,3.260000,3.260000,3.260000,30100
2017-08-08,3.230000,3.320000,3.200000,3.260000,3.260000,7800
2017-08-09,3.270000,3.400000,3.270000,3.340000,3.340000,60100
2017-08-10,3.350000,3.390000,3.230000,3.240000,3.240000,22900
2017-08-11,3.300000,3.450000,3.300000,3.330000,3.330000,36800
2017-08-14,3.300000,3.400000,3.170000,3.390000,3.390000,13000
2017-08-15,3.440000,3.550000,3.200000,3.240000,3.240000,198100
2017-08-16,3.370000,3.370000,3.090000,3.130000,3.130000,52500
2017-08-17,3.200000,3.200000,3.070000,3.130000,3.130000,32700
2017-08-18,3.130000,3.130000,3.050000,3.120000,3.120000,14500
2017-08-21,3.070000,3.100000,3.030000,3.080000,3.080000,30000
2017-08-22,3.100000,3.240000,3.050000,3.200000,3.200000,22200
2017-08-23,3.110000,3.200000,3.030000,3.090000,3.090000,28600
2017-08-24,3.090000,3.090000,3.020000,3.020000,3.020000,17700
2017-08-25,3.030000,3.040000,2.970000,3.000000,3.000000,41900
2017-08-28,3.020000,3.050000,2.980000,2.990000,2.990000,18500
2017-08-29,2.980000,3.010000,2.900000,2.990000,2.990000,46800
2017-08-30,3.030000,3.080000,2.990000,3.040000,3.040000,20300
2017-08-31,3.000000,3.220000,3.000000,3.050000,3.050000,50800
2017-09-01,3.050000,3.160000,2.970000,3.030000,3.030000,16400
2017-09-05,3.100000,3.100000,2.930000,2.980000,2.980000,21500
2017-09-06,2.950000,3.000000,2.920000,2.980000,2.980000,17800
2017-09-07,2.980000,2.980000,2.930000,2.940000,2.940000,8300
2017-09-08,2.940000,2.950000,2.810000,2.840000,2.840000,62700
2017-09-11,2.850000,3.200000,2.850000,3.110000,3.110000,78100
2017-09-12,3.140000,3.150000,3.010000,3.020000,3.020000,16500
2017-09-13,3.040000,3.100000,3.030000,3.070000,3.070000,16100
2017-09-14,3.100000,3.100000,2.990000,3.050000,3.050000,118400
2017-09-15,2.980000,3.020000,2.880000,2.900000,2.900000,40000
2017-09-18,3.000000,3.160000,2.990000,3.040000,3.040000,24400
2017-09-19,3.040000,3.170000,3.040000,3.050000,3.050000,4400
2017-09-20,3.100000,3.150000,3.040000,3.140000,3.140000,9000
2017-09-21,3.140000,3.280000,3.090000,3.220000,3.220000,35800
2017-09-22,3.350000,3.350000,3.220000,3.300000,3.300000,20600
2017-09-25,3.290000,3.480000,3.230000,3.440000,3.440000,37300
2017-09-26,3.530000,3.750000,3.400000,3.680000,3.680000,40400
2017-09-27,3.740000,3.740000,3.500000,3.730000,3.730000,7000
2017-09-28,3.660000,3.740000,3.590000,3.660000,3.660000,14000
2017-09-29,3.650000,3.700000,3.310000,3.460000,3.460000,52800
2017-10-02,3.340000,3.560000,3.300000,3.510000,3.510000,59400
2017-10-03,3.450000,3.480000,3.330000,3.430000,3.430000,16600
2017-10-04,3.400000,3.560000,3.400000,3.450000,3.450000,22200
2017-10-05,3.500000,3.550000,3.350000,3.490000,3.490000,22700
2017-10-06,3.460000,3.670000,3.460000,3.640000,3.640000,28900
2017-10-09,3.650000,3.680000,3.640000,3.650000,3.650000,13100
2017-10-10,3.690000,3.730000,3.440000,3.520000,3.520000,14700
2017-10-11,3.380000,3.610000,3.380000,3.530000,3.530000,19100
2017-10-12,3.540000,3.540000,3.400000,3.410000,3.410000,10800
2017-10-13,3.360000,3.510000,3.360000,3.460000,3.460000,9600
2017-10-16,3.420000,3.420000,3.410000,3.410000,3.410000,400
2017-10-17,3.400000,3.420000,3.400000,3.400000,3.400000,3100
2017-10-18,3.400000,3.420000,3.240000,3.330000,3.330000,17200
2017-10-19,3.300000,3.400000,3.280000,3.400000,3.400000,33500
2017-10-20,3.390000,3.460000,3.280000,3.360000,3.360000,45200
2017-10-23,3.400000,3.420000,3.360000,3.400000,3.400000,13500
2017-10-24,3.390000,3.700000,3.390000,3.580000,3.580000,67700
2017-10-25,3.680000,3.750000,3.580000,3.600000,3.600000,19700
2017-10-26,3.600000,3.610000,3.560000,3.560000,3.560000,21600
2017-10-27,3.580000,3.600000,3.560000,3.570000,3.570000,11600
2017-10-30,3.520000,3.700000,3.510000,3.580000,3.580000,54100
2017-10-31,3.600000,3.640000,3.530000,3.610000,3.610000,7500
2017-11-01,3.620000,3.740000,3.520000,3.530000,3.530000,32500
2017-11-02,3.500000,3.630000,3.490000,3.540000,3.540000,41200
2017-11-03,3.520000,3.650000,3.510000,3.540000,3.540000,50600
2017-11-06,3.490000,3.550000,3.490000,3.530000,3.530000,62800
2017-11-07,3.540000,3.640000,3.370000,3.370000,3.370000,68100
2017-11-08,3.510000,3.540000,3.450000,3.450000,3.450000,18600
2017-11-09,3.450000,3.470000,3.360000,3.370000,3.370000,88000
2017-11-10,3.530000,3.530000,3.420000,3.430000,3.430000,23600
2017-11-13,3.480000,3.580000,3.420000,3.530000,3.530000,20900
2017-11-14,3.540000,3.680000,3.430000,3.430000,3.430000,51800
2017-11-15,3.460000,3.490000,3.460000,3.460000,3.460000,4300
2017-11-16,3.500000,3.670000,3.490000,3.550000,3.550000,28300
2017-11-17,3.600000,3.610000,3.480000,3.520000,3.520000,6700
2017-11-20,3.630000,3.630000,3.590000,3.610000,3.610000,11400
2017-11-21,3.630000,3.670000,3.580000,3.610000,3.610000,53900
2017-11-22,3.630000,3.700000,3.630000,3.640000,3.640000,33900
2017-11-24,3.580000,3.670000,3.580000,3.620000,3.620000,17800
2017-11-27,3.620000,3.640000,3.620000,3.640000,3.640000,2400
2017-11-28,3.680000,3.680000,3.610000,3.610000,3.610000,9600
2017-11-29,3.630000,3.640000,3.610000,3.640000,3.640000,1200
2017-11-30,3.650000,3.680000,3.610000,3.660000,3.660000,16600
2017-12-01,3.640000,3.680000,3.620000,3.670000,3.670000,8100
2017-12-04,3.680000,3.720000,3.580000,3.630000,3.630000,39100
2017-12-05,3.620000,3.740000,3.610000,3.650000,3.650000,31000
2017-12-06,3.640000,3.640000,3.550000,3.550000,3.550000,1800
2017-12-07,3.590000,3.620000,3.460000,3.560000,3.560000,7700
2017-12-08,3.510000,3.550000,3.360000,3.400000,3.400000,21200
2017-12-11,3.400000,3.480000,3.360000,3.360000,3.360000,32200
2017-12-12,3.360000,3.390000,3.230000,3.260000,3.260000,28400
2017-12-13,3.320000,3.340000,3.260000,3.270000,3.270000,5800
2017-12-14,3.300000,3.390000,3.210000,3.210000,3.210000,23500
2017-12-15,3.230000,3.470000,3.230000,3.270000,3.270000,36000
2017-12-18,3.260000,3.610000,3.200000,3.200000,3.200000,18200
2017-12-19,3.310000,3.410000,3.300000,3.300000,3.300000,5800
2017-12-20,3.390000,3.490000,3.190000,3.300000,3.300000,16300
2017-12-21,3.370000,3.400000,3.120000,3.200000,3.200000,39100
2017-12-22,3.150000,3.190000,3.000000,3.160000,3.160000,22200
2017-12-26,3.150000,3.150000,2.980000,3.040000,3.040000,30300
2017-12-27,3.120000,3.230000,3.110000,3.190000,3.190000,11100
2017-12-28,3.180000,3.180000,3.070000,3.100000,3.100000,72100
2017-12-29,3.110000,3.150000,3.110000,3.150000,3.150000,38700
2018-01-02,3.120000,3.290000,3.110000,3.200000,3.200000,29100
2018-01-03,3.200000,3.230000,3.160000,3.200000,3.200000,13200
2018-01-04,3.240000,3.300000,3.110000,3.150000,3.150000,71700
2018-01-05,3.180000,3.290000,3.180000,3.200000,3.200000,10700
2018-01-08,3.250000,3.580000,3.250000,3.550000,3.550000,35700
2018-01-09,3.460000,3.540000,3.420000,3.460000,3.460000,24700
2018-01-10,3.470000,3.540000,3.400000,3.470000,3.470000,47600
2018-01-11,3.510000,3.580000,3.490000,3.550000,3.550000,48200
2018-01-12,3.590000,3.630000,3.570000,3.590000,3.590000,27500
2018-01-16,3.670000,3.740000,3.500000,3.570000,3.570000,28700
2018-01-17,3.600000,3.600000,3.530000,3.580000,3.580000,13300
2018-01-18,3.560000,3.570000,3.520000,3.520000,3.520000,20900
2018-01-19,3.520000,3.530000,3.430000,3.430000,3.430000,22300
2018-01-22,3.480000,3.480000,3.400000,3.420000,3.420000,8300
2018-01-23,3.420000,3.430000,3.410000,3.430000,3.430000,5200
2018-01-24,3.430000,3.470000,3.380000,3.410000,3.410000,26000
2018-01-25,3.400000,3.470000,3.400000,3.400000,3.400000,52700
2018-01-26,3.430000,3.490000,3.270000,3.390000,3.390000,105200
2018-01-29,3.350000,3.380000,3.290000,3.290000,3.290000,38300
2018-01-30,3.290000,3.310000,3.270000,3.280000,3.280000,23400
2018-01-31,3.280000,3.290000,3.110000,3.160000,3.160000,37600
2018-02-01,3.180000,3.190000,3.070000,3.090000,3.090000,78300
2018-02-02,3.100000,3.120000,3.070000,3.080000,3.080000,17400
2018-02-05,3.090000,3.160000,3.050000,3.080000,3.080000,71600
2018-02-06,3.100000,3.120000,3.030000,3.040000,3.040000,48700
2018-02-07,3.060000,3.100000,3.040000,3.050000,3.050000,62100
2018-02-08,3.100000,3.100000,2.970000,2.980000,2.980000,97000
2018-02-09,3.010000,3.030000,2.930000,3.000000,3.000000,37100
2018-02-12,2.940000,3.090000,2.940000,2.990000,2.990000,7100
2018-02-13,3.050000,3.060000,3.030000,3.060000,3.060000,6200
2018-02-14,3.050000,3.090000,2.970000,3.000000,3.000000,64100
2018-02-15,3.020000,3.020000,2.380000,2.410000,2.410000,583500
2018-02-16,2.450000,2.470000,2.260000,2.310000,2.310000,155400
2018-02-20,2.380000,2.380000,2.100000,2.320000,2.320000,596600
2018-02-21,2.400000,2.590000,2.390000,2.530000,2.530000,108400
2018-02-22,2.530000,2.530000,2.400000,2.410000,2.410000,52700
2018-02-23,2.420000,2.480000,2.350000,2.390000,2.390000,14200
2018-02-26,2.400000,2.480000,2.240000,2.290000,2.290000,89900
2018-02-27,2.280000,2.330000,2.250000,2.300000,2.300000,13600
2018-02-28,2.290000,2.340000,2.250000,2.320000,2.320000,45200
2018-03-01,2.320000,2.390000,2.320000,2.340000,2.340000,21400
2018-03-02,2.330000,2.360000,2.290000,2.330000,2.330000,28200
2018-03-05,2.320000,2.400000,2.270000,2.290000,2.290000,55300
2018-03-06,2.300000,2.390000,2.300000,2.300000,2.300000,41300
2018-03-07,2.290000,2.370000,2.290000,2.350000,2.350000,44000
2018-03-08,2.340000,2.500000,2.290000,2.300000,2.300000,31300
2018-03-09,2.310000,2.310000,2.270000,2.270000,2.270000,15700
2018-03-12,2.270000,2.290000,2.090000,2.140000,2.140000,160600
2018-03-13,2.150000,2.240000,2.090000,2.090000,2.090000,96400
2018-03-14,2.100000,2.110000,1.820000,1.930000,1.930000,376100
2018-03-15,1.940000,2.170000,1.940000,2.100000,2.100000,185000
2018-03-16,2.080000,2.230000,2.070000,2.230000,2.230000,54800
2018-03-19,2.280000,2.280000,2.210000,2.220000,2.220000,31900
2018-03-20,2.260000,2.260000,2.090000,2.110000,2.110000,23100
2018-03-21,2.090000,2.130000,2.080000,2.120000,2.120000,7600
2018-03-22,2.130000,2.140000,2.060000,2.070000,2.070000,22500
2018-03-23,2.110000,2.120000,2.070000,2.120000,2.120000,25000
2018-03-26,2.140000,2.140000,2.080000,2.110000,2.110000,37400
2018-03-27,2.120000,2.150000,2.080000,2.080000,2.080000,13800
2018-03-28,2.110000,2.110000,2.080000,2.080000,2.080000,12200
2018-03-29,2.120000,2.140000,2.090000,2.100000,2.100000,2000
2018-04-02,2.120000,2.140000,2.090000,2.130000,2.130000,23900
2018-04-03,2.160000,2.310000,2.130000,2.140000,2.140000,37900
2018-04-04,2.120000,2.270000,2.080000,2.160000,2.160000,22700
2018-04-05,2.160000,2.160000,2.130000,2.130000,2.130000,9100
2018-04-06,2.140000,2.150000,2.120000,2.140000,2.140000,22900
2018-04-09,2.130000,2.140000,2.110000,2.130000,2.130000,6500
2018-04-10,2.140000,2.140000,2.130000,2.130000,2.130000,8700
2018-04-11,2.130000,2.180000,2.110000,2.120000,2.120000,15900
2018-04-12,2.110000,2.140000,2.110000,2.140000,2.140000,15100
2018-04-13,2.120000,2.160000,2.120000,2.160000,2.160000,700
2018-04-16,2.140000,2.230000,2.120000,2.190000,2.190000,10400
2018-04-17,2.200000,2.240000,2.190000,2.220000,2.220000,9900
2018-04-18,2.200000,2.310000,2.190000,2.250000,2.250000,81000
2018-04-19,2.210000,2.280000,2.210000,2.250000,2.250000,7500
2018-04-20,2.220000,2.300000,2.220000,2.250000,2.250000,11400
2018-04-23,2.260000,2.280000,2.200000,2.220000,2.220000,41300
2018-04-24,2.220000,2.220000,2.190000,2.190000,2.190000,14500
2018-04-25,2.200000,2.220000,2.150000,2.160000,2.160000,87600
2018-04-26,2.150000,2.170000,2.120000,2.120000,2.120000,29100
2018-04-27,2.120000,2.120000,2.050000,2.060000,2.060000,55200
2018-04-30,2.070000,2.110000,2.050000,2.050000,2.050000,14600
2018-05-01,2.050000,2.130000,2.040000,2.080000,2.080000,6600
2018-05-02,2.070000,2.100000,2.070000,2.100000,2.100000,25300
2018-05-03,2.060000,2.090000,2.010000,2.070000,2.070000,32900
2018-05-04,2.080000,2.110000,2.080000,2.090000,2.090000,4100
2018-05-07,2.100000,2.210000,2.070000,2.210000,2.210000,9400
2018-05-08,2.200000,2.200000,2.150000,2.150000,2.150000,2100
2018-05-09,2.140000,2.140000,2.070000,2.090000,2.090000,15000
2018-05-10,2.100000,2.160000,2.070000,2.090000,2.090000,23200
2018-05-11,2.070000,2.090000,2.040000,2.060000,2.060000,8800
2018-05-14,2.070000,2.180000,2.020000,2.170000,2.170000,31300
2018-05-15,2.100000,2.100000,1.770000,1.820000,1.820000,211200
2018-05-16,1.810000,1.940000,1.790000,1.910000,1.910000,128500
2018-05-17,1.930000,1.970000,1.920000,1.960000,1.960000,76600
2018-05-18,1.950000,1.990000,1.920000,1.990000,1.990000,62300
2018-05-21,2.000000,2.000000,1.810000,1.840000,1.840000,44600
2018-05-22,1.850000,1.860000,1.780000,1.820000,1.820000,90900
2018-05-23,1.820000,1.840000,1.760000,1.820000,1.820000,68200
2018-05-24,1.830000,1.830000,1.730000,1.780000,1.780000,155800
2018-05-25,1.850000,1.850000,1.600000,1.730000,1.730000,78700
2018-05-29,1.750000,1.780000,1.610000,1.690000,1.690000,78200
2018-05-30,1.670000,1.750000,1.630000,1.630000,1.630000,64700
2018-05-31,1.640000,1.680000,1.630000,1.630000,1.630000,12300
2018-06-01,1.640000,1.640000,1.510000,1.580000,1.580000,176000
2018-06-04,1.570000,1.630000,1.520000,1.590000,1.590000,57400
2018-06-05,1.590000,1.640000,1.560000,1.640000,1.640000,109300
2018-06-06,1.640000,1.640000,1.590000,1.600000,1.600000,19300
2018-06-07,1.600000,1.630000,1.560000,1.570000,1.570000,193900
2018-06-08,1.550000,1.600000,1.540000,1.560000,1.560000,28100
2018-06-11,1.560000,1.570000,1.510000,1.540000,1.540000,57300
2018-06-12,1.530000,1.530000,1.490000,1.510000,1.510000,64200
2018-06-13,1.530000,1.590000,1.420000,1.590000,1.590000,243500
2018-06-14,1.610000,1.630000,1.550000,1.600000,1.600000,59500
2018-06-15,1.570000,1.650000,1.570000,1.600000,1.600000,8900
2018-06-18,1.600000,1.690000,1.600000,1.660000,1.660000,85600
2018-06-19,1.670000,1.890000,1.660000,1.870000,1.870000,437100
2018-06-20,1.850000,1.970000,1.820000,1.860000,1.860000,115800
2018-06-21,1.870000,1.910000,1.800000,1.910000,1.910000,25100
2018-06-22,1.930000,1.980000,1.850000,1.940000,1.940000,55300
2018-06-25,1.940000,1.940000,1.830000,1.830000,1.830000,30100
2018-06-26,1.830000,1.880000,1.830000,1.870000,1.870000,25500
2018-06-27,1.880000,1.900000,1.850000,1.850000,1.850000,33500
2018-06-28,1.880000,1.910000,1.830000,1.910000,1.910000,27900
2018-06-29,1.860000,1.900000,1.840000,1.900000,1.900000,59300
