Date,Open,High,Low,Close,Adj Close,Volume
2013-01-02,3.300000,3.460000,3.280000,3.420000,3.420000,197600
2013-01-03,3.440000,3.450000,3.350000,3.400000,3.400000,32700
2013-01-04,3.400000,3.440000,3.330000,3.340000,3.340000,39100
2013-01-07,3.310000,3.540000,3.310000,3.530000,3.530000,272600
2013-01-08,3.490000,3.530000,3.450000,3.520000,3.520000,94200
2013-01-09,3.490000,3.550000,3.470000,3.540000,3.540000,105400
2013-01-10,3.520000,3.610000,3.330000,3.390000,3.390000,75100
2013-01-11,3.430000,3.620000,3.420000,3.620000,3.620000,69100
2013-01-14,3.580000,3.650000,3.550000,3.620000,3.620000,39500
2013-01-15,3.620000,3.630000,3.470000,3.570000,3.570000,63100
2013-01-16,3.550000,3.700000,3.360000,3.640000,3.640000,137800
2013-01-17,3.640000,3.740000,3.600000,3.690000,3.690000,30700
2013-01-18,3.700000,3.780000,3.490000,3.700000,3.700000,73000
2013-01-22,3.700000,3.790000,3.620000,3.710000,3.710000,78600
2013-01-23,3.720000,3.740000,3.650000,3.700000,3.700000,31300
2013-01-24,3.690000,3.750000,3.660000,3.750000,3.750000,74400
2013-01-25,3.750000,3.750000,3.700000,3.720000,3.720000,29100
2013-01-28,3.710000,3.780000,3.670000,3.730000,3.730000,90500
2013-01-29,3.710000,3.870000,3.700000,3.770000,3.770000,131700
2013-01-30,3.650000,3.650000,3.200000,3.510000,3.510000,583100
2013-01-31,3.600000,3.710000,3.500000,3.680000,3.680000,320400
2013-02-01,3.730000,4.040000,3.640000,4.020000,4.020000,249100
2013-02-04,4.020000,4.220000,3.940000,4.030000,4.030000,404700
2013-02-05,4.060000,4.100000,3.890000,3.930000,3.930000,221900
2013-02-06,3.950000,4.330000,3.950000,4.260000,4.260000,445200
2013-02-07,4.310000,4.390000,4.150000,4.210000,4.210000,344500
2013-02-08,4.230000,4.500000,4.230000,4.390000,4.390000,204000
2013-02-11,4.640000,4.750000,4.440000,4.520000,4.520000,465800
2013-02-12,4.550000,4.560000,4.360000,4.520000,4.520000,194700
2013-02-13,4.490000,4.570000,4.440000,4.480000,4.480000,134200
2013-02-14,4.460000,4.480000,4.350000,4.450000,4.450000,98600
2013-02-15,4.460000,4.460000,4.270000,4.300000,4.300000,136700
2013-02-19,4.280000,4.420000,4.260000,4.340000,4.340000,198000
2013-02-20,4.450000,4.500000,4.370000,4.410000,4.410000,177300
2013-02-21,4.380000,4.430000,4.020000,4.050000,4.050000,194900
2013-02-22,4.100000,4.210000,4.050000,4.130000,4.130000,158500
2013-02-25,4.110000,4.150000,3.760000,3.780000,3.780000,289300
2013-02-26,3.790000,4.100000,3.660000,4.030000,4.030000,318000
2013-02-27,4.080000,4.190000,4.030000,4.030000,4.030000,189900
2013-02-28,4.030000,4.300000,4.030000,4.090000,4.090000,208500
2013-03-01,4.070000,4.140000,3.950000,4.000000,4.000000,83000
2013-03-04,4.020000,4.020000,3.850000,3.900000,3.900000,149900
2013-03-05,3.900000,4.120000,3.890000,3.910000,3.910000,101400
2013-03-06,3.970000,4.060000,3.870000,3.950000,3.950000,146300
2013-03-07,4.000000,4.060000,3.930000,4.030000,4.030000,130700
2013-03-08,4.060000,4.060000,3.910000,4.000000,4.000000,102600
2013-03-11,4.000000,4.040000,3.900000,3.970000,3.970000,48300
2013-03-12,4.010000,4.050000,3.900000,3.990000,3.990000,59000
2013-03-13,3.990000,4.010000,3.890000,4.010000,4.010000,176600
2013-03-14,4.020000,4.190000,4.000000,4.080000,4.080000,312100
2013-03-15,4.090000,4.140000,3.930000,3.990000,3.990000,277000
2013-03-18,3.960000,4.000000,3.870000,3.940000,3.940000,120200
2013-03-19,3.990000,3.990000,3.800000,3.970000,3.970000,131300
2013-03-20,4.050000,4.050000,3.940000,3.970000,3.970000,117100
2013-03-21,3.920000,4.040000,3.850000,3.850000,3.850000,72600
2013-03-22,3.880000,3.970000,3.860000,3.900000,3.900000,77900
2013-03-25,3.940000,3.940000,3.850000,3.870000,3.870000,68700
2013-03-26,3.890000,3.940000,3.830000,3.880000,3.880000,121000
2013-03-27,3.850000,3.870000,3.800000,3.800000,3.800000,67100
2013-03-28,3.780000,3.840000,3.720000,3.800000,3.800000,129500
2013-04-01,3.820000,3.840000,3.720000,3.770000,3.770000,49600
2013-04-02,3.760000,3.810000,3.600000,3.660000,3.660000,89000
2013-04-03,3.630000,3.630000,3.020000,3.250000,3.250000,488900
2013-04-04,3.250000,3.440000,3.180000,3.350000,3.350000,151200
2013-04-05,3.290000,3.320000,3.190000,3.310000,3.310000,61900
2013-04-08,3.270000,3.430000,3.230000,3.370000,3.370000,113900
2013-04-09,3.390000,3.440000,3.300000,3.370000,3.370000,71800
2013-04-10,3.330000,3.350000,3.240000,3.250000,3.250000,127500
2013-04-11,3.250000,3.420000,3.100000,3.400000,3.400000,164500
2013-04-12,3.400000,3.470000,3.340000,3.450000,3.450000,69300
2013-04-15,3.420000,3.440000,3.290000,3.340000,3.340000,50300
2013-04-16,3.370000,3.420000,3.290000,3.340000,3.340000,38100
2013-04-17,3.290000,3.530000,3.290000,3.510000,3.510000,103900
2013-04-18,3.510000,3.680000,3.490000,3.550000,3.550000,91400
2013-04-19,3.490000,3.570000,3.460000,3.540000,3.540000,29300
2013-04-22,3.590000,3.670000,3.420000,3.610000,3.610000,77900
2013-04-23,3.630000,3.700000,3.630000,3.650000,3.650000,54000
2013-04-24,3.680000,3.780000,3.600000,3.740000,3.740000,58900
2013-04-25,3.800000,3.950000,3.740000,3.890000,3.890000,193700
2013-04-26,3.930000,4.000000,3.880000,3.930000,3.930000,118500
2013-04-29,3.940000,4.050000,3.810000,3.980000,3.980000,178800
2013-04-30,3.910000,3.970000,3.790000,3.940000,3.940000,109800
2013-05-01,3.900000,3.930000,3.830000,3.880000,3.880000,31500
2013-05-02,3.860000,3.880000,3.720000,3.790000,3.790000,44400
2013-05-03,3.820000,4.050000,3.760000,4.010000,4.010000,122600
2013-05-06,4.080000,4.230000,4.040000,4.130000,4.130000,272800
2013-05-07,4.150000,4.180000,4.050000,4.130000,4.130000,100400
2013-05-08,4.180000,4.180000,4.070000,4.120000,4.120000,89300
2013-05-09,4.160000,4.220000,4.090000,4.140000,4.140000,72400
2013-05-10,4.140000,4.150000,4.040000,4.050000,4.050000,63700
2013-05-13,4.020000,4.030000,3.800000,3.920000,3.920000,90200
2013-05-14,3.920000,3.920000,3.830000,3.910000,3.910000,46500
2013-05-15,3.870000,3.900000,3.810000,3.870000,3.870000,69500
2013-05-16,3.850000,3.850000,3.680000,3.750000,3.750000,97000
2013-05-17,3.800000,3.880000,3.790000,3.880000,3.880000,40100
2013-05-20,3.950000,4.180000,3.950000,4.020000,4.020000,241400
2013-05-21,4.040000,4.090000,3.970000,4.040000,4.040000,94000
2013-05-22,4.040000,4.070000,3.950000,4.000000,4.000000,116500
2013-05-23,3.990000,4.100000,3.890000,4.030000,4.030000,58600
2013-05-24,3.990000,4.030000,3.980000,4.030000,4.030000,24400
2013-05-28,4.120000,4.150000,4.060000,4.120000,4.120000,126200
2013-05-29,4.140000,4.140000,4.010000,4.100000,4.100000,42300
2013-05-30,4.060000,4.100000,3.920000,4.070000,4.070000,172600
2013-05-31,4.100000,4.150000,4.090000,4.140000,4.140000,79700
2013-06-03,4.100000,4.180000,4.090000,4.170000,4.170000,113200
2013-06-04,4.130000,4.200000,4.090000,4.110000,4.110000,36500
2013-06-05,4.090000,4.270000,4.080000,4.150000,4.150000,211000
2013-06-06,4.120000,4.240000,4.110000,4.230000,4.230000,82600
2013-06-07,4.270000,4.470000,4.270000,4.400000,4.400000,267200
2013-06-10,4.490000,4.590000,4.420000,4.530000,4.530000,264200
2013-06-11,4.460000,4.530000,4.420000,4.460000,4.460000,80200
2013-06-12,4.460000,4.500000,4.320000,4.350000,4.350000,58500
2013-06-13,4.390000,4.500000,4.320000,4.490000,4.490000,139800
2013-06-14,4.460000,4.510000,4.430000,4.430000,4.430000,50400
2013-06-17,4.470000,4.550000,4.430000,4.480000,4.480000,85100
2013-06-18,4.500000,4.600000,4.460000,4.560000,4.560000,91900
2013-06-19,4.540000,4.600000,4.460000,4.460000,4.460000,67500
2013-06-20,4.400000,4.400000,4.260000,4.340000,4.340000,123700
2013-06-21,4.390000,4.390000,4.170000,4.370000,4.370000,98100
2013-06-24,4.260000,4.360000,4.040000,4.080000,4.080000,155200
2013-06-25,4.110000,4.380000,4.110000,4.310000,4.310000,185300
2013-06-26,4.390000,4.460000,4.320000,4.360000,4.360000,94200
2013-06-27,4.410000,4.500000,4.280000,4.280000,4.280000,32300
2013-06-28,4.300000,4.440000,4.210000,4.430000,4.430000,26900
2013-07-01,4.500000,4.600000,4.480000,4.570000,4.570000,140100
2013-07-02,4.570000,4.650000,4.510000,4.630000,4.630000,89700
2013-07-03,4.600000,4.650000,4.560000,4.620000,4.620000,45600
2013-07-05,4.620000,4.620000,4.530000,4.560000,4.560000,27900
2013-07-08,4.550000,4.600000,4.520000,4.540000,4.540000,45600
2013-07-09,4.510000,4.630000,4.510000,4.540000,4.540000,55000
2013-07-10,4.590000,5.000000,4.590000,4.980000,4.980000,413400
2013-07-11,5.040000,5.040000,4.820000,4.880000,4.880000,286900
2013-07-12,4.900000,4.960000,4.770000,4.800000,4.800000,95800
2013-07-15,4.840000,4.920000,4.840000,4.880000,4.880000,94100
2013-07-16,4.900000,4.920000,4.710000,4.770000,4.770000,103600
2013-07-17,4.820000,4.900000,4.770000,4.790000,4.790000,84300
2013-07-18,4.840000,4.890000,4.770000,4.770000,4.770000,119300
2013-07-19,4.760000,4.760000,4.610000,4.690000,4.690000,73300
2013-07-22,4.730000,4.770000,4.610000,4.680000,4.680000,61300
2013-07-23,4.700000,4.740000,4.450000,4.570000,4.570000,190200
2013-07-24,4.630000,4.720000,4.500000,4.580000,4.580000,81700
2013-07-25,4.540000,4.570000,4.470000,4.500000,4.500000,41300
2013-07-26,4.470000,4.510000,4.290000,4.470000,4.470000,149700
2013-07-29,4.500000,4.570000,4.350000,4.380000,4.380000,146500
2013-07-30,4.640000,4.860000,4.570000,4.750000,4.750000,493700
2013-07-31,4.900000,5.150000,4.900000,5.130000,5.130000,517100
2013-08-01,5.100000,5.100000,4.960000,5.080000,5.080000,344700
2013-08-02,5.090000,5.100000,4.790000,4.980000,4.980000,251000
2013-08-05,5.000000,5.100000,4.910000,5.030000,5.030000,173700
2013-08-06,5.050000,5.100000,4.940000,5.070000,5.070000,224300
2013-08-07,5.060000,5.100000,4.870000,4.920000,4.920000,175100
2013-08-08,4.890000,5.050000,4.880000,5.030000,5.030000,136100
2013-08-09,5.040000,5.090000,4.950000,5.010000,5.010000,107500
2013-08-12,5.010000,5.530000,4.950000,5.420000,5.420000,736400
2013-08-13,5.420000,5.540000,5.330000,5.360000,5.360000,369800
2013-08-14,5.320000,5.550000,5.320000,5.500000,5.500000,183600
2013-08-15,5.450000,5.610000,5.350000,5.590000,5.590000,182100
2013-08-16,5.670000,5.800000,5.610000,5.610000,5.610000,226700
2013-08-19,5.720000,6.000000,5.370000,5.840000,5.840000,601800
2013-08-20,5.870000,6.100000,5.840000,5.990000,5.990000,322700
2013-08-21,6.000000,6.170000,6.000000,6.100000,6.100000,392900
2013-08-22,6.090000,6.370000,6.060000,6.350000,6.350000,356100
2013-08-23,6.490000,6.600000,6.030000,6.390000,6.390000,746400
2013-08-26,6.390000,6.390000,6.200000,6.300000,6.300000,385400
2013-08-27,5.990000,6.480000,5.730000,6.210000,6.210000,1484100
2013-08-28,6.230000,6.300000,6.180000,6.230000,6.230000,364200
2013-08-29,6.320000,6.660000,6.300000,6.410000,6.410000,433700
2013-08-30,6.460000,6.650000,6.420000,6.550000,6.550000,258600
2013-09-03,6.770000,6.790000,6.480000,6.700000,6.700000,408800
2013-09-04,6.700000,7.000000,6.660000,6.920000,6.920000,563100
2013-09-05,6.960000,7.070000,6.920000,7.010000,7.010000,323500
2013-09-06,7.010000,7.060000,6.850000,6.860000,6.860000,282300
2013-09-09,6.880000,6.900000,6.370000,6.660000,6.660000,500100
2013-09-10,6.620000,6.650000,6.360000,6.580000,6.580000,478300
2013-09-11,6.360000,6.730000,6.350000,6.580000,6.580000,329800
2013-09-12,6.590000,6.700000,6.400000,6.550000,6.550000,183000
2013-09-13,6.540000,6.640000,6.430000,6.470000,6.470000,129900
2013-09-16,6.580000,6.610000,6.370000,6.410000,6.410000,217600
2013-09-17,6.350000,6.480000,6.250000,6.390000,6.390000,176200
2013-09-18,6.410000,6.490000,6.320000,6.470000,6.470000,206800
2013-09-19,6.460000,6.470000,6.330000,6.380000,6.380000,95600
2013-09-20,6.350000,6.450000,6.210000,6.260000,6.260000,276600
2013-09-23,6.250000,6.330000,6.040000,6.230000,6.230000,272700
2013-09-24,6.230000,6.850000,6.230000,6.730000,6.730000,578300
2013-09-25,6.790000,7.160000,6.750000,7.070000,7.070000,614300
2013-09-26,7.140000,7.300000,7.070000,7.080000,7.080000,417400
2013-09-27,7.080000,7.340000,6.960000,7.120000,7.120000,346400
2013-09-30,7.020000,7.050000,6.810000,7.000000,7.000000,292600
2013-10-01,7.050000,7.320000,7.020000,7.290000,7.290000,223500
2013-10-02,7.320000,7.420000,7.160000,7.280000,7.280000,254200
2013-10-03,7.250000,7.250000,6.830000,6.960000,6.960000,306500
2013-10-04,6.910000,7.200000,6.910000,7.030000,7.030000,203200
2013-10-07,7.000000,7.240000,6.890000,6.960000,6.960000,275900
2013-10-08,6.850000,6.890000,6.270000,6.630000,6.630000,661800
2013-10-09,6.640000,6.680000,6.320000,6.500000,6.500000,258800
2013-10-10,6.600000,6.800000,6.520000,6.600000,6.600000,224300
2013-10-11,6.630000,6.750000,6.500000,6.710000,6.710000,132300
2013-10-14,6.930000,7.000000,6.790000,6.930000,6.930000,202400
2013-10-15,6.930000,6.970000,6.610000,6.690000,6.690000,171600
2013-10-16,6.720000,6.840000,6.620000,6.790000,6.790000,139600
2013-10-17,6.910000,6.930000,6.600000,6.690000,6.690000,155200
2013-10-18,6.720000,7.040000,6.670000,6.950000,6.950000,229100
2013-10-21,7.200000,7.250000,7.000000,7.240000,7.240000,353900
2013-10-22,7.340000,7.450000,7.160000,7.320000,7.320000,280200
2013-10-23,7.300000,7.320000,7.060000,7.090000,7.090000,132200
2013-10-24,7.080000,7.080000,6.790000,6.880000,6.880000,221500
2013-10-25,6.930000,7.390000,6.860000,7.250000,7.250000,378900
2013-10-28,7.300000,7.310000,7.070000,7.080000,7.080000,396200
2013-10-29,7.160000,7.620000,7.130000,7.560000,7.560000,569000
2013-10-30,7.220000,7.320000,6.250000,6.360000,6.360000,1305400
2013-10-31,6.300000,6.310000,5.900000,6.090000,6.090000,566300
2013-11-01,6.150000,6.600000,6.100000,6.450000,6.450000,444700
2013-11-04,6.730000,6.770000,6.280000,6.300000,6.300000,369600
2013-11-05,6.270000,6.490000,6.060000,6.120000,6.120000,266600
2013-11-06,6.210000,6.300000,5.960000,6.030000,6.030000,257300
2013-11-07,6.010000,6.080000,5.570000,5.670000,5.670000,417200
2013-11-08,5.680000,6.100000,5.680000,5.970000,5.970000,250000
2013-11-11,5.970000,6.060000,5.820000,5.850000,5.850000,133300
2013-11-12,5.850000,6.150000,5.670000,6.100000,6.100000,271500
2013-11-13,6.160000,6.260000,6.080000,6.210000,6.210000,127300
2013-11-14,6.090000,6.150000,6.010000,6.070000,6.070000,104600
2013-11-15,6.050000,6.120000,5.950000,6.000000,6.000000,80600
2013-11-18,6.010000,6.190000,5.820000,5.940000,5.940000,192200
2013-11-19,5.850000,5.950000,5.670000,5.700000,5.700000,144300
2013-11-20,5.610000,5.870000,5.460000,5.670000,5.670000,229500
2013-11-21,5.680000,5.920000,5.640000,5.840000,5.840000,118900
2013-11-22,5.800000,5.880000,5.700000,5.820000,5.820000,131000
2013-11-25,5.960000,6.130000,5.880000,6.110000,6.110000,224900
2013-11-26,6.110000,6.780000,6.020000,6.730000,6.730000,601400
2013-11-27,6.800000,6.930000,6.500000,6.530000,6.530000,317300
2013-11-29,6.630000,6.780000,6.540000,6.560000,6.560000,96600
2013-12-02,6.540000,6.700000,6.430000,6.470000,6.470000,161800
2013-12-03,6.440000,6.450000,6.280000,6.360000,6.360000,133100
2013-12-04,6.290000,6.430000,6.210000,6.280000,6.280000,108700
2013-12-05,6.200000,6.550000,6.150000,6.470000,6.470000,134900
2013-12-06,6.490000,6.840000,6.450000,6.800000,6.800000,368900
2013-12-09,6.810000,7.080000,6.660000,6.960000,6.960000,423100
2013-12-10,6.810000,7.000000,6.800000,6.840000,6.840000,217700
2013-12-11,6.980000,7.000000,6.600000,6.640000,6.640000,284600
2013-12-12,6.570000,6.620000,6.410000,6.480000,6.480000,211100
2013-12-13,6.580000,6.740000,6.490000,6.690000,6.690000,115600
2013-12-16,6.660000,6.700000,6.550000,6.610000,6.610000,147100
2013-12-17,6.590000,6.710000,6.590000,6.640000,6.640000,71100
2013-12-18,6.650000,6.730000,6.510000,6.640000,6.640000,110500
2013-12-19,6.690000,6.730000,6.510000,6.670000,6.670000,163000
2013-12-20,6.710000,6.810000,6.610000,6.720000,6.720000,138500
2013-12-23,7.000000,7.110000,6.940000,7.100000,7.100000,296600
2013-12-24,7.230000,7.280000,7.100000,7.160000,7.160000,110900
2013-12-26,7.280000,7.380000,7.170000,7.360000,7.360000,303200
2013-12-27,7.330000,7.400000,7.070000,7.140000,7.140000,131800
2013-12-30,7.100000,7.170000,6.840000,6.990000,6.990000,291600
2013-12-31,7.240000,7.270000,7.000000,7.130000,7.130000,344800
2014-01-02,7.060000,7.250000,7.050000,7.120000,7.120000,160300
2014-01-03,7.170000,7.690000,7.140000,7.640000,7.640000,585100
2014-01-06,7.640000,7.690000,7.480000,7.650000,7.650000,365700
2014-01-07,7.690000,7.890000,7.600000,7.760000,7.760000,430400
2014-01-08,7.810000,7.810000,7.430000,7.460000,7.460000,317800
2014-01-09,7.460000,7.610000,7.310000,7.540000,7.540000,175100
2014-01-10,7.630000,7.710000,7.400000,7.530000,7.530000,108700
2014-01-13,7.600000,7.730000,7.420000,7.450000,7.450000,221800
2014-01-14,7.590000,7.720000,7.570000,7.700000,7.700000,157100
2014-01-15,7.770000,8.070000,7.430000,7.530000,7.530000,770100
2014-01-16,7.530000,7.670000,7.450000,7.490000,7.490000,305200
2014-01-17,7.450000,7.680000,7.310000,7.330000,7.330000,184400
2014-01-21,7.210000,7.400000,6.780000,6.870000,6.870000,872400
2014-01-22,6.810000,7.710000,6.600000,7.530000,7.530000,1153100
2014-01-23,7.440000,7.540000,7.130000,7.310000,7.310000,389800
2014-01-24,7.340000,7.490000,7.040000,7.340000,7.340000,480600
2014-01-27,7.330000,7.450000,6.920000,7.240000,7.240000,332200
2014-01-28,7.210000,7.210000,6.850000,6.920000,6.920000,281000
2014-01-29,7.120000,7.850000,7.080000,7.550000,7.550000,1050800
2014-01-30,7.500000,7.700000,7.300000,7.700000,7.700000,422800
2014-01-31,7.510000,7.700000,7.370000,7.540000,7.540000,220600
2014-02-03,7.480000,7.500000,7.050000,7.190000,7.190000,366600
2014-02-04,7.150000,7.460000,7.000000,7.300000,7.300000,259400
2014-02-05,7.240000,7.400000,7.100000,7.240000,7.240000,203300
2014-02-06,7.440000,7.640000,7.410000,7.580000,7.580000,300400
2014-02-07,7.760000,7.840000,7.570000,7.780000,7.780000,271100
2014-02-10,7.880000,7.890000,7.600000,7.850000,7.850000,388400
2014-02-11,7.900000,8.020000,7.720000,7.870000,7.870000,402600
2014-02-12,7.900000,8.000000,7.750000,7.860000,7.860000,227100
2014-02-13,7.780000,8.200000,7.760000,8.050000,8.050000,370600
2014-02-14,8.060000,8.190000,7.890000,8.050000,8.050000,167100
2014-02-18,8.140000,8.480000,8.110000,8.400000,8.400000,533000
2014-02-19,8.410000,8.460000,8.050000,8.100000,8.100000,225800
2014-02-20,8.130000,8.980000,8.130000,8.740000,8.740000,1892400
2014-02-21,8.970000,8.980000,8.160000,8.310000,8.310000,988500
2014-02-24,8.360000,8.620000,8.170000,8.220000,8.220000,597400
2014-02-25,8.320000,8.970000,8.320000,8.790000,8.790000,829300
2014-02-26,8.800000,8.980000,8.640000,8.650000,8.650000,450500
2014-02-27,8.760000,9.100000,8.750000,9.090000,9.090000,909200
2014-02-28,9.040000,9.120000,8.650000,8.830000,8.830000,467300
2014-03-03,8.710000,9.020000,8.620000,8.830000,8.830000,454100
2014-03-04,9.060000,9.100000,8.940000,9.020000,9.020000,338500
2014-03-05,8.460000,8.740000,8.310000,8.390000,8.390000,4202600
2014-03-06,8.500000,8.770000,8.320000,8.320000,8.320000,880600
2014-03-07,8.400000,8.490000,8.110000,8.230000,8.230000,428500
2014-03-10,8.350000,8.510000,8.080000,8.170000,8.170000,607800
2014-03-11,8.250000,8.380000,8.030000,8.060000,8.060000,528100
2014-03-12,8.050000,8.470000,7.880000,8.410000,8.410000,599000
2014-03-13,8.470000,8.530000,8.020000,8.080000,8.080000,452600
2014-03-14,8.080000,8.290000,7.950000,8.150000,8.150000,344100
2014-03-17,8.290000,8.350000,8.190000,8.250000,8.250000,247700
2014-03-18,8.220000,8.350000,8.090000,8.160000,8.160000,321900
2014-03-19,8.120000,8.260000,7.850000,7.890000,7.890000,652100
2014-03-20,7.880000,8.030000,7.790000,8.000000,8.000000,293600
2014-03-21,8.030000,8.040000,7.770000,7.840000,7.840000,419000
2014-03-24,7.810000,7.840000,7.050000,7.500000,7.500000,980800
2014-03-25,7.530000,7.600000,7.230000,7.370000,7.370000,630100
2014-03-26,7.440000,7.530000,7.050000,7.170000,7.170000,574800
2014-03-27,7.060000,7.250000,6.970000,7.130000,7.130000,398500
2014-03-28,7.190000,7.290000,7.060000,7.140000,7.140000,139400
2014-03-31,7.230000,7.400000,7.180000,7.250000,7.250000,372600
2014-04-01,7.280000,7.360000,7.220000,7.300000,7.300000,316500
2014-04-02,7.320000,7.490000,7.200000,7.310000,7.310000,390300
2014-04-03,7.280000,7.280000,7.020000,7.110000,7.110000,392300
2014-04-04,7.100000,7.270000,6.800000,6.920000,6.920000,519800
2014-04-07,6.830000,7.010000,6.600000,6.750000,6.750000,481600
2014-04-08,6.790000,6.930000,6.700000,6.850000,6.850000,247200
2014-04-09,7.100000,7.350000,6.880000,7.320000,7.320000,588600
2014-04-10,7.400000,7.420000,6.800000,6.850000,6.850000,430600
2014-04-11,6.790000,6.950000,6.700000,6.760000,6.760000,289200
2014-04-14,7.090000,7.100000,6.780000,6.790000,6.790000,358300
2014-04-15,6.790000,6.970000,6.390000,6.710000,6.710000,407400
2014-04-16,6.820000,6.860000,6.620000,6.850000,6.850000,121900
2014-04-17,6.800000,6.980000,6.750000,6.840000,6.840000,133000
2014-04-21,6.850000,6.950000,6.700000,6.750000,6.750000,140400
2014-04-22,6.860000,7.200000,6.780000,7.120000,7.120000,517300
2014-04-23,7.090000,7.180000,7.030000,7.060000,7.060000,178900
2014-04-24,7.200000,7.200000,6.990000,7.060000,7.060000,192100
2014-04-25,7.010000,7.070000,6.710000,6.760000,6.760000,288100
2014-04-28,6.790000,6.790000,6.240000,6.360000,6.360000,466200
2014-04-29,6.490000,6.630000,6.270000,6.540000,6.540000,506900
2014-04-30,6.320000,6.340000,5.290000,5.710000,5.710000,1622700
2014-05-01,5.900000,6.250000,5.860000,6.250000,6.250000,455400
2014-05-02,6.230000,6.230000,5.970000,6.000000,6.000000,416800
2014-05-05,5.960000,6.140000,5.880000,6.130000,6.130000,182100
2014-05-06,6.070000,6.140000,5.860000,5.880000,5.880000,134300
2014-05-07,5.870000,5.870000,5.600000,5.740000,5.740000,217800
2014-05-08,5.700000,5.880000,5.550000,5.640000,5.640000,230100
2014-05-09,5.640000,5.720000,5.520000,5.610000,5.610000,150400
2014-05-12,5.800000,6.000000,5.610000,5.820000,5.820000,625300
2014-05-13,5.800000,5.860000,5.570000,5.760000,5.760000,236800
2014-05-14,5.730000,5.840000,5.600000,5.650000,5.650000,124500
2014-05-15,5.650000,5.680000,5.460000,5.610000,5.610000,169700
2014-05-16,5.670000,6.100000,5.650000,5.880000,5.880000,366000
2014-05-19,5.780000,6.180000,5.780000,6.030000,6.030000,256500
2014-05-20,6.000000,6.030000,5.820000,5.840000,5.840000,178500
2014-05-21,5.920000,6.000000,5.870000,5.880000,5.880000,87500
2014-05-22,5.800000,6.030000,5.800000,5.930000,5.930000,114100
2014-05-23,5.930000,6.100000,5.930000,6.020000,6.020000,109700
2014-05-27,6.080000,6.300000,6.010000,6.200000,6.200000,183400
2014-05-28,6.220000,6.300000,6.210000,6.250000,6.250000,97400
2014-05-29,6.220000,6.580000,6.220000,6.470000,6.470000,229600
2014-05-30,6.400000,6.530000,6.340000,6.370000,6.370000,191600
2014-06-02,6.520000,6.570000,6.370000,6.480000,6.480000,140400
2014-06-03,6.480000,6.580000,6.330000,6.560000,6.560000,334500
2014-06-04,6.500000,6.630000,6.480000,6.520000,6.520000,64700
2014-06-05,6.560000,6.690000,6.490000,6.630000,6.630000,127500
2014-06-06,6.730000,6.850000,6.620000,6.770000,6.770000,248300
2014-06-09,6.580000,6.830000,6.570000,6.680000,6.680000,255200
2014-06-10,6.610000,6.800000,6.610000,6.710000,6.710000,108400
2014-06-11,6.670000,6.920000,6.580000,6.790000,6.790000,261100
2014-06-12,6.790000,6.900000,6.670000,6.700000,6.700000,87200
2014-06-13,6.720000,6.750000,6.560000,6.630000,6.630000,82300
2014-06-16,6.600000,6.740000,6.530000,6.610000,6.610000,78400
2014-06-17,6.560000,6.680000,6.500000,6.610000,6.610000,137900
2014-06-18,6.600000,6.640000,6.510000,6.550000,6.550000,81100
2014-06-19,6.560000,6.840000,6.530000,6.700000,6.700000,132400
2014-06-20,6.720000,6.730000,6.640000,6.700000,6.700000,46200
2014-06-23,6.670000,6.850000,6.660000,6.740000,6.740000,142900
2014-06-24,6.730000,7.090000,6.660000,6.840000,6.840000,240100
2014-06-25,6.760000,6.840000,6.670000,6.750000,6.750000,73600
2014-06-26,6.690000,7.040000,6.690000,6.970000,6.970000,157500
2014-06-27,7.040000,7.110000,6.960000,6.990000,6.990000,114700
2014-06-30,6.960000,7.100000,6.890000,7.050000,7.050000,97500
2014-07-01,7.010000,7.320000,7.010000,7.190000,7.190000,173600
2014-07-02,7.270000,7.350000,7.230000,7.280000,7.280000,134900
2014-07-03,7.270000,7.310000,7.200000,7.270000,7.270000,54400
2014-07-07,7.190000,7.210000,7.000000,7.040000,7.040000,157100
2014-07-08,6.820000,7.080000,6.700000,6.770000,6.770000,231500
2014-07-09,6.850000,6.920000,6.720000,6.800000,6.800000,96900
2014-07-10,6.570000,7.000000,6.550000,6.810000,6.810000,178400
2014-07-11,6.850000,6.930000,6.810000,6.870000,6.870000,56500
2014-07-14,6.840000,7.090000,6.810000,7.040000,7.040000,119400
2014-07-15,7.030000,7.150000,6.910000,7.060000,7.060000,111600
2014-07-16,7.120000,7.170000,6.890000,7.120000,7.120000,141200
2014-07-17,7.050000,7.150000,6.880000,6.970000,6.970000,109300
2014-07-18,7.030000,7.200000,6.940000,7.070000,7.070000,110400
2014-07-21,6.960000,7.140000,6.960000,7.110000,7.110000,101300
2014-07-22,7.100000,7.260000,7.070000,7.260000,7.260000,126600
2014-07-23,7.230000,7.230000,7.010000,7.090000,7.090000,170100
2014-07-24,7.110000,7.240000,7.030000,7.050000,7.050000,142100
2014-07-25,7.050000,7.110000,7.000000,7.070000,7.070000,78200
2014-07-28,7.060000,7.120000,6.870000,6.950000,6.950000,294900
2014-07-29,6.620000,6.810000,6.360000,6.390000,6.390000,488900
2014-07-30,6.400000,6.530000,6.270000,6.290000,6.290000,225800
2014-07-31,6.210000,6.210000,5.590000,5.630000,5.630000,753500
2014-08-01,5.610000,5.850000,5.610000,5.620000,5.620000,244700
2014-08-04,5.630000,5.740000,5.310000,5.330000,5.330000,498800
2014-08-05,5.310000,5.450000,4.970000,5.020000,5.020000,1046700
2014-08-06,5.000000,5.500000,5.000000,5.430000,5.430000,843300
2014-08-07,5.470000,5.800000,5.470000,5.560000,5.560000,682200
2014-08-08,5.560000,5.650000,5.410000,5.550000,5.550000,211300
2014-08-11,5.560000,5.650000,5.430000,5.600000,5.600000,181100
2014-08-12,5.600000,5.650000,5.460000,5.530000,5.530000,101300
2014-08-13,5.530000,5.580000,5.220000,5.250000,5.250000,366300
2014-08-14,5.200000,5.460000,5.200000,5.420000,5.420000,109500
2014-08-15,5.400000,5.440000,5.250000,5.390000,5.390000,112600
2014-08-18,5.350000,5.520000,5.330000,5.450000,5.450000,102000
2014-08-19,5.480000,5.510000,5.440000,5.460000,5.460000,62400
2014-08-20,5.470000,5.500000,5.360000,5.450000,5.450000,74600
2014-08-21,5.400000,5.430000,5.310000,5.390000,5.390000,97800
2014-08-22,5.370000,5.540000,5.350000,5.500000,5.500000,94200
2014-08-25,5.400000,5.520000,5.380000,5.430000,5.430000,126300
2014-08-26,5.270000,5.460000,5.210000,5.340000,5.340000,349200
2014-08-27,5.410000,5.540000,5.390000,5.500000,5.500000,158600
2014-08-28,5.440000,5.640000,5.430000,5.610000,5.610000,188300
2014-08-29,5.670000,5.700000,5.600000,5.680000,5.680000,81100
2014-09-02,5.770000,5.790000,5.550000,5.620000,5.620000,248600
2014-09-03,5.610000,5.640000,5.510000,5.550000,5.550000,179700
2014-09-04,5.670000,5.850000,5.550000,5.570000,5.570000,139800
2014-09-05,5.550000,5.730000,5.520000,5.680000,5.680000,85200
2014-09-08,5.740000,5.800000,5.660000,5.700000,5.700000,117400
2014-09-09,5.700000,5.840000,5.620000,5.750000,5.750000,169700
2014-09-10,5.790000,5.830000,5.670000,5.700000,5.700000,109800
2014-09-11,5.640000,5.750000,5.610000,5.640000,5.640000,81000
2014-09-12,5.600000,5.720000,5.520000,5.640000,5.640000,104900
2014-09-15,5.580000,5.700000,5.280000,5.640000,5.640000,286200
2014-09-16,5.640000,5.640000,5.470000,5.520000,5.520000,112500
2014-09-17,5.490000,5.660000,5.490000,5.540000,5.540000,84200
2014-09-18,5.530000,5.620000,5.460000,5.500000,5.500000,99700
2014-09-19,5.480000,5.530000,5.410000,5.450000,5.450000,102100
2014-09-22,5.450000,5.460000,5.210000,5.260000,5.260000,177100
2014-09-23,5.240000,5.370000,5.210000,5.260000,5.260000,87000
2014-09-24,5.240000,5.340000,5.230000,5.270000,5.270000,72200
2014-09-25,5.270000,5.300000,4.930000,5.070000,5.070000,194400
2014-09-26,5.070000,5.130000,4.980000,5.000000,5.000000,156800
2014-09-29,4.950000,5.090000,4.880000,5.020000,5.020000,231800
2014-09-30,5.020000,5.020000,4.770000,4.800000,4.800000,334700
2014-10-01,4.780000,4.780000,4.470000,4.520000,4.520000,308800
2014-10-02,4.520000,4.560000,4.250000,4.460000,4.460000,482200
2014-10-03,4.460000,4.740000,4.460000,4.650000,4.650000,135700
2014-10-06,4.790000,4.870000,4.550000,4.620000,4.620000,180900
2014-10-07,4.580000,4.630000,4.320000,4.320000,4.320000,235700
2014-10-08,4.300000,4.500000,4.110000,4.450000,4.450000,465200
2014-10-09,4.350000,4.420000,4.250000,4.310000,4.310000,201600
2014-10-10,4.290000,4.350000,4.200000,4.260000,4.260000,209700
2014-10-13,4.300000,4.430000,4.250000,4.270000,4.270000,178600
2014-10-14,4.260000,4.360000,4.200000,4.240000,4.240000,134600
2014-10-15,4.200000,4.440000,4.140000,4.360000,4.360000,128200
2014-10-16,4.260000,4.570000,4.260000,4.450000,4.450000,95500
2014-10-17,4.490000,4.720000,4.270000,4.410000,4.410000,149700
2014-10-20,4.340000,4.500000,4.260000,4.430000,4.430000,92200
2014-10-21,4.420000,4.500000,4.400000,4.450000,4.450000,79600
2014-10-22,4.510000,4.510000,4.340000,4.410000,4.410000,129700
2014-10-23,4.440000,4.610000,4.380000,4.550000,4.550000,102300
2014-10-24,4.580000,4.750000,4.560000,4.650000,4.650000,119700
2014-10-27,4.910000,4.950000,4.740000,4.790000,4.790000,158200
2014-10-28,4.870000,4.950000,4.830000,4.870000,4.870000,112300
2014-10-29,4.880000,4.930000,4.780000,4.880000,4.880000,186000
2014-10-30,4.690000,4.800000,4.400000,4.640000,4.640000,413000
2014-10-31,4.800000,4.880000,4.650000,4.800000,4.800000,146800
2014-11-03,4.710000,4.930000,4.710000,4.830000,4.830000,147000
2014-11-04,4.810000,5.020000,4.800000,4.920000,4.920000,234000
2014-11-05,4.960000,4.980000,4.840000,4.920000,4.920000,104200
2014-11-06,4.910000,5.020000,4.890000,4.970000,4.970000,155600
2014-11-07,4.950000,5.040000,4.950000,4.970000,4.970000,106200
2014-11-10,4.940000,4.940000,4.830000,4.860000,4.860000,105800
2014-11-11,4.810000,4.830000,4.670000,4.730000,4.730000,120500
2014-11-12,4.710000,4.820000,4.640000,4.780000,4.780000,79500
2014-11-13,4.770000,4.770000,4.600000,4.620000,4.620000,124700
2014-11-14,4.580000,4.690000,4.410000,4.670000,4.670000,92600
2014-11-17,4.620000,4.670000,4.560000,4.610000,4.610000,72400
2014-11-18,4.620000,4.730000,4.580000,4.690000,4.690000,54400
2014-11-19,4.620000,4.750000,4.620000,4.620000,4.620000,69500
2014-11-20,4.620000,4.700000,4.580000,4.680000,4.680000,54000
2014-11-21,4.750000,4.790000,4.620000,4.730000,4.730000,75200
2014-11-24,4.680000,4.740000,4.680000,4.710000,4.710000,84600
2014-11-25,4.740000,4.880000,4.710000,4.870000,4.870000,89600
2014-11-26,4.850000,4.990000,4.820000,4.960000,4.960000,99400
2014-11-28,4.800000,4.880000,4.780000,4.790000,4.790000,31500
2014-12-01,4.870000,4.880000,4.640000,4.700000,4.700000,211300
2014-12-02,4.730000,4.850000,4.620000,4.700000,4.700000,170000
2014-12-03,4.800000,4.970000,4.780000,4.800000,4.800000,148400
2014-12-04,4.820000,4.900000,4.700000,4.720000,4.720000,100000
2014-12-05,4.770000,4.870000,4.770000,4.840000,4.840000,84100
2014-12-08,4.820000,4.820000,4.680000,4.720000,4.720000,216500
2014-12-09,4.620000,4.820000,4.620000,4.770000,4.770000,113200
2014-12-10,4.760000,4.800000,4.630000,4.690000,4.690000,74500
2014-12-11,4.740000,4.850000,4.680000,4.700000,4.700000,117900
2014-12-12,4.620000,4.730000,4.510000,4.600000,4.600000,195600
2014-12-15,4.570000,4.650000,4.340000,4.420000,4.420000,268300
2014-12-16,4.350000,4.470000,4.280000,4.330000,4.330000,159900
2014-12-17,4.310000,4.530000,4.270000,4.470000,4.470000,111700
2014-12-18,4.450000,4.600000,4.450000,4.580000,4.580000,104700
2014-12-19,4.580000,4.630000,4.530000,4.580000,4.580000,58700
2014-12-22,4.540000,4.620000,4.480000,4.560000,4.560000,105100
2014-12-23,4.550000,4.580000,4.490000,4.500000,4.500000,144800
2014-12-24,4.450000,4.650000,4.450000,4.510000,4.510000,128000
2014-12-26,4.500000,4.720000,4.500000,4.660000,4.660000,64400
2014-12-29,4.590000,4.630000,4.510000,4.560000,4.560000,160700
2014-12-30,4.460000,4.580000,4.440000,4.500000,4.500000,189700
2014-12-31,4.500000,4.660000,4.430000,4.540000,4.540000,194600
2015-01-02,4.570000,4.620000,4.510000,4.570000,4.570000,70600
2015-01-05,4.500000,4.710000,4.470000,4.630000,4.630000,101300
2015-01-06,4.560000,4.670000,4.540000,4.620000,4.620000,113100
2015-01-07,4.640000,4.650000,4.570000,4.580000,4.580000,84900
2015-01-08,4.750000,5.050000,4.700000,4.960000,4.960000,326700
2015-01-09,4.950000,4.950000,4.850000,4.910000,4.910000,71700
2015-01-12,4.860000,4.910000,4.680000,4.840000,4.840000,151700
2015-01-13,4.850000,5.140000,4.850000,4.950000,4.950000,207400
2015-01-14,4.850000,4.970000,4.810000,4.970000,4.970000,137800
2015-01-15,4.890000,5.060000,4.890000,5.010000,5.010000,164900
2015-01-16,5.000000,5.120000,5.000000,5.080000,5.080000,108700
2015-01-20,5.010000,5.160000,4.980000,5.150000,5.150000,154800
2015-01-21,5.100000,5.160000,5.090000,5.110000,5.110000,160600
2015-01-22,5.100000,5.220000,5.090000,5.110000,5.110000,195900
2015-01-23,5.140000,5.180000,5.100000,5.120000,5.120000,125400
2015-01-26,5.100000,5.120000,5.050000,5.080000,5.080000,363400
2015-01-27,4.950000,5.170000,4.910000,5.110000,5.110000,299100
2015-01-28,5.150000,5.370000,5.110000,5.150000,5.150000,257000
2015-01-29,5.160000,5.220000,5.150000,5.160000,5.160000,86700
2015-01-30,5.070000,5.200000,5.070000,5.150000,5.150000,139200
2015-02-02,5.140000,5.150000,5.040000,5.120000,5.120000,103400
2015-02-03,5.100000,5.250000,5.100000,5.200000,5.200000,114800
2015-02-04,5.170000,5.250000,5.160000,5.190000,5.190000,81200
2015-02-05,5.210000,5.310000,5.210000,5.270000,5.270000,49400
2015-02-06,5.250000,5.310000,5.190000,5.220000,5.220000,38100
2015-02-09,5.160000,5.280000,5.100000,5.180000,5.180000,85600
2015-02-10,5.150000,5.260000,5.110000,5.170000,5.170000,112100
2015-02-11,5.150000,5.170000,5.060000,5.130000,5.130000,100400
2015-02-12,5.240000,5.310000,5.130000,5.220000,5.220000,65800
2015-02-13,5.240000,5.500000,5.230000,5.440000,5.440000,208300
2015-02-17,5.570000,5.580000,5.360000,5.440000,5.440000,233700
2015-02-18,5.440000,5.480000,5.310000,5.400000,5.400000,127500
2015-02-19,5.440000,5.550000,5.410000,5.480000,5.480000,102000
2015-02-20,5.420000,5.500000,5.310000,5.370000,5.370000,120300
2015-02-23,5.350000,5.370000,5.190000,5.240000,5.240000,164000
2015-02-24,5.190000,5.230000,5.170000,5.200000,5.200000,117600
2015-02-25,5.250000,5.310000,5.240000,5.290000,5.290000,68300
2015-02-26,5.250000,5.320000,5.170000,5.200000,5.200000,185800
2015-02-27,5.230000,5.230000,5.060000,5.090000,5.090000,127800
2015-03-02,5.110000,5.150000,5.080000,5.150000,5.150000,176400
2015-03-03,5.120000,5.210000,5.060000,5.120000,5.120000,88600
2015-03-04,5.110000,5.140000,5.040000,5.040000,5.040000,106300
2015-03-05,5.060000,5.180000,5.020000,5.110000,5.110000,71700
2015-03-06,5.100000,5.260000,5.100000,5.200000,5.200000,118800
2015-03-09,5.330000,5.380000,5.250000,5.310000,5.310000,118800
2015-03-10,5.280000,5.330000,5.150000,5.280000,5.280000,282900
2015-03-11,5.280000,5.290000,5.160000,5.200000,5.200000,106100
2015-03-12,5.240000,5.240000,5.100000,5.130000,5.130000,60300
2015-03-13,5.120000,5.130000,5.040000,5.060000,5.060000,87600
2015-03-16,5.070000,5.120000,5.060000,5.100000,5.100000,121600
2015-03-17,5.080000,5.160000,5.010000,5.150000,5.150000,105200
2015-03-18,5.120000,5.220000,5.110000,5.200000,5.200000,47100
2015-03-19,5.240000,5.290000,5.210000,5.230000,5.230000,116600
2015-03-20,5.210000,5.220000,5.100000,5.110000,5.110000,100700
2015-03-23,5.120000,5.160000,5.090000,5.110000,5.110000,82400
2015-03-24,4.900000,5.040000,4.730000,4.950000,4.950000,598600
2015-03-25,4.890000,4.920000,4.840000,4.860000,4.860000,170900
2015-03-26,4.860000,4.900000,4.580000,4.710000,4.710000,215000
2015-03-27,4.700000,4.800000,4.700000,4.750000,4.750000,151300
2015-03-30,4.760000,4.820000,4.620000,4.650000,4.650000,378400
2015-03-31,4.550000,4.700000,4.540000,4.600000,4.600000,212400
2015-04-01,4.620000,4.640000,4.440000,4.500000,4.500000,250400
2015-04-02,4.640000,4.920000,4.620000,4.870000,4.870000,157800
2015-04-06,4.860000,5.000000,4.860000,4.970000,4.970000,66900
2015-04-07,4.980000,5.250000,4.980000,5.150000,5.150000,107200
2015-04-08,5.120000,5.170000,4.990000,5.010000,5.010000,94600
2015-04-09,5.000000,5.070000,4.950000,5.070000,5.070000,36200
2015-04-10,5.070000,5.080000,4.980000,4.990000,4.990000,123400
2015-04-13,4.970000,5.010000,4.840000,4.900000,4.900000,92100
2015-04-14,4.910000,4.930000,4.850000,4.880000,4.880000,61600
2015-04-15,4.880000,5.090000,4.840000,5.070000,5.070000,88300
2015-04-16,4.990000,5.070000,4.840000,4.890000,4.890000,91600
2015-04-17,4.860000,4.880000,4.840000,4.870000,4.870000,38200
2015-04-20,4.890000,4.890000,4.750000,4.820000,4.820000,45800
2015-04-21,4.840000,4.840000,4.680000,4.680000,4.680000,115000
2015-04-22,4.520000,4.730000,4.510000,4.700000,4.700000,50700
2015-04-23,4.680000,4.790000,4.660000,4.770000,4.770000,25900
2015-04-24,4.800000,4.800000,4.660000,4.750000,4.750000,92000
2015-04-27,4.780000,4.800000,4.650000,4.650000,4.650000,87600
2015-04-28,4.500000,4.810000,4.480000,4.730000,4.730000,162200
2015-04-29,4.690000,4.700000,4.500000,4.530000,4.530000,116500
2015-04-30,4.500000,4.630000,4.500000,4.550000,4.550000,203300
2015-05-01,4.530000,4.590000,4.500000,4.500000,4.500000,51600
2015-05-04,4.500000,4.550000,4.500000,4.500000,4.500000,51900
2015-05-05,4.500000,4.520000,4.310000,4.330000,4.330000,105700
2015-05-06,4.340000,4.370000,4.160000,4.200000,4.200000,118800
2015-05-07,4.160000,4.280000,4.130000,4.180000,4.180000,127000
2015-05-08,4.190000,4.290000,4.130000,4.230000,4.230000,65100
2015-05-11,4.240000,4.380000,4.240000,4.290000,4.290000,43600
2015-05-12,4.240000,4.270000,4.210000,4.210000,4.210000,54900
2015-05-13,4.220000,4.250000,4.180000,4.190000,4.190000,93600
2015-05-14,4.200000,4.240000,4.070000,4.160000,4.160000,125500
2015-05-15,4.150000,4.220000,3.900000,4.050000,4.050000,192500
2015-05-18,4.100000,4.140000,4.050000,4.120000,4.120000,165400
2015-05-19,4.150000,4.320000,4.150000,4.260000,4.260000,112000
2015-05-20,4.330000,4.540000,4.320000,4.460000,4.460000,132800
2015-05-21,4.460000,4.480000,4.370000,4.370000,4.370000,39900
2015-05-22,4.390000,4.430000,4.390000,4.420000,4.420000,29800
2015-05-26,4.380000,4.580000,4.340000,4.520000,4.520000,105600
2015-05-27,4.510000,4.520000,4.350000,4.390000,4.390000,82100
2015-05-28,4.410000,4.440000,4.360000,4.400000,4.400000,53800
2015-05-29,4.400000,4.460000,4.360000,4.370000,4.370000,70700
2015-06-01,4.270000,4.340000,4.260000,4.280000,4.280000,74900
2015-06-02,4.230000,4.370000,4.140000,4.330000,4.330000,76600
2015-06-03,4.260000,4.380000,4.230000,4.290000,4.290000,83700
2015-06-04,4.220000,4.380000,4.160000,4.250000,4.250000,89300
2015-06-05,4.240000,4.260000,4.170000,4.230000,4.230000,60100
2015-06-08,4.170000,4.220000,4.050000,4.090000,4.090000,119000
2015-06-09,3.940000,3.940000,3.210000,3.270000,3.270000,908300
2015-06-10,3.340000,3.390000,3.080000,3.350000,3.350000,608600
2015-06-11,3.400000,3.500000,3.350000,3.390000,3.390000,217900
2015-06-12,3.360000,3.430000,3.360000,3.390000,3.390000,133800
2015-06-15,3.350000,3.370000,3.320000,3.370000,3.370000,126300
2015-06-16,3.360000,3.410000,3.300000,3.310000,3.310000,241400
2015-06-17,3.330000,3.500000,3.310000,3.360000,3.360000,211300
2015-06-18,3.360000,3.500000,3.360000,3.420000,3.420000,159200
2015-06-19,3.400000,3.510000,3.380000,3.510000,3.510000,175700
2015-06-22,3.480000,3.550000,3.380000,3.400000,3.400000,138000
2015-06-23,3.400000,3.530000,3.380000,3.460000,3.460000,123100
2015-06-24,3.420000,3.450000,3.380000,3.410000,3.410000,85300
2015-06-25,3.420000,3.490000,3.380000,3.380000,3.380000,107700
2015-06-26,3.420000,3.460000,3.330000,3.370000,3.370000,84900
2015-06-29,3.360000,3.410000,3.230000,3.280000,3.280000,115400
2015-06-30,3.320000,3.390000,3.230000,3.230000,3.230000,118100
2015-07-01,3.310000,3.350000,3.170000,3.200000,3.200000,102200
2015-07-02,3.200000,3.230000,3.190000,3.230000,3.230000,87100
2015-07-06,3.180000,3.250000,3.080000,3.210000,3.210000,161300
2015-07-07,3.170000,3.220000,3.100000,3.150000,3.150000,55300
2015-07-08,3.140000,3.160000,2.990000,2.990000,2.990000,139400
2015-07-09,3.040000,3.160000,3.040000,3.130000,3.130000,36400
2015-07-10,3.160000,3.270000,3.160000,3.240000,3.240000,69800
2015-07-13,3.280000,3.290000,3.190000,3.220000,3.220000,58300
2015-07-14,3.150000,3.280000,3.150000,3.250000,3.250000,54200
2015-07-15,3.230000,3.280000,3.140000,3.170000,3.170000,44600
2015-07-16,3.210000,3.240000,3.140000,3.160000,3.160000,41800
2015-07-17,3.060000,3.130000,3.000000,3.030000,3.030000,114400
2015-07-20,3.000000,3.040000,2.960000,2.970000,2.970000,97000
2015-07-21,2.970000,3.020000,2.800000,2.830000,2.830000,506200
2015-07-22,2.830000,2.890000,2.800000,2.840000,2.840000,184900
2015-07-23,2.850000,2.930000,2.770000,2.780000,2.780000,80100
2015-07-24,2.830000,2.860000,2.770000,2.790000,2.790000,67600
2015-07-27,2.840000,2.870000,2.740000,2.790000,2.790000,128000
2015-07-28,2.690000,2.900000,2.690000,2.800000,2.800000,152100
2015-07-29,2.850000,2.920000,2.700000,2.820000,2.820000,141800
2015-07-30,2.840000,2.900000,2.830000,2.880000,2.880000,39100
2015-07-31,2.900000,2.970000,2.850000,2.930000,2.930000,73800
2015-08-03,2.990000,3.080000,2.930000,2.940000,2.940000,57100
2015-08-04,2.960000,2.990000,2.860000,2.870000,2.870000,59100
2015-08-05,2.870000,2.990000,2.870000,2.910000,2.910000,47900
2015-08-06,2.940000,3.130000,2.930000,3.090000,3.090000,71700
2015-08-07,3.090000,3.190000,2.990000,3.000000,3.000000,71300
2015-08-10,3.050000,3.200000,3.050000,3.180000,3.180000,92800
2015-08-11,3.200000,3.200000,3.150000,3.200000,3.200000,81300
2015-08-12,3.200000,3.230000,3.150000,3.200000,3.200000,106900
2015-08-13,3.360000,3.380000,3.180000,3.210000,3.210000,88000
2015-08-14,3.250000,3.310000,3.110000,3.200000,3.200000,143400
2015-08-17,3.260000,3.310000,3.200000,3.280000,3.280000,102100
2015-08-18,3.390000,3.390000,3.310000,3.340000,3.340000,89700
2015-08-19,3.400000,3.420000,3.260000,3.310000,3.310000,122900
2015-08-20,3.320000,3.320000,3.160000,3.200000,3.200000,74300
2015-08-21,3.100000,3.250000,3.100000,3.180000,3.180000,73000
2015-08-24,2.880000,3.030000,2.850000,3.030000,3.030000,116300
2015-08-25,3.170000,3.170000,3.030000,3.040000,3.040000,65500
2015-08-26,3.130000,3.160000,3.060000,3.090000,3.090000,53500
2015-08-27,3.180000,3.350000,3.160000,3.350000,3.350000,181900
2015-08-28,3.310000,3.400000,3.310000,3.340000,3.340000,67700
2015-08-31,3.270000,3.420000,3.260000,3.390000,3.390000,70600
2015-09-01,3.290000,3.390000,3.240000,3.270000,3.270000,81700
2015-09-02,3.340000,3.350000,3.270000,3.290000,3.290000,55900
2015-09-03,3.310000,3.370000,3.200000,3.210000,3.210000,100800
2015-09-04,3.160000,3.270000,3.160000,3.230000,3.230000,27300
2015-09-08,3.300000,3.330000,3.210000,3.240000,3.240000,38800
2015-09-09,3.330000,3.350000,3.180000,3.190000,3.190000,47200
2015-09-10,3.120000,3.300000,3.120000,3.230000,3.230000,57100
2015-09-11,3.200000,3.290000,3.170000,3.270000,3.270000,39700
2015-09-14,3.300000,3.320000,3.250000,3.250000,3.250000,45400
2015-09-15,3.230000,3.300000,3.190000,3.220000,3.220000,90400
2015-09-16,3.230000,3.320000,3.200000,3.300000,3.300000,53900
2015-09-17,3.270000,3.300000,3.240000,3.290000,3.290000,53800
2015-09-18,3.220000,3.300000,3.220000,3.230000,3.230000,35400
2015-09-21,3.190000,3.300000,3.190000,3.250000,3.250000,41500
2015-09-22,3.240000,3.300000,3.240000,3.280000,3.280000,35600
2015-09-23,3.260000,3.300000,3.240000,3.270000,3.270000,41200
2015-09-24,3.220000,3.300000,3.220000,3.300000,3.300000,55100
2015-09-25,3.320000,3.320000,3.260000,3.260000,3.260000,40100
2015-09-28,3.290000,3.290000,3.120000,3.120000,3.120000,51300
2015-09-29,3.150000,3.280000,3.140000,3.210000,3.210000,38000
2015-09-30,3.250000,3.300000,3.230000,3.250000,3.250000,52300
2015-10-01,3.280000,3.300000,3.190000,3.200000,3.200000,70200
2015-10-02,3.150000,3.300000,3.130000,3.300000,3.300000,48600
2015-10-05,3.300000,3.450000,3.300000,3.400000,3.400000,97700
2015-10-06,3.400000,3.430000,3.220000,3.280000,3.280000,73600
2015-10-07,3.300000,3.470000,3.290000,3.400000,3.400000,93600
2015-10-08,3.370000,3.440000,3.370000,3.420000,3.420000,92200
2015-10-09,3.420000,3.550000,3.390000,3.470000,3.470000,79300
2015-10-12,3.470000,3.490000,3.390000,3.460000,3.460000,37300
2015-10-13,3.390000,3.500000,3.390000,3.430000,3.430000,53100
2015-10-14,3.370000,3.460000,3.370000,3.410000,3.410000,41500
2015-10-15,3.400000,3.530000,3.390000,3.500000,3.500000,31400
2015-10-16,3.590000,3.590000,3.460000,3.510000,3.510000,35600
2015-10-19,3.450000,3.550000,3.450000,3.520000,3.520000,37100
2015-10-20,3.540000,3.550000,3.500000,3.520000,3.520000,33000
2015-10-21,3.470000,3.520000,3.180000,3.360000,3.360000,69500
2015-10-22,3.400000,3.640000,3.400000,3.450000,3.450000,62600
2015-10-23,3.440000,3.500000,3.420000,3.470000,3.470000,27800
2015-10-26,3.500000,3.640000,3.460000,3.460000,3.460000,79700
2015-10-27,3.470000,3.540000,3.440000,3.440000,3.440000,94800
2015-10-28,3.450000,3.520000,3.450000,3.490000,3.490000,38200
2015-10-29,3.450000,3.520000,3.390000,3.390000,3.390000,48200
2015-10-30,3.490000,3.490000,3.340000,3.410000,3.410000,29900
2015-11-02,3.430000,3.590000,3.390000,3.540000,3.540000,66000
2015-11-03,3.650000,3.760000,3.600000,3.690000,3.690000,280900
2015-11-04,3.710000,3.830000,3.710000,3.770000,3.770000,68800
2015-11-05,3.760000,3.950000,3.760000,3.900000,3.900000,54600
2015-11-06,3.890000,4.020000,3.870000,3.920000,3.920000,156300
2015-11-09,3.940000,4.170000,3.940000,4.160000,4.160000,224400
2015-11-10,4.110000,4.210000,4.040000,4.190000,4.190000,115400
2015-11-11,4.200000,4.240000,4.150000,4.200000,4.200000,107400
2015-11-12,4.100000,4.220000,4.070000,4.190000,4.190000,58100
2015-11-13,4.100000,4.180000,4.100000,4.120000,4.120000,51300
2015-11-16,4.100000,4.170000,3.970000,4.120000,4.120000,168300
2015-11-17,4.120000,4.200000,4.070000,4.160000,4.160000,86900
2015-11-18,4.130000,4.180000,4.100000,4.170000,4.170000,41900
2015-11-19,4.160000,4.170000,4.110000,4.170000,4.170000,71300
2015-11-20,4.180000,4.190000,4.130000,4.160000,4.160000,76200
2015-11-23,4.120000,4.170000,4.080000,4.140000,4.140000,76200
2015-11-24,4.080000,4.170000,4.050000,4.130000,4.130000,60200
2015-11-25,4.170000,4.230000,4.100000,4.160000,4.160000,100700
2015-11-27,4.130000,4.180000,4.110000,4.160000,4.160000,79500
2015-11-30,4.190000,4.430000,4.160000,4.380000,4.380000,212800
2015-12-01,4.400000,4.470000,4.400000,4.460000,4.460000,102600
2015-12-02,4.470000,4.500000,4.280000,4.450000,4.450000,114200
2015-12-03,4.410000,4.530000,4.380000,4.400000,4.400000,94400
2015-12-04,4.360000,4.450000,4.360000,4.390000,4.390000,29400
2015-12-07,4.360000,4.370000,4.160000,4.310000,4.310000,67900
2015-12-08,4.220000,4.330000,4.200000,4.290000,4.290000,50300
2015-12-09,4.250000,4.300000,4.200000,4.240000,4.240000,82800
2015-12-10,4.210000,4.300000,4.180000,4.240000,4.240000,84600
2015-12-11,4.150000,4.230000,4.080000,4.100000,4.100000,78100
2015-12-14,4.070000,4.100000,3.960000,4.030000,4.030000,104300
2015-12-15,4.100000,4.210000,4.100000,4.190000,4.190000,66500
2015-12-16,4.180000,4.180000,4.040000,4.160000,4.160000,80700
2015-12-17,4.250000,4.250000,4.140000,4.180000,4.180000,82800
2015-12-18,4.110000,4.180000,4.050000,4.060000,4.060000,85500
2015-12-21,4.100000,4.130000,4.050000,4.100000,4.100000,76500
2015-12-22,4.100000,4.220000,4.100000,4.150000,4.150000,83900
2015-12-23,4.190000,4.210000,3.970000,4.070000,4.070000,109900
2015-12-24,4.030000,4.200000,4.030000,4.130000,4.130000,52800
2015-12-28,4.050000,4.150000,4.040000,4.080000,4.080000,82600
2015-12-29,4.060000,4.140000,4.060000,4.090000,4.090000,52800
2015-12-30,4.030000,4.100000,3.990000,4.000000,4.000000,53600
2015-12-31,3.940000,4.040000,3.900000,3.900000,3.900000,117000
2016-01-04,3.800000,4.140000,3.710000,4.070000,4.070000,173400
2016-01-05,4.130000,4.170000,4.040000,4.120000,4.120000,55700
2016-01-06,3.960000,4.060000,3.910000,4.000000,4.000000,101800
2016-01-07,3.960000,4.170000,3.950000,4.070000,4.070000,73000
2016-01-08,4.090000,4.150000,3.810000,4.020000,4.020000,41000
2016-01-11,4.060000,4.150000,4.020000,4.050000,4.050000,67600
2016-01-12,4.080000,4.130000,4.060000,4.100000,4.100000,36900
2016-01-13,4.110000,4.150000,4.010000,4.050000,4.050000,43500
2016-01-14,4.040000,4.080000,3.970000,4.000000,4.000000,71400
2016-01-15,3.920000,3.960000,3.830000,3.940000,3.940000,50000
2016-01-19,3.980000,3.990000,3.840000,3.860000,3.860000,49600
2016-01-20,3.730000,3.800000,3.660000,3.770000,3.770000,71300
2016-01-21,3.790000,3.800000,3.710000,3.790000,3.790000,65000
2016-01-22,3.800000,4.070000,3.790000,3.930000,3.930000,87800
2016-01-25,3.900000,4.080000,3.900000,3.970000,3.970000,84500
2016-01-26,3.940000,4.080000,3.810000,4.010000,4.010000,113300
2016-01-27,3.960000,4.320000,3.910000,4.210000,4.210000,114200
2016-01-28,4.220000,4.290000,4.190000,4.210000,4.210000,51700
2016-01-29,4.210000,4.350000,4.210000,4.320000,4.320000,65400
2016-02-01,4.260000,4.380000,4.160000,4.320000,4.320000,84100
2016-02-02,4.210000,4.390000,4.190000,4.310000,4.310000,68800
2016-02-03,4.340000,4.340000,4.280000,4.300000,4.300000,37700
2016-02-04,4.320000,4.350000,4.200000,4.300000,4.300000,54500
2016-02-05,4.260000,4.350000,4.190000,4.310000,4.310000,73700
2016-02-08,4.160000,4.330000,4.140000,4.240000,4.240000,64000
2016-02-09,4.130000,4.390000,4.120000,4.170000,4.170000,189000
2016-02-10,4.170000,4.250000,4.090000,4.120000,4.120000,210000
2016-02-11,3.890000,4.030000,3.890000,3.940000,3.940000,63200
2016-02-12,3.910000,4.140000,3.690000,4.020000,4.020000,50700
2016-02-16,4.110000,4.230000,4.080000,4.160000,4.160000,89000
2016-02-17,4.210000,4.350000,4.210000,4.280000,4.280000,60200
2016-02-18,4.220000,4.520000,4.210000,4.380000,4.380000,114200
2016-02-19,4.400000,4.450000,4.300000,4.320000,4.320000,61000
2016-02-22,4.380000,4.430000,4.350000,4.350000,4.350000,59500
2016-02-23,4.320000,4.360000,4.200000,4.200000,4.200000,55300
2016-02-24,4.130000,4.300000,4.110000,4.270000,4.270000,54600
2016-02-25,4.240000,4.280000,4.200000,4.250000,4.250000,36600
2016-02-26,4.240000,4.290000,4.240000,4.270000,4.270000,46900
2016-02-29,4.300000,4.350000,4.220000,4.310000,4.310000,97900
2016-03-01,4.300000,4.400000,4.300000,4.400000,4.400000,78300
2016-03-02,4.350000,4.410000,4.350000,4.380000,4.380000,51600
2016-03-03,4.410000,4.490000,4.380000,4.450000,4.450000,87300
2016-03-04,4.440000,4.570000,4.440000,4.510000,4.510000,67900
2016-03-07,4.500000,4.720000,4.490000,4.650000,4.650000,89000
2016-03-08,4.650000,4.660000,4.620000,4.620000,4.620000,40400
2016-03-09,4.650000,4.760000,4.650000,4.680000,4.680000,46200
2016-03-10,4.760000,4.770000,4.530000,4.540000,4.540000,69900
2016-03-11,4.230000,4.720000,4.140000,4.690000,4.690000,50300
2016-03-14,4.530000,4.650000,4.520000,4.570000,4.570000,63600
2016-03-15,4.520000,4.570000,4.410000,4.510000,4.510000,35800
2016-03-16,4.490000,4.560000,4.470000,4.520000,4.520000,41100
2016-03-17,4.510000,4.550000,4.430000,4.490000,4.490000,70700
2016-03-18,4.520000,4.580000,4.430000,4.480000,4.480000,35500
2016-03-21,4.490000,4.610000,4.490000,4.540000,4.540000,28200
2016-03-22,4.510000,4.630000,4.470000,4.570000,4.570000,52600
2016-03-23,4.600000,4.630000,4.490000,4.580000,4.580000,55000
2016-03-24,4.540000,4.620000,4.510000,4.520000,4.520000,26100
2016-03-28,4.530000,4.650000,4.520000,4.590000,4.590000,41000
2016-03-29,4.530000,4.680000,4.530000,4.680000,4.680000,36800
2016-03-30,4.750000,4.750000,4.390000,4.680000,4.680000,86200
2016-03-31,4.710000,4.710000,4.600000,4.650000,4.650000,32000
2016-04-01,4.590000,4.710000,4.390000,4.680000,4.680000,60700
2016-04-04,4.640000,4.720000,4.610000,4.700000,4.700000,32200
2016-04-05,4.620000,4.700000,4.590000,4.680000,4.680000,35700
2016-04-06,4.700000,4.720000,4.590000,4.700000,4.700000,68100
2016-04-07,4.590000,4.620000,4.480000,4.540000,4.540000,73100
2016-04-08,4.540000,4.550000,4.460000,4.500000,4.500000,64000
2016-04-11,4.510000,4.590000,4.510000,4.510000,4.510000,31300
2016-04-12,4.500000,4.500000,4.380000,4.460000,4.460000,58700
2016-04-13,4.530000,4.540000,4.420000,4.440000,4.440000,59100
2016-04-14,4.430000,4.470000,4.320000,4.340000,4.340000,66500
2016-04-15,4.340000,4.510000,4.310000,4.480000,4.480000,36600
2016-04-18,4.440000,4.510000,4.410000,4.410000,4.410000,27900
2016-04-19,4.430000,4.460000,4.360000,4.400000,4.400000,27400
2016-04-20,4.380000,4.410000,4.310000,4.360000,4.360000,40100
2016-04-21,4.360000,4.450000,4.360000,4.450000,4.450000,31000
2016-04-22,4.470000,4.480000,4.200000,4.410000,4.410000,38000
2016-04-25,4.360000,4.520000,4.250000,4.260000,4.260000,43800
2016-04-26,4.150000,4.380000,4.150000,4.370000,4.370000,48500
2016-04-27,4.380000,4.530000,4.360000,4.510000,4.510000,54400
2016-04-28,4.510000,4.510000,4.380000,4.380000,4.380000,37500
2016-04-29,4.400000,4.450000,4.330000,4.350000,4.350000,22000
2016-05-02,4.330000,4.340000,4.160000,4.280000,4.280000,71900
2016-05-03,4.160000,4.210000,3.950000,4.020000,4.020000,87700
2016-05-04,3.970000,4.250000,3.960000,4.250000,4.250000,112300
2016-05-05,4.110000,4.110000,3.880000,3.880000,3.880000,54600
2016-05-06,3.900000,3.980000,3.840000,3.960000,3.960000,59200
2016-05-09,3.960000,3.960000,3.860000,3.910000,3.910000,72900
2016-05-10,3.900000,3.940000,3.830000,3.920000,3.920000,45700
2016-05-11,3.880000,3.930000,3.710000,3.790000,3.790000,117500
2016-05-12,3.870000,3.870000,3.720000,3.800000,3.800000,41500
2016-05-13,3.760000,3.930000,3.740000,3.930000,3.930000,58000
2016-05-16,3.850000,3.970000,3.830000,3.880000,3.880000,56200
2016-05-17,3.830000,3.880000,3.740000,3.760000,3.760000,35100
2016-05-18,3.750000,3.850000,3.710000,3.790000,3.790000,55600
2016-05-19,3.730000,3.780000,3.690000,3.780000,3.780000,62400
2016-05-20,3.790000,3.840000,3.750000,3.790000,3.790000,38800
2016-05-23,3.780000,3.900000,3.720000,3.840000,3.840000,52500
2016-05-24,3.880000,3.990000,3.880000,3.950000,3.950000,51900
2016-05-25,3.900000,4.000000,3.880000,3.890000,3.890000,18700
2016-05-26,3.890000,3.940000,3.820000,3.870000,3.870000,14000
2016-05-27,3.890000,4.090000,3.820000,3.990000,3.990000,76000
2016-05-31,3.880000,3.920000,3.800000,3.800000,3.800000,74100
2016-06-01,3.830000,3.920000,3.790000,3.900000,3.900000,137000
2016-06-02,3.880000,3.970000,3.850000,3.900000,3.900000,51400
2016-06-03,3.950000,3.960000,3.770000,3.870000,3.870000,87200
2016-06-06,3.890000,4.060000,3.860000,3.960000,3.960000,71300
2016-06-07,3.890000,4.050000,3.890000,3.910000,3.910000,83000
2016-06-08,3.870000,3.960000,3.800000,3.850000,3.850000,83600
2016-06-09,3.880000,3.960000,3.770000,3.950000,3.950000,56700
2016-06-10,3.850000,3.900000,3.850000,3.860000,3.860000,11800
2016-06-13,3.820000,3.840000,3.770000,3.770000,3.770000,33700
2016-06-14,3.740000,3.800000,3.680000,3.750000,3.750000,33800
2016-06-15,3.740000,3.870000,3.740000,3.830000,3.830000,31000
2016-06-16,4.080000,4.180000,4.040000,4.150000,4.150000,134600
2016-06-17,4.150000,4.150000,4.100000,4.130000,4.130000,71200
2016-06-20,4.150000,4.150000,4.070000,4.110000,4.110000,36400
2016-06-21,4.130000,4.150000,4.080000,4.090000,4.090000,36900
2016-06-22,4.120000,4.160000,4.050000,4.100000,4.100000,49800
2016-06-23,4.160000,4.200000,4.130000,4.160000,4.160000,31300
2016-06-24,4.010000,4.120000,4.010000,4.080000,4.080000,62100
2016-06-27,4.040000,4.040000,3.870000,3.950000,3.950000,76700
2016-06-28,4.010000,4.080000,4.010000,4.050000,4.050000,39900
2016-06-29,4.060000,4.150000,4.060000,4.110000,4.110000,20000
2016-06-30,4.150000,4.190000,4.090000,4.190000,4.190000,48700
2016-07-01,4.140000,4.220000,4.140000,4.180000,4.180000,18200
2016-07-05,4.150000,4.190000,4.110000,4.150000,4.150000,48500
2016-07-06,4.120000,4.140000,4.060000,4.100000,4.100000,102600
2016-07-07,4.060000,4.150000,4.060000,4.140000,4.140000,49300
2016-07-08,4.140000,4.180000,4.140000,4.170000,4.170000,23500
2016-07-11,4.180000,4.210000,4.160000,4.190000,4.190000,18300
2016-07-12,4.210000,4.220000,4.200000,4.200000,4.200000,30000
2016-07-13,4.220000,4.250000,4.170000,4.170000,4.170000,35100
2016-07-14,4.230000,4.230000,4.160000,4.160000,4.160000,24100
2016-07-15,4.160000,4.180000,4.160000,4.160000,4.160000,22600
2016-07-18,4.180000,4.230000,4.170000,4.230000,4.230000,22700
2016-07-19,4.250000,4.250000,4.200000,4.200000,4.200000,21500
2016-07-20,4.270000,4.350000,4.230000,4.280000,4.280000,56600
2016-07-21,4.240000,4.300000,4.140000,4.190000,4.190000,19500
2016-07-22,4.170000,4.230000,4.140000,4.210000,4.210000,3800
2016-07-25,4.280000,4.350000,4.250000,4.350000,4.350000,53100
2016-07-26,4.420000,4.440000,4.300000,4.350000,4.350000,72700
2016-07-27,4.350000,4.350000,4.130000,4.200000,4.200000,110800
2016-07-28,4.180000,4.240000,4.080000,4.140000,4.140000,82600
2016-07-29,4.130000,4.180000,4.050000,4.110000,4.110000,58800
2016-08-01,4.200000,4.230000,4.120000,4.150000,4.150000,76000
2016-08-02,4.140000,4.180000,4.110000,4.120000,4.120000,35400
2016-08-03,4.120000,4.140000,4.050000,4.120000,4.120000,42800
2016-08-04,4.110000,4.200000,4.110000,4.140000,4.140000,974500
2016-08-05,4.090000,4.200000,4.090000,4.180000,4.180000,55400
2016-08-08,4.170000,4.330000,4.170000,4.300000,4.300000,50300
2016-08-09,4.330000,4.360000,4.260000,4.260000,4.260000,67500
2016-08-10,4.210000,4.260000,4.120000,4.150000,4.150000,94600
2016-08-11,4.090000,4.190000,4.070000,4.150000,4.150000,104100
2016-08-12,4.180000,4.310000,4.160000,4.260000,4.260000,78500
2016-08-15,4.220000,4.390000,4.220000,4.360000,4.360000,92500
2016-08-16,4.340000,4.550000,4.320000,4.470000,4.470000,172300
2016-08-17,4.540000,4.700000,4.490000,4.680000,4.680000,165200
2016-08-18,4.680000,4.930000,4.670000,4.870000,4.870000,132600
2016-08-19,4.880000,4.980000,4.840000,4.900000,4.900000,142500
2016-08-22,4.900000,4.960000,4.850000,4.850000,4.850000,155700
2016-08-23,4.870000,5.090000,4.870000,5.080000,5.080000,172800
2016-08-24,5.050000,5.240000,5.040000,5.200000,5.200000,208200
2016-08-25,5.160000,5.320000,5.160000,5.290000,5.290000,172000
2016-08-26,5.300000,5.400000,5.270000,5.350000,5.350000,139700
2016-08-29,5.280000,5.340000,5.120000,5.200000,5.200000,150100
2016-08-30,5.120000,5.300000,5.120000,5.220000,5.220000,84300
2016-08-31,5.210000,5.520000,5.100000,5.450000,5.450000,1284100
2016-09-01,5.520000,5.700000,5.500000,5.650000,5.650000,639000
2016-09-02,5.700000,5.730000,5.620000,5.700000,5.700000,270800
2016-09-06,5.700000,5.740000,5.450000,5.590000,5.590000,449100
2016-09-07,5.750000,5.750000,5.570000,5.600000,5.600000,215200
2016-09-08,5.710000,5.710000,5.580000,5.670000,5.670000,183000
2016-09-09,5.670000,5.670000,5.450000,5.470000,5.470000,147500
2016-09-12,5.420000,5.570000,5.330000,5.570000,5.570000,151100
2016-09-13,5.420000,5.450000,5.270000,5.310000,5.310000,144400
2016-09-14,5.310000,5.400000,5.250000,5.290000,5.290000,121700
2016-09-15,5.330000,5.380000,5.270000,5.310000,5.310000,67400
2016-09-16,5.310000,5.320000,5.210000,5.260000,5.260000,101900
2016-09-19,5.230000,5.360000,5.230000,5.280000,5.280000,329400
2016-09-20,5.330000,5.330000,5.240000,5.240000,5.240000,177300
2016-09-21,5.230000,5.490000,5.230000,5.440000,5.440000,179500
2016-09-22,5.460000,5.600000,5.450000,5.490000,5.490000,112100
2016-09-23,5.370000,5.560000,5.370000,5.520000,5.520000,147700
2016-09-26,5.550000,5.740000,5.490000,5.550000,5.550000,170100
2016-09-27,5.590000,5.680000,5.450000,5.530000,5.530000,100000
2016-09-28,5.590000,5.620000,5.380000,5.440000,5.440000,94800
2016-09-29,5.450000,5.460000,5.320000,5.370000,5.370000,79600
2016-09-30,5.380000,5.460000,5.310000,5.340000,5.340000,54700
2016-10-03,5.270000,5.350000,5.200000,5.250000,5.250000,108600
2016-10-04,5.290000,5.350000,5.260000,5.270000,5.270000,60400
2016-10-05,5.300000,5.340000,5.250000,5.300000,5.300000,89100
2016-10-06,5.400000,5.440000,5.290000,5.310000,5.310000,109000
2016-10-07,5.300000,5.350000,5.250000,5.290000,5.290000,115700
2016-10-10,5.500000,5.580000,5.420000,5.460000,5.460000,134700
2016-10-11,5.490000,5.490000,5.230000,5.340000,5.340000,133500
2016-10-12,5.370000,5.370000,5.270000,5.330000,5.330000,42100
2016-10-13,5.330000,5.350000,5.210000,5.220000,5.220000,60200
2016-10-14,5.240000,5.270000,5.120000,5.220000,5.220000,164400
2016-10-17,5.210000,5.270000,5.070000,5.130000,5.130000,44000
2016-10-18,5.170000,5.180000,5.100000,5.130000,5.130000,104200
2016-10-19,5.150000,5.300000,5.140000,5.240000,5.240000,98600
2016-10-20,5.170000,5.260000,5.140000,5.220000,5.220000,53300
2016-10-21,5.190000,5.230000,5.150000,5.190000,5.190000,41700
2016-10-24,5.180000,5.270000,5.150000,5.240000,5.240000,39100
2016-10-25,5.320000,5.410000,5.150000,5.220000,5.220000,99800
2016-10-26,5.260000,5.340000,5.250000,5.330000,5.330000,82800
2016-10-27,5.370000,5.400000,5.300000,5.360000,5.360000,129300
2016-10-28,5.350000,5.490000,5.270000,5.330000,5.330000,122700
2016-10-31,5.340000,5.340000,5.190000,5.220000,5.220000,84800
2016-11-01,5.350000,5.400000,5.250000,5.350000,5.350000,139600
2016-11-02,5.340000,5.400000,5.340000,5.350000,5.350000,110800
2016-11-03,5.400000,5.400000,5.330000,5.340000,5.340000,103000
2016-11-04,5.370000,5.420000,5.320000,5.330000,5.330000,70100
2016-11-07,5.280000,5.400000,5.180000,5.310000,5.310000,166200
2016-11-08,5.250000,5.390000,5.220000,5.320000,5.320000,79800
2016-11-09,5.200000,5.470000,5.200000,5.390000,5.390000,138900
2016-11-10,5.330000,5.430000,5.160000,5.320000,5.320000,126400
2016-11-11,5.330000,5.940000,5.300000,5.820000,5.820000,594900
2016-11-14,5.790000,6.000000,5.780000,5.950000,5.950000,318400
2016-11-15,5.990000,6.000000,5.790000,5.850000,5.850000,203600
2016-11-16,5.750000,6.170000,5.570000,6.150000,6.150000,390700
2016-11-17,6.110000,6.190000,6.020000,6.100000,6.100000,190600
2016-11-18,6.080000,6.190000,6.040000,6.090000,6.090000,144000
2016-11-21,6.100000,6.290000,6.060000,6.130000,6.130000,251100
2016-11-22,6.120000,6.280000,6.120000,6.180000,6.180000,226800
2016-11-23,6.150000,6.330000,6.130000,6.250000,6.250000,177200
2016-11-25,6.270000,6.330000,6.240000,6.300000,6.300000,111800
2016-11-28,6.310000,6.330000,6.240000,6.250000,6.250000,150400
2016-11-29,6.240000,6.350000,6.230000,6.250000,6.250000,111900
2016-11-30,6.250000,6.290000,6.220000,6.260000,6.260000,97300
2016-12-01,6.190000,6.240000,6.090000,6.140000,6.140000,132600
2016-12-02,6.120000,6.240000,6.040000,6.150000,6.150000,104400
2016-12-05,6.090000,6.310000,5.800000,5.820000,5.820000,563100
2016-12-06,5.800000,6.090000,5.610000,6.010000,6.010000,185100
2016-12-07,6.000000,6.150000,5.880000,6.050000,6.050000,157100
2016-12-08,6.120000,6.250000,6.080000,6.250000,6.250000,162500
2016-12-09,6.240000,6.300000,6.160000,6.230000,6.230000,118300
2016-12-12,6.190000,6.400000,6.180000,6.350000,6.350000,324300
2016-12-13,6.350000,6.430000,6.300000,6.310000,6.310000,154400
2016-12-14,6.300000,6.400000,6.240000,6.340000,6.340000,156600
2016-12-15,6.290000,6.390000,6.260000,6.340000,6.340000,114600
2016-12-16,6.340000,6.490000,6.290000,6.290000,6.290000,130200
2016-12-19,6.370000,6.380000,6.270000,6.290000,6.290000,148700
2016-12-20,6.320000,6.420000,6.220000,6.360000,6.360000,180900
2016-12-21,6.350000,6.500000,6.350000,6.450000,6.450000,106800
2016-12-22,6.440000,6.490000,6.310000,6.360000,6.360000,83400
2016-12-23,6.360000,6.450000,6.320000,6.370000,6.370000,104700
2016-12-27,6.340000,6.490000,6.330000,6.440000,6.440000,111900
2016-12-28,6.420000,6.470000,6.300000,6.300000,6.300000,127100
2016-12-29,6.280000,6.440000,6.280000,6.380000,6.380000,90500
2016-12-30,6.400000,6.500000,6.340000,6.350000,6.350000,190200
2017-01-03,6.520000,6.610000,6.400000,6.590000,6.590000,196800
2017-01-04,6.600000,6.620000,6.490000,6.510000,6.510000,162000
2017-01-05,6.480000,6.500000,6.230000,6.290000,6.290000,101600
2017-01-06,6.300000,6.450000,6.190000,6.410000,6.410000,101400
2017-01-09,6.390000,6.430000,6.290000,6.310000,6.310000,95900
2017-01-10,6.330000,6.450000,6.320000,6.330000,6.330000,72500
2017-01-11,6.360000,6.450000,6.330000,6.450000,6.450000,85000
2017-01-12,6.420000,6.500000,6.400000,6.430000,6.430000,100900
2017-01-13,6.440000,6.550000,6.410000,6.420000,6.420000,51900
2017-01-17,6.380000,6.460000,6.160000,6.220000,6.220000,151800
2017-01-18,6.190000,6.410000,6.150000,6.240000,6.240000,86700
2017-01-19,6.250000,6.290000,6.150000,6.230000,6.230000,86400
2017-01-20,6.380000,6.420000,6.160000,6.200000,6.200000,66100
2017-01-23,6.090000,6.150000,5.950000,6.000000,6.000000,126300
2017-01-24,6.010000,6.280000,6.010000,6.240000,6.240000,124100
2017-01-25,6.300000,6.440000,6.260000,6.410000,6.410000,117800
2017-01-26,6.380000,6.450000,6.340000,6.420000,6.420000,101000
2017-01-27,6.440000,6.470000,6.360000,6.420000,6.420000,70900
2017-01-30,6.410000,6.490000,6.300000,6.390000,6.390000,73100
2017-01-31,6.770000,6.800000,6.390000,6.600000,6.600000,218800
2017-02-01,6.560000,6.600000,6.200000,6.310000,6.310000,218300
2017-02-02,6.320000,6.400000,6.260000,6.280000,6.280000,61400
2017-02-03,6.360000,6.400000,6.290000,6.360000,6.360000,65900
2017-02-06,6.600000,6.860000,6.420000,6.710000,6.710000,711100
2017-02-07,6.760000,6.760000,6.530000,6.670000,6.670000,137800
2017-02-08,6.750000,7.000000,6.700000,6.950000,6.950000,717500
2017-02-09,6.940000,7.080000,6.800000,6.840000,6.840000,357100
2017-02-10,6.820000,6.950000,6.800000,6.910000,6.910000,153900
2017-02-13,6.950000,7.230000,6.920000,7.120000,7.120000,478600
2017-02-14,7.120000,7.250000,7.100000,7.170000,7.170000,164100
2017-02-15,7.170000,7.230000,7.030000,7.060000,7.060000,257900
2017-02-16,7.180000,7.200000,7.050000,7.110000,7.110000,130800
2017-02-17,7.120000,7.190000,7.040000,7.120000,7.120000,144000
2017-02-21,7.230000,7.260000,7.150000,7.200000,7.200000,183200
2017-02-22,7.160000,7.200000,7.100000,7.130000,7.130000,91200
2017-02-23,7.150000,7.170000,6.900000,7.010000,7.010000,170700
2017-02-24,6.940000,7.140000,6.940000,7.020000,7.020000,84800
2017-02-27,6.940000,7.020000,6.720000,6.800000,6.800000,250200
2017-02-28,6.810000,6.880000,6.720000,6.790000,6.790000,101300
2017-03-01,6.800000,6.880000,6.750000,6.790000,6.790000,113400
2017-03-02,6.780000,6.820000,6.530000,6.630000,6.630000,164300
2017-03-03,6.550000,6.610000,6.440000,6.510000,6.510000,130000
2017-03-06,6.460000,6.460000,6.290000,6.360000,6.360000,214800
2017-03-07,6.400000,6.640000,6.340000,6.530000,6.530000,186300
2017-03-08,6.580000,6.680000,6.570000,6.610000,6.610000,93800
2017-03-09,6.590000,6.700000,6.500000,6.510000,6.510000,93500
2017-03-10,6.490000,6.750000,6.410000,6.720000,6.720000,102400
2017-03-13,6.700000,6.880000,6.650000,6.840000,6.840000,152100
2017-03-14,6.860000,6.890000,6.690000,6.720000,6.720000,75100
2017-03-15,6.730000,6.900000,6.720000,6.840000,6.840000,68400
2017-03-16,6.890000,7.100000,6.870000,7.000000,7.000000,103600
2017-03-17,7.010000,7.150000,6.900000,7.020000,7.020000,51900
2017-03-20,7.010000,7.020000,6.880000,6.900000,6.900000,66000
2017-03-21,6.900000,6.960000,6.730000,6.730000,6.730000,98600
2017-03-22,6.720000,6.770000,6.620000,6.650000,6.650000,117900
2017-03-23,6.640000,6.900000,6.620000,6.840000,6.840000,85800
2017-03-24,6.840000,6.940000,6.730000,6.800000,6.800000,63900
2017-03-27,6.730000,6.940000,6.700000,6.850000,6.850000,93300
2017-03-28,6.800000,6.940000,6.800000,6.930000,6.930000,69200
2017-03-29,6.880000,6.980000,6.870000,6.910000,6.910000,38700
2017-03-30,6.880000,7.000000,6.860000,6.920000,6.920000,74800
2017-03-31,6.920000,7.050000,6.900000,7.010000,7.010000,43700
2017-04-03,6.950000,7.040000,6.850000,6.960000,6.960000,89900
2017-04-04,6.950000,7.000000,6.840000,6.890000,6.890000,111200
2017-04-05,6.910000,6.950000,6.670000,6.840000,6.840000,179900
2017-04-06,6.880000,6.980000,6.850000,6.940000,6.940000,48600
2017-04-07,6.900000,7.020000,6.810000,6.840000,6.840000,132100
2017-04-10,6.900000,7.020000,6.760000,6.770000,6.770000,88200
2017-04-11,6.740000,6.950000,6.740000,6.910000,6.910000,41400
2017-04-12,6.900000,7.010000,6.790000,6.820000,6.820000,51400
2017-04-13,6.800000,6.900000,6.730000,6.770000,6.770000,35800
2017-04-17,6.820000,6.840000,6.660000,6.710000,6.710000,66100
2017-04-18,6.660000,6.720000,6.570000,6.610000,6.610000,121600
2017-04-19,6.650000,6.690000,6.520000,6.560000,6.560000,88400
2017-04-20,6.670000,6.710000,6.510000,6.540000,6.540000,71600
2017-04-21,6.510000,6.540000,6.450000,6.460000,6.460000,56300
2017-04-24,6.540000,6.590000,6.490000,6.510000,6.510000,115600
2017-04-25,6.560000,6.620000,6.500000,6.620000,6.620000,124600
2017-04-26,6.800000,6.830000,6.450000,6.480000,6.480000,128700
2017-04-27,6.520000,6.550000,6.190000,6.320000,6.320000,117600
2017-04-28,6.290000,6.480000,6.220000,6.460000,6.460000,61400
2017-05-01,6.460000,6.600000,6.330000,6.540000,6.540000,103100
2017-05-02,6.480000,6.640000,6.360000,6.430000,6.430000,43600
2017-05-03,6.400000,6.400000,6.290000,6.310000,6.310000,56400
2017-05-04,6.300000,6.350000,6.260000,6.300000,6.300000,22000
2017-05-05,6.300000,6.550000,5.830000,6.470000,6.470000,102000
2017-05-08,6.540000,6.560000,6.400000,6.480000,6.480000,52800
2017-05-09,6.500000,6.500000,6.380000,6.460000,6.460000,26800
2017-05-10,6.490000,6.680000,6.420000,6.460000,6.460000,88300
2017-05-11,6.520000,6.650000,6.450000,6.570000,6.570000,42400
2017-05-12,6.530000,6.630000,6.420000,6.460000,6.460000,33100
2017-05-15,6.540000,6.580000,6.340000,6.540000,6.540000,80100
2017-05-16,6.640000,6.840000,6.570000,6.640000,6.640000,145700
2017-05-17,6.470000,6.560000,6.250000,6.260000,6.260000,66000
2017-05-18,6.310000,6.370000,6.190000,6.200000,6.200000,65800
2017-05-19,6.220000,6.480000,6.220000,6.350000,6.350000,43500
2017-05-22,6.400000,6.870000,6.400000,6.840000,6.840000,115900
2017-05-23,6.830000,6.890000,6.710000,6.720000,6.720000,53500
2017-05-24,6.700000,6.730000,6.550000,6.580000,6.580000,52200
2017-05-25,6.640000,6.810000,6.560000,6.770000,6.770000,62400
2017-05-26,6.800000,6.850000,6.600000,6.780000,6.780000,41500
2017-05-30,6.780000,6.840000,6.580000,6.670000,6.670000,48200
2017-05-31,6.670000,6.690000,6.470000,6.620000,6.620000,66600
2017-06-01,6.680000,6.710000,6.620000,6.700000,6.700000,32000
2017-06-02,6.730000,6.760000,6.600000,6.720000,6.720000,32300
2017-06-05,6.670000,6.730000,6.530000,6.600000,6.600000,54700
2017-06-06,6.590000,6.720000,6.540000,6.720000,6.720000,35600
2017-06-07,6.670000,6.720000,6.620000,6.660000,6.660000,48400
2017-06-08,6.640000,6.720000,6.580000,6.640000,6.640000,28500
2017-06-09,6.630000,6.700000,6.380000,6.380000,6.380000,67800
2017-06-12,6.420000,6.560000,6.240000,6.370000,6.370000,73500
2017-06-13,6.370000,6.410000,6.260000,6.300000,6.300000,79000
2017-06-14,6.340000,6.340000,6.240000,6.250000,6.250000,58700
2017-06-15,6.190000,6.360000,6.150000,6.280000,6.280000,43900
2017-06-16,6.220000,6.310000,6.210000,6.270000,6.270000,63900
2017-06-19,6.340000,6.440000,6.300000,6.440000,6.440000,37000
2017-06-20,6.310000,6.500000,6.310000,6.410000,6.410000,52800
2017-06-21,6.380000,6.410000,6.270000,6.330000,6.330000,30700
2017-06-22,6.310000,6.310000,6.200000,6.240000,6.240000,40500
2017-06-23,6.230000,6.330000,6.220000,6.260000,6.260000,35400
2017-06-26,6.390000,6.390000,6.150000,6.150000,6.150000,111800
2017-06-27,6.170000,6.190000,6.050000,6.050000,6.050000,61900
2017-06-28,6.110000,6.220000,6.030000,6.060000,6.060000,76400
2017-06-29,6.110000,6.160000,5.870000,5.980000,5.980000,66700
2017-06-30,5.910000,6.140000,5.910000,5.990000,5.990000,47300
2017-07-03,5.970000,6.240000,5.970000,6.120000,6.120000,39200
2017-07-05,5.870000,6.270000,5.870000,6.180000,6.180000,73300
2017-07-06,6.060000,6.270000,6.050000,6.200000,6.200000,37100
2017-07-07,6.250000,6.410000,6.250000,6.260000,6.260000,39800
2017-07-10,6.350000,6.430000,6.250000,6.260000,6.260000,61500
2017-07-11,6.260000,6.400000,6.240000,6.380000,6.380000,25400
2017-07-12,6.490000,6.490000,6.400000,6.460000,6.460000,36500
2017-07-13,6.500000,6.520000,6.400000,6.450000,6.450000,109200
2017-07-14,6.520000,6.530000,6.390000,6.390000,6.390000,26700
2017-07-17,6.350000,6.630000,6.290000,6.510000,6.510000,138700
2017-07-18,6.480000,6.510000,6.410000,6.500000,6.500000,52500
2017-07-19,6.450000,6.570000,6.390000,6.400000,6.400000,86900
2017-07-20,6.400000,6.540000,6.370000,6.470000,6.470000,29700
2017-07-21,6.430000,6.490000,6.370000,6.390000,6.390000,136400
2017-07-24,6.330000,6.640000,6.330000,6.620000,6.620000,102700
2017-07-25,6.660000,6.850000,6.620000,6.760000,6.760000,79100
2017-07-26,6.610000,6.880000,6.560000,6.830000,6.830000,161800
2017-07-27,6.830000,6.850000,6.590000,6.750000,6.750000,81600
2017-07-28,6.680000,6.990000,6.680000,6.940000,6.940000,80900
2017-07-31,6.890000,6.960000,6.810000,6.930000,6.930000,96900
2017-08-01,6.920000,6.990000,6.730000,6.900000,6.900000,78600
2017-08-02,6.790000,6.900000,6.770000,6.850000,6.850000,87400
2017-08-03,6.830000,6.890000,6.660000,6.710000,6.710000,58300
2017-08-04,6.720000,6.830000,6.710000,6.780000,6.780000,53300
2017-08-07,6.750000,6.880000,6.690000,6.850000,6.850000,53500
2017-08-08,6.780000,6.900000,6.710000,6.800000,6.800000,78600
2017-08-09,6.640000,6.820000,6.640000,6.740000,6.740000,100100
2017-08-10,6.720000,6.720000,6.600000,6.600000,6.600000,58500
2017-08-11,6.580000,6.730000,6.580000,6.650000,6.650000,45800
2017-08-14,6.560000,6.760000,6.300000,6.620000,6.620000,68100
2017-08-15,6.540000,6.650000,6.490000,6.510000,6.510000,44200
2017-08-16,6.450000,6.680000,6.450000,6.620000,6.620000,50600
2017-08-17,6.560000,6.780000,6.530000,6.610000,6.610000,70800
2017-08-18,6.590000,6.770000,6.500000,6.670000,6.670000,71200
2017-08-21,6.620000,6.740000,6.620000,6.710000,6.710000,28700
2017-08-22,6.640000,6.700000,6.610000,6.630000,6.630000,52900
2017-08-23,6.510000,6.700000,6.510000,6.630000,6.630000,37600
2017-08-24,6.600000,6.750000,6.580000,6.660000,6.660000,48300
2017-08-25,6.780000,6.820000,6.700000,6.700000,6.700000,25300
2017-08-28,6.700000,6.840000,6.610000,6.730000,6.730000,66600
2017-08-29,6.730000,6.790000,6.660000,6.690000,6.690000,82100
2017-08-30,6.640000,6.850000,6.640000,6.840000,6.840000,67300
2017-08-31,6.760000,7.150000,6.760000,6.990000,6.990000,208800
2017-09-01,7.000000,7.070000,6.930000,6.980000,6.980000,53200
2017-09-05,6.930000,6.980000,6.660000,6.750000,6.750000,91700
2017-09-06,6.760000,6.820000,6.700000,6.740000,6.740000,47200
2017-09-07,6.720000,6.980000,6.700000,6.930000,6.930000,38900
2017-09-08,6.890000,6.950000,6.750000,6.800000,6.800000,42100
2017-09-11,6.900000,7.050000,6.860000,6.930000,6.930000,56600
2017-09-12,6.950000,7.070000,6.890000,6.920000,6.920000,76300
2017-09-13,6.960000,7.070000,6.860000,6.900000,6.900000,31400
2017-09-14,6.880000,6.890000,6.620000,6.770000,6.770000,76800
2017-09-15,6.840000,6.910000,6.800000,6.880000,6.880000,47800
2017-09-18,6.990000,7.050000,6.910000,6.940000,6.940000,66700
2017-09-19,7.000000,7.070000,6.910000,6.990000,6.990000,62100
2017-09-20,6.980000,7.070000,6.800000,6.940000,6.940000,44200
2017-09-21,6.920000,6.990000,6.880000,6.890000,6.890000,42500
2017-09-22,6.870000,7.070000,6.860000,6.940000,6.940000,59200
2017-09-25,6.990000,7.070000,6.960000,7.060000,7.060000,50700
2017-09-26,7.040000,7.100000,6.970000,7.070000,7.070000,47300
2017-09-27,7.070000,7.170000,7.050000,7.150000,7.150000,86800
2017-09-28,7.100000,7.200000,7.100000,7.170000,7.170000,45600
2017-09-29,7.150000,7.210000,7.120000,7.140000,7.140000,51000
2017-10-02,7.150000,7.250000,7.140000,7.140000,7.140000,59900
2017-10-03,7.140000,7.250000,7.130000,7.240000,7.240000,56000
2017-10-04,7.250000,7.330000,7.220000,7.280000,7.280000,84000
2017-10-05,7.310000,7.350000,7.200000,7.330000,7.330000,67700
2017-10-06,7.340000,7.360000,7.110000,7.200000,7.200000,64800
2017-10-09,7.280000,7.320000,7.150000,7.200000,7.200000,50900
2017-10-10,7.170000,7.370000,7.170000,7.240000,7.240000,114300
2017-10-11,7.200000,7.370000,7.180000,7.280000,7.280000,136000
2017-10-12,7.290000,7.410000,7.260000,7.260000,7.260000,80100
2017-10-13,7.290000,7.420000,7.270000,7.330000,7.330000,62100
2017-10-16,7.330000,8.060000,7.320000,7.990000,7.990000,912900
2017-10-17,8.030000,8.370000,7.850000,8.050000,8.050000,697400
2017-10-18,8.100000,8.290000,8.030000,8.200000,8.200000,126300
2017-10-19,8.110000,8.360000,7.950000,8.250000,8.250000,207300
2017-10-20,8.260000,8.380000,8.250000,8.280000,8.280000,69500
2017-10-23,8.340000,8.430000,8.180000,8.330000,8.330000,162500
2017-10-24,8.220000,8.310000,8.160000,8.230000,8.230000,111100
2017-10-25,8.170000,8.190000,7.540000,7.970000,7.970000,237100
2017-10-26,7.780000,7.890000,7.650000,7.850000,7.850000,183300
2017-10-27,7.650000,7.830000,7.460000,7.620000,7.620000,232700
2017-10-30,7.540000,7.600000,6.580000,6.720000,6.720000,772900
2017-10-31,6.730000,7.020000,6.590000,6.610000,6.610000,312000
2017-11-01,6.660000,6.690000,6.150000,6.570000,6.570000,449800
2017-11-02,6.490000,6.960000,6.480000,6.750000,6.750000,163100
2017-11-03,6.790000,6.950000,6.650000,6.900000,6.900000,125600
2017-11-06,6.880000,7.000000,6.800000,6.900000,6.900000,138800
2017-11-07,6.850000,6.910000,6.760000,6.810000,6.810000,84700
2017-11-08,6.760000,6.960000,6.710000,6.860000,6.860000,71700
2017-11-09,6.660000,7.050000,6.660000,6.940000,6.940000,120900
2017-11-10,6.880000,6.990000,6.810000,6.880000,6.880000,74300
2017-11-13,6.880000,6.920000,6.770000,6.830000,6.830000,70500
2017-11-14,6.750000,6.900000,6.740000,6.780000,6.780000,69700
2017-11-15,6.680000,6.790000,6.640000,6.690000,6.690000,92200
2017-11-16,6.690000,6.850000,6.650000,6.700000,6.700000,40600
2017-11-17,6.700000,6.740000,6.600000,6.640000,6.640000,33400
2017-11-20,7.010000,7.100000,6.510000,6.700000,6.700000,267200
2017-11-21,6.820000,6.870000,6.630000,6.720000,6.720000,71400
2017-11-22,6.710000,6.810000,6.700000,6.780000,6.780000,56300
2017-11-24,6.840000,6.840000,6.650000,6.730000,6.730000,22300
2017-11-27,6.760000,7.090000,6.750000,7.090000,7.090000,112100
2017-11-28,7.030000,7.130000,6.880000,7.080000,7.080000,151500
2017-11-29,7.070000,7.110000,6.900000,6.980000,6.980000,83100
2017-11-30,7.010000,7.200000,6.990000,7.010000,7.010000,111200
2017-12-01,7.000000,7.270000,6.870000,7.140000,7.140000,94500
2017-12-04,7.240000,7.360000,7.150000,7.180000,7.180000,107900
2017-12-05,7.340000,7.340000,7.150000,7.170000,7.170000,81100
2017-12-06,7.140000,7.190000,6.980000,6.980000,6.980000,64400
2017-12-07,6.980000,7.150000,6.770000,7.080000,7.080000,61300
2017-12-08,7.100000,7.210000,6.940000,7.020000,7.020000,98100
2017-12-11,7.220000,7.220000,7.080000,7.130000,7.130000,60700
2017-12-12,7.070000,7.150000,7.060000,7.060000,7.060000,49100
2017-12-13,7.120000,7.130000,6.960000,7.000000,7.000000,56200
2017-12-14,7.040000,7.240000,7.020000,7.130000,7.130000,69000
2017-12-15,7.110000,7.300000,7.010000,7.200000,7.200000,80600
2017-12-18,7.200000,7.330000,7.200000,7.310000,7.310000,45100
2017-12-19,7.280000,7.380000,7.160000,7.200000,7.200000,34100
2017-12-20,7.300000,7.340000,7.210000,7.340000,7.340000,26600
2017-12-21,7.300000,7.320000,7.210000,7.290000,7.290000,25100
2017-12-22,7.270000,7.270000,7.140000,7.180000,7.180000,20500
2017-12-26,7.070000,7.290000,7.050000,7.270000,7.270000,37500
2017-12-27,7.250000,7.250000,7.070000,7.220000,7.220000,34800
2017-12-28,7.210000,7.210000,7.120000,7.180000,7.180000,45600
2017-12-29,7.180000,7.390000,7.180000,7.360000,7.360000,104400
2018-01-02,7.470000,7.590000,7.450000,7.500000,7.500000,122500
2018-01-03,7.500000,7.540000,7.400000,7.440000,7.440000,50400
2018-01-04,7.450000,7.500000,7.400000,7.450000,7.450000,51400
2018-01-05,7.430000,7.500000,7.430000,7.490000,7.490000,45900
2018-01-08,7.540000,7.540000,7.430000,7.490000,7.490000,38900
2018-01-09,7.460000,7.460000,7.350000,7.390000,7.390000,54200
2018-01-10,7.350000,7.400000,7.350000,7.350000,7.350000,31600
2018-01-11,7.400000,7.400000,7.250000,7.280000,7.280000,48700
2018-01-12,7.290000,7.390000,7.290000,7.380000,7.380000,75700
2018-01-16,7.350000,7.430000,7.280000,7.280000,7.280000,71800
2018-01-17,7.270000,7.480000,7.260000,7.450000,7.450000,64900
2018-01-18,7.380000,7.470000,7.260000,7.320000,7.320000,39900
2018-01-19,7.300000,7.490000,7.280000,7.400000,7.400000,53300
2018-01-22,7.500000,7.500000,7.410000,7.480000,7.480000,86600
2018-01-23,7.500000,7.750000,7.500000,7.680000,7.680000,158800
2018-01-24,7.750000,7.900000,7.360000,7.490000,7.490000,179100
2018-01-25,7.470000,7.800000,7.470000,7.620000,7.620000,227700
2018-01-26,7.710000,7.790000,7.620000,7.680000,7.680000,105800
2018-01-29,7.750000,7.760000,7.630000,7.700000,7.700000,95500
2018-01-30,7.590000,7.770000,7.570000,7.730000,7.730000,111100
2018-01-31,7.780000,7.850000,7.710000,7.760000,7.760000,54200
2018-02-01,7.760000,7.800000,7.660000,7.680000,7.680000,42200
2018-02-02,7.650000,7.650000,7.540000,7.560000,7.560000,75000
2018-02-05,7.420000,7.530000,7.170000,7.190000,7.190000,113900
2018-02-06,6.990000,7.410000,6.880000,7.340000,7.340000,123600
2018-02-07,7.280000,7.390000,7.190000,7.250000,7.250000,81800
2018-02-08,7.260000,7.400000,7.230000,7.310000,7.310000,74000
2018-02-09,7.380000,7.440000,7.160000,7.250000,7.250000,77600
2018-02-12,7.270000,7.620000,7.270000,7.590000,7.590000,123600
2018-02-13,7.480000,7.650000,7.470000,7.580000,7.580000,66100
2018-02-14,7.510000,7.750000,7.510000,7.710000,7.710000,74100
2018-02-15,7.750000,7.760000,7.570000,7.710000,7.710000,74100
2018-02-16,7.700000,7.810000,7.590000,7.740000,7.740000,57900
2018-02-20,7.680000,7.800000,7.680000,7.730000,7.730000,44300
2018-02-21,7.590000,7.800000,7.590000,7.720000,7.720000,68500
2018-02-22,7.690000,7.790000,7.640000,7.700000,7.700000,45400
2018-02-23,7.700000,7.790000,7.640000,7.730000,7.730000,57700
2018-02-26,7.650000,7.710000,7.600000,7.660000,7.660000,61300
2018-02-27,7.610000,7.680000,7.530000,7.540000,7.540000,56500
2018-02-28,7.580000,7.590000,7.420000,7.440000,7.440000,39100
2018-03-01,7.480000,7.640000,7.410000,7.440000,7.440000,55200
2018-03-02,7.390000,7.610000,7.350000,7.550000,7.550000,45100
2018-03-05,7.180000,7.380000,7.180000,7.310000,7.310000,98300
2018-03-06,7.320000,7.520000,7.320000,7.390000,7.390000,67000
2018-03-07,7.310000,7.520000,7.310000,7.440000,7.440000,55400
2018-03-08,7.480000,7.550000,7.400000,7.520000,7.520000,44500
2018-03-09,7.530000,7.590000,7.460000,7.490000,7.490000,38600
2018-03-12,7.370000,7.580000,7.370000,7.530000,7.530000,55500
2018-03-13,7.590000,7.650000,7.470000,7.520000,7.520000,47300
2018-03-14,7.520000,7.600000,7.520000,7.560000,7.560000,35400
2018-03-15,7.550000,7.600000,7.520000,7.540000,7.540000,50400
2018-03-16,7.520000,7.590000,7.460000,7.540000,7.540000,31600
2018-03-19,7.530000,7.530000,7.290000,7.440000,7.440000,34500
2018-03-20,7.380000,7.430000,7.310000,7.350000,7.350000,35700
2018-03-21,7.370000,7.590000,7.370000,7.490000,7.490000,31400
2018-03-22,7.380000,7.520000,7.250000,7.250000,7.250000,35600
2018-03-23,7.240000,7.500000,7.220000,7.250000,7.250000,47300
2018-03-26,7.260000,7.350000,7.220000,7.270000,7.270000,37600
2018-03-27,7.280000,7.420000,7.180000,7.200000,7.200000,30900
2018-03-28,7.240000,7.240000,6.930000,7.000000,7.000000,45800
2018-03-29,7.070000,7.330000,6.980000,7.150000,7.150000,30000
2018-04-02,7.230000,7.230000,6.980000,7.020000,7.020000,33700
2018-04-03,7.030000,7.410000,6.910000,6.980000,6.980000,35500
2018-04-04,6.740000,7.070000,6.620000,6.930000,6.930000,32500
2018-04-05,6.950000,6.970000,6.770000,6.840000,6.840000,33900
2018-04-06,6.840000,7.030000,6.700000,6.720000,6.720000,129400
2018-04-09,6.790000,7.130000,6.790000,6.990000,6.990000,27900
2018-04-10,7.020000,7.260000,7.020000,7.180000,7.180000,30700
2018-04-11,7.140000,7.270000,7.050000,7.070000,7.070000,24700
2018-04-12,7.130000,7.250000,7.130000,7.240000,7.240000,24800
2018-04-13,7.260000,7.300000,7.100000,7.220000,7.220000,26100
2018-04-16,7.140000,7.230000,6.980000,6.980000,6.980000,46700
2018-04-17,7.010000,7.100000,6.860000,6.880000,6.880000,57200
2018-04-18,6.810000,7.200000,6.810000,7.090000,7.090000,21000
2018-04-19,7.060000,7.190000,6.880000,6.920000,6.920000,19400
2018-04-20,6.880000,7.030000,6.880000,7.010000,7.010000,29000
2018-04-23,6.920000,6.990000,6.710000,6.740000,6.740000,48800
2018-04-24,7.290000,7.290000,6.820000,7.140000,7.140000,136500
2018-04-25,7.090000,7.320000,7.020000,7.250000,7.250000,50000
2018-04-26,7.220000,7.310000,7.140000,7.160000,7.160000,37000
2018-04-27,7.210000,7.250000,7.160000,7.230000,7.230000,21400
2018-04-30,7.200000,7.300000,7.130000,7.200000,7.200000,40100
2018-05-01,7.200000,7.310000,7.170000,7.280000,7.280000,40300
2018-05-02,7.250000,7.250000,7.140000,7.140000,7.140000,33800
2018-05-03,7.130000,7.130000,6.910000,7.080000,7.080000,45900
2018-05-04,7.100000,7.230000,7.050000,7.140000,7.140000,55000
2018-05-07,7.060000,7.200000,7.060000,7.130000,7.130000,84600
2018-05-08,7.100000,7.210000,7.020000,7.150000,7.150000,38500
2018-05-09,7.140000,7.230000,7.130000,7.170000,7.170000,35000
2018-05-10,7.110000,7.280000,7.090000,7.240000,7.240000,42300
2018-05-11,7.270000,7.300000,7.210000,7.240000,7.240000,22600
2018-05-14,7.200000,7.240000,7.150000,7.170000,7.170000,33200
2018-05-15,7.160000,7.250000,7.090000,7.170000,7.170000,23400
2018-05-16,7.170000,7.310000,7.120000,7.220000,7.220000,53200
2018-05-17,7.170000,7.330000,7.150000,7.160000,7.160000,32200
2018-05-18,7.150000,7.280000,7.150000,7.200000,7.200000,27800
2018-05-21,7.290000,7.420000,7.210000,7.390000,7.390000,114400
2018-05-22,7.410000,7.450000,7.350000,7.370000,7.370000,71600
2018-05-23,7.300000,7.500000,7.300000,7.490000,7.490000,37900
2018-05-24,7.450000,7.610000,7.420000,7.530000,7.530000,54600
2018-05-25,7.480000,7.600000,7.430000,7.590000,7.590000,47200
2018-05-29,7.440000,7.500000,7.140000,7.140000,7.140000,92100
2018-05-30,7.270000,7.380000,7.190000,7.290000,7.290000,130400
2018-05-31,7.230000,7.380000,7.200000,7.230000,7.230000,31200
2018-06-01,7.210000,7.320000,7.190000,7.220000,7.220000,26300
2018-06-04,7.280000,7.320000,7.210000,7.230000,7.230000,22300
2018-06-05,7.230000,7.400000,7.220000,7.330000,7.330000,28100
2018-06-06,7.370000,7.490000,7.310000,7.490000,7.490000,32700
2018-06-07,7.410000,7.500000,7.390000,7.420000,7.420000,23100
2018-06-08,7.420000,7.420000,7.330000,7.380000,7.380000,10300
2018-06-11,7.350000,7.430000,7.260000,7.300000,7.300000,43500
2018-06-12,7.330000,7.400000,7.330000,7.380000,7.380000,18600
2018-06-13,7.400000,7.500000,7.260000,7.350000,7.350000,17000
2018-06-14,7.340000,7.380000,7.270000,7.330000,7.330000,22800
2018-06-15,7.350000,7.350000,7.250000,7.260000,7.260000,20800
2018-06-18,7.320000,7.340000,7.240000,7.280000,7.280000,25200
2018-06-19,7.250000,7.280000,7.170000,7.230000,7.230000,40100
2018-06-20,7.410000,7.480000,7.300000,7.330000,7.330000,37700
2018-06-21,7.500000,7.530000,7.420000,7.510000,7.510000,44900
2018-06-22,7.530000,7.530000,7.470000,7.490000,7.490000,23900
2018-06-25,7.500000,7.500000,7.380000,7.480000,7.480000,39000
2018-06-26,7.470000,7.790000,7.470000,7.670000,7.670000,64300
2018-06-27,7.650000,7.750000,7.640000,7.740000,7.740000,59600
2018-06-28,7.740000,7.820000,7.710000,7.790000,7.790000,34600
2018-06-29,7.800000,7.820000,7.750000,7.780000,7.780000,29500
