Date,Open,High,Low,Close,Adj Close,Volume
2013-01-02,11.440000,11.750000,11.270000,11.720000,11.720000,258600
2013-01-03,11.770000,11.990000,11.590000,11.640000,11.640000,101300
2013-01-04,11.720000,12.000000,11.720000,11.900000,11.900000,109800
2013-01-07,11.790000,12.390000,11.720000,12.310000,12.310000,184300
2013-01-08,12.260000,12.550000,12.260000,12.480000,12.480000,114900
2013-01-09,12.540000,12.710000,12.440000,12.570000,12.570000,129400
2013-01-10,12.580000,12.780000,12.460000,12.610000,12.610000,99400
2013-01-11,12.660000,12.910000,12.580000,12.850000,12.850000,211600
2013-01-14,12.770000,12.800000,12.560000,12.600000,12.600000,155500
2013-01-15,12.510000,12.630000,12.150000,12.410000,12.410000,202900
2013-01-16,12.410000,12.480000,12.390000,12.420000,12.420000,105200
2013-01-17,12.510000,12.610000,12.450000,12.500000,12.500000,122300
2013-01-18,12.460000,12.480000,12.300000,12.410000,12.410000,107400
2013-01-22,12.440000,12.560000,12.180000,12.440000,12.440000,168000
2013-01-23,12.420000,12.490000,12.210000,12.250000,12.250000,98400
2013-01-24,12.230000,12.370000,12.010000,12.250000,12.250000,207700
2013-01-25,12.310000,12.330000,12.080000,12.100000,12.100000,128900
2013-01-28,12.030000,12.220000,12.030000,12.170000,12.170000,239800
2013-01-29,12.130000,12.230000,12.050000,12.220000,12.220000,237600
2013-01-30,12.180000,12.580000,11.970000,12.020000,12.020000,207000
2013-01-31,12.040000,12.410000,12.040000,12.320000,12.320000,138000
2013-02-01,12.360000,12.590000,12.330000,12.540000,12.540000,115300
2013-02-04,12.450000,12.580000,12.180000,12.200000,12.200000,115000
2013-02-05,12.260000,12.400000,12.160000,12.320000,12.320000,95900
2013-02-06,12.250000,12.460000,12.050000,12.210000,12.210000,82600
2013-02-07,12.180000,12.230000,11.930000,11.960000,11.960000,98500
2013-02-08,12.020000,12.110000,11.910000,12.090000,12.090000,50500
2013-02-11,12.080000,12.360000,11.950000,12.320000,12.320000,99500
2013-02-12,12.300000,12.580000,12.130000,12.190000,12.190000,171300
2013-02-13,12.210000,12.370000,12.140000,12.300000,12.300000,52900
2013-02-14,12.270000,12.320000,12.030000,12.310000,12.310000,35400
2013-02-15,12.360000,12.390000,12.020000,12.040000,12.040000,107100
2013-02-19,11.950000,12.210000,11.900000,12.060000,12.060000,179600
2013-02-20,12.060000,12.430000,12.050000,12.210000,12.210000,109800
2013-02-21,12.210000,12.250000,11.890000,12.080000,12.080000,62100
2013-02-22,12.170000,12.170000,11.970000,12.000000,12.000000,52600
2013-02-25,12.000000,12.060000,11.670000,11.670000,11.670000,116300
2013-02-26,11.700000,11.830000,11.420000,11.520000,11.520000,75600
2013-02-27,11.490000,11.750000,11.400000,11.460000,11.460000,126500
2013-02-28,11.750000,12.780000,11.750000,12.700000,12.700000,404400
2013-03-01,12.400000,13.150000,12.400000,13.150000,13.150000,159500
2013-03-04,13.070000,13.320000,13.050000,13.310000,13.310000,90200
2013-03-05,13.410000,13.720000,13.410000,13.590000,13.590000,101800
2013-03-06,13.520000,13.700000,13.230000,13.550000,13.550000,72000
2013-03-07,13.550000,13.630000,13.330000,13.520000,13.520000,47500
2013-03-08,13.630000,13.730000,13.380000,13.660000,13.660000,148300
2013-03-11,13.570000,13.600000,13.290000,13.490000,13.490000,132600
2013-03-12,13.450000,13.490000,13.090000,13.190000,13.190000,188900
2013-03-13,13.240000,13.440000,12.990000,13.280000,13.280000,135200
2013-03-14,13.220000,13.430000,13.190000,13.390000,13.390000,65200
2013-03-15,13.450000,13.680000,13.170000,13.290000,13.290000,261300
2013-03-18,13.090000,13.420000,13.050000,13.220000,13.220000,84200
2013-03-19,13.260000,13.380000,13.180000,13.190000,13.190000,64300
2013-03-20,13.300000,13.380000,13.200000,13.250000,13.250000,57900
2013-03-21,13.200000,13.420000,13.050000,13.360000,13.360000,96900
2013-03-22,13.400000,13.560000,13.380000,13.550000,13.550000,68900
2013-03-25,13.560000,13.730000,13.370000,13.640000,13.640000,122400
2013-03-26,13.760000,13.780000,13.660000,13.780000,13.780000,90200
2013-03-27,13.640000,13.800000,13.470000,13.610000,13.610000,127700
2013-03-28,13.650000,13.720000,13.370000,13.440000,13.440000,106700
2013-04-01,13.380000,13.470000,13.040000,13.350000,13.350000,119900
2013-04-02,13.420000,13.500000,13.100000,13.340000,13.340000,117400
2013-04-03,13.330000,13.360000,13.060000,13.220000,13.220000,97000
2013-04-04,13.270000,13.420000,13.200000,13.390000,13.390000,83400
2013-04-05,13.150000,13.440000,13.150000,13.440000,13.440000,116600
2013-04-08,13.450000,13.450000,13.070000,13.240000,13.240000,140900
2013-04-09,13.310000,13.400000,13.090000,13.090000,13.090000,58900
2013-04-10,13.180000,13.380000,13.030000,13.340000,13.340000,85100
2013-04-11,13.270000,13.420000,13.110000,13.180000,13.180000,69000
2013-04-12,13.100000,13.180000,12.810000,12.930000,12.930000,62200
2013-04-15,12.820000,12.830000,12.300000,12.480000,12.480000,175700
2013-04-16,12.580000,12.890000,12.390000,12.770000,12.770000,129700
2013-04-17,12.680000,12.970000,12.430000,12.770000,12.770000,132400
2013-04-18,12.760000,12.930000,12.580000,12.910000,12.910000,143800
2013-04-19,12.880000,13.280000,12.770000,13.160000,13.160000,76400
2013-04-22,13.130000,13.140000,12.920000,13.020000,13.020000,81000
2013-04-23,13.130000,13.500000,13.110000,13.330000,13.330000,155800
2013-04-24,13.310000,13.330000,12.970000,13.060000,13.060000,82500
2013-04-25,13.140000,13.140000,12.710000,12.760000,12.760000,62000
2013-04-26,12.750000,13.130000,12.520000,12.970000,12.970000,211800
2013-04-29,13.060000,13.100000,12.770000,12.800000,12.800000,54700
2013-04-30,12.810000,12.850000,12.490000,12.510000,12.510000,117600
2013-05-01,12.490000,12.490000,12.110000,12.130000,12.130000,216400
2013-05-02,12.510000,13.060000,12.510000,12.760000,12.760000,148600
2013-05-03,12.830000,13.000000,12.690000,12.740000,12.740000,143200
2013-05-06,12.750000,13.350000,12.750000,13.250000,13.250000,185400
2013-05-07,13.340000,13.500000,12.990000,13.440000,13.440000,176000
2013-05-08,13.430000,13.600000,13.370000,13.600000,13.600000,78100
2013-05-09,13.620000,13.910000,13.560000,13.840000,13.840000,77800
2013-05-10,13.880000,14.060000,13.880000,14.020000,14.020000,68100
2013-05-13,13.970000,14.030000,13.610000,13.750000,13.750000,73000
2013-05-14,14.000000,14.150000,13.690000,14.040000,14.040000,123500
2013-05-15,13.990000,13.990000,13.630000,13.930000,13.930000,255100
2013-05-16,13.840000,14.100000,13.730000,14.050000,14.050000,113800
2013-05-17,14.080000,14.380000,13.980000,14.360000,14.360000,137300
2013-05-20,14.390000,14.660000,14.070000,14.240000,14.240000,135800
2013-05-21,14.480000,15.110000,14.260000,15.110000,15.110000,340400
2013-05-22,15.180000,15.180000,13.870000,14.050000,14.050000,380500
2013-05-23,13.950000,14.210000,13.820000,13.970000,13.970000,178200
2013-05-24,13.910000,14.150000,13.470000,14.140000,14.140000,93700
2013-05-28,14.400000,14.890000,14.280000,14.840000,14.840000,268200
2013-05-29,14.710000,14.790000,14.090000,14.350000,14.350000,128400
2013-05-30,14.360000,14.470000,14.240000,14.290000,14.290000,57700
2013-05-31,14.230000,14.300000,14.030000,14.090000,14.090000,96200
2013-06-03,14.180000,14.510000,14.110000,14.340000,14.340000,219900
2013-06-04,14.350000,14.350000,14.120000,14.200000,14.200000,56400
2013-06-05,14.190000,14.380000,14.160000,14.220000,14.220000,908000
2013-06-06,14.200000,14.350000,14.070000,14.340000,14.340000,392500
2013-06-07,14.460000,14.660000,14.460000,14.540000,14.540000,78700
2013-06-10,14.540000,14.540000,14.130000,14.460000,14.460000,202900
2013-06-11,14.010000,14.380000,13.350000,14.050000,14.050000,139100
2013-06-12,14.190000,14.210000,13.920000,14.030000,14.030000,86300
2013-06-13,14.000000,14.360000,13.960000,14.260000,14.260000,199500
2013-06-14,14.250000,14.370000,13.940000,13.960000,13.960000,106500
2013-06-17,14.120000,14.190000,13.970000,14.080000,14.080000,54000
2013-06-18,14.140000,14.670000,13.970000,14.420000,14.420000,225200
2013-06-19,14.440000,14.570000,13.910000,13.930000,13.930000,57600
2013-06-20,13.680000,13.760000,13.480000,13.580000,13.580000,93200
2013-06-21,13.640000,13.960000,13.640000,13.930000,13.930000,155700
2013-06-24,13.730000,13.930000,13.500000,13.510000,13.510000,70600
2013-06-25,13.610000,13.610000,13.380000,13.520000,13.520000,78600
2013-06-26,13.620000,13.620000,13.300000,13.320000,13.320000,144300
2013-06-27,13.450000,13.730000,13.410000,13.680000,13.680000,48100
2013-06-28,13.600000,13.750000,13.420000,13.650000,13.650000,219200
2013-07-01,13.640000,14.160000,13.260000,13.950000,13.950000,146900
2013-07-02,13.900000,14.100000,13.740000,14.070000,14.070000,146300
2013-07-03,13.940000,14.280000,13.530000,13.990000,13.990000,126400
2013-07-05,14.130000,14.290000,13.930000,14.290000,14.290000,74200
2013-07-08,12.890000,12.930000,12.120000,12.400000,12.400000,993900
2013-07-09,12.470000,12.470000,11.730000,11.780000,11.780000,881300
2013-07-10,11.800000,11.990000,11.750000,11.940000,11.940000,710800
2013-07-11,12.070000,12.240000,12.010000,12.170000,12.170000,202300
2013-07-12,12.110000,12.280000,12.080000,12.210000,12.210000,240200
2013-07-15,12.240000,12.520000,12.220000,12.510000,12.510000,222600
2013-07-16,12.480000,12.540000,12.360000,12.510000,12.510000,111000
2013-07-17,12.610000,12.920000,12.210000,12.730000,12.730000,145900
2013-07-18,12.770000,12.830000,12.630000,12.750000,12.750000,73800
2013-07-19,12.700000,12.710000,12.570000,12.600000,12.600000,89400
2013-07-22,12.570000,12.660000,12.470000,12.640000,12.640000,162500
2013-07-23,12.730000,13.040000,12.640000,12.790000,12.790000,383000
2013-07-24,12.820000,12.870000,12.660000,12.670000,12.670000,873300
2013-07-25,12.680000,12.920000,12.510000,12.910000,12.910000,194500
2013-07-26,12.790000,12.990000,12.690000,12.960000,12.960000,228100
2013-07-29,12.880000,12.980000,12.780000,12.860000,12.860000,244700
2013-07-30,12.940000,12.970000,12.640000,12.700000,12.700000,198400
2013-07-31,12.720000,12.900000,12.670000,12.790000,12.790000,124100
2013-08-01,12.950000,13.810000,12.520000,13.640000,13.640000,1038700
2013-08-02,13.530000,13.940000,13.430000,13.870000,13.870000,144400
2013-08-05,13.770000,14.000000,13.770000,13.990000,13.990000,184500
2013-08-06,13.940000,13.940000,13.600000,13.680000,13.680000,181400
2013-08-07,13.590000,13.770000,13.410000,13.490000,13.490000,115000
2013-08-08,13.620000,13.710000,13.450000,13.670000,13.670000,148300
2013-08-09,13.590000,13.820000,13.420000,13.540000,13.540000,139700
2013-08-12,13.490000,13.980000,13.450000,13.920000,13.920000,125700
2013-08-13,13.700000,14.080000,13.630000,13.750000,13.750000,121300
2013-08-14,13.710000,13.820000,13.520000,13.590000,13.590000,188800
2013-08-15,13.430000,13.640000,13.220000,13.410000,13.410000,156200
2013-08-16,13.360000,13.520000,13.240000,13.420000,13.420000,181800
2013-08-19,12.930000,13.250000,12.770000,13.100000,13.100000,243300
2013-08-20,13.090000,13.550000,13.060000,13.440000,13.440000,136700
2013-08-21,13.350000,13.450000,13.180000,13.350000,13.350000,91200
2013-08-22,13.420000,13.780000,13.380000,13.570000,13.570000,67200
2013-08-23,13.570000,13.740000,13.420000,13.650000,13.650000,132500
2013-08-26,13.690000,13.790000,13.460000,13.760000,13.760000,162600
2013-08-27,13.600000,13.610000,13.330000,13.480000,13.480000,156000
2013-08-28,13.480000,13.510000,13.280000,13.340000,13.340000,112600
2013-08-29,13.340000,13.610000,13.300000,13.510000,13.510000,78600
2013-08-30,13.480000,13.490000,12.990000,13.150000,13.150000,150900
2013-09-03,13.390000,13.500000,13.160000,13.420000,13.420000,129200
2013-09-04,13.450000,13.480000,13.170000,13.330000,13.330000,115700
2013-09-05,13.370000,13.530000,13.300000,13.480000,13.480000,148300
2013-09-06,13.520000,13.540000,13.040000,13.270000,13.270000,57000
2013-09-09,13.350000,13.740000,13.290000,13.740000,13.740000,105200
2013-09-10,13.770000,13.950000,13.590000,13.850000,13.850000,195200
2013-09-11,13.820000,14.010000,13.820000,13.980000,13.980000,79200
2013-09-12,13.970000,14.010000,13.470000,13.530000,13.530000,127000
2013-09-13,13.590000,13.760000,13.570000,13.670000,13.670000,80000
2013-09-16,13.830000,13.890000,13.360000,13.420000,13.420000,150500
2013-09-17,13.420000,13.850000,13.290000,13.850000,13.850000,119000
2013-09-18,13.730000,13.930000,13.480000,13.850000,13.850000,76200
2013-09-19,13.860000,13.860000,13.560000,13.700000,13.700000,53900
2013-09-20,13.750000,14.150000,13.610000,14.090000,14.090000,544400
2013-09-23,14.050000,14.130000,13.760000,14.010000,14.010000,90200
2013-09-24,14.000000,14.140000,13.850000,13.900000,13.900000,101800
2013-09-25,13.950000,14.330000,13.850000,14.170000,14.170000,92700
2013-09-26,14.240000,14.240000,13.710000,13.910000,13.910000,54300
2013-09-27,13.790000,13.960000,13.760000,13.880000,13.880000,49600
2013-09-30,13.750000,14.220000,13.750000,14.180000,14.180000,142400
2013-10-01,14.190000,14.480000,14.010000,14.480000,14.480000,156400
2013-10-02,14.400000,14.520000,14.320000,14.460000,14.460000,135100
2013-10-03,14.470000,14.510000,13.770000,13.820000,13.820000,164600
2013-10-04,13.780000,14.050000,13.750000,13.840000,13.840000,106100
2013-10-07,13.730000,13.860000,13.650000,13.670000,13.670000,176900
2013-10-08,13.750000,13.900000,13.550000,13.660000,13.660000,144600
2013-10-09,13.690000,13.800000,13.580000,13.610000,13.610000,156600
2013-10-10,13.820000,13.920000,13.650000,13.920000,13.920000,204300
2013-10-11,13.840000,14.450000,13.770000,14.380000,14.380000,62500
2013-10-14,14.260000,14.570000,14.020000,14.500000,14.500000,62200
2013-10-15,14.420000,14.650000,14.330000,14.600000,14.600000,94600
2013-10-16,14.700000,14.790000,14.570000,14.650000,14.650000,107800
2013-10-17,14.610000,14.810000,14.610000,14.790000,14.790000,99300
2013-10-18,14.940000,15.110000,14.700000,14.880000,14.880000,150600
2013-10-21,14.920000,15.090000,14.690000,14.730000,14.730000,100400
2013-10-22,14.770000,15.110000,14.770000,14.860000,14.860000,69100
2013-10-23,14.820000,15.190000,14.600000,15.110000,15.110000,117900
2013-10-24,18.940001,19.980000,17.070000,19.309999,19.309999,2142900
2013-10-25,19.510000,20.490000,18.950001,19.520000,19.520000,819900
2013-10-28,19.600000,20.000000,19.020000,19.600000,19.600000,692300
2013-10-29,19.540001,20.240000,19.330000,19.959999,19.959999,338900
2013-10-30,19.950001,20.170000,19.740000,19.870001,19.870001,245500
2013-10-31,19.840000,20.139999,19.580000,19.730000,19.730000,283500
2013-11-01,19.700001,19.719999,18.290001,18.830000,18.830000,469800
2013-11-04,18.959999,19.900000,18.580000,19.770000,19.770000,322700
2013-11-05,19.670000,19.760000,19.379999,19.400000,19.400000,147500
2013-11-06,19.580000,19.639999,19.250000,19.350000,19.350000,198400
2013-11-07,19.420000,19.620001,18.900000,18.920000,18.920000,159000
2013-11-08,18.910000,19.600000,18.910000,19.180000,19.180000,260200
2013-11-11,19.150000,19.600000,19.080000,19.559999,19.559999,198500
2013-11-12,19.370001,21.150000,19.370001,21.080000,21.080000,448600
2013-11-13,20.990000,21.590000,20.950001,21.330000,21.330000,366900
2013-11-14,21.530001,22.100000,20.840000,21.320000,21.320000,490300
2013-11-15,21.320000,22.430000,21.320000,22.139999,22.139999,375300
2013-11-18,22.170000,22.360001,21.000000,21.040001,21.040001,422500
2013-11-19,20.950001,21.230000,20.760000,21.000000,21.000000,383300
2013-11-20,21.139999,21.280001,20.760000,20.910000,20.910000,213500
2013-11-21,20.950001,21.750000,20.920000,21.049999,21.049999,285000
2013-11-22,21.120001,21.350000,20.879999,21.070000,21.070000,236400
2013-11-25,21.209999,21.450001,21.110001,21.299999,21.299999,348400
2013-11-26,21.400000,22.180000,21.030001,21.950001,21.950001,350800
2013-11-27,22.059999,22.950001,21.760000,22.530001,22.530001,383700
2013-11-29,22.780001,23.379999,22.610001,23.030001,23.030001,212100
2013-12-02,22.910000,23.040001,21.980000,22.150000,22.150000,522600
2013-12-03,22.150000,22.700001,21.510000,21.780001,21.780001,505800
2013-12-04,21.730000,22.469999,21.620001,22.129999,22.129999,387300
2013-12-05,22.129999,22.510000,21.719999,21.730000,21.730000,454800
2013-12-06,21.980000,22.809999,21.730000,22.250000,22.250000,433100
2013-12-09,22.340000,22.629999,22.020000,22.200001,22.200001,233100
2013-12-10,22.260000,22.330000,21.719999,21.840000,21.840000,279800
2013-12-11,21.830000,21.950001,20.719999,21.010000,21.010000,397800
2013-12-12,20.959999,21.010000,20.559999,20.820000,20.820000,368000
2013-12-13,20.840000,21.070000,20.620001,20.920000,20.920000,302100
2013-12-16,21.010000,21.559999,20.870001,21.309999,21.309999,356700
2013-12-17,21.370001,21.490000,21.129999,21.260000,21.260000,256100
2013-12-18,21.230000,22.000000,21.020000,21.790001,21.790001,254400
2013-12-19,21.760000,21.809999,21.250000,21.410000,21.410000,193300
2013-12-20,21.480000,22.230000,21.120001,22.040001,22.040001,859200
2013-12-23,22.299999,23.030001,22.010000,22.799999,22.799999,302500
2013-12-24,22.920000,23.000000,22.129999,22.430000,22.430000,113700
2013-12-26,22.480000,22.900000,22.190001,22.480000,22.480000,192400
2013-12-27,22.580000,22.580000,22.139999,22.410000,22.410000,152900
2013-12-30,22.309999,22.309999,21.760000,22.020000,22.020000,179000
2013-12-31,22.049999,22.799999,21.889999,22.500000,22.500000,211700
2014-01-02,22.400000,22.410000,21.110001,22.170000,22.170000,452600
2014-01-03,22.190001,23.070000,22.030001,22.719999,22.719999,320400
2014-01-06,23.049999,24.660000,22.620001,24.260000,24.260000,1033800
2014-01-07,24.500000,25.580000,24.049999,24.290001,24.290001,611400
2014-01-08,24.290001,24.740000,23.910000,24.080000,24.080000,553000
2014-01-09,24.230000,24.549999,23.910000,24.209999,24.209999,486000
2014-01-10,24.190001,24.490000,23.629999,24.430000,24.430000,700900
2014-01-13,24.490000,24.510000,23.010000,23.540001,23.540001,639800
2014-01-14,23.750000,25.590000,23.250000,25.549999,25.549999,634700
2014-01-15,25.620001,26.100000,25.309999,25.660000,25.660000,540300
2014-01-16,25.700001,26.049999,25.400000,25.860001,25.860001,346300
2014-01-17,25.889999,26.070000,25.440001,25.660000,25.660000,264000
2014-01-21,25.879999,26.040001,25.500000,25.700001,25.700001,343000
2014-01-22,25.840000,26.469999,25.500000,25.760000,25.760000,359800
2014-01-23,25.639999,25.709999,24.910000,25.430000,25.430000,364400
2014-01-24,25.190001,25.389999,23.410000,24.290001,24.290001,712500
2014-01-27,24.280001,25.340000,22.520000,23.719999,23.719999,1155400
2014-01-28,23.719999,24.299999,23.510000,24.090000,24.090000,423000
2014-01-29,25.820000,26.870001,24.219999,25.850000,25.850000,1573500
2014-01-30,25.250000,26.980000,25.250000,26.270000,26.270000,852500
2014-01-31,25.770000,26.280001,25.450001,25.889999,25.889999,510200
2014-02-03,25.870001,25.889999,23.889999,24.139999,24.139999,571800
2014-02-04,24.280001,24.700001,23.809999,24.020000,24.020000,385400
2014-02-05,23.809999,24.400000,23.459999,24.170000,24.170000,284600
2014-02-06,24.320000,24.770000,23.830000,23.980000,23.980000,406100
2014-02-07,24.100000,24.549999,24.000000,24.209999,24.209999,350100
2014-02-10,24.070000,24.290001,23.799999,24.049999,24.049999,241800
2014-02-11,24.180000,24.950001,24.180000,24.629999,24.629999,493800
2014-02-12,24.719999,25.200001,24.230000,24.389999,24.389999,341000
2014-02-13,24.110001,25.219999,24.010000,24.889999,24.889999,385100
2014-02-14,24.790001,25.040001,24.610001,24.639999,24.639999,278800
2014-02-18,25.049999,25.870001,24.639999,25.700001,25.700001,535300
2014-02-19,25.580000,25.770000,24.910000,24.950001,24.950001,284500
2014-02-20,24.940001,26.000000,24.940001,25.770000,25.770000,482700
2014-02-21,25.889999,26.000000,25.070000,25.309999,25.309999,353800
2014-02-24,25.340000,26.680000,25.340000,26.240000,26.240000,640400
2014-02-25,26.139999,26.170000,25.650000,25.799999,25.799999,238000
2014-02-26,25.799999,26.660000,25.799999,26.000000,26.000000,329000
2014-02-27,26.190001,26.629999,25.650000,25.900000,25.900000,344000
2014-02-28,25.900000,25.990000,24.870001,25.100000,25.100000,301400
2014-03-03,24.730000,25.340000,24.500000,25.160000,25.160000,310600
2014-03-04,25.500000,26.600000,25.500000,26.420000,26.420000,345500
2014-03-05,26.389999,27.150000,26.010000,26.750000,26.750000,336400
2014-03-06,26.910000,27.709999,26.600000,26.700001,26.700001,473200
2014-03-07,26.950001,26.950001,25.719999,26.510000,26.510000,261100
2014-03-10,26.410000,26.940001,26.020000,26.299999,26.299999,263100
2014-03-11,26.360001,26.809999,25.629999,25.910000,25.910000,289800
2014-03-12,25.709999,26.379999,25.150000,26.330000,26.330000,273500
2014-03-13,26.540001,26.549999,25.660000,25.930000,25.930000,294900
2014-03-14,25.920000,26.299999,25.840000,26.080000,26.080000,236400
2014-03-17,26.299999,26.670000,26.070000,26.350000,26.350000,222500
2014-03-18,26.340000,27.120001,26.250000,26.940001,26.940001,218200
2014-03-19,26.889999,27.400000,26.549999,27.020000,27.020000,228800
2014-03-20,27.010000,27.280001,26.090000,26.250000,26.250000,273700
2014-03-21,26.400000,26.620001,25.900000,26.150000,26.150000,269500
2014-03-24,26.180000,26.290001,24.760000,24.860001,24.860001,448500
2014-03-25,25.059999,25.719999,24.840000,25.070000,25.070000,218900
2014-03-26,25.309999,25.309999,24.520000,24.540001,24.540001,321000
2014-03-27,24.500000,25.000000,24.040001,24.340000,24.340000,278400
2014-03-28,24.360001,25.290001,24.299999,24.500000,24.500000,246800
2014-03-31,24.700001,26.080000,24.610001,25.799999,25.799999,397000
2014-04-01,25.980000,26.920000,25.799999,26.590000,26.590000,347100
2014-04-02,26.740000,26.950001,26.090000,26.230000,26.230000,272900
2014-04-03,26.250000,26.440001,25.549999,25.809999,25.809999,154900
2014-04-04,26.030001,26.200001,24.520000,24.660000,24.660000,308300
2014-04-07,24.549999,24.889999,24.010000,24.480000,24.480000,249400
2014-04-08,24.420000,24.680000,24.100000,24.200001,24.200001,263800
2014-04-09,24.180000,25.730000,24.139999,25.590000,25.590000,304600
2014-04-10,25.510000,25.940001,24.040001,24.350000,24.350000,346500
2014-04-11,23.959999,24.430000,23.110001,23.160000,23.160000,699800
2014-04-14,23.459999,24.360001,23.020000,23.320000,23.320000,417400
2014-04-15,23.379999,23.780001,21.540001,22.530001,22.530001,790500
2014-04-16,22.730000,23.790001,22.370001,23.750000,23.750000,407300
2014-04-17,23.600000,24.600000,23.389999,24.260000,24.260000,334100
2014-04-21,24.230000,24.740000,23.969999,24.700001,24.700001,226200
2014-04-22,24.730000,24.730000,24.280001,24.389999,24.389999,271900
2014-04-23,25.510000,26.240000,24.320000,26.080000,26.080000,688300
2014-04-24,26.430000,26.500000,25.680000,25.860001,25.860001,376200
2014-04-25,25.680000,25.879999,24.920000,24.959999,24.959999,384400
2014-04-28,25.129999,25.530001,24.400000,25.040001,25.040001,223200
2014-04-29,25.139999,25.440001,24.610001,24.900000,24.900000,206400
2014-04-30,24.730000,24.900000,24.110001,24.830000,24.830000,388100
2014-05-01,24.709999,25.100000,24.400000,24.600000,24.600000,334100
2014-05-02,24.670000,24.700001,24.250000,24.340000,24.340000,353900
2014-05-05,24.129999,24.780001,24.090000,24.670000,24.670000,243600
2014-05-06,24.450001,25.120001,24.450001,24.549999,24.549999,245900
2014-05-07,24.540001,24.980000,23.760000,24.070000,24.070000,381900
2014-05-08,23.980000,24.600000,23.530001,23.620001,23.620001,246900
2014-05-09,23.480000,24.209999,23.400000,24.030001,24.030001,178700
2014-05-12,24.040001,25.129999,23.889999,24.889999,24.889999,242200
2014-05-13,24.860001,25.080000,24.629999,24.980000,24.980000,391300
2014-05-14,24.870001,25.129999,24.600000,24.709999,24.709999,338200
2014-05-15,24.500000,24.580000,24.129999,24.490000,24.490000,266400
2014-05-16,24.469999,24.559999,23.690001,24.440001,24.440001,272600
2014-05-19,24.400000,24.799999,24.030001,24.440001,24.440001,233900
2014-05-20,24.290001,24.320000,23.459999,23.650000,23.650000,322700
2014-05-21,23.820000,24.260000,23.570000,23.709999,23.709999,185800
2014-05-22,23.809999,24.299999,23.650000,23.959999,23.959999,158500
2014-05-23,23.959999,24.230000,23.690001,24.139999,24.139999,170600
2014-05-27,24.299999,24.860001,24.150000,24.790001,24.790001,225300
2014-05-28,24.680000,24.990000,24.500000,24.719999,24.719999,160500
2014-05-29,24.770000,24.920000,24.450001,24.840000,24.840000,163500
2014-05-30,24.870001,24.870001,24.370001,24.650000,24.650000,208300
2014-06-02,24.670000,24.870001,23.870001,23.959999,23.959999,136900
2014-06-03,23.830000,24.090000,23.760000,23.870001,23.870001,173900
2014-06-04,23.770000,24.180000,23.400000,23.709999,23.709999,191500
2014-06-05,23.879999,24.510000,23.420000,24.500000,24.500000,245200
2014-06-06,24.709999,25.070000,24.490000,24.940001,24.940001,413000
2014-06-09,25.080000,25.500000,24.980000,25.040001,25.040001,246400
2014-06-10,24.980000,25.230000,24.570000,25.219999,25.219999,142600
2014-06-11,24.920000,25.400000,24.920000,25.270000,25.270000,169800
2014-06-12,25.160000,25.459999,24.900000,25.280001,25.280001,151900
2014-06-13,25.270000,25.420000,24.980000,25.049999,25.049999,205500
2014-06-16,25.000000,25.809999,25.000000,25.770000,25.770000,138400
2014-06-17,25.680000,25.889999,25.469999,25.820000,25.820000,195400
2014-06-18,25.820000,26.230000,25.650000,26.200001,26.200001,155800
2014-06-19,26.290001,26.290001,25.690001,25.850000,25.850000,118400
2014-06-20,25.990000,25.990000,25.370001,25.660000,25.660000,396000
2014-06-23,25.740000,25.959999,24.950001,24.990000,24.990000,228200
2014-06-24,24.959999,25.580000,24.879999,25.000000,25.000000,170000
2014-06-25,24.760000,25.160000,24.620001,24.719999,24.719999,151900
2014-06-26,24.719999,24.889999,24.320000,24.719999,24.719999,151400
2014-06-27,24.530001,25.070000,24.530001,24.990000,24.990000,639300
2014-06-30,24.830000,25.180000,24.730000,25.139999,25.139999,292200
2014-07-01,25.299999,26.480000,25.270000,26.219999,26.219999,400300
2014-07-02,26.110001,26.480000,25.969999,26.200001,26.200001,194200
2014-07-03,26.370001,26.430000,26.160000,26.260000,26.260000,96700
2014-07-07,26.100000,26.219999,25.370001,25.430000,25.430000,249600
2014-07-08,25.280001,25.280001,24.400000,24.440001,24.440001,301100
2014-07-09,24.600000,24.840000,24.360001,24.730000,24.730000,157200
2014-07-10,24.090000,25.040001,24.030001,24.920000,24.920000,191200
2014-07-11,24.809999,25.219999,24.680000,25.120001,25.120001,156400
2014-07-14,25.440001,25.680000,25.180000,25.510000,25.510000,159700
2014-07-15,25.520000,25.629999,24.790001,25.010000,25.010000,115700
2014-07-16,25.150000,25.150000,24.650000,24.719999,24.719999,98100
2014-07-17,24.490000,24.809999,24.219999,24.290001,24.290001,266400
2014-07-18,24.240000,25.450001,24.240000,25.309999,25.309999,281000
2014-07-21,25.059999,25.590000,24.660000,25.440001,25.440001,254300
2014-07-22,25.750000,26.500000,25.620001,26.469999,26.469999,361700
2014-07-23,27.629999,28.240000,26.280001,26.660000,26.660000,803000
2014-07-24,26.840000,27.690001,26.799999,27.510000,27.510000,479100
2014-07-25,27.250000,28.270000,27.030001,28.110001,28.110001,337100
2014-07-28,28.240000,28.930000,27.860001,28.790001,28.790001,279500
2014-07-29,28.920000,29.240000,28.410000,28.910000,28.910000,266900
2014-07-30,29.219999,29.549999,29.070000,29.400000,29.400000,572600
2014-07-31,28.900000,29.480000,28.510000,28.770000,28.770000,372700
2014-08-01,28.660000,28.879999,27.549999,27.730000,27.730000,286500
2014-08-04,27.959999,27.959999,27.230000,27.870001,27.870001,273200
2014-08-05,27.680000,28.080000,27.180000,27.600000,27.600000,206800
2014-08-06,27.309999,27.850000,27.120001,27.420000,27.420000,245600
2014-08-07,27.670000,27.690001,27.070000,27.370001,27.370001,188900
2014-08-08,27.330000,27.549999,27.129999,27.379999,27.379999,161000
2014-08-11,27.490000,28.010000,27.270000,27.639999,27.639999,139600
2014-08-12,27.480000,27.690001,27.250000,27.549999,27.549999,111300
2014-08-13,27.680000,28.020000,27.540001,27.879999,27.879999,199900
2014-08-14,27.920000,28.219999,27.650000,27.870001,27.870001,114500
2014-08-15,28.180000,28.180000,27.260000,27.549999,27.549999,187800
2014-08-18,27.870001,28.090000,27.510000,28.000000,28.000000,157500
2014-08-19,28.000000,28.049999,27.780001,27.980000,27.980000,74100
2014-08-20,27.700001,27.889999,27.360001,27.580000,27.580000,92900
2014-08-21,27.580000,27.580000,27.000000,27.290001,27.290001,149100
2014-08-22,27.219999,27.709999,27.080000,27.270000,27.270000,87100
2014-08-25,27.510000,27.680000,27.240000,27.370001,27.370001,138300
2014-08-26,27.510000,28.480000,27.400000,28.270000,28.270000,351400
2014-08-27,28.389999,28.719999,28.110001,28.430000,28.430000,204500
2014-08-28,28.270000,28.379999,27.920000,28.049999,28.049999,217700
2014-08-29,28.129999,28.280001,27.700001,28.110001,28.110001,112400
2014-09-02,28.290001,29.070000,28.270000,29.059999,29.059999,150900
2014-09-03,29.139999,29.900000,28.639999,28.760000,28.760000,190400
2014-09-04,28.860001,29.000000,28.639999,28.700001,28.700001,115100
2014-09-05,28.740000,28.959999,28.320000,28.770000,28.770000,87600
2014-09-08,28.750000,29.219999,28.750000,28.990000,28.990000,127400
2014-09-09,28.969999,29.090000,28.820000,28.900000,28.900000,188200
2014-09-10,28.860001,29.299999,28.799999,28.870001,28.870001,265200
2014-09-11,28.799999,29.000000,28.410000,28.950001,28.950001,123000
2014-09-12,29.010000,29.160000,28.500000,28.820000,28.820000,171700
2014-09-15,28.860001,28.910000,28.500000,28.719999,28.719999,181700
2014-09-16,28.469999,28.690001,27.940001,28.340000,28.340000,200200
2014-09-17,28.280001,29.139999,28.139999,28.730000,28.730000,221700
2014-09-18,28.830000,29.070000,28.709999,29.000000,29.000000,145800
2014-09-19,29.010000,29.070000,28.670000,28.990000,28.990000,727300
2014-09-22,28.809999,29.030001,28.250000,28.870001,28.870001,277600
2014-09-23,28.730000,28.980000,28.180000,28.260000,28.260000,182400
2014-09-24,28.320000,28.959999,27.799999,28.910000,28.910000,267100
2014-09-25,28.780001,28.959999,28.370001,28.490000,28.490000,317400
2014-09-26,28.680000,28.830000,28.219999,28.580000,28.580000,165500
2014-09-29,28.170000,29.270000,28.120001,29.180000,29.180000,172700
2014-09-30,29.260000,29.660000,28.959999,29.510000,29.510000,395900
2014-10-01,29.600000,29.600000,28.420000,28.520000,28.520000,254400
2014-10-02,28.610001,30.340000,28.340000,30.090000,30.090000,385500
2014-10-03,30.360001,31.180000,30.170000,31.010000,31.010000,416400
2014-10-06,31.219999,31.700001,30.680000,30.760000,30.760000,412400
2014-10-07,31.240000,31.450001,30.330000,30.709999,30.709999,641800
2014-10-08,30.610001,31.049999,30.360001,30.870001,30.870001,392400
2014-10-09,30.850000,31.129999,29.580000,29.620001,29.620001,419900
2014-10-10,29.469999,30.510000,29.170000,30.430000,30.430000,419200
2014-10-13,30.430000,31.600000,30.320000,31.250000,31.250000,615900
2014-10-14,31.500000,31.740000,30.750000,31.000000,31.000000,467800
2014-10-15,30.540001,30.809999,29.680000,30.780001,30.780001,469600
2014-10-16,30.490000,31.840000,30.180000,31.370001,31.370001,337400
2014-10-17,31.930000,31.930000,30.750000,30.940001,30.940001,429900
2014-10-20,30.850000,31.270000,30.620001,31.209999,31.209999,253000
2014-10-21,31.559999,32.439999,31.360001,32.250000,32.250000,513500
2014-10-22,33.160000,33.200001,31.059999,32.799999,32.799999,864900
2014-10-23,33.590000,33.599998,32.680000,33.509998,33.509998,399400
2014-10-24,33.709999,33.889999,32.889999,33.070000,33.070000,344800
2014-10-27,33.209999,33.529999,32.669998,33.000000,33.000000,317800
2014-10-28,33.130001,33.529999,32.980000,33.450001,33.450001,503700
2014-10-29,33.400002,33.799999,33.139999,33.639999,33.639999,311100
2014-10-30,33.410000,34.240002,33.299999,33.869999,33.869999,382200
2014-10-31,34.970001,35.049999,33.830002,34.000000,34.000000,493700
2014-11-03,34.000000,34.080002,33.560001,33.860001,33.860001,450600
2014-11-04,33.830002,34.169998,33.630001,33.990002,33.990002,245100
2014-11-05,34.169998,34.310001,33.709999,33.950001,33.950001,189200
2014-11-06,33.889999,34.349998,33.750000,33.889999,33.889999,249200
2014-11-07,33.830002,33.880001,32.820000,33.150002,33.150002,288600
2014-11-10,33.029999,34.480000,33.000000,34.480000,34.480000,324400
2014-11-11,34.480000,34.669998,33.910000,34.049999,34.049999,190200
2014-11-12,33.900002,34.599998,33.830002,34.540001,34.540001,169900
2014-11-13,34.599998,35.110001,34.250000,34.310001,34.310001,145500
2014-11-14,34.320000,34.540001,33.540001,33.680000,33.680000,211900
2014-11-17,33.770000,34.020000,33.150002,33.759998,33.759998,327000
2014-11-18,33.950001,34.599998,33.680000,34.259998,34.259998,238200
2014-11-19,34.259998,34.259998,33.139999,33.259998,33.259998,224100
2014-11-20,33.099998,33.889999,32.759998,33.860001,33.860001,202000
2014-11-21,34.330002,34.580002,33.330002,33.450001,33.450001,186700
2014-11-24,33.430000,34.730000,33.430000,34.689999,34.689999,281000
2014-11-25,34.669998,34.709999,34.020000,34.500000,34.500000,214300
2014-11-26,34.500000,35.000000,34.310001,34.900002,34.900002,232800
2014-11-28,34.500000,35.500000,33.529999,34.230000,34.230000,138500
2014-12-01,34.180000,34.470001,33.470001,33.500000,33.500000,237800
2014-12-02,33.570000,34.139999,33.259998,33.869999,33.869999,149600
2014-12-03,33.950001,34.759998,33.869999,34.549999,34.549999,198100
2014-12-04,34.470001,34.740002,34.060001,34.380001,34.380001,163100
2014-12-05,34.400002,34.740002,34.209999,34.470001,34.470001,116400
2014-12-08,34.459999,34.900002,33.459999,34.630001,34.630001,231100
2014-12-09,34.320000,35.930000,34.310001,35.700001,35.700001,327800
2014-12-10,35.630001,36.259998,34.889999,35.070000,35.070000,200100
2014-12-11,35.189999,35.700001,35.070000,35.250000,35.250000,136800
2014-12-12,34.869999,35.220001,34.439999,34.840000,34.840000,183100
2014-12-15,35.000000,35.490002,34.570000,34.889999,34.889999,288400
2014-12-16,34.779999,34.869999,34.080002,34.430000,34.430000,221700
2014-12-17,34.630001,35.689999,34.209999,35.669998,35.669998,199200
2014-12-18,36.029999,36.930000,35.540001,36.270000,36.270000,206300
2014-12-19,36.220001,36.400002,35.529999,35.669998,35.669998,281200
2014-12-22,35.680000,36.200001,35.439999,35.880001,35.880001,142100
2014-12-23,36.070000,36.189999,35.099998,35.310001,35.310001,120800
2014-12-24,35.299999,36.619999,35.299999,36.450001,36.450001,101000
2014-12-26,36.599998,36.930000,35.930000,36.549999,36.549999,102900
2014-12-29,36.590000,36.980000,35.560001,35.849998,35.849998,177500
2014-12-30,35.830002,36.189999,35.560001,35.730000,35.730000,123500
2014-12-31,35.799999,36.580002,35.610001,36.040001,36.040001,234200
2015-01-02,36.090000,36.799999,35.320000,35.840000,35.840000,176700
2015-01-05,35.709999,36.049999,35.220001,35.650002,35.650002,154800
2015-01-06,35.980000,36.000000,33.849998,34.509998,34.509998,282500
2015-01-07,34.560001,35.759998,34.560001,35.669998,35.669998,249200
2015-01-08,36.080002,36.570000,35.770000,36.500000,36.500000,311900
2015-01-09,36.470001,37.520000,36.080002,36.810001,36.810001,172000
2015-01-12,36.810001,38.110001,36.810001,37.900002,37.900002,433300
2015-01-13,38.419998,39.119999,37.040001,37.150002,37.150002,299400
2015-01-14,36.880001,37.490002,36.549999,37.180000,37.180000,245000
2015-01-15,37.330002,37.680000,35.810001,35.880001,35.880001,267400
2015-01-16,35.980000,36.900002,35.799999,36.779999,36.779999,182100
2015-01-20,36.980000,37.270000,36.150002,36.759998,36.759998,145000
2015-01-21,36.680000,36.950001,36.180000,36.349998,36.349998,148900
2015-01-22,36.680000,36.750000,35.759998,36.450001,36.450001,356900
2015-01-23,36.389999,36.599998,36.040001,36.080002,36.080002,317800
2015-01-26,36.169998,37.070000,36.169998,37.029999,37.029999,385100
2015-01-27,36.860001,37.540001,36.500000,37.400002,37.400002,269400
2015-01-28,38.490002,38.750000,37.090000,37.980000,37.980000,453700
2015-01-29,38.189999,38.430000,37.509998,38.369999,38.369999,257000
2015-01-30,38.099998,38.470001,37.259998,37.599998,37.599998,473200
2015-02-02,37.619999,37.840000,36.410000,37.009998,37.009998,295000
2015-02-03,37.150002,37.529999,36.450001,36.880001,36.880001,248700
2015-02-04,36.720001,37.470001,36.529999,36.840000,36.840000,146200
2015-02-05,37.099998,37.820000,36.950001,37.689999,37.689999,210700
2015-02-06,37.610001,37.630001,36.520000,36.549999,36.549999,297700
2015-02-09,36.549999,36.740002,36.330002,36.439999,36.439999,197000
2015-02-10,36.610001,37.290001,36.270000,37.250000,37.250000,208400
2015-02-11,37.150002,37.480000,36.759998,37.020000,37.020000,124700
2015-02-12,37.150002,37.240002,36.509998,36.990002,36.990002,132600
2015-02-13,36.990002,37.180000,36.580002,36.959999,36.959999,149600
2015-02-17,36.980000,37.700001,36.759998,37.220001,37.220001,169800
2015-02-18,37.130001,37.610001,36.810001,37.610001,37.610001,128800
2015-02-19,37.400002,37.860001,37.070000,37.160000,37.160000,97300
2015-02-20,37.160000,37.160000,36.549999,36.580002,36.580002,254800
2015-02-23,36.500000,37.279999,36.299999,37.110001,37.110001,284000
2015-02-24,37.139999,37.290001,36.770000,37.080002,37.080002,128000
2015-02-25,37.000000,37.189999,36.720001,37.040001,37.040001,138500
2015-02-26,37.049999,37.180000,35.410000,35.970001,35.970001,618000
2015-02-27,35.840000,36.419998,35.709999,35.790001,35.790001,218500
2015-03-02,35.759998,36.580002,35.290001,35.330002,35.330002,318100
2015-03-03,35.000000,35.330002,33.930000,34.439999,34.439999,768400
2015-03-04,34.279999,35.639999,34.009998,35.509998,35.509998,384700
2015-03-05,35.520000,36.020000,35.450001,35.990002,35.990002,202700
2015-03-06,36.040001,36.340000,35.099998,35.540001,35.540001,338000
2015-03-09,35.630001,35.750000,35.240002,35.340000,35.340000,141500
2015-03-10,35.080002,35.540001,34.720001,35.080002,35.080002,121400
2015-03-11,35.220001,35.490002,34.889999,35.380001,35.380001,93500
2015-03-12,35.520000,36.340000,35.340000,36.060001,36.060001,174900
2015-03-13,35.880001,36.529999,35.549999,36.230000,36.230000,194400
2015-03-16,36.439999,37.160000,36.200001,36.480000,36.480000,303900
2015-03-17,36.450001,37.380001,36.250000,37.070000,37.070000,267300
2015-03-18,37.110001,37.230000,36.500000,36.980000,36.980000,225500
2015-03-19,36.950001,37.799999,36.919998,37.740002,37.740002,128600
2015-03-20,38.000000,39.000000,37.660000,38.980000,38.980000,933300
2015-03-23,38.799999,39.270000,38.130001,38.669998,38.669998,207200
2015-03-24,38.930000,39.930000,38.750000,39.169998,39.169998,308500
2015-03-25,39.189999,39.520000,37.840000,37.889999,37.889999,225000
2015-03-26,37.910000,38.490002,37.240002,38.080002,38.080002,228000
2015-03-27,38.000000,39.279999,37.860001,39.130001,39.130001,239000
2015-03-30,39.349998,39.779999,38.889999,39.680000,39.680000,174500
2015-03-31,39.660000,40.049999,39.139999,39.470001,39.470001,254700
2015-04-01,39.230000,39.410000,38.299999,39.349998,39.349998,220800
2015-04-02,39.250000,40.230000,39.040001,40.080002,40.080002,287500
2015-04-06,39.720001,40.090000,39.130001,39.669998,39.669998,209100
2015-04-07,39.630001,40.139999,39.430000,39.439999,39.439999,155200
2015-04-08,39.400002,40.540001,39.400002,39.860001,39.860001,273100
2015-04-09,39.869999,40.259998,39.400002,39.720001,39.720001,143600
2015-04-10,40.049999,40.220001,39.119999,39.509998,39.509998,266600
2015-04-13,39.650002,39.869999,39.340000,39.480000,39.480000,177400
2015-04-14,39.509998,39.709999,39.029999,39.160000,39.160000,206400
2015-04-15,39.439999,39.860001,39.160000,39.549999,39.549999,123700
2015-04-16,39.590000,39.779999,39.369999,39.599998,39.599998,65700
2015-04-17,39.290001,39.580002,38.599998,39.130001,39.130001,224800
2015-04-20,39.259998,40.110001,39.029999,40.060001,40.060001,164800
2015-04-21,40.240002,40.860001,39.919998,39.930000,39.930000,180000
2015-04-22,42.000000,42.959999,39.580002,41.639999,41.639999,502500
2015-04-23,41.740002,42.279999,41.380001,42.160000,42.160000,309300
2015-04-24,42.369999,42.410000,41.900002,42.150002,42.150002,140800
2015-04-27,42.130001,42.240002,40.919998,41.029999,41.029999,206100
2015-04-28,40.900002,41.500000,40.279999,40.810001,40.810001,209800
2015-04-29,40.299999,40.639999,39.500000,39.619999,39.619999,316200
2015-04-30,39.139999,39.580002,37.520000,37.709999,37.709999,295900
2015-05-01,37.840000,38.779999,37.580002,38.720001,38.720001,318100
2015-05-04,38.660000,39.470001,38.410000,38.730000,38.730000,157400
2015-05-05,38.520000,38.560001,37.639999,37.750000,37.750000,172100
2015-05-06,37.740002,37.990002,36.970001,37.099998,37.099998,390600
2015-05-07,37.099998,37.520000,36.779999,37.250000,37.250000,342800
2015-05-08,37.689999,37.939999,37.119999,37.470001,37.470001,180500
2015-05-11,37.400002,38.000000,37.320000,37.349998,37.349998,215000
2015-05-12,37.200001,37.240002,36.500000,36.779999,36.779999,169700
2015-05-13,36.860001,37.060001,36.029999,36.639999,36.639999,285900
2015-05-14,36.950001,37.130001,36.169998,36.950001,36.950001,398200
2015-05-15,36.990002,37.130001,36.070000,36.130001,36.130001,263400
2015-05-18,36.040001,37.009998,36.020000,36.980000,36.980000,405300
2015-05-19,37.139999,37.410000,36.450001,36.529999,36.529999,183300
2015-05-20,36.680000,37.200001,36.270000,37.009998,37.009998,160500
2015-05-21,37.020000,37.110001,36.029999,36.259998,36.259998,264400
2015-05-22,36.290001,36.610001,36.060001,36.439999,36.439999,127900
2015-05-26,36.400002,36.630001,35.730000,36.410000,36.410000,235500
2015-05-27,36.419998,37.139999,36.230000,37.080002,37.080002,159200
2015-05-28,37.139999,39.029999,37.139999,38.980000,38.980000,454000
2015-05-29,38.770000,39.279999,38.500000,39.060001,39.060001,369200
2015-06-01,39.410000,39.799999,38.820000,39.480000,39.480000,285000
2015-06-02,39.250000,39.880001,38.889999,39.700001,39.700001,280300
2015-06-03,39.869999,41.180000,39.490002,41.110001,41.110001,373600
2015-06-04,40.590000,40.810001,40.029999,40.610001,40.610001,218400
2015-06-05,40.860001,41.910000,40.099998,41.889999,41.889999,251400
2015-06-08,41.689999,42.240002,41.689999,41.869999,41.869999,422600
2015-06-09,41.750000,41.750000,40.880001,41.610001,41.610001,225200
2015-06-10,41.720001,42.709999,41.610001,42.529999,42.529999,189300
2015-06-11,42.529999,42.599998,41.799999,42.209999,42.209999,238000
2015-06-12,42.099998,42.160000,41.410000,41.639999,41.639999,163800
2015-06-15,41.400002,41.709999,40.910000,41.639999,41.639999,179500
2015-06-16,41.490002,42.660000,41.490002,42.619999,42.619999,257200
2015-06-17,42.750000,42.910000,42.209999,42.299999,42.299999,119700
2015-06-18,42.250000,43.250000,42.169998,42.570000,42.570000,236800
2015-06-19,42.730000,43.009998,42.110001,42.380001,42.380001,352200
2015-06-22,42.759998,43.250000,42.590000,42.939999,42.939999,168400
2015-06-23,42.959999,43.250000,42.849998,43.250000,43.250000,310000
2015-06-24,43.250000,43.610001,43.040001,43.259998,43.259998,228700
2015-06-25,43.340000,44.369999,43.299999,43.759998,43.759998,327700
2015-06-26,43.900002,44.209999,43.299999,43.490002,43.490002,475500
2015-06-29,43.009998,43.549999,41.869999,42.060001,42.060001,298400
2015-06-30,42.500000,43.000000,42.369999,42.560001,42.560001,286400
2015-07-01,42.880001,43.020000,41.939999,42.290001,42.290001,184900
2015-07-02,42.310001,42.369999,41.040001,41.310001,41.310001,161100
2015-07-06,41.000000,41.689999,40.740002,40.990002,40.990002,251300
2015-07-07,41.119999,41.119999,39.810001,41.009998,41.009998,309200
2015-07-08,40.290001,40.750000,40.290001,40.590000,40.590000,301000
2015-07-09,41.189999,41.299999,40.299999,41.189999,41.189999,191100
2015-07-10,42.000000,42.360001,41.320000,42.299999,42.299999,165300
2015-07-13,42.730000,43.180000,42.169998,42.490002,42.490002,168100
2015-07-14,42.619999,43.169998,42.490002,43.060001,43.060001,128900
2015-07-15,43.000000,43.189999,42.570000,42.950001,42.950001,179100
2015-07-16,43.389999,43.389999,42.619999,43.070000,43.070000,174700
2015-07-17,43.029999,43.250000,42.070000,42.299999,42.299999,244400
2015-07-20,42.439999,42.590000,41.740002,42.509998,42.509998,252000
2015-07-21,42.549999,43.770000,42.450001,43.459999,43.459999,286200
2015-07-22,44.150002,46.820000,41.990002,46.330002,46.330002,636800
2015-07-23,46.820000,46.980000,46.000000,46.259998,46.259998,397400
2015-07-24,46.110001,46.490002,44.919998,45.180000,45.180000,272700
2015-07-27,44.580002,45.200001,44.380001,45.060001,45.060001,165400
2015-07-28,45.279999,46.000000,44.389999,45.439999,45.439999,253400
2015-07-29,45.459999,46.700001,45.080002,45.209999,45.209999,235800
2015-07-30,45.000000,45.759998,44.709999,45.349998,45.349998,131000
2015-07-31,45.389999,45.740002,45.040001,45.160000,45.160000,158700
2015-08-03,45.320000,45.509998,44.310001,44.529999,44.529999,179100
2015-08-04,44.680000,45.400002,44.529999,45.270000,45.270000,125900
2015-08-05,45.570000,46.910000,45.570000,46.259998,46.259998,190600
2015-08-06,46.250000,46.930000,45.320000,45.430000,45.430000,215500
2015-08-07,44.959999,45.189999,43.750000,44.889999,44.889999,127500
2015-08-10,45.270000,45.490002,44.430000,44.830002,44.830002,212100
2015-08-11,44.500000,45.490002,44.500000,45.430000,45.430000,133700
2015-08-12,45.000000,45.770000,44.410000,45.500000,45.500000,170100
2015-08-13,45.439999,45.980000,44.799999,45.060001,45.060001,102900
2015-08-14,44.919998,45.240002,44.369999,44.830002,44.830002,102700
2015-08-17,44.790001,45.490002,44.500000,45.459999,45.459999,115300
2015-08-18,45.480000,46.119999,44.970001,45.029999,45.029999,123000
2015-08-19,44.770000,44.779999,43.689999,44.189999,44.189999,158000
2015-08-20,44.000000,44.000000,42.090000,42.139999,42.139999,191100
2015-08-21,41.270000,41.919998,40.290001,41.580002,41.580002,331600
2015-08-24,39.290001,41.520000,29.340000,39.349998,39.349998,526200
2015-08-25,40.889999,41.000000,39.360001,40.009998,40.009998,284400
2015-08-26,40.959999,41.340000,39.029999,40.480000,40.480000,236800
2015-08-27,40.919998,41.720001,40.529999,41.349998,41.349998,185100
2015-08-28,41.340000,41.860001,40.689999,41.400002,41.400002,143900
2015-08-31,41.330002,41.810001,40.520000,40.680000,40.680000,164600
2015-09-01,40.000000,40.290001,39.000000,39.130001,39.130001,191100
2015-09-02,39.770000,39.950001,38.720001,39.450001,39.450001,266500
2015-09-03,39.630001,40.770000,39.630001,39.709999,39.709999,141500
2015-09-04,39.150002,39.970001,39.099998,39.560001,39.560001,116500
2015-09-08,40.110001,40.720001,39.340000,40.509998,40.509998,139900
2015-09-09,40.910000,41.000000,39.590000,39.590000,39.590000,242300
2015-09-10,39.540001,40.259998,39.290001,40.049999,40.049999,182900
2015-09-11,39.759998,40.029999,38.840000,38.980000,38.980000,394300
2015-09-14,39.029999,40.669998,39.029999,40.599998,40.599998,295700
2015-09-15,40.740002,41.220001,40.209999,41.000000,41.000000,158000
2015-09-16,40.900002,41.500000,40.540001,41.419998,41.419998,118000
2015-09-17,41.349998,43.299999,41.349998,42.980000,42.980000,274500
2015-09-18,42.200001,43.200001,42.200001,42.470001,42.470001,248000
2015-09-21,42.900002,43.230000,41.990002,42.330002,42.330002,188500
2015-09-22,41.849998,42.470001,41.490002,42.250000,42.250000,280800
2015-09-23,42.509998,43.110001,42.070000,42.470001,42.470001,178900
2015-09-24,42.110001,42.590000,41.680000,42.380001,42.380001,144000
2015-09-25,42.799999,42.799999,40.570000,40.939999,40.939999,228300
2015-09-28,40.639999,40.669998,38.750000,39.180000,39.180000,283600
2015-09-29,39.099998,39.299999,38.000000,38.240002,38.240002,289100
2015-09-30,38.900002,39.580002,38.259998,39.450001,39.450001,360300
2015-10-01,39.389999,39.700001,38.790001,39.480000,39.480000,230900
2015-10-02,39.099998,40.130001,38.779999,40.090000,40.090000,184500
2015-10-05,40.459999,40.869999,39.610001,39.750000,39.750000,167200
2015-10-06,39.669998,39.669998,37.849998,38.310001,38.310001,178700
2015-10-07,38.459999,39.130001,38.000000,39.009998,39.009998,250100
2015-10-08,38.860001,39.090000,38.020000,38.689999,38.689999,258800
2015-10-09,38.779999,39.889999,38.709999,39.169998,39.169998,153900
2015-10-12,39.200001,40.220001,38.660000,39.900002,39.900002,183400
2015-10-13,39.750000,40.060001,39.080002,39.369999,39.369999,166100
2015-10-14,39.270000,39.770000,38.009998,38.910000,38.910000,224600
2015-10-15,38.970001,40.580002,38.970001,40.549999,40.549999,134900
2015-10-16,43.250000,45.900002,42.720001,44.200001,44.200001,1535200
2015-10-19,44.200001,44.889999,44.049999,44.700001,44.700001,352000
2015-10-20,44.750000,45.099998,43.369999,43.540001,43.540001,300800
2015-10-21,45.250000,46.220001,43.730000,45.000000,45.000000,727500
2015-10-22,45.000000,46.080002,44.500000,46.060001,46.060001,497500
2015-10-23,46.360001,46.529999,45.230000,45.560001,45.560001,413400
2015-10-26,45.450001,46.279999,45.169998,45.330002,45.330002,209700
2015-10-27,45.320000,46.459999,45.310001,45.580002,45.580002,349800
2015-10-28,45.560001,46.160000,45.290001,45.900002,45.900002,335000
2015-10-29,46.000000,46.099998,45.189999,45.380001,45.380001,178000
2015-10-30,45.490002,45.880001,45.220001,45.529999,45.529999,233000
2015-11-02,45.590000,46.799999,45.590000,46.290001,46.290001,241600
2015-11-03,46.099998,46.490002,45.590000,46.020000,46.020000,143900
2015-11-04,45.900002,47.430000,45.900002,46.660000,46.660000,262300
2015-11-05,47.009998,47.980000,46.930000,47.840000,47.840000,349100
2015-11-06,47.660000,48.110001,47.520000,48.000000,48.000000,262100
2015-11-09,47.869999,48.580002,47.139999,48.340000,48.340000,400100
2015-11-10,48.389999,48.619999,47.720001,47.830002,47.830002,260300
2015-11-11,47.939999,47.939999,47.270000,47.279999,47.279999,143900
2015-11-12,47.150002,47.549999,45.970001,46.779999,46.779999,443600
2015-11-13,47.200001,47.439999,46.509998,46.689999,46.689999,201900
2015-11-16,46.810001,47.279999,45.869999,46.820000,46.820000,287000
2015-11-17,46.779999,47.570000,46.470001,46.720001,46.720001,195900
2015-11-18,46.840000,47.990002,46.230000,47.959999,47.959999,207800
2015-11-19,47.759998,47.770000,46.570000,46.730000,46.730000,161800
2015-11-20,47.040001,47.349998,46.639999,47.270000,47.270000,153500
2015-11-23,47.439999,48.290001,47.060001,47.680000,47.680000,244700
2015-11-24,47.419998,48.150002,47.419998,47.889999,47.889999,246100
2015-11-25,47.799999,49.209999,47.799999,48.779999,48.779999,312400
2015-11-27,49.020000,49.720001,48.900002,49.220001,49.220001,147700
2015-11-30,49.490002,49.720001,48.509998,48.779999,48.779999,248000
2015-12-01,47.549999,50.450001,47.549999,50.240002,50.240002,573500
2015-12-02,50.349998,50.950001,49.939999,50.270000,50.270000,328600
2015-12-03,50.310001,51.049999,49.860001,49.930000,49.930000,459900
2015-12-04,49.880001,50.660000,49.529999,49.980000,49.980000,306200
2015-12-07,50.000000,50.310001,49.040001,49.080002,49.080002,328300
2015-12-08,48.549999,49.560001,48.400002,49.330002,49.330002,247200
2015-12-09,49.139999,49.570000,48.590000,48.700001,48.700001,175400
2015-12-10,48.619999,49.720001,48.619999,49.049999,49.049999,198900
2015-12-11,48.250000,49.310001,48.250000,48.799999,48.799999,381700
2015-12-14,49.299999,50.279999,48.930000,49.500000,49.500000,411900
2015-12-15,49.810001,50.090000,49.029999,49.840000,49.840000,186900
2015-12-16,50.000000,50.250000,49.259998,50.169998,50.169998,222900
2015-12-17,50.450001,50.849998,50.139999,50.480000,50.480000,258800
2015-12-18,50.349998,50.860001,47.869999,47.970001,47.970001,966100
2015-12-21,48.389999,48.799999,47.419998,48.189999,48.189999,296700
2015-12-22,48.310001,48.830002,47.889999,48.669998,48.669998,148600
2015-12-23,49.009998,49.009998,48.009998,48.110001,48.110001,163900
2015-12-24,48.209999,49.389999,48.130001,48.919998,48.919998,97000
2015-12-28,48.750000,49.099998,48.360001,49.080002,49.080002,136300
2015-12-29,49.099998,49.950001,48.150002,49.509998,49.509998,159500
2015-12-30,49.560001,49.889999,48.939999,48.980000,48.980000,138000
2015-12-31,48.849998,48.939999,47.950001,48.049999,48.049999,299500
2016-01-04,47.099998,47.240002,45.259998,45.500000,45.500000,486400
2016-01-05,45.619999,46.220001,45.169998,45.470001,45.470001,212400
2016-01-06,44.950001,46.470001,44.950001,46.150002,46.150002,218800
2016-01-07,45.320000,45.889999,44.700001,45.020000,45.020000,296900
2016-01-08,45.250000,46.139999,43.119999,43.200001,43.200001,287300
2016-01-11,41.259998,41.930000,37.740002,38.250000,38.250000,1395700
2016-01-12,38.049999,39.490002,38.049999,38.740002,38.740002,465100
2016-01-13,38.750000,39.970001,37.889999,37.980000,37.980000,450200
2016-01-14,38.049999,39.049999,37.270000,38.470001,38.470001,237600
2016-01-15,37.490002,37.820000,36.459999,37.529999,37.529999,258600
2016-01-19,36.459999,37.869999,36.290001,36.790001,36.790001,406300
2016-01-20,35.919998,36.820000,34.220001,36.320000,36.320000,522800
2016-01-21,36.470001,36.939999,35.910000,36.560001,36.560001,418500
2016-01-22,37.040001,37.230000,36.470001,36.759998,36.759998,226800
2016-01-25,36.470001,37.160000,36.250000,36.430000,36.430000,306200
2016-01-26,36.529999,37.180000,36.160000,36.950001,36.950001,296300
2016-01-27,39.990002,40.910000,36.860001,37.150002,37.150002,541500
2016-01-28,38.009998,38.009998,33.590000,34.709999,34.709999,755600
2016-01-29,34.709999,35.410000,34.709999,35.279999,35.279999,473200
2016-02-01,34.959999,35.389999,34.549999,35.049999,35.049999,266100
2016-02-02,34.790001,35.080002,33.959999,34.250000,34.250000,241100
2016-02-03,34.490002,34.759998,33.669998,34.430000,34.430000,212100
2016-02-04,34.270000,35.349998,33.709999,34.080002,34.080002,138900
2016-02-05,33.889999,36.480000,32.970001,32.990002,32.990002,224200
2016-02-08,32.590000,33.230000,32.000000,32.759998,32.759998,263400
2016-02-09,32.279999,34.330002,32.150002,34.070000,34.070000,337700
2016-02-10,34.430000,35.560001,33.860001,33.990002,33.990002,213200
2016-02-11,33.490002,35.290001,33.000000,34.090000,34.090000,165700
2016-02-12,34.439999,34.680000,33.090000,33.380001,33.380001,322800
2016-02-16,33.549999,33.660000,32.189999,32.919998,32.919998,532500
2016-02-17,33.070000,33.349998,32.650002,33.189999,33.189999,415100
2016-02-18,33.299999,33.610001,32.980000,33.040001,33.040001,219800
2016-02-19,32.959999,35.740002,32.459999,35.419998,35.419998,831800
2016-02-22,36.380001,36.400002,35.529999,35.630001,35.630001,533200
2016-02-23,36.000000,36.820000,35.279999,35.700001,35.700001,219000
2016-02-24,35.310001,36.500000,35.110001,36.430000,36.430000,246900
2016-02-25,36.480000,36.970001,35.759998,36.919998,36.919998,213100
2016-02-26,37.360001,37.750000,36.730000,37.209999,37.209999,222100
2016-02-29,37.509998,37.509998,36.259998,36.320000,36.320000,266800
2016-03-01,36.330002,36.349998,35.049999,36.189999,36.189999,277600
2016-03-02,36.169998,36.660000,35.279999,35.490002,35.490002,467100
2016-03-03,35.549999,36.869999,35.529999,36.740002,36.740002,303900
2016-03-04,36.959999,38.759998,36.599998,38.669998,38.669998,384800
2016-03-07,38.970001,39.630001,38.509998,38.790001,38.790001,314600
2016-03-08,38.799999,39.570000,37.840000,38.250000,38.250000,421800
2016-03-09,38.500000,39.020000,37.150002,37.799999,37.799999,473800
2016-03-10,38.060001,39.490002,37.259998,37.450001,37.450001,272700
2016-03-11,37.689999,38.869999,37.529999,38.830002,38.830002,289500
2016-03-14,39.029999,39.639999,38.709999,38.980000,38.980000,312900
2016-03-15,38.770000,38.810001,38.090000,38.110001,38.110001,270000
2016-03-16,38.070000,38.529999,37.060001,37.290001,37.290001,296200
2016-03-17,37.439999,38.369999,35.689999,38.290001,38.290001,457900
2016-03-18,38.459999,39.410000,38.160000,39.009998,39.009998,442800
2016-03-21,39.000000,39.360001,38.380001,39.000000,39.000000,223900
2016-03-22,38.680000,39.250000,38.410000,38.560001,38.560001,260800
2016-03-23,38.560001,38.680000,37.380001,37.400002,37.400002,289500
2016-03-24,37.189999,37.220001,36.459999,37.110001,37.110001,182700
2016-03-28,37.110001,37.939999,37.070000,37.820000,37.820000,173900
2016-03-29,37.650002,39.189999,37.529999,39.139999,39.139999,248400
2016-03-30,39.060001,39.650002,39.060001,39.189999,39.189999,229800
2016-03-31,38.939999,39.619999,37.830002,38.430000,38.430000,313300
2016-04-01,38.299999,39.810001,38.290001,39.639999,39.639999,212300
2016-04-04,34.700001,35.000000,31.260000,31.840000,31.840000,2720000
2016-04-05,30.940001,31.930000,29.540001,29.680000,29.680000,1875700
2016-04-06,29.750000,31.219999,29.600000,31.190001,31.190001,692700
2016-04-07,30.930000,31.389999,29.700001,30.049999,30.049999,601700
2016-04-08,30.469999,30.799999,30.000000,30.370001,30.370001,325000
2016-04-11,30.400000,30.660000,30.000000,30.160000,30.160000,350800
2016-04-12,30.160000,30.219999,29.540001,30.049999,30.049999,368200
2016-04-13,30.320000,31.209999,30.059999,31.100000,31.100000,320900
2016-04-14,31.190001,31.400000,30.790001,30.959999,30.959999,265600
2016-04-15,30.910000,31.139999,30.709999,31.110001,31.110001,186400
2016-04-18,30.950001,31.760000,30.680000,31.340000,31.340000,379200
2016-04-19,31.500000,31.700001,30.920000,31.410000,31.410000,371100
2016-04-20,31.129999,33.750000,31.129999,33.200001,33.200001,1320300
2016-04-21,33.299999,34.029999,32.639999,32.720001,32.720001,566400
2016-04-22,32.779999,34.119999,32.459999,34.090000,34.090000,638700
2016-04-25,34.110001,34.209999,33.330002,33.410000,33.410000,393400
2016-04-26,33.610001,34.700001,33.410000,34.139999,34.139999,344700
2016-04-27,34.020000,34.380001,33.529999,33.740002,33.740002,238700
2016-04-28,33.770000,33.900002,32.980000,33.009998,33.009998,360800
2016-04-29,32.889999,32.889999,31.520000,31.870001,31.870001,478300
2016-05-02,32.169998,32.270000,31.440001,32.000000,32.000000,386600
2016-05-03,31.709999,32.220001,31.480000,31.780001,31.780001,313300
2016-05-04,31.570000,32.290001,31.190001,32.040001,32.040001,368300
2016-05-05,32.270000,32.520000,32.080002,32.310001,32.310001,269400
2016-05-06,32.130001,32.540001,31.610001,32.139999,32.139999,423600
2016-05-09,32.259998,33.189999,32.139999,32.779999,32.779999,220800
2016-05-10,33.029999,33.200001,32.630001,33.029999,33.029999,216600
2016-05-11,32.919998,33.200001,32.380001,32.490002,32.490002,238400
2016-05-12,32.480000,32.740002,32.049999,32.490002,32.490002,310000
2016-05-13,32.410000,32.570000,31.799999,32.020000,32.020000,215800
2016-05-16,32.000000,33.110001,32.000000,32.759998,32.759998,207500
2016-05-17,32.779999,33.320000,32.000000,32.330002,32.330002,245800
2016-05-18,32.099998,32.880001,32.009998,32.750000,32.750000,170800
2016-05-19,32.759998,32.950001,31.860001,32.189999,32.189999,200700
2016-05-20,32.450001,33.040001,32.009998,32.860001,32.860001,174700
2016-05-23,32.799999,33.220001,32.380001,32.500000,32.500000,179900
2016-05-24,32.759998,33.730000,32.509998,33.549999,33.549999,200400
2016-05-25,33.720001,33.790001,32.869999,32.889999,32.889999,265300
2016-05-26,32.840000,32.840000,31.900000,31.930000,31.930000,435300
2016-05-27,32.080002,32.889999,31.840000,32.700001,32.700001,413500
2016-05-31,32.779999,32.950001,32.240002,32.330002,32.330002,362500
2016-06-01,32.230000,33.520000,32.139999,33.459999,33.459999,311700
2016-06-02,33.180000,34.000000,33.180000,33.970001,33.970001,191900
2016-06-03,34.389999,34.700001,33.830002,34.160000,34.160000,316800
2016-06-06,34.119999,35.209999,34.119999,34.950001,34.950001,197700
2016-06-07,34.930000,35.480000,34.680000,35.340000,35.340000,232300
2016-06-08,35.270000,35.430000,34.779999,35.270000,35.270000,197000
2016-06-09,35.230000,36.770000,35.230000,36.709999,36.709999,471400
2016-06-10,36.330002,36.939999,36.119999,36.389999,36.389999,524700
2016-06-13,36.130001,36.619999,35.799999,36.529999,36.529999,400300
2016-06-14,36.349998,36.349998,35.130001,35.880001,35.880001,406100
2016-06-15,35.970001,36.049999,35.680000,35.750000,35.750000,199900
2016-06-16,35.410000,35.709999,35.060001,35.529999,35.529999,251500
2016-06-17,35.470001,35.470001,34.630001,34.650002,34.650002,479600
2016-06-20,34.980000,36.549999,34.869999,36.220001,36.220001,483500
2016-06-21,36.209999,36.380001,35.009998,35.209999,35.209999,301800
2016-06-22,35.250000,36.299999,35.230000,35.660000,35.660000,241900
2016-06-23,36.169998,36.660000,35.799999,36.549999,36.549999,179600
2016-06-24,34.730000,36.380001,34.270000,36.000000,36.000000,619800
2016-06-27,35.529999,36.049999,35.130001,35.959999,35.959999,452600
2016-06-28,35.919998,37.450001,35.900002,37.139999,37.139999,560400
2016-06-29,37.599998,37.740002,37.029999,37.270000,37.270000,384600
2016-06-30,37.180000,37.830002,37.000000,37.799999,37.799999,292200
2016-07-01,37.700001,37.860001,37.349998,37.810001,37.810001,209300
2016-07-05,37.680000,37.680000,36.799999,36.849998,36.849998,236600
2016-07-06,36.820000,38.439999,36.820000,38.310001,38.310001,400800
2016-07-07,39.000000,39.529999,38.200001,39.080002,39.080002,261400
2016-07-08,39.250000,39.770000,39.049999,39.650002,39.650002,244900
2016-07-11,39.709999,40.450001,39.709999,40.439999,40.439999,309900
2016-07-12,40.529999,41.000000,40.509998,40.810001,40.810001,302000
2016-07-13,41.060001,41.080002,40.410000,40.669998,40.669998,213000
2016-07-14,40.880001,41.259998,40.480000,40.639999,40.639999,342500
2016-07-15,40.919998,41.240002,40.630001,40.660000,40.660000,199000
2016-07-18,40.939999,41.189999,40.230000,40.250000,40.250000,220400
2016-07-19,40.520000,41.119999,40.230000,40.299999,40.299999,422300
2016-07-20,40.830002,41.279999,38.910000,39.470001,39.470001,948500
2016-07-21,39.820000,40.180000,38.860001,39.299999,39.299999,362200
2016-07-22,39.130001,39.520000,38.910000,39.450001,39.450001,213300
2016-07-25,39.459999,39.750000,38.930000,39.410000,39.410000,226400
2016-07-26,39.310001,39.830002,39.209999,39.669998,39.669998,223800
2016-07-27,39.599998,40.189999,39.570000,40.000000,40.000000,313400
2016-07-28,40.009998,40.139999,39.520000,39.570000,39.570000,178600
2016-07-29,39.549999,39.720001,39.200001,39.330002,39.330002,251300
2016-08-01,39.599998,39.860001,38.980000,39.180000,39.180000,243500
2016-08-02,39.000000,39.200001,38.320000,38.450001,38.450001,206700
2016-08-03,38.230000,38.639999,38.029999,38.400002,38.400002,188300
2016-08-04,38.639999,39.990002,38.400002,38.439999,38.439999,131500
2016-08-05,38.599998,39.110001,38.410000,38.790001,38.790001,161600
2016-08-08,38.700001,39.060001,37.790001,38.029999,38.029999,211000
2016-08-09,37.980000,39.250000,37.980000,38.509998,38.509998,134800
2016-08-10,38.540001,38.709999,37.980000,38.380001,38.380001,134700
2016-08-11,38.380001,38.560001,38.180000,38.400002,38.400002,99100
2016-08-12,38.270000,39.020000,38.000000,38.830002,38.830002,288500
2016-08-15,39.880001,39.880001,38.869999,39.070000,39.070000,264300
2016-08-16,39.060001,39.200001,38.660000,38.709999,38.709999,172500
2016-08-17,38.880001,39.090000,37.250000,37.980000,37.980000,334800
2016-08-18,37.980000,38.279999,37.770000,38.250000,38.250000,169800
2016-08-19,38.299999,38.389999,37.700001,38.360001,38.360001,137700
2016-08-22,38.410000,38.750000,38.080002,38.720001,38.720001,151100
2016-08-23,38.770000,39.220001,38.669998,39.049999,39.049999,118600
2016-08-24,39.099998,39.349998,38.500000,38.639999,38.639999,107700
2016-08-25,38.549999,38.889999,38.240002,38.470001,38.470001,199800
2016-08-26,38.450001,39.040001,38.270000,38.700001,38.700001,146000
2016-08-29,38.950001,39.689999,38.770000,39.439999,39.439999,196200
2016-08-30,39.580002,39.669998,39.099998,39.529999,39.529999,119000
2016-08-31,39.650002,39.650002,38.830002,38.910000,38.910000,207100
2016-09-01,38.910000,40.369999,38.330002,39.709999,39.709999,361500
2016-09-02,39.930000,40.669998,39.820000,40.639999,40.639999,227100
2016-09-06,40.880001,42.130001,40.029999,42.110001,42.110001,376000
2016-09-07,42.000000,42.770000,41.299999,42.720001,42.720001,378800
2016-09-08,43.070000,43.779999,42.419998,42.860001,42.860001,304200
2016-09-09,42.880001,42.959999,41.000000,41.000000,41.000000,270500
2016-09-12,41.000000,41.040001,40.250000,41.000000,41.000000,305600
2016-09-13,42.790001,42.790001,40.169998,41.029999,41.029999,772400
2016-09-14,41.060001,41.330002,40.470001,40.669998,40.669998,179200
2016-09-15,40.529999,41.950001,40.529999,41.880001,41.880001,291500
2016-09-16,42.000000,42.910000,41.730000,42.610001,42.610001,449400
2016-09-19,43.000000,43.310001,42.849998,42.959999,42.959999,241400
2016-09-20,43.169998,43.459999,42.950001,43.200001,43.200001,152500
2016-09-21,43.200001,43.799999,42.889999,43.790001,43.790001,167900
2016-09-22,44.000000,44.389999,43.619999,44.380001,44.380001,298100
2016-09-23,44.340000,44.380001,43.500000,43.990002,43.990002,194700
2016-09-26,41.509998,42.150002,38.009998,39.709999,39.709999,1793300
2016-09-27,39.480000,39.480000,38.299999,39.320000,39.320000,544800
2016-09-28,39.250000,40.000000,38.310001,39.889999,39.889999,1110500
2016-09-29,39.779999,40.029999,38.830002,39.040001,39.040001,442500
2016-09-30,39.259998,39.520000,38.820000,39.290001,39.290001,475900
2016-10-03,39.279999,39.959999,38.660000,39.910000,39.910000,486000
2016-10-04,40.369999,40.549999,39.009998,39.689999,39.689999,430200
2016-10-05,39.990002,41.099998,39.750000,40.490002,40.490002,514300
2016-10-06,40.230000,40.730000,39.790001,40.590000,40.590000,200900
2016-10-07,40.669998,41.320000,40.459999,41.189999,41.189999,184600
2016-10-10,41.349998,42.200001,41.349998,42.049999,42.049999,248200
2016-10-11,41.799999,42.009998,40.500000,40.700001,40.700001,197700
2016-10-12,40.849998,41.349998,40.599998,41.000000,41.000000,139400
2016-10-13,40.700001,41.099998,40.400002,40.799999,40.799999,197700
2016-10-14,41.049999,41.049999,40.250000,40.650002,40.650002,184500
2016-10-17,40.450001,40.950001,40.099998,40.150002,40.150002,223600
2016-10-18,40.650002,40.700001,39.500000,39.700001,39.700001,574600
2016-10-19,43.750000,43.849998,41.650002,42.000000,42.000000,1545100
2016-10-20,42.299999,42.700001,41.500000,41.650002,41.650002,779600
2016-10-21,41.299999,41.650002,40.900002,41.150002,41.150002,454800
2016-10-24,41.549999,42.150002,41.250000,41.299999,41.299999,269400
2016-10-25,41.299999,41.299999,40.000000,40.099998,40.099998,345400
2016-10-26,39.950001,40.880001,38.849998,39.250000,39.250000,332000
2016-10-27,39.049999,39.049999,37.900002,37.950001,37.950001,342000
2016-10-28,38.650002,39.650002,38.389999,39.349998,39.349998,354000
2016-10-31,39.250000,39.599998,38.849998,39.349998,39.349998,234600
2016-11-01,39.299999,39.549999,38.150002,38.650002,38.650002,232100
2016-11-02,38.500000,39.349998,38.150002,38.200001,38.200001,222700
2016-11-03,38.450001,38.750000,37.799999,37.849998,37.849998,191000
2016-11-04,37.849998,38.400002,37.849998,38.150002,38.150002,312200
2016-11-07,38.849998,39.650002,38.750000,39.450001,39.450001,166800
2016-11-08,39.099998,40.250000,38.509998,39.500000,39.500000,188700
2016-11-09,38.799999,40.049999,37.900002,39.650002,39.650002,362400
2016-11-10,39.750000,40.299999,39.200001,39.549999,39.549999,315500
2016-11-11,39.650002,40.599998,39.400002,40.450001,40.450001,358900
2016-11-14,40.349998,41.349998,40.349998,41.000000,41.000000,309500
2016-11-15,40.900002,42.900002,40.900002,42.799999,42.799999,338900
2016-11-16,42.799999,43.250000,42.599998,43.099998,43.099998,296000
2016-11-17,42.950001,43.700001,42.750000,43.650002,43.650002,177600
2016-11-18,43.650002,43.750000,43.349998,43.700001,43.700001,185200
2016-11-21,43.750000,43.849998,43.099998,43.500000,43.500000,168600
2016-11-22,43.400002,43.400002,41.849998,42.349998,42.349998,218400
2016-11-23,42.299999,42.900002,41.950001,42.450001,42.450001,242400
2016-11-25,42.200001,43.099998,42.200001,42.599998,42.599998,66200
2016-11-28,42.599998,42.599998,40.799999,42.000000,42.000000,510300
2016-11-29,41.900002,42.400002,41.650002,42.049999,42.049999,451100
2016-11-30,42.049999,42.230000,39.700001,39.849998,39.849998,543500
2016-12-01,39.950001,40.599998,37.049999,37.650002,37.650002,726400
2016-12-02,37.599998,38.209999,36.849998,37.000000,37.000000,544400
2016-12-05,37.150002,37.900002,36.750000,37.049999,37.049999,546400
2016-12-06,37.250000,38.049999,36.349998,38.000000,38.000000,453400
2016-12-07,38.000000,38.490002,37.200001,38.049999,38.049999,233400
2016-12-08,37.900002,39.000000,37.349998,38.549999,38.549999,236900
2016-12-09,38.799999,39.700001,38.650002,39.250000,39.250000,383700
2016-12-12,39.099998,39.450001,38.349998,38.849998,38.849998,298800
2016-12-13,38.950001,39.150002,38.099998,38.299999,38.299999,303200
2016-12-14,38.250000,38.450001,37.299999,37.750000,37.750000,339800
2016-12-15,37.849998,38.000000,37.400002,37.700001,37.700001,371800
2016-12-16,36.500000,36.880001,34.750000,34.849998,34.849998,2854800
2016-12-19,34.900002,36.250000,34.700001,34.799999,34.799999,997800
2016-12-20,34.799999,35.450001,33.779999,34.150002,34.150002,732300
2016-12-21,34.200001,34.799999,33.900002,34.150002,34.150002,657500
2016-12-22,34.000000,34.150002,33.150002,33.599998,33.599998,651700
2016-12-23,33.500000,35.349998,33.400002,35.000000,35.000000,1074800
2016-12-27,35.099998,35.650002,34.799999,34.950001,34.950001,413100
2016-12-28,34.900002,34.900002,34.150002,34.450001,34.450001,248700
2016-12-29,34.599998,35.299999,34.400002,34.799999,34.799999,287500
2016-12-30,34.750000,35.049999,34.400002,34.799999,34.799999,317400
2017-01-03,35.099998,35.799999,34.549999,35.099998,35.099998,528400
2017-01-04,35.049999,35.669998,34.450001,35.549999,35.549999,1056000
2017-01-05,35.349998,36.200001,35.150002,35.799999,35.799999,683900
2017-01-06,35.700001,36.650002,35.299999,35.750000,35.750000,873800
2017-01-09,35.250000,38.150002,34.500000,37.450001,37.450001,1142400
2017-01-10,37.400002,37.500000,36.549999,36.549999,36.549999,664900
2017-01-11,36.700001,37.799999,36.500000,37.750000,37.750000,369500
2017-01-12,37.599998,38.000000,36.639999,37.900002,37.900002,269800
2017-01-13,38.000000,38.900002,38.000000,38.750000,38.750000,352200
2017-01-17,38.450001,38.900002,37.450001,38.500000,38.500000,509200
2017-01-18,38.750000,38.799999,38.150002,38.750000,38.750000,340700
2017-01-19,38.750000,38.750000,36.799999,37.000000,37.000000,611900
2017-01-20,37.049999,37.700001,36.950001,37.650002,37.650002,295300
2017-01-23,37.650002,38.200001,37.400002,37.849998,37.849998,301500
2017-01-24,37.799999,38.750000,37.299999,38.700001,38.700001,482900
2017-01-25,38.849998,39.400002,38.599998,39.099998,39.099998,522000
2017-01-26,39.000000,39.200001,38.650002,38.950001,38.950001,588000
2017-01-27,39.150002,39.450001,38.799999,39.099998,39.099998,604700
2017-01-30,38.900002,39.099998,37.950001,38.299999,38.299999,755700
2017-01-31,38.299999,39.250000,38.250000,39.049999,39.049999,595600
2017-02-01,37.849998,38.200001,36.250000,36.599998,36.599998,1435900
2017-02-02,34.750000,36.299999,33.549999,36.049999,36.049999,1282800
2017-02-03,36.250000,36.400002,35.349998,35.500000,35.500000,1226400
2017-02-06,35.500000,35.849998,35.299999,35.599998,35.599998,378500
2017-02-07,35.500000,35.700001,35.299999,35.349998,35.349998,341100
2017-02-08,35.299999,35.349998,34.799999,35.099998,35.099998,350300
2017-02-09,35.049999,36.250000,35.049999,35.950001,35.950001,315900
2017-02-10,36.049999,36.799999,35.599998,36.549999,36.549999,294000
2017-02-13,36.650002,36.709999,35.700001,35.750000,35.750000,238400
2017-02-14,35.599998,36.450001,35.400002,36.299999,36.299999,326600
2017-02-15,36.200001,36.860001,36.150002,36.849998,36.849998,246100
2017-02-16,36.700001,37.250000,36.349998,37.150002,37.150002,260300
2017-02-17,37.099998,38.250000,36.900002,38.150002,38.150002,442800
2017-02-21,38.150002,38.650002,37.900002,37.900002,37.900002,287400
2017-02-22,37.849998,38.049999,37.299999,37.549999,37.549999,285400
2017-02-23,37.549999,37.799999,36.750000,37.799999,37.799999,328300
2017-02-24,37.450001,38.150002,37.250000,37.950001,37.950001,143400
2017-02-27,37.799999,38.450001,37.549999,38.099998,38.099998,276100
2017-02-28,38.049999,38.099998,37.000000,37.029999,37.029999,253900
2017-03-01,37.549999,37.950001,37.250000,37.419998,37.419998,325100
2017-03-02,37.349998,37.700001,36.900002,37.299999,37.299999,192700
2017-03-03,37.250000,37.650002,36.950001,37.599998,37.599998,141600
2017-03-06,37.450001,37.549999,37.060001,37.250000,37.250000,214700
2017-03-07,37.099998,37.500000,36.630001,37.250000,37.250000,168600
2017-03-08,37.250000,38.099998,37.150002,37.500000,37.500000,320100
2017-03-09,37.450001,37.750000,36.900002,37.049999,37.049999,172300
2017-03-10,37.150002,37.500000,36.630001,36.849998,36.849998,191400
2017-03-13,36.750000,37.400002,36.630001,37.299999,37.299999,180300
2017-03-14,37.049999,37.250000,36.799999,37.099998,37.099998,210400
2017-03-15,37.250000,38.450001,37.250000,38.299999,38.299999,220700
2017-03-16,38.250000,38.700001,37.950001,38.299999,38.299999,287000
2017-03-17,38.349998,39.169998,38.349998,38.950001,38.950001,516300
2017-03-20,38.950001,39.250000,38.700001,39.049999,39.049999,221600
2017-03-21,39.349998,39.349998,38.400002,38.450001,38.450001,336100
2017-03-22,38.500000,38.950001,37.450001,38.400002,38.400002,232900
2017-03-23,38.400002,38.700001,38.000000,38.500000,38.500000,195400
2017-03-24,38.549999,39.750000,38.549999,39.500000,39.500000,299100
2017-03-27,39.400002,39.400002,38.250000,38.599998,38.599998,224800
2017-03-28,38.549999,38.700001,37.950001,38.700001,38.700001,174000
2017-03-29,38.549999,39.000000,38.000000,38.099998,38.099998,229900
2017-03-30,38.200001,38.799999,38.000000,38.549999,38.549999,175400
2017-03-31,38.500000,39.549999,38.349998,39.250000,39.250000,301300
2017-04-03,39.299999,39.299999,38.349998,39.000000,39.000000,228200
2017-04-04,38.950001,39.099998,38.250000,38.700001,38.700001,259700
2017-04-05,38.950001,39.200001,38.049999,38.200001,38.200001,358300
2017-04-06,38.299999,38.599998,37.750000,38.299999,38.299999,221300
2017-04-07,38.250000,38.599998,37.900002,38.549999,38.549999,325200
2017-04-10,38.549999,39.049999,38.250000,38.400002,38.400002,225100
2017-04-11,38.299999,39.299999,38.200001,39.150002,39.150002,170800
2017-04-12,39.099998,39.200001,38.340000,38.799999,38.799999,173900
2017-04-13,38.700001,39.099998,38.500000,38.750000,38.750000,167100
2017-04-17,38.849998,39.400002,38.849998,39.200001,39.200001,168200
2017-04-18,39.049999,39.450001,38.599998,39.400002,39.400002,225300
2017-04-19,39.500000,40.400002,39.500000,40.150002,40.150002,271500
2017-04-20,40.200001,41.040001,39.900002,40.900002,40.900002,214600
2017-04-21,40.799999,40.900002,39.950001,40.250000,40.250000,273900
2017-04-24,40.799999,41.099998,40.549999,40.599998,40.599998,222600
2017-04-25,40.849998,41.250000,40.299999,40.400002,40.400002,373100
2017-04-26,38.000000,38.000000,35.080002,36.200001,36.200001,1774800
2017-04-27,36.150002,36.349998,35.200001,35.450001,35.450001,818200
2017-04-28,35.349998,35.450001,34.500000,35.000000,35.000000,834400
2017-05-01,35.049999,35.900002,34.450001,35.849998,35.849998,707100
2017-05-02,35.799999,35.950001,35.299999,35.549999,35.549999,381700
2017-05-03,35.450001,35.450001,34.599998,34.700001,34.700001,368900
2017-05-04,34.650002,34.650002,33.799999,34.200001,34.200001,374900
2017-05-05,34.349998,34.549999,33.950001,34.549999,34.549999,266200
2017-05-08,34.450001,34.869999,34.150002,34.349998,34.349998,373600
2017-05-09,34.250000,34.450001,34.049999,34.299999,34.299999,207600
2017-05-10,34.150002,34.650002,34.049999,34.400002,34.400002,226000
2017-05-11,34.250000,34.349998,33.900002,34.150002,34.150002,355100
2017-05-12,34.049999,34.599998,33.700001,34.400002,34.400002,653600
2017-05-15,34.599998,35.250000,34.150002,34.450001,34.450001,479700
2017-05-16,34.599998,34.770000,33.919998,34.099998,34.099998,261600
2017-05-17,33.950001,34.110001,33.279999,33.669998,33.669998,444100
2017-05-18,33.700001,34.099998,33.349998,33.900002,33.900002,289100
2017-05-19,33.900002,34.099998,33.549999,33.599998,33.599998,283200
2017-05-22,33.549999,34.049999,33.450001,33.849998,33.849998,167300
2017-05-23,33.950001,34.049999,33.500000,33.750000,33.750000,252800
2017-05-24,33.750000,34.549999,33.750000,34.349998,34.349998,364700
2017-05-25,34.400002,35.150002,34.200001,34.849998,34.849998,323700
2017-05-26,34.750000,34.750000,34.200001,34.400002,34.400002,197800
2017-05-30,34.400002,34.650002,34.200001,34.200001,34.200001,144700
2017-05-31,34.250000,34.500000,33.599998,33.900002,33.900002,195800
2017-06-01,34.150002,36.529999,34.000000,36.450001,36.450001,505800
2017-06-02,36.549999,37.099998,36.349998,36.750000,36.750000,459100
2017-06-05,36.650002,36.700001,36.080002,36.299999,36.299999,207200
2017-06-06,36.150002,36.500000,34.049999,34.799999,34.799999,850800
2017-06-07,35.099998,35.500000,34.349998,34.500000,34.500000,409900
2017-06-08,34.500000,35.200001,34.250000,34.900002,34.900002,300200
2017-06-09,34.849998,35.450001,34.500000,34.700001,34.700001,409900
2017-06-12,34.599998,35.450001,34.400002,35.099998,35.099998,246500
2017-06-13,35.049999,35.529999,34.900002,35.450001,35.450001,154000
2017-06-14,35.650002,35.650002,34.799999,35.000000,35.000000,243100
2017-06-15,34.849998,35.150002,33.900002,34.549999,34.549999,838300
2017-06-16,34.349998,35.099998,34.150002,35.000000,35.000000,361400
2017-06-19,35.099998,35.700001,34.849998,35.450001,35.450001,375800
2017-06-20,35.599998,36.849998,35.500000,35.599998,35.599998,412800
2017-06-21,35.599998,36.200001,35.599998,35.849998,35.849998,719400
2017-06-22,35.900002,36.849998,35.900002,36.250000,36.250000,494300
2017-06-23,36.200001,36.799999,35.320000,35.450001,35.450001,750500
2017-06-26,35.750000,36.450001,35.349998,35.700001,35.700001,384400
2017-06-27,35.650002,36.330002,35.450001,35.950001,35.950001,207000
2017-06-28,36.150002,37.000000,36.150002,37.000000,37.000000,345500
2017-06-29,36.950001,37.400002,36.700001,36.900002,36.900002,290700
2017-06-30,36.950001,37.400002,36.849998,37.299999,37.299999,184900
2017-07-03,37.400002,37.500000,37.150002,37.250000,37.250000,133300
2017-07-05,37.200001,38.049999,36.950001,37.750000,37.750000,274700
2017-07-06,37.450001,37.480000,36.919998,37.200001,37.200001,255700
2017-07-07,37.299999,37.549999,36.919998,37.549999,37.549999,216800
2017-07-10,37.500000,37.900002,37.299999,37.700001,37.700001,336300
2017-07-11,37.700001,37.849998,37.099998,37.650002,37.650002,401200
2017-07-12,37.750000,37.900002,37.099998,37.400002,37.400002,344200
2017-07-13,37.349998,37.400002,35.950001,36.500000,36.500000,488500
2017-07-14,36.450001,37.500000,36.349998,37.299999,37.299999,394100
2017-07-17,37.349998,37.950001,37.049999,37.799999,37.799999,534500
2017-07-18,37.700001,38.200001,37.400002,38.099998,38.099998,494000
2017-07-19,38.049999,38.950001,38.049999,38.650002,38.650002,516800
2017-07-20,38.700001,39.200001,38.400002,39.099998,39.099998,533200
2017-07-21,39.299999,39.500000,38.349998,38.700001,38.700001,558400
2017-07-24,38.599998,38.599998,38.200001,38.450001,38.450001,243100
2017-07-25,38.650002,39.450001,38.250000,38.450001,38.450001,733100
2017-07-26,39.299999,39.299999,36.150002,36.250000,36.250000,1016000
2017-07-27,38.150002,38.150002,35.099998,35.849998,35.849998,1005000
2017-07-28,35.849998,35.900002,35.200001,35.200001,35.200001,378700
2017-07-31,35.250000,35.549999,35.099998,35.200001,35.200001,313100
2017-08-01,35.349998,35.480000,35.049999,35.299999,35.299999,291500
2017-08-02,35.250000,35.549999,34.700001,35.150002,35.150002,354000
2017-08-03,35.099998,35.549999,34.549999,34.849998,34.849998,265000
2017-08-04,34.950001,35.200001,34.599998,34.900002,34.900002,286900
2017-08-07,34.799999,35.000000,34.450001,34.549999,34.549999,229200
2017-08-08,34.400002,34.980000,33.500000,33.700001,33.700001,480800
2017-08-09,33.599998,33.880001,33.299999,33.750000,33.750000,433200
2017-08-10,33.650002,33.650002,32.830002,33.099998,33.099998,379300
2017-08-11,33.200001,33.900002,33.200001,33.549999,33.549999,350300
2017-08-14,33.700001,34.349998,33.700001,34.049999,34.049999,187300
2017-08-15,34.049999,34.450001,33.900002,34.150002,34.150002,259800
2017-08-16,34.200001,34.419998,33.900002,34.150002,34.150002,216000
2017-08-17,34.000000,34.299999,33.599998,33.750000,33.750000,220700
2017-08-18,33.500000,33.700001,32.450001,32.500000,32.500000,360700
2017-08-21,32.450001,32.500000,31.900000,32.000000,32.000000,571700
2017-08-22,32.049999,32.599998,32.049999,32.349998,32.349998,326700
2017-08-23,32.049999,32.330002,31.650000,32.200001,32.200001,361300
2017-08-24,32.400002,32.900002,32.029999,32.799999,32.799999,319400
2017-08-25,32.849998,33.000000,32.450001,32.450001,32.450001,134300
2017-08-28,32.650002,32.950001,32.150002,32.799999,32.799999,221800
2017-08-29,32.700001,33.150002,32.500000,33.049999,33.049999,204000
2017-08-30,32.950001,33.380001,32.650002,32.950001,32.950001,300600
2017-08-31,33.000000,33.799999,33.000000,33.599998,33.599998,225100
2017-09-01,33.750000,34.299999,33.349998,34.200001,34.200001,305700
2017-09-05,34.049999,34.400002,33.750000,34.000000,34.000000,244900
2017-09-06,34.099998,34.099998,33.099998,33.799999,33.799999,199400
2017-09-07,33.900002,33.900002,32.950001,33.049999,33.049999,249700
2017-09-08,33.049999,33.200001,32.700001,32.900002,32.900002,310600
2017-09-11,33.099998,35.900002,33.099998,35.700001,35.700001,598400
2017-09-12,35.450001,36.700001,35.000000,36.349998,36.349998,508000
2017-09-13,36.200001,36.299999,35.349998,35.400002,35.400002,291700
2017-09-14,35.299999,36.000000,34.950001,35.599998,35.599998,419900
2017-09-15,35.700001,35.700001,35.049999,35.099998,35.099998,310700
2017-09-18,35.250000,35.400002,34.950001,35.250000,35.250000,276200
2017-09-19,35.299999,35.299999,34.400002,34.500000,34.500000,315200
2017-09-20,34.500000,34.750000,34.299999,34.299999,34.299999,295500
2017-09-21,34.400002,34.650002,33.799999,34.549999,34.549999,250700
2017-09-22,34.500000,35.450001,34.450001,35.349998,35.349998,305000
2017-09-25,35.150002,35.450001,34.849998,35.400002,35.400002,244100
2017-09-26,35.349998,36.650002,35.250000,36.299999,36.299999,437100
2017-09-27,36.200001,37.500000,36.099998,37.099998,37.099998,548900
2017-09-28,37.000000,37.650002,36.849998,37.349998,37.349998,395300
2017-09-29,37.400002,37.700001,37.250000,37.500000,37.500000,483800
2017-10-02,37.700001,38.299999,37.500000,38.200001,38.200001,294400
2017-10-03,38.299999,39.099998,37.700001,39.000000,39.000000,392000
2017-10-04,39.000000,40.049999,38.900002,39.700001,39.700001,495900
2017-10-05,39.650002,40.400002,38.950001,40.099998,40.099998,414400
2017-10-06,40.200001,40.630001,40.000000,40.450001,40.450001,455500
2017-10-09,40.400002,40.700001,39.700001,40.200001,40.200001,467100
2017-10-10,40.150002,40.500000,40.000000,40.150002,40.150002,345500
2017-10-11,40.099998,40.750000,40.049999,40.299999,40.299999,410800
2017-10-12,40.349998,40.500000,39.849998,40.200001,40.200001,316600
2017-10-13,40.000000,40.349998,39.700001,40.099998,40.099998,256500
2017-10-16,40.099998,40.400002,39.250000,39.349998,39.349998,568500
2017-10-17,39.299999,39.549999,38.880001,39.150002,39.150002,336500
2017-10-18,39.299999,39.799999,39.099998,39.650002,39.650002,331400
2017-10-19,39.700001,40.099998,39.150002,39.900002,39.900002,397700
2017-10-20,40.250000,40.400002,39.799999,40.099998,40.099998,554200
2017-10-23,40.400002,41.000000,39.849998,40.200001,40.200001,424800
2017-10-24,40.349998,40.799999,39.900002,39.950001,39.950001,445000
2017-10-25,40.750000,41.049999,39.200001,39.599998,39.599998,503400
2017-10-26,39.849998,40.599998,39.150002,40.099998,40.099998,259400
2017-10-27,40.049999,41.599998,40.000000,41.549999,41.549999,466100
2017-10-30,41.250000,41.950001,40.980000,41.900002,41.900002,371400
2017-10-31,41.750000,42.549999,41.450001,42.400002,42.400002,376800
2017-11-01,42.349998,42.730000,41.700001,42.150002,42.150002,298300
2017-11-02,42.000000,42.700001,41.880001,42.099998,42.099998,234000
2017-11-03,42.099998,43.000000,42.049999,42.650002,42.650002,266900
2017-11-06,42.799999,43.150002,42.599998,42.849998,42.849998,203000
2017-11-07,42.799999,42.950001,42.450001,42.750000,42.750000,297800
2017-11-08,42.799999,43.599998,42.599998,43.099998,43.099998,260900
2017-11-09,42.900002,43.299999,42.299999,42.500000,42.500000,339500
2017-11-10,42.349998,42.799999,41.299999,41.400002,41.400002,298800
2017-11-13,41.250000,41.500000,40.750000,41.000000,41.000000,763700
2017-11-14,40.950001,41.500000,40.650002,40.849998,40.849998,500800
2017-11-15,40.450001,41.150002,38.299999,38.349998,38.349998,1192400
2017-11-16,38.599998,38.750000,37.650002,38.000000,38.000000,716000
2017-11-17,37.750000,38.549999,37.549999,38.200001,38.200001,747700
2017-11-20,38.349998,39.349998,38.200001,39.349998,39.349998,247600
2017-11-21,39.400002,39.750000,39.099998,39.549999,39.549999,218400
2017-11-22,39.650002,40.349998,39.450001,39.549999,39.549999,222200
2017-11-24,39.549999,40.000000,39.349998,39.849998,39.849998,101600
2017-11-27,39.700001,40.150002,39.500000,39.549999,39.549999,178900
2017-11-28,39.599998,40.099998,39.500000,40.049999,40.049999,164200
2017-11-29,40.150002,40.799999,40.150002,40.549999,40.549999,185700
2017-11-30,40.549999,40.750000,39.950001,40.049999,40.049999,313300
2017-12-01,40.049999,40.200001,38.049999,39.400002,39.400002,352800
2017-12-04,39.750000,40.000000,38.700001,38.750000,38.750000,240500
2017-12-05,38.799999,39.200001,38.599998,38.799999,38.799999,182400
2017-12-06,38.750000,39.049999,38.049999,38.250000,38.250000,231900
2017-12-07,38.349998,38.700001,37.700001,37.900002,37.900002,330100
2017-12-08,38.049999,38.250000,37.279999,37.599998,37.599998,416100
2017-12-11,37.450001,39.250000,37.099998,39.099998,39.099998,391400
2017-12-12,39.250000,39.830002,38.750000,39.549999,39.549999,380000
2017-12-13,39.400002,39.750000,38.799999,39.450001,39.450001,245000
2017-12-14,39.500000,39.599998,39.049999,39.200001,39.200001,288300
2017-12-15,39.349998,39.750000,39.299999,39.650002,39.650002,605800
2017-12-18,39.750000,41.000000,39.750000,40.349998,40.349998,427300
2017-12-19,40.349998,41.549999,40.099998,40.250000,40.250000,630400
2017-12-20,40.450001,41.049999,39.200001,39.349998,39.349998,197800
2017-12-21,39.349998,39.650002,38.779999,38.849998,38.849998,208100
2017-12-22,38.950001,39.230000,38.500000,38.549999,38.549999,122100
2017-12-26,38.500000,38.900002,38.049999,38.299999,38.299999,132300
2017-12-27,38.400002,38.549999,38.150002,38.500000,38.500000,151800
2017-12-28,38.650002,39.099998,38.349998,38.500000,38.500000,152400
2017-12-29,38.450001,39.250000,38.200001,38.200001,38.200001,240500
2018-01-02,38.049999,39.250000,37.950001,38.000000,38.000000,358200
2018-01-03,38.049999,38.200001,36.950001,37.000000,37.000000,414200
2018-01-04,37.299999,37.900002,37.000000,37.200001,37.200001,732700
2018-01-05,37.250000,37.500000,35.820000,36.400002,36.400002,496600
2018-01-08,32.200001,32.450001,30.270000,30.400000,30.400000,2658400
2018-01-09,30.650000,30.850000,28.850000,29.000000,29.000000,1964900
2018-01-10,29.049999,29.430000,28.400000,28.600000,28.600000,1500500
2018-01-11,28.450001,29.450001,28.400000,29.000000,29.000000,1817500
2018-01-12,29.150000,29.350000,28.850000,28.950001,28.950001,862800
2018-01-16,28.950001,29.250000,28.250000,28.799999,28.799999,792400
2018-01-17,28.799999,28.950001,28.100000,28.150000,28.150000,712800
2018-01-18,28.350000,28.799999,28.049999,28.549999,28.549999,485900
2018-01-19,28.450001,28.600000,28.250000,28.250000,28.250000,363000
2018-01-22,28.450001,28.750000,28.200001,28.650000,28.650000,258600
2018-01-23,28.500000,29.350000,28.450001,29.049999,29.049999,376900
2018-01-24,29.150000,31.500000,29.000000,31.000000,31.000000,1468700
2018-01-25,31.150000,31.299999,30.000000,30.350000,30.350000,647600
2018-01-26,30.500000,32.500000,30.200001,32.099998,32.099998,873600
2018-01-29,31.950001,32.500000,31.730000,31.950001,31.950001,482300
2018-01-30,31.549999,31.900000,31.200001,31.450001,31.450001,613700
2018-01-31,31.549999,31.799999,30.950001,31.049999,31.049999,527100
2018-02-01,30.750000,31.049999,30.500000,30.850000,30.850000,456700
2018-02-02,30.799999,30.850000,30.150000,30.299999,30.299999,285300
2018-02-05,30.200001,30.600000,29.700001,29.700001,29.700001,504300
2018-02-06,29.150000,30.900000,29.100000,30.650000,30.650000,651800
2018-02-07,29.650000,31.900000,28.000000,30.799999,30.799999,968000
2018-02-08,30.900000,31.150000,29.299999,29.350000,29.350000,846600
2018-02-09,29.750000,29.950001,28.650000,29.700001,29.700001,357100
2018-02-12,29.750000,30.700001,29.150000,30.400000,30.400000,404900
2018-02-13,30.250000,30.700001,30.000000,30.500000,30.500000,468000
2018-02-14,30.400000,30.700001,29.950001,30.000000,30.000000,375500
2018-02-15,30.200001,30.549999,29.799999,30.100000,30.100000,460600
2018-02-16,30.150000,30.900000,30.150000,30.850000,30.850000,370700
2018-02-20,30.600000,31.250000,30.350000,30.549999,30.549999,304500
2018-02-21,30.650000,31.400000,30.450001,30.700001,30.700001,270300
2018-02-22,31.350000,32.299999,30.730000,30.950001,30.950001,310000
2018-02-23,31.000000,31.250000,30.400000,31.000000,31.000000,205300
2018-02-26,30.950001,31.350000,30.799999,31.350000,31.350000,189300
2018-02-27,31.549999,32.250000,31.400000,31.600000,31.600000,461500
2018-02-28,31.600000,31.850000,30.950001,31.150000,31.150000,277000
2018-03-01,31.250000,31.799999,30.350000,31.100000,31.100000,271800
2018-03-02,30.799999,31.750000,30.650000,31.600000,31.600000,181100
2018-03-05,31.350000,32.500000,31.230000,32.250000,32.250000,269100
2018-03-06,32.200001,32.950001,31.200001,32.450001,32.450001,526300
2018-03-07,32.150002,32.849998,32.049999,32.250000,32.250000,239400
2018-03-08,32.250000,32.400002,31.250000,32.000000,32.000000,205200
2018-03-09,32.250000,33.000000,31.850000,32.599998,32.599998,281100
2018-03-12,32.700001,33.599998,32.500000,32.799999,32.799999,276700
2018-03-13,32.900002,33.279999,32.299999,32.799999,32.799999,234100
2018-03-14,32.799999,33.200001,32.650002,32.950001,32.950001,272400
2018-03-15,32.950001,33.400002,32.700001,32.900002,32.900002,272600
2018-03-16,32.900002,33.450001,32.700001,33.349998,33.349998,730400
2018-03-19,33.299999,33.349998,32.450001,32.799999,32.799999,319000
2018-03-20,32.799999,34.049999,32.500000,33.799999,33.799999,622600
2018-03-21,33.849998,36.000000,33.849998,35.549999,35.549999,700400
2018-03-22,35.099998,36.049999,34.700001,35.900002,35.900002,712300
2018-03-23,35.950001,35.950001,34.299999,34.599998,34.599998,584000
2018-03-26,35.250000,35.250000,33.400002,34.250000,34.250000,370000
2018-03-27,34.450001,34.549999,33.349998,33.450001,33.450001,650800
2018-03-28,33.500000,33.900002,32.860001,33.049999,33.049999,334100
2018-03-29,33.299999,34.049999,33.049999,33.650002,33.650002,689800
2018-04-02,33.549999,33.549999,32.250000,32.950001,32.950001,429400
2018-04-03,33.099998,33.400002,32.750000,32.950001,32.950001,463100
2018-04-04,32.700001,33.500000,32.599998,33.400002,33.400002,260300
2018-04-05,33.450001,34.250000,33.349998,33.799999,33.799999,248500
2018-04-06,33.549999,34.000000,32.549999,32.799999,32.799999,358000
2018-04-09,33.049999,33.650002,32.599998,33.299999,33.299999,388600
2018-04-10,33.750000,34.400002,33.599998,34.099998,34.099998,190200
2018-04-11,33.799999,34.380001,33.700001,34.099998,34.099998,144600
2018-04-12,34.150002,34.799999,33.750000,34.700001,34.700001,160800
2018-04-13,34.900002,35.099998,34.349998,35.049999,35.049999,171500
2018-04-16,35.200001,35.599998,34.849998,35.049999,35.049999,240500
2018-04-17,35.299999,36.000000,34.830002,35.900002,35.900002,197800
2018-04-18,35.799999,36.790001,35.779999,36.450001,36.450001,259700
2018-04-19,36.349998,36.450001,35.400002,36.250000,36.250000,139000
2018-04-20,36.049999,36.549999,35.830002,36.099998,36.099998,208600
2018-04-23,36.299999,36.599998,35.950001,36.000000,36.000000,280900
2018-04-24,36.200001,36.549999,35.750000,35.900002,35.900002,385300
2018-04-25,32.200001,34.549999,32.000000,33.500000,33.500000,423600
2018-04-26,33.150002,33.799999,32.900002,33.450001,33.450001,419100
2018-04-27,33.400002,33.900002,32.900002,33.799999,33.799999,248100
2018-04-30,33.950001,34.200001,32.900002,33.049999,33.049999,501700
2018-05-01,33.049999,33.849998,32.750000,33.700001,33.700001,327000
2018-05-02,33.500000,33.799999,32.500000,32.650002,32.650002,311200
2018-05-03,32.450001,32.450001,31.100000,31.950001,31.950001,419700
2018-05-04,31.950001,33.099998,31.900000,32.750000,32.750000,189800
2018-05-07,33.049999,33.650002,32.900002,33.599998,33.599998,288000
2018-05-08,33.549999,33.919998,33.450001,33.700001,33.700001,272900
2018-05-09,33.599998,34.250000,33.549999,34.150002,34.150002,238400
2018-05-10,34.200001,35.200001,34.099998,35.049999,35.049999,200300
2018-05-11,35.000000,36.150002,35.000000,35.549999,35.549999,445100
2018-05-14,35.599998,35.950001,35.150002,35.299999,35.299999,219600
2018-05-15,35.250000,35.599998,34.950001,35.599998,35.599998,132700
2018-05-16,35.799999,36.000000,35.500000,35.650002,35.650002,259800
2018-05-17,35.700001,35.900002,35.400002,35.549999,35.549999,140800
2018-05-18,35.650002,35.799999,35.400002,35.500000,35.500000,120600
2018-05-21,35.549999,35.799999,35.150002,35.349998,35.349998,106200
2018-05-22,35.549999,35.669998,35.150002,35.400002,35.400002,119200
2018-05-23,35.150002,36.000000,35.150002,35.900002,35.900002,214300
2018-05-24,35.900002,36.150002,35.799999,36.000000,36.000000,121200
2018-05-25,35.900002,36.450001,35.799999,36.049999,36.049999,231700
2018-05-29,35.849998,36.150002,35.750000,36.049999,36.049999,156200
2018-05-30,36.049999,36.650002,35.950001,36.450001,36.450001,315800
2018-05-31,36.500000,36.950001,36.349998,36.900002,36.900002,159900
2018-06-01,37.049999,37.500000,36.650002,36.700001,36.700001,269700
2018-06-04,36.849998,37.529999,36.630001,37.500000,37.500000,176600
2018-06-05,37.349998,37.700001,36.900002,37.599998,37.599998,170900
2018-06-06,37.700001,37.950001,36.049999,36.900002,36.900002,255300
2018-06-07,36.849998,36.849998,34.150002,34.549999,34.549999,359600
2018-06-08,34.549999,34.549999,33.599998,33.700001,33.700001,252300
2018-06-11,33.799999,35.349998,33.650002,35.150002,35.150002,618000
2018-06-12,35.200001,35.450001,34.919998,35.200001,35.200001,239900
2018-06-13,35.349998,35.750000,35.150002,35.400002,35.400002,275800
2018-06-14,35.450001,36.200001,35.400002,36.099998,36.099998,216500
2018-06-15,36.000000,36.349998,35.900002,36.049999,36.049999,324700
2018-06-18,35.950001,36.049999,35.250000,35.950001,35.950001,187400
2018-06-19,35.750000,36.250000,35.650002,36.150002,36.150002,171700
2018-06-20,36.200001,36.500000,36.099998,36.349998,36.349998,144500
2018-06-21,36.299999,36.450001,36.070000,36.299999,36.299999,174400
2018-06-22,36.349998,37.500000,36.049999,36.750000,36.750000,432400
2018-06-25,36.650002,36.650002,35.230000,35.400002,35.400002,155500
2018-06-26,35.500000,35.900002,35.299999,35.650002,35.650002,194200
2018-06-27,35.650002,36.500000,34.849998,34.849998,34.849998,272700
2018-06-28,34.849998,35.549999,34.599998,35.349998,35.349998,298100
2018-06-29,35.450001,35.549999,34.400002,34.500000,34.500000,134100
