Date,Open,High,Low,Close,Adj Close,Volume
2013-01-02,20.080000,20.250000,19.410000,20.030001,18.464367,49300
2013-01-03,20.010000,20.080000,19.260000,19.320000,17.809860,22100
2013-01-04,19.459999,20.070000,19.350000,19.400000,17.883606,28800
2013-01-07,19.410000,19.620001,18.950001,19.240000,17.736113,22800
2013-01-08,19.190001,19.700001,18.820000,18.990000,17.505655,24200
2013-01-09,19.120001,19.860001,19.120001,19.309999,17.800646,26400
2013-01-10,19.350000,19.570000,19.030001,19.120001,17.625498,14700
2013-01-11,19.090000,19.309999,18.620001,18.799999,17.394188,16800
2013-01-14,18.820000,19.090000,18.540001,18.670000,17.273911,26500
2013-01-15,18.549999,18.700001,18.020000,18.330000,16.959333,44700
2013-01-16,18.219999,18.670000,17.840000,17.860001,16.524481,41800
2013-01-17,18.049999,18.309999,17.740000,17.900000,16.561489,30000
2013-01-18,17.850000,18.010000,17.549999,17.590000,16.274668,41200
2013-01-22,17.670000,18.049999,17.650000,18.020000,16.672516,39800
2013-01-23,17.950001,18.110001,17.590000,17.700001,16.376446,33300
2013-01-24,17.790001,18.190001,17.770000,18.090000,16.737276,22200
2013-01-25,18.270000,18.389999,17.900000,18.000000,16.654009,32700
2013-01-28,17.990000,18.440001,17.900000,18.410000,17.033356,23200
2013-01-29,18.420000,18.900000,18.260000,18.860001,17.449703,27700
2013-01-30,18.500000,18.830000,18.340000,18.610001,17.218397,17300
2013-01-31,18.629999,18.860001,18.400000,18.629999,17.236904,20700
2013-02-01,18.719999,18.900000,18.629999,18.709999,17.310917,28000
2013-02-04,18.580000,18.900000,18.440001,18.670000,17.273911,23900
2013-02-05,18.680000,18.889999,18.590000,18.790001,17.384939,13000
2013-02-06,18.680000,18.790001,18.510000,18.610001,17.218397,6600
2013-02-07,18.750000,18.750000,18.090000,18.150000,16.792791,7600
2013-02-08,18.250000,18.620001,18.010000,18.590000,17.199890,8600
2013-02-11,18.530001,18.530001,17.950001,18.150000,16.792791,5300
2013-02-12,18.219999,18.490000,18.180000,18.360001,16.987089,4400
2013-02-13,18.440001,18.530001,18.190001,18.530001,17.144375,8900
2013-02-14,18.570000,18.570000,18.219999,18.370001,16.996342,6500
2013-02-15,18.469999,18.469999,17.719999,18.129999,16.774290,40500
2013-02-19,18.209999,18.430000,18.209999,18.410000,17.033356,18700
2013-02-20,18.480000,18.480000,17.459999,17.520000,16.209906,42800
2013-02-21,17.510000,18.020000,17.510000,17.870001,16.533731,7100
2013-02-22,17.980000,18.320000,17.889999,18.080000,16.728029,12700
2013-02-25,18.250000,18.250000,17.110001,17.110001,15.830565,25400
2013-02-26,17.209999,17.350000,17.100000,17.110001,15.830565,11400
2013-02-27,17.100000,17.600000,16.900000,16.950001,15.682527,21200
2013-02-28,16.910000,17.129999,16.450001,16.660000,15.414209,14300
2013-03-01,16.370001,17.230000,16.000000,17.010000,15.738039,17500
2013-03-04,16.620001,17.830000,16.620001,17.090000,15.812056,25100
2013-03-05,17.170000,17.219999,16.760000,16.870001,15.608508,26900
2013-03-06,17.000000,17.000000,15.950000,16.400000,15.173656,19500
2013-03-07,16.450001,16.860001,16.450001,16.799999,15.543741,4700
2013-03-08,17.020000,17.540001,16.930000,17.450001,16.145138,8200
2013-03-11,17.330000,17.350000,16.770000,16.940001,15.673275,4300
2013-03-12,16.790001,16.790001,16.139999,16.350000,15.127391,17500
2013-03-13,16.299999,16.299999,15.910000,16.100000,14.896091,21400
2013-03-14,16.180000,16.520000,16.059999,16.510000,15.275430,5600
2013-03-15,16.540001,16.930000,16.530001,16.870001,15.608508,44700
2013-03-18,16.540001,17.040001,16.420000,16.950001,15.682527,6400
2013-03-19,16.950001,17.209999,16.870001,17.049999,15.775045,15500
2013-03-20,17.139999,17.139999,16.590000,16.920000,15.654770,14800
2013-03-21,16.770000,16.790001,16.549999,16.770000,15.515985,9700
2013-03-22,16.799999,16.860001,16.600000,16.780001,15.525237,10000
2013-03-25,16.860001,16.860001,16.219999,16.389999,15.164403,14600
2013-03-26,16.559999,16.559999,15.780000,15.870000,14.683287,11400
2013-03-27,15.680000,15.730000,15.420000,15.650000,14.479734,6100
2013-03-28,15.680000,15.790000,15.450000,15.610000,14.442726,27200
2013-04-01,15.630000,15.630000,14.830000,15.040000,13.915351,32600
2013-04-02,15.200000,15.310000,15.010000,15.060000,13.933854,17800
2013-04-03,15.090000,15.240000,14.920000,14.950000,13.832081,17300
2013-04-04,15.020000,15.150000,14.870000,15.120000,13.989369,8000
2013-04-05,14.850000,15.570000,14.850000,15.460000,14.303946,26400
2013-04-08,15.370000,15.460000,15.040000,15.360000,14.211422,8400
2013-04-09,15.350000,15.350000,15.010000,15.080000,13.952358,11900
2013-04-10,15.180000,15.520000,15.180000,15.480000,14.322451,6200
2013-04-11,15.340000,15.430000,15.220000,15.370000,14.285273,6400
2013-04-12,15.240000,15.280000,15.020000,15.150000,14.080797,5800
2013-04-15,15.140000,15.140000,14.360000,14.450000,13.430198,22400
2013-04-16,14.570000,15.090000,14.570000,15.010000,13.950680,11600
2013-04-17,14.890000,15.860000,14.580000,14.680000,13.643970,23600
2013-04-18,15.010000,15.030000,14.600000,14.680000,13.643970,13100
2013-04-19,14.720000,15.200000,14.580000,15.190000,14.117974,22900
2013-04-22,15.140000,15.430000,14.660000,14.900000,13.848441,12300
2013-04-23,15.050000,15.380000,14.950000,15.160000,14.090089,7900
2013-04-24,15.280000,15.320000,15.110000,15.230000,14.155150,7900
2013-04-25,15.310000,15.310000,15.080000,15.250000,14.173742,5400
2013-04-26,15.220000,15.220000,14.660000,14.810000,13.764794,28200
2013-04-29,14.940000,15.160000,14.810000,14.920000,13.867030,12500
2013-04-30,14.790000,14.960000,14.590000,14.720000,13.681143,68600
2013-05-01,14.510000,14.590000,14.050000,14.200000,13.197844,42300
2013-05-02,14.250000,15.030000,14.250000,14.910000,13.857737,20500
2013-05-03,15.190000,15.360000,15.110000,15.260000,14.183034,40600
2013-05-06,15.300000,15.300000,14.780000,14.940000,13.885620,18000
2013-05-07,14.760000,14.870000,14.640000,14.780000,13.736910,11100
2013-05-08,14.850000,14.900000,14.660000,14.890000,13.839149,21000
2013-05-09,15.000000,15.050000,14.780000,14.820000,13.774087,23900
2013-05-10,14.930000,15.200000,14.670000,14.890000,13.839149,8200
2013-05-13,14.920000,14.920000,14.390000,14.570000,13.541732,15700
2013-05-14,14.620000,14.810000,14.500000,14.750000,13.709028,23100
2013-05-15,14.650000,14.760000,14.420000,14.710000,13.671850,8600
2013-05-16,14.660000,15.290000,14.660000,15.150000,14.080797,7000
2013-05-17,15.190000,15.320000,14.830000,15.300000,14.220211,17100
2013-05-20,15.190000,15.430000,14.980000,15.380000,14.294566,15300
2013-05-21,15.340000,15.630000,15.220000,15.560000,14.461863,14300
2013-05-22,15.520000,15.520000,15.070000,15.160000,14.090089,33100
2013-05-23,15.040000,15.580000,15.040000,15.470000,14.378212,4400
2013-05-24,15.400000,15.630000,15.400000,15.570000,14.471156,23300
2013-05-28,15.860000,16.270000,15.680000,15.970000,14.842928,25700
2013-05-29,15.790000,15.790000,15.480000,15.600000,14.499039,10000
2013-05-30,15.750000,16.350000,15.600000,15.890000,14.768574,18000
2013-05-31,15.720000,16.190001,15.720000,15.790000,14.675630,34400
2013-06-03,15.940000,15.960000,15.410000,15.860000,14.740691,47900
2013-06-04,15.800000,15.800000,15.400000,15.590000,14.489746,15600
2013-06-05,15.490000,15.580000,15.370000,15.410000,14.322451,16400
2013-06-06,15.400000,15.590000,15.040000,15.270000,14.192330,15000
2013-06-07,15.440000,15.700000,15.010000,15.200000,14.127268,14500
2013-06-10,15.230000,15.230000,14.800000,14.990000,13.932090,12900
2013-06-11,14.830000,14.860000,14.650000,14.650000,13.616084,4500
2013-06-12,14.830000,14.940000,14.400000,14.400000,13.383726,41100
2013-06-13,14.450000,14.550000,14.300000,14.400000,13.383726,25500
2013-06-14,14.350000,14.350000,13.960000,14.070000,13.077019,20800
2013-06-17,14.280000,14.420000,13.820000,13.990000,13.002665,32300
2013-06-18,14.770000,14.770000,13.800000,14.150000,13.151372,26100
2013-06-19,14.290000,14.290000,13.880000,14.050000,13.058429,19900
2013-06-20,13.840000,14.070000,13.840000,13.920000,12.937603,20300
2013-06-21,13.990000,14.070000,13.380000,13.830000,12.853954,107200
2013-06-24,13.700000,13.990000,13.450000,13.760000,12.788894,24700
2013-06-25,13.890000,14.130000,13.570000,14.040000,13.049136,32500
2013-06-26,14.160000,14.290000,13.590000,13.800000,12.826073,25200
2013-06-27,13.870000,14.020000,13.650000,13.820000,12.844661,43100
2013-06-28,13.750000,13.850000,13.450000,13.450000,12.500771,195200
2013-07-01,13.590000,14.420000,13.590000,14.150000,13.151372,35000
2013-07-02,13.990000,14.160000,13.810000,13.920000,12.937603,26500
2013-07-03,13.820000,13.980000,13.660000,13.960000,12.974781,20900
2013-07-05,14.190000,14.460000,13.660000,14.460000,13.439495,11800
2013-07-08,14.450000,14.570000,14.320000,14.400000,13.383726,29500
2013-07-09,14.400000,14.470000,14.190000,14.300000,13.290787,17000
2013-07-10,14.250000,14.510000,14.250000,14.260000,13.253612,26400
2013-07-11,14.390000,14.390000,13.930000,14.070000,13.141529,21200
2013-07-12,14.000000,14.100000,14.000000,14.010000,13.085491,43000
2013-07-15,14.060000,14.160000,13.890000,13.990000,13.066809,77000
2013-07-16,14.020000,14.140000,13.900000,14.030000,13.104168,36700
2013-07-17,14.150000,14.310000,14.030000,14.180000,13.244267,31600
2013-07-18,14.090000,14.490000,14.070000,14.250000,13.309649,55300
2013-07-19,14.240000,14.760000,14.100000,14.480000,13.524474,22900
2013-07-22,14.370000,14.520000,14.160000,14.330000,13.384371,10100
2013-07-23,14.250000,14.630000,14.230000,14.500000,13.543155,19000
2013-07-24,14.470000,14.520000,14.160000,14.360000,13.412391,15100
2013-07-25,14.270000,14.540000,14.270000,14.430000,13.477771,27100
2013-07-26,14.390000,14.390000,14.050000,14.190000,13.253611,11800
2013-07-29,14.010000,14.080000,13.870000,13.930000,13.010768,12600
2013-07-30,14.030000,14.240000,13.950000,14.200000,13.262950,35000
2013-07-31,14.330000,16.100000,14.200000,15.650000,14.617265,188900
2013-08-01,15.880000,16.100000,15.590000,15.810000,14.766707,33300
2013-08-02,15.630000,16.639999,15.470000,16.420000,15.336451,30100
2013-08-05,16.469999,17.120001,16.340000,17.020000,15.896865,47900
2013-08-06,17.020000,17.320000,16.980000,17.020000,15.896865,53100
2013-08-07,17.040001,17.320000,17.040001,17.160000,16.027624,16800
2013-08-08,17.299999,17.299999,16.750000,16.799999,15.691377,9500
2013-08-09,16.809999,17.090000,16.799999,16.980000,15.859496,16500
2013-08-12,16.940001,17.690001,16.879999,17.410000,16.261122,19000
2013-08-13,17.469999,17.570000,16.900000,16.910000,15.794118,23400
2013-08-14,16.959999,17.020000,16.440001,16.500000,15.411176,28900
2013-08-15,16.299999,16.870001,16.150000,16.520000,15.429854,63000
2013-08-16,16.400000,16.809999,16.370001,16.809999,15.700717,21600
2013-08-19,16.799999,17.400000,16.799999,17.110001,15.980922,20700
2013-08-20,17.139999,17.709999,17.000000,17.530001,16.373205,28300
2013-08-21,17.530001,17.969999,17.379999,17.790001,16.616045,38800
2013-08-22,17.820000,18.200001,17.820000,18.100000,16.905590,12500
2013-08-23,18.100000,18.420000,17.900000,18.090000,16.896254,17700
2013-08-26,18.080000,18.080000,17.750000,17.980000,16.793507,21500
2013-08-27,17.730000,18.070000,17.590000,17.900000,16.718788,26100
2013-08-28,17.900000,18.020000,17.840000,17.910000,16.728127,9100
2013-08-29,17.920000,17.959999,17.850000,17.940001,16.756147,6900
2013-08-30,17.940001,18.000000,17.750000,18.000000,16.812187,53500
2013-09-03,18.100000,18.100000,17.600000,17.650000,16.485287,16700
2013-09-04,17.690001,18.080000,17.309999,17.370001,16.223761,11800
2013-09-05,17.440001,17.750000,17.120001,17.200001,16.064985,56400
2013-09-06,17.230000,17.340000,17.000000,17.330000,16.186405,6400
2013-09-09,17.350000,17.580000,17.100000,17.570000,16.410566,8900
2013-09-10,17.610001,17.700001,17.070000,17.650000,16.485287,14800
2013-09-11,17.549999,17.610001,17.200001,17.330000,16.186405,6200
2013-09-12,17.280001,17.520000,17.049999,17.200001,16.064985,21800
2013-09-13,17.280001,17.780001,17.049999,17.180000,16.046305,22800
2013-09-16,17.430000,17.440001,17.129999,17.280001,16.139706,10300
2013-09-17,17.370001,17.540001,17.250000,17.530001,16.373205,12100
2013-09-18,17.500000,17.799999,17.120001,17.799999,16.625391,21800
2013-09-19,17.799999,17.799999,17.230000,17.500000,16.345182,7200
2013-09-20,17.500000,17.830000,17.450001,17.590000,16.429245,74800
2013-09-23,17.650000,17.760000,17.440001,17.480000,16.326506,12800
2013-09-24,17.309999,17.590000,17.280001,17.500000,16.345182,7200
2013-09-25,17.430000,17.730000,17.430000,17.660000,16.494627,12200
2013-09-26,17.580000,17.580000,17.110001,17.500000,16.345182,18300
2013-09-27,17.350000,17.480000,17.049999,17.389999,16.242441,6000
2013-09-30,17.299999,17.610001,17.299999,17.440001,16.289143,29500
2013-10-01,17.400000,17.450001,17.299999,17.450001,16.298481,20300
2013-10-02,17.280001,17.400000,17.230000,17.309999,16.167721,20200
2013-10-03,17.330000,17.420000,17.250000,17.330000,16.186405,73500
2013-10-04,17.299999,17.980000,17.299999,17.930000,16.746813,6800
2013-10-07,17.799999,17.930000,17.030001,17.400000,16.251783,53000
2013-10-08,17.450001,17.450001,17.139999,17.309999,16.167721,13000
2013-10-09,17.430000,17.510000,17.299999,17.450001,16.298481,21800
2013-10-10,17.590000,17.750000,17.400000,17.490000,16.401642,57600
2013-10-11,17.389999,18.139999,17.389999,18.000000,16.879900,18800
2013-10-14,18.020000,18.190001,17.910000,18.120001,16.992435,16500
2013-10-15,18.889999,18.889999,18.209999,18.350000,17.208120,48800
2013-10-16,18.420000,18.430000,18.010000,18.030001,16.908037,14800
2013-10-17,18.000000,18.170000,17.950001,18.020000,16.898657,29200
2013-10-18,18.230000,18.230000,17.809999,18.010000,16.889280,52300
2013-10-21,18.100000,18.110001,17.950001,18.049999,16.926790,47100
2013-10-22,18.080000,18.270000,17.940001,18.100000,16.973679,37500
2013-10-23,18.000000,18.129999,17.990000,18.049999,16.926790,17100
2013-10-24,18.049999,18.340000,18.049999,18.320000,17.179987,11600
2013-10-25,18.420000,18.450001,18.350000,18.389999,17.245634,60800
2013-10-28,18.389999,18.450001,18.389999,18.389999,17.245634,55300
2013-10-29,18.290001,18.379999,17.129999,18.270000,17.133101,55300
2013-10-30,19.260000,21.129999,19.260000,20.850000,19.552555,221700
2013-10-31,20.990000,21.230000,20.580000,21.040001,19.730734,143300
2013-11-01,21.000000,21.250000,20.830000,21.160000,19.843266,40000
2013-11-04,21.360001,21.580000,20.969999,21.180000,19.862019,95000
2013-11-05,21.139999,21.410000,20.889999,21.049999,19.740105,68200
2013-11-06,21.260000,21.379999,20.940001,21.260000,19.937042,29700
2013-11-07,21.299999,21.330000,20.389999,21.070000,19.758865,37600
2013-11-08,21.049999,21.500000,21.000000,21.370001,20.040192,34500
2013-11-11,21.500000,21.650000,21.000000,21.299999,19.974548,65800
2013-11-12,21.340000,21.490000,20.459999,21.480000,20.143345,73400
2013-11-13,21.410000,21.490000,21.090000,21.469999,20.133976,15500
2013-11-14,21.469999,21.480000,20.930000,21.170000,19.852638,21400
2013-11-15,21.129999,21.389999,20.930000,21.219999,19.899527,18900
2013-11-18,21.049999,21.840000,21.049999,21.549999,20.208992,27700
2013-11-19,21.490000,21.660000,21.040001,21.280001,19.955795,20500
2013-11-20,21.219999,21.309999,20.870001,21.240000,19.918283,17800
2013-11-21,21.330000,21.540001,21.299999,21.430000,20.096462,21000
2013-11-22,21.510000,21.990000,21.030001,21.690001,20.340281,36000
2013-11-25,21.879999,22.799999,21.549999,21.570000,20.227745,80000
2013-11-26,21.530001,21.910000,21.530001,21.549999,20.208992,30200
2013-11-27,21.500000,22.580000,21.500000,22.370001,20.977968,50500
2013-11-29,22.600000,23.000000,22.370001,22.730000,21.315565,76300
2013-12-02,22.620001,22.930000,22.280001,22.700001,21.287432,65600
2013-12-03,22.900000,23.030001,22.660000,22.760000,21.343697,28800
2013-12-04,22.730000,22.730000,22.290001,22.400000,21.006105,19800
2013-12-05,22.490000,22.500000,22.049999,22.500000,21.099880,7400
2013-12-06,22.700001,22.700001,21.240000,21.260000,19.937042,29000
2013-12-09,21.389999,21.450001,21.100000,21.400000,20.068331,42100
2013-12-10,21.330000,21.389999,20.459999,20.730000,19.440020,34000
2013-12-11,20.809999,21.070000,20.559999,20.690001,19.402515,19400
2013-12-12,20.639999,21.110001,20.639999,20.809999,19.515041,30400
2013-12-13,20.879999,21.379999,20.760000,21.160000,19.843266,35300
2013-12-16,21.100000,21.180000,20.809999,21.010000,19.702597,40200
2013-12-17,21.000000,21.500000,20.860001,21.309999,19.983927,21000
2013-12-18,21.389999,21.559999,20.959999,21.450001,20.115215,19600
2013-12-19,21.500000,21.500000,20.719999,21.299999,19.974548,20400
2013-12-20,21.379999,21.620001,21.139999,21.500000,20.162109,91200
2013-12-23,21.469999,21.950001,21.200001,21.770000,20.415302,27400
2013-12-24,21.709999,21.750000,21.709999,21.730000,20.377792,5100
2013-12-26,21.770000,21.770000,21.559999,21.600000,20.255882,10800
2013-12-27,21.680000,21.770000,21.400000,21.570000,20.227745,64700
2013-12-30,21.600000,21.700001,21.090000,21.299999,19.974548,13300
2013-12-31,21.299999,21.510000,21.209999,21.309999,19.983927,31200
2014-01-02,21.360001,21.840000,21.200001,21.350000,20.021437,32900
2014-01-03,21.360001,21.889999,21.360001,21.709999,20.359041,10200
2014-01-06,21.530001,22.000000,21.299999,21.309999,19.983927,14700
2014-01-07,21.330000,21.549999,21.299999,21.490000,20.152727,8700
2014-01-08,21.500000,21.540001,21.299999,21.440001,20.105843,41000
2014-01-09,21.450001,21.540001,21.280001,21.420000,20.087084,10100
2014-01-10,21.389999,21.459999,21.270000,21.450001,20.115215,23200
2014-01-13,21.299999,21.510000,21.000000,21.230000,19.974089,24400
2014-01-14,21.379999,21.549999,21.200001,21.379999,20.115213,16800
2014-01-15,21.350000,21.520000,21.340000,21.379999,20.115213,20400
2014-01-16,21.309999,21.469999,21.160000,21.280001,20.021133,18800
2014-01-17,21.320000,21.320000,20.870001,21.059999,19.814150,48800
2014-01-21,21.090000,21.100000,20.629999,21.080000,19.832964,30900
2014-01-22,21.010000,21.180000,20.820000,21.080000,19.832964,190900
2014-01-23,21.020000,21.129999,20.450001,20.469999,19.259045,18800
2014-01-24,20.440001,20.450001,20.160000,20.190001,18.995615,18700
2014-01-27,20.350000,21.250000,19.500000,19.500000,18.346434,41700
2014-01-28,19.610001,19.920000,19.430000,19.680000,18.515783,34100
2014-01-29,19.530001,19.530001,19.180000,19.240000,18.101812,20100
2014-01-30,19.389999,19.549999,19.219999,19.480000,18.327616,33700
2014-01-31,19.240000,19.420000,19.150000,19.170000,18.035959,41900
2014-02-03,19.020000,19.270000,18.120001,18.190001,17.113930,63300
2014-02-04,18.180000,18.360001,17.809999,18.070000,17.001026,39000
2014-02-05,18.030001,18.110001,17.799999,17.940001,16.878717,25800
2014-02-06,18.049999,18.389999,17.980000,18.190001,17.113930,26100
2014-02-07,18.230000,18.360001,17.940001,18.309999,17.226828,24700
2014-02-10,18.340000,18.540001,18.010000,18.459999,17.367954,75800
2014-02-11,18.610001,18.809999,18.350000,18.750000,17.640802,41300
2014-02-12,18.690001,19.139999,18.559999,18.820000,17.706661,29800
2014-02-13,19.500000,20.270000,19.500000,19.719999,18.553415,132900
2014-02-14,19.750000,19.799999,19.420000,19.549999,18.393475,35100
2014-02-18,19.469999,19.750000,19.430000,19.590000,18.431108,14700
2014-02-19,19.469999,19.719999,19.420000,19.480000,18.327616,69000
2014-02-20,19.510000,19.690001,19.510000,19.639999,18.478151,18400
2014-02-21,19.639999,19.650000,19.080000,19.170000,18.035959,50100
2014-02-24,19.250000,19.590000,19.200001,19.510000,18.355846,21900
2014-02-25,19.490000,19.549999,19.260000,19.370001,18.224123,13400
2014-02-26,19.400000,19.440001,18.889999,19.150000,18.017136,27300
2014-02-27,19.120001,19.170000,19.000000,19.080000,17.951275,72900
2014-02-28,19.150000,19.150000,18.879999,19.000000,17.876013,23800
2014-03-03,18.870001,18.870001,18.450001,18.680000,17.574944,30200
2014-03-04,18.870001,19.230000,18.870001,18.990000,17.866606,45400
2014-03-05,18.959999,19.100000,18.830000,18.980000,17.857193,21700
2014-03-06,18.969999,19.049999,18.840000,18.900000,17.781927,10600
2014-03-07,19.000000,19.100000,18.910000,19.070000,17.941874,52800
2014-03-10,18.959999,19.080000,18.920000,19.000000,17.876013,24000
2014-03-11,19.010000,19.100000,18.799999,18.980000,17.857193,30600
2014-03-12,18.990000,19.590000,18.809999,19.500000,18.346434,261900
2014-03-13,19.670000,19.790001,19.520000,19.639999,18.478151,28200
2014-03-14,19.610001,19.900000,19.610001,19.860001,18.685133,16500
2014-03-17,19.940001,20.459999,19.879999,20.450001,19.240238,36400
2014-03-18,20.570000,20.889999,20.570000,20.780001,19.550711,17800
2014-03-19,20.730000,20.780001,20.620001,20.660000,19.437807,22300
2014-03-20,20.700001,21.000000,20.670000,20.920000,19.682432,19800
2014-03-21,21.000000,21.150000,20.709999,21.059999,19.814150,41400
2014-03-24,21.070000,21.200001,20.809999,21.049999,19.804735,17600
2014-03-25,21.180000,21.500000,20.879999,21.360001,20.096401,18900
2014-03-26,21.500000,21.750000,21.250000,21.330000,20.068174,31100
2014-03-27,21.410000,21.520000,20.889999,21.110001,19.861189,29100
2014-03-28,21.059999,21.690001,21.059999,21.400000,20.134037,20700
2014-03-31,21.440001,22.100000,21.430000,21.900000,20.604454,42300
2014-04-01,22.020000,22.620001,22.020000,22.520000,21.187777,57500
2014-04-02,22.500000,22.680000,22.370001,22.620001,21.281864,23200
2014-04-03,22.610001,23.299999,22.610001,23.219999,21.846367,59600
2014-04-04,23.410000,23.719999,22.770000,22.940001,21.582933,46000
2014-04-07,22.980000,23.459999,22.959999,23.100000,21.733469,178400
2014-04-08,23.049999,24.000000,22.320000,23.170000,21.799326,29800
2014-04-09,23.309999,23.389999,22.969999,23.209999,21.836960,49700
2014-04-10,23.240000,23.240000,22.940001,22.950001,21.592340,120800
2014-04-11,22.730000,23.040001,22.030001,22.709999,21.431904,215600
2014-04-14,22.990000,23.250000,22.799999,23.190001,21.884893,70500
2014-04-15,23.250000,23.500000,22.809999,23.370001,22.054766,53100
2014-04-16,23.620001,23.620001,23.209999,23.490000,22.168007,32000
2014-04-17,23.490000,23.930000,23.360001,23.459999,22.139698,50600
2014-04-21,23.639999,23.930000,23.110001,23.549999,22.224630,26200
2014-04-22,23.600000,23.750000,23.469999,23.650000,22.319006,21600
2014-04-23,23.530001,23.600000,22.910000,23.100000,21.799961,27500
2014-04-24,23.309999,23.309999,22.549999,22.559999,21.290348,17300
2014-04-25,22.500000,22.540001,21.660000,21.719999,20.497622,26600
2014-04-28,21.969999,23.120001,21.910000,22.090000,20.846802,73000
2014-04-29,22.280001,22.660000,21.900000,22.040001,20.799612,30900
2014-04-30,22.430000,22.430000,21.400000,21.760000,20.535374,125400
2014-05-01,21.700001,22.040001,20.980000,20.980000,19.799269,102200
2014-05-02,21.110001,21.719999,20.770000,21.230000,20.035200,39700
2014-05-05,20.959999,20.959999,19.959999,20.110001,18.978230,101600
2014-05-06,19.990000,20.059999,19.570000,19.799999,18.685680,63700
2014-05-07,19.940001,20.350000,19.809999,20.309999,19.166979,37800
2014-05-08,20.330000,20.330000,19.830000,20.049999,18.921608,36600
2014-05-09,19.950001,20.469999,19.740000,20.459999,19.308533,31400
2014-05-12,20.400000,21.070000,20.340000,20.809999,19.638836,51100
2014-05-13,20.860001,21.080000,20.620001,20.980000,19.799269,36600
2014-05-14,21.000000,21.129999,20.309999,20.680000,19.516153,46400
2014-05-15,20.660000,21.059999,20.200001,20.930000,19.752083,46800
2014-05-16,20.840000,21.080000,20.590000,21.080000,19.893641,26400
2014-05-19,21.219999,23.270000,21.100000,23.200001,21.894333,64800
2014-05-20,23.270000,23.280001,22.500000,22.990000,21.696150,52900
2014-05-21,23.200001,23.209999,22.719999,23.070000,21.771645,31000
2014-05-22,23.219999,23.730000,22.850000,23.530001,22.205759,34800
2014-05-23,23.420000,24.000000,23.000000,23.980000,22.630436,37500
2014-05-27,24.100000,24.940001,23.889999,24.879999,23.479778,40000
2014-05-28,25.000000,26.250000,24.780001,26.230000,24.753807,77200
2014-05-29,26.350000,27.230000,26.299999,27.180000,25.650343,62500
2014-05-30,27.309999,27.490000,27.080000,27.440001,25.895708,45300
2014-06-02,27.469999,27.500000,26.600000,26.670000,25.169044,120700
2014-06-03,26.670000,26.670000,25.690001,25.809999,24.357445,49500
2014-06-04,25.809999,25.809999,24.110001,24.490000,23.111729,90400
2014-06-05,24.500000,25.920000,24.400000,25.570000,24.130949,38500
2014-06-06,25.760000,26.969999,25.410000,26.580000,25.084106,34300
2014-06-09,26.459999,27.410000,26.459999,27.209999,25.678650,37100
2014-06-10,27.260000,27.299999,26.650000,27.170000,25.640905,21400
2014-06-11,27.170000,27.170000,26.250000,26.410000,24.923676,31600
2014-06-12,26.459999,26.639999,25.740000,26.459999,24.970860,24100
2014-06-13,26.500000,27.160000,26.059999,26.559999,25.065235,26400
2014-06-16,26.639999,26.889999,25.860001,25.910000,24.451815,21000
2014-06-17,26.000000,27.240000,25.830000,26.040001,24.574499,32600
2014-06-18,26.139999,26.139999,25.150000,25.700001,24.253639,36400
2014-06-19,25.840000,25.969999,25.340000,25.620001,24.178137,27000
2014-06-20,25.629999,25.879999,25.270000,25.709999,24.263065,56500
2014-06-23,25.799999,25.850000,25.090000,25.670000,24.225319,38800
2014-06-24,25.750000,25.930000,25.240000,25.480000,24.046013,86200
2014-06-25,25.270000,25.790001,24.799999,25.600000,24.159262,34500
2014-06-26,25.780001,25.780001,24.750000,24.879999,23.479778,25700
2014-06-27,24.700001,25.430000,24.549999,25.160000,23.744022,85500
2014-06-30,24.980000,25.690001,24.840000,25.670000,24.225319,33300
2014-07-01,25.660000,26.459999,25.420000,25.850000,24.395193,37300
2014-07-02,25.700001,25.990000,25.299999,25.340000,23.913895,30800
2014-07-03,25.590000,25.879999,25.209999,25.520000,24.083763,23500
2014-07-07,25.520000,25.520000,24.459999,24.510000,23.130608,60200
2014-07-08,24.580000,24.580000,23.830000,23.920000,22.573812,74600
2014-07-09,24.120001,24.160000,23.879999,24.120001,22.762558,26800
2014-07-10,23.540001,23.920000,23.320000,23.750000,22.413382,38900
2014-07-11,23.530001,23.790001,23.129999,23.309999,22.063168,28100
2014-07-14,23.490000,23.590000,22.940001,23.280001,22.034773,32400
2014-07-15,23.160000,23.209999,22.230000,22.600000,21.391150,38500
2014-07-16,22.590000,22.889999,22.490000,22.709999,21.495260,35600
2014-07-17,22.469999,22.670000,22.219999,22.240000,21.050402,24400
2014-07-18,22.190001,23.010000,22.190001,22.980000,21.750822,24200
2014-07-21,22.820000,22.830000,22.160000,22.370001,21.173452,19300
2014-07-22,22.530001,23.090000,22.530001,22.990000,21.760283,26000
2014-07-23,23.090000,23.090000,22.570000,22.840000,21.618309,16800
2014-07-24,22.990000,23.820000,22.990000,23.120001,21.883329,24600
2014-07-25,23.000000,23.230000,22.799999,23.110001,21.873867,32400
2014-07-28,23.250000,23.809999,22.879999,23.740000,22.470169,27200
2014-07-29,23.700001,25.000000,23.430000,23.570000,22.309259,27600
2014-07-30,24.000000,24.490000,23.980000,24.120001,22.829845,25800
2014-07-31,23.700001,23.820000,23.510000,23.639999,22.375521,44100
2014-08-01,23.730000,23.959999,23.280001,23.920000,22.640541,36500
2014-08-04,23.900000,23.900000,22.709999,23.260000,22.015842,37900
2014-08-05,23.059999,23.540001,22.959999,23.360001,22.110498,28300
2014-08-06,23.129999,23.760000,23.129999,23.580000,22.318726,16800
2014-08-07,23.540001,23.570000,22.920000,23.059999,21.826538,14700
2014-08-08,23.059999,23.260000,22.809999,23.190001,21.949585,18800
2014-08-11,23.129999,23.719999,22.959999,23.180000,21.940121,19500
2014-08-12,23.150000,23.490000,22.870001,23.240000,21.996912,30400
2014-08-13,23.389999,23.490000,22.900000,23.200001,21.959051,17500
2014-08-14,23.299999,23.780001,22.840000,23.350000,22.101032,30000
2014-08-15,23.670000,23.670000,22.340000,22.930000,21.703495,43200
2014-08-18,23.270000,23.730000,22.889999,23.100000,21.864403,46500
2014-08-19,23.000000,23.510000,22.490000,22.709999,21.495260,32200
2014-08-20,22.620001,22.850000,22.469999,22.799999,21.580448,35800
2014-08-21,22.879999,23.480000,22.760000,23.379999,22.129423,20300
2014-08-22,23.430000,23.559999,22.820000,23.260000,22.015842,16600
2014-08-25,23.230000,23.490000,22.860001,22.990000,21.760283,14200
2014-08-26,23.090000,23.600000,22.950001,23.510000,22.252474,57800
2014-08-27,23.639999,23.639999,23.330000,23.590000,22.328194,33900
2014-08-28,23.540001,23.540001,22.650000,22.980000,21.750822,53400
2014-08-29,23.120001,23.639999,23.020000,23.540001,22.280865,24800
2014-09-02,23.930000,25.010000,23.530001,24.690001,23.369350,54700
2014-09-03,24.910000,24.950001,24.660000,24.820000,23.492403,25000
2014-09-04,24.950001,25.730000,24.639999,25.480000,24.117096,25800
2014-09-05,25.430000,26.670000,25.430000,25.580000,24.211752,32300
2014-09-08,25.719999,26.480000,25.719999,26.200001,24.798586,20600
2014-09-09,26.000000,26.490000,25.830000,25.879999,24.495703,24400
2014-09-10,26.040001,26.340000,25.830000,25.930000,24.543028,18300
2014-09-11,25.910000,26.440001,25.799999,26.370001,24.959494,18000
2014-09-12,26.309999,26.450001,25.670000,25.700001,24.325331,15800
2014-09-15,25.730000,25.860001,24.200001,25.020000,23.681702,46100
2014-09-16,25.040001,25.620001,24.719999,25.200001,23.852076,15800
2014-09-17,25.240000,25.440001,24.719999,25.180000,23.833147,54400
2014-09-18,25.360001,25.670000,24.750000,25.150000,23.804749,41300
2014-09-19,25.250000,25.440001,24.930000,25.340000,23.984585,93700
2014-09-22,25.150000,25.860001,24.940001,25.350000,23.994049,24700
2014-09-23,25.400000,25.719999,24.809999,25.299999,23.946726,32800
2014-09-24,25.440001,25.500000,25.209999,25.459999,24.098166,23900
2014-09-25,25.340000,25.430000,25.049999,25.320000,23.965656,28800
2014-09-26,25.370001,25.530001,25.280001,25.480000,24.117096,11400
2014-09-29,25.200001,25.860001,25.010000,25.510000,24.145491,18900
2014-09-30,25.430000,25.570000,24.700001,24.740000,23.416681,50400
2014-10-01,24.870001,24.870001,23.309999,23.490000,22.233538,26300
2014-10-02,23.420000,24.219999,23.160000,23.639999,22.375521,15300
2014-10-03,23.879999,23.879999,23.150000,23.600000,22.337658,24200
2014-10-06,23.580000,23.719999,22.930000,23.120001,21.883329,21300
2014-10-07,22.920000,22.969999,22.280001,22.340000,21.145056,49300
2014-10-08,22.400000,23.740000,22.330000,23.520000,22.261936,27600
2014-10-09,23.450001,23.450001,22.709999,22.770000,21.552057,19900
2014-10-10,22.549999,23.309999,22.180000,23.000000,21.836882,36900
2014-10-13,23.160000,23.799999,23.000000,23.160000,22.055918,27900
2014-10-14,23.639999,24.209999,23.459999,24.170000,23.017771,35000
2014-10-15,23.809999,24.570000,23.610001,24.200001,23.046339,37200
2014-10-16,23.830000,25.240000,23.830000,24.559999,23.389177,35000
2014-10-17,24.959999,25.420000,24.360001,24.700001,23.522503,34500
2014-10-20,24.770000,25.139999,24.420000,24.740000,23.560598,16600
2014-10-21,24.790001,25.299999,24.690001,25.219999,24.017715,20500
2014-10-22,25.280001,25.980000,24.590000,24.700001,23.522503,31100
2014-10-23,25.150000,25.809999,25.150000,25.549999,24.331982,19100
2014-10-24,25.559999,25.559999,24.750000,25.150000,23.951048,20300
2014-10-27,24.980000,25.580000,24.770000,24.959999,23.770105,14600
2014-10-28,25.240000,26.750000,24.520000,26.750000,25.474775,41900
2014-10-29,25.500000,27.150000,24.790001,27.020000,25.731903,38500
2014-10-30,27.049999,28.040001,26.639999,28.040001,26.703276,44900
2014-10-31,28.740000,28.740000,27.190001,28.290001,26.941360,46200
2014-11-03,28.240000,28.500000,27.780001,28.370001,27.017550,51900
2014-11-04,28.370001,29.000000,28.180000,28.500000,27.141348,43000
2014-11-05,28.750000,29.260000,28.139999,29.110001,27.722273,48500
2014-11-06,29.010000,29.010000,27.770000,28.830000,27.455614,26400
2014-11-07,28.870001,28.870001,27.080000,28.240000,26.893744,26600
2014-11-10,28.260000,28.379999,27.500000,28.059999,26.722324,19400
2014-11-11,28.000000,28.000000,27.150000,27.290001,25.989033,34400
2014-11-12,27.090000,27.469999,26.450001,27.350000,26.046173,27900
2014-11-13,27.240000,27.430000,26.700001,26.719999,25.446205,17600
2014-11-14,26.709999,27.110001,26.540001,26.799999,25.522392,40900
2014-11-17,26.830000,27.000000,26.410000,26.780001,25.503344,16100
2014-11-18,27.000000,28.040001,26.980000,27.219999,25.922371,42900
2014-11-19,27.400000,27.400000,25.900000,26.430000,25.170034,21800
2014-11-20,26.240000,26.590000,26.059999,26.540001,25.274784,14500
2014-11-21,26.930000,26.930000,25.809999,26.240000,24.989090,26700
2014-11-24,26.230000,26.389999,26.010000,26.240000,24.989090,17200
2014-11-25,26.200001,27.070000,26.080000,26.790001,25.512871,11400
2014-11-26,26.750000,27.260000,26.170000,27.030001,25.741430,20000
2014-11-28,26.850000,27.520000,26.440001,26.480000,25.217648,15000
2014-12-01,26.340000,26.510000,26.049999,26.059999,24.817667,23900
2014-12-02,26.260000,26.990000,26.260000,26.940001,25.655718,45200
2014-12-03,26.969999,27.910000,26.680000,27.480000,26.169973,26000
2014-12-04,27.540001,27.680000,27.120001,27.150000,25.855701,27500
2014-12-05,27.110001,28.170000,26.850000,27.010000,25.722378,45800
2014-12-08,27.020000,27.600000,26.510000,26.610001,25.341450,29200
2014-12-09,26.420000,27.920000,26.270000,27.180000,25.884281,22200
2014-12-10,27.020000,27.270000,26.799999,27.000000,25.712856,30000
2014-12-11,27.209999,27.480000,26.410000,26.570000,25.303356,18000
2014-12-12,26.370001,26.830000,25.030001,25.270000,24.065331,29600
2014-12-15,25.469999,26.100000,25.100000,25.110001,23.912960,34700
2014-12-16,25.120001,25.340000,24.180000,24.260000,23.103477,41800
2014-12-17,24.500000,26.100000,24.150000,26.070000,24.827192,49500
2014-12-18,26.100000,26.170000,25.110001,25.920000,24.684343,42400
2014-12-19,25.860001,26.959999,25.260000,26.680000,25.408113,262900
2014-12-22,26.580000,27.990000,26.379999,27.639999,26.322346,30100
2014-12-23,28.469999,28.469999,26.670000,26.879999,25.598577,18000
2014-12-24,26.870001,27.450001,26.700001,27.309999,26.008080,13700
2014-12-26,27.559999,27.770000,27.110001,27.480000,26.169973,13600
2014-12-29,27.330000,27.639999,26.930000,27.150000,25.855701,12200
2014-12-30,27.230000,27.240000,26.549999,26.990000,25.703337,11900
2014-12-31,27.110001,27.650000,27.110001,27.340000,26.036648,19300
2015-01-02,27.410000,27.530001,25.000000,26.030001,24.789099,34200
2015-01-05,25.770000,26.320000,25.559999,25.780001,24.551016,26300
2015-01-06,25.530001,25.530001,24.160000,25.020000,23.827248,26400
2015-01-07,25.320000,25.490000,24.900000,25.200001,23.998667,27300
2015-01-08,25.280001,26.150000,24.820000,24.910000,23.722488,88900
2015-01-09,24.980000,25.290001,24.799999,25.010000,23.817724,16800
2015-01-12,24.969999,25.180000,24.480000,24.840000,23.655830,30700
2015-01-13,24.750000,25.700001,24.700001,25.000000,23.875481,27800
2015-01-14,24.639999,25.420000,24.639999,25.080000,23.951883,11600
2015-01-15,25.270000,25.290001,24.400000,24.850000,23.732233,24200
2015-01-16,24.760000,25.570000,24.760000,25.049999,23.923231,29700
2015-01-20,25.209999,25.459999,24.520000,24.680000,23.569878,20300
2015-01-21,24.809999,24.870001,24.410000,24.420000,23.321571,13600
2015-01-22,24.820000,25.340000,23.959999,24.920000,23.799084,31100
2015-01-23,24.940001,25.350000,24.920000,25.040001,23.913681,20400
2015-01-26,25.100000,25.670000,24.870001,25.660000,24.505795,42500
2015-01-27,25.340000,25.480000,24.500000,24.520000,23.417074,27300
2015-01-28,24.799999,24.799999,24.040001,24.190001,23.101919,23200
2015-01-29,24.290001,24.340000,23.750000,24.080000,22.996868,29100
2015-01-30,23.850000,24.540001,23.379999,23.520000,22.462053,31000
2015-02-02,23.629999,25.120001,23.200001,24.900000,23.779982,37600
2015-02-03,25.110001,25.240000,24.400000,25.000000,23.875481,27400
2015-02-04,24.980000,25.139999,23.820000,23.910000,22.834513,33500
2015-02-05,23.930000,24.850000,23.930000,24.799999,23.684479,32200
2015-02-06,24.860001,25.190001,23.850000,23.980000,22.901363,64900
2015-02-09,23.969999,24.250000,23.250000,23.299999,22.251951,49000
2015-02-10,23.520000,23.639999,22.940001,23.330000,22.280602,38200
2015-02-11,23.520000,23.520000,22.389999,22.940001,21.908144,36100
2015-02-12,23.139999,23.150000,22.660000,22.840000,21.812639,25300
2015-02-13,22.930000,23.459999,22.879999,23.440001,22.385654,23000
2015-02-17,23.400000,24.139999,23.400000,23.980000,22.901363,21800
2015-02-18,24.040001,24.040001,23.350000,23.780001,22.710360,32400
2015-02-19,23.520000,23.520000,20.920000,21.190001,20.236860,82300
2015-02-20,21.260000,21.260000,19.340000,19.510000,18.632429,102500
2015-02-23,19.309999,19.799999,19.059999,19.549999,18.670626,133700
2015-02-24,19.850000,20.080000,19.350000,19.490000,18.613325,36900
2015-02-25,19.490000,19.910000,19.469999,19.570000,18.689732,25400
2015-02-26,19.600000,19.600000,19.260000,19.480000,18.603777,31200
2015-02-27,19.520000,19.530001,19.020000,19.090000,18.231319,56000
2015-03-02,18.900000,19.270000,18.900000,19.080000,18.221767,35300
2015-03-03,19.030001,19.190001,18.900000,19.100000,18.240866,46400
2015-03-04,19.049999,19.490000,19.000000,19.309999,18.441423,55400
2015-03-05,19.420000,19.590000,19.120001,19.299999,18.431873,17700
2015-03-06,19.100000,19.290001,19.090000,19.139999,18.279066,37800
2015-03-09,19.139999,19.379999,19.139999,19.299999,18.431873,17700
2015-03-10,19.200001,19.209999,18.900000,18.900000,18.049864,31200
2015-03-11,19.000000,19.200001,18.900000,19.139999,18.279066,22900
2015-03-12,19.370001,19.620001,19.020000,19.570000,18.689732,23000
2015-03-13,19.540001,19.540001,18.920000,19.360001,18.489176,20200
2015-03-16,19.469999,19.469999,18.950001,19.129999,18.269520,19500
2015-03-17,19.209999,19.209999,18.790001,18.950001,18.097616,122700
2015-03-18,18.959999,19.520000,18.840000,19.500000,18.622875,27100
2015-03-19,19.299999,19.309999,18.910000,19.110001,18.250422,26400
2015-03-20,19.219999,19.450001,19.020000,19.430000,18.556026,55500
2015-03-23,19.379999,19.379999,19.030001,19.209999,18.345919,32900
2015-03-24,19.180000,19.520000,18.980000,19.430000,18.556026,21100
2015-03-25,19.450001,19.450001,18.950001,19.059999,18.202671,15800
2015-03-26,19.080000,19.340000,18.889999,19.170000,18.307724,11900
2015-03-27,19.170000,19.480000,19.020000,19.469999,18.594225,15300
2015-03-30,19.490000,19.510000,19.190001,19.270000,18.403223,17400
2015-03-31,19.240000,19.330000,18.840000,19.030001,18.174019,32200
2015-04-01,18.870001,19.549999,18.780001,19.510000,18.632429,40800
2015-04-02,19.430000,19.430000,18.920000,19.080000,18.221767,23100
2015-04-06,19.030001,19.129999,18.850000,19.080000,18.221767,15300
2015-04-07,18.990000,19.129999,18.139999,18.280001,17.457754,40500
2015-04-08,18.180000,18.260000,17.500000,17.559999,16.770142,143500
2015-04-09,17.670000,17.690001,17.350000,17.490000,16.703289,31700
2015-04-10,17.629999,17.799999,17.480000,17.660000,16.865643,32600
2015-04-13,17.610001,18.440001,17.610001,18.430000,17.671051,31200
2015-04-14,18.270000,18.500000,18.270000,18.490000,17.728579,19600
2015-04-15,18.440001,19.120001,18.330000,18.840000,18.064167,29500
2015-04-16,18.770000,18.770000,18.360001,18.410000,17.651873,14300
2015-04-17,18.260000,18.389999,18.070000,18.190001,17.440933,22300
2015-04-20,18.209999,18.709999,18.209999,18.590000,17.824461,17200
2015-04-21,18.510000,19.000000,18.059999,18.200001,17.450523,41500
2015-04-22,18.270000,18.330000,18.160000,18.160000,17.412167,38200
2015-04-23,18.230000,18.230000,17.910000,18.070000,17.325878,80100
2015-04-24,18.080000,18.240000,17.920000,18.080000,17.335463,15900
2015-04-27,18.090000,18.400000,17.930000,18.110001,17.364227,33900
2015-04-28,18.160000,18.379999,18.049999,18.270000,17.517637,29200
2015-04-29,19.270000,20.910000,19.270000,20.410000,19.569513,305300
2015-04-30,20.120001,20.650000,20.120001,20.530001,19.684574,86500
2015-05-01,20.559999,21.330000,20.559999,21.180000,20.307804,48100
2015-05-04,21.700001,22.770000,21.520000,21.650000,20.758450,67100
2015-05-05,21.540001,21.950001,20.940001,21.110001,20.240685,40500
2015-05-06,21.120001,21.389999,20.820000,21.090000,20.221512,22600
2015-05-07,21.340000,21.459999,21.030001,21.260000,20.384510,15800
2015-05-08,21.450001,21.770000,21.290001,21.549999,20.662567,19400
2015-05-11,21.330000,21.820000,20.889999,21.540001,20.652981,46400
2015-05-12,21.700001,21.700001,20.799999,21.459999,20.576273,21900
2015-05-13,21.379999,22.280001,21.129999,21.709999,20.815981,95400
2015-05-14,21.709999,22.420000,21.580000,22.330000,21.410448,27600
2015-05-15,22.330000,22.740000,22.110001,22.420000,21.496740,32500
2015-05-18,22.420000,23.129999,22.200001,23.070000,22.119968,32900
2015-05-19,23.090000,23.110001,22.510000,23.049999,22.100798,16900
2015-05-20,23.190001,23.190001,22.510000,22.850000,21.909035,48400
2015-05-21,22.820000,23.209999,22.639999,23.040001,22.091209,22700
2015-05-22,23.100000,23.100000,22.240000,22.370001,21.448803,20800
2015-05-26,22.139999,22.959999,22.139999,22.770000,21.832329,32000
2015-05-27,22.730000,23.230000,22.570000,23.200001,22.244621,19600
2015-05-28,23.200001,23.200001,23.010000,23.110001,22.158327,24300
2015-05-29,23.139999,23.230000,22.209999,22.400000,21.477564,26900
2015-06-01,22.660000,22.660000,21.650000,21.809999,20.911860,49600
2015-06-02,21.840000,22.240000,21.040001,21.389999,20.509157,56200
2015-06-03,21.500000,22.410000,21.360001,22.290001,21.372091,27800
2015-06-04,22.290001,22.290001,21.430000,21.480000,20.595449,14700
2015-06-05,21.469999,21.469999,21.100000,21.410000,20.528334,52900
2015-06-08,21.420000,21.740000,21.320000,21.610001,20.720097,16400
2015-06-09,21.680000,22.410000,21.480000,21.670000,20.777628,40900
2015-06-10,21.820000,22.430000,21.820000,22.290001,21.372091,39700
2015-06-11,22.250000,22.309999,21.709999,21.889999,20.988567,22800
2015-06-12,21.900000,21.900000,21.340000,21.440001,20.557100,24200
2015-06-15,21.200001,21.410000,20.730000,20.740000,19.885923,27600
2015-06-16,20.620001,21.000000,20.620001,20.889999,20.029745,33300
2015-06-17,21.020000,21.200001,20.900000,20.950001,20.087278,14700
2015-06-18,20.950001,21.340000,20.820000,21.059999,20.192747,61700
2015-06-19,21.160000,21.480000,20.959999,20.990000,20.125628,134100
2015-06-22,21.270000,21.270000,20.850000,20.990000,20.125628,32400
2015-06-23,21.040001,21.400000,20.680000,21.240000,20.365334,32100
2015-06-24,21.070000,21.209999,21.010000,21.070000,20.202333,24200
2015-06-25,21.110001,21.110001,20.590000,20.770000,19.914692,34600
2015-06-26,20.740000,21.059999,20.709999,20.940001,20.077686,198000
2015-06-29,20.950001,21.219999,20.299999,20.330000,19.492809,27700
2015-06-30,20.590000,20.730000,20.400000,20.520000,19.674984,32300
2015-07-01,20.770000,20.830000,20.400000,20.730000,19.876335,32700
2015-07-02,20.760000,21.459999,20.129999,21.350000,20.470802,34800
2015-07-06,21.430000,23.000000,21.430000,22.580000,21.650152,66000
2015-07-07,22.280001,22.629999,21.940001,22.459999,21.535095,30800
2015-07-08,22.360001,22.850000,20.990000,21.469999,20.585863,174900
2015-07-09,21.750000,21.889999,21.129999,21.680000,20.787214,49900
2015-07-10,22.030001,22.780001,22.030001,22.629999,21.698093,26100
2015-07-13,22.510000,23.180000,22.510000,22.799999,21.928925,35800
2015-07-14,22.900000,22.900000,22.309999,22.629999,21.765419,25600
2015-07-15,22.639999,22.889999,22.200001,22.719999,21.851982,27400
2015-07-16,23.000000,23.209999,22.320000,22.360001,21.505733,25200
2015-07-17,22.450001,22.450001,21.709999,21.799999,20.967129,13700
2015-07-20,22.040001,22.040001,21.309999,21.410000,20.592031,16800
2015-07-21,21.309999,21.559999,20.799999,20.830000,20.034189,12500
2015-07-22,20.900000,20.900000,20.059999,20.549999,19.764885,22000
2015-07-23,20.580000,20.580000,19.500000,19.670000,18.918507,34800
2015-07-24,19.559999,19.790001,19.450001,19.750000,18.995447,24100
2015-07-27,19.809999,19.920000,19.280001,19.870001,19.110865,22900
2015-07-28,20.100000,20.219999,19.520000,20.059999,19.293606,35900
2015-07-29,20.370001,21.400000,19.760000,20.209999,19.437876,35700
2015-07-30,20.090000,20.299999,19.230000,20.100000,19.332081,145600
2015-07-31,20.260000,22.969999,19.510000,22.080000,21.236433,180900
2015-08-03,22.100000,23.240000,21.670000,23.170000,22.284790,68300
2015-08-04,23.170000,23.770000,22.709999,23.040001,22.159758,105300
2015-08-05,23.160000,23.459999,22.500000,22.750000,21.880836,37400
2015-08-06,22.809999,22.980000,20.719999,22.709999,21.842361,28200
2015-08-07,22.620001,22.620001,21.820000,22.480000,21.621151,22700
2015-08-10,22.590000,23.250000,22.219999,22.250000,21.399940,26900
2015-08-11,22.059999,22.129999,20.700001,20.750000,19.957251,35100
2015-08-12,20.750000,20.910000,20.030001,20.840000,20.043804,28700
2015-08-13,20.889999,21.209999,20.389999,20.430000,19.649469,29800
2015-08-14,20.379999,20.680000,19.910000,20.129999,19.360931,44000
2015-08-17,19.900000,21.040001,19.900000,20.170000,19.399403,36900
2015-08-18,20.150000,20.180000,19.870001,20.040001,19.274370,16500
2015-08-19,19.790001,20.129999,19.420000,19.709999,18.956976,43100
2015-08-20,19.590000,19.830000,18.790001,18.850000,18.129837,47600
2015-08-21,18.360001,18.809999,17.889999,17.920000,17.235367,88000
2015-08-24,17.230000,18.110001,16.459999,17.840000,17.158419,55800
2015-08-25,18.410000,18.410000,17.250000,17.379999,16.715994,34100
2015-08-26,17.660000,18.180000,17.590000,17.950001,17.264219,40200
2015-08-27,18.180000,18.670000,17.500000,17.770000,17.091097,42700
2015-08-28,17.700001,18.190001,17.590000,17.969999,17.283457,26400
2015-08-31,18.030001,18.030001,17.530001,17.660000,16.985300,68400
2015-09-01,17.389999,17.799999,17.350000,17.530001,16.860266,42600
2015-09-02,17.680000,18.600000,17.549999,18.520000,17.812443,31300
2015-09-03,18.500000,19.070000,18.000000,18.000000,17.312309,28100
2015-09-04,17.790001,18.750000,17.790001,18.650000,17.937475,19900
2015-09-08,18.889999,18.889999,18.309999,18.379999,17.677790,47500
2015-09-09,18.610001,18.610001,18.000000,18.150000,17.456579,18900
2015-09-10,18.049999,18.559999,17.959999,18.180000,17.485434,24300
2015-09-11,18.000000,18.330000,17.760000,18.139999,17.446959,29300
2015-09-14,18.320000,18.320000,17.940001,18.100000,17.408484,60700
2015-09-15,18.180000,19.010000,18.150000,18.840000,18.120216,47300
2015-09-16,18.920000,19.420000,18.760000,18.980000,18.254868,161100
2015-09-17,18.950001,19.379999,18.700001,18.870001,18.149071,104100
2015-09-18,18.500000,19.059999,18.420000,18.530001,17.822058,313100
2015-09-21,18.870001,19.510000,18.870001,19.040001,18.312576,67600
2015-09-22,18.830000,19.340000,18.690001,18.920000,18.197157,49200
2015-09-23,19.059999,19.170000,18.680000,18.940001,18.216393,34900
2015-09-24,18.740000,19.070000,18.680000,19.070000,18.341431,53700
2015-09-25,19.219999,19.219999,18.780001,18.980000,18.254868,56900
2015-09-28,18.740000,19.280001,18.740000,18.900000,18.177923,40500
2015-09-29,18.950001,19.280001,18.400000,18.780001,18.062511,67300
2015-09-30,18.900000,19.610001,18.780001,19.440001,18.697292,62800
2015-10-01,19.379999,19.379999,18.680000,19.139999,18.408754,34600
2015-10-02,18.969999,19.370001,18.750000,19.330000,18.591497,26600
2015-10-05,19.450001,20.549999,18.639999,20.020000,19.255135,36500
2015-10-06,20.120001,20.690001,20.120001,20.290001,19.514824,27800
2015-10-07,20.200001,20.719999,19.760000,20.370001,19.591764,146600
2015-10-08,20.230000,20.950001,20.230000,20.740000,19.947628,39200
2015-10-09,20.820000,20.820000,20.129999,20.360001,19.582146,35700
2015-10-12,20.450001,20.950001,20.270000,20.660000,19.870686,27500
2015-10-13,20.389999,20.920000,20.389999,20.709999,19.986490,24800
2015-10-14,20.639999,20.889999,20.100000,20.170000,19.465357,44800
2015-10-15,20.230000,20.790001,19.490000,20.780001,20.054043,36200
2015-10-16,20.860001,21.260000,19.990000,21.020000,20.285662,43900
2015-10-19,20.980000,21.469999,20.940001,21.309999,20.565527,32900
2015-10-20,21.299999,21.700001,21.299999,21.570000,20.816442,46700
2015-10-21,21.969999,22.250000,21.610001,21.980000,21.212122,53300
2015-10-22,22.170000,22.850000,22.070000,22.770000,21.974524,67800
2015-10-23,22.990000,23.150000,22.730000,23.139999,22.331596,45600
2015-10-26,23.090000,23.730000,22.830000,23.110001,22.302647,37200
2015-10-27,23.049999,23.049999,22.540001,22.930000,22.128937,53500
2015-10-28,23.139999,23.139999,17.040001,17.780001,17.158850,243900
2015-10-29,18.010000,18.910000,18.010000,18.510000,17.863346,96200
2015-10-30,18.860001,18.860001,17.950001,18.030001,17.400118,69400
2015-11-02,18.049999,19.230000,18.049999,19.040001,18.374834,61800
2015-11-03,19.049999,19.420000,18.910000,19.020000,18.355530,36700
2015-11-04,19.240000,19.330000,18.990000,19.299999,18.625750,34600
2015-11-05,19.309999,19.309999,18.500000,18.500000,17.853699,74400
2015-11-06,18.389999,19.299999,18.389999,18.920000,18.259024,46000
2015-11-09,18.650000,18.650000,17.990000,18.010000,17.380816,70900
2015-11-10,18.059999,18.370001,17.809999,18.350000,17.708939,81400
2015-11-11,18.370001,19.160000,18.320000,18.850000,18.191469,57500
2015-11-12,18.740000,18.740000,18.400000,18.530001,17.882647,28300
2015-11-13,18.360001,18.799999,18.250000,18.740000,18.085314,47100
2015-11-16,18.660000,18.969999,18.420000,18.570000,17.921251,41900
2015-11-17,18.549999,19.090000,18.219999,18.600000,17.950207,79300
2015-11-18,18.549999,18.940001,18.490000,18.639999,17.988808,74600
2015-11-19,18.500000,19.030001,18.500000,18.879999,18.220417,28200
2015-11-20,18.990000,19.700001,18.889999,18.959999,18.297625,56800
2015-11-23,18.809999,19.250000,18.750000,19.150000,18.480991,50600
2015-11-24,18.930000,19.450001,18.750000,19.260000,18.587145,41900
2015-11-25,19.260000,19.750000,19.260000,19.660000,18.973173,31400
2015-11-27,19.520000,20.000000,19.400000,19.950001,19.253038,17100
2015-11-30,19.830000,20.930000,19.350000,20.719999,19.996141,47300
2015-12-01,20.700001,20.700001,19.980000,20.219999,19.513609,48600
2015-12-02,20.219999,20.219999,19.490000,19.570000,18.886320,23900
2015-12-03,19.700001,19.700001,19.049999,19.219999,18.548546,48500
2015-12-04,19.270000,19.330000,18.959999,18.980000,18.316927,58900
2015-12-07,19.080000,19.080000,18.040001,18.160000,17.525570,39800
2015-12-08,17.969999,18.170000,17.750000,18.000000,17.371164,25700
2015-12-09,18.010000,18.110001,17.500000,17.580000,16.965839,29900
2015-12-10,17.639999,17.990000,17.549999,17.730000,17.110596,17900
2015-12-11,17.430000,17.559999,16.920000,16.990000,16.396450,36200
2015-12-14,16.879999,16.990000,16.160000,16.370001,15.798109,44400
2015-12-15,16.370001,16.980000,16.330000,16.820000,16.232391,29400
2015-12-16,16.809999,17.290001,16.760000,17.270000,16.666670,26600
2015-12-17,17.170000,17.469999,16.920000,17.160000,16.560509,29300
2015-12-18,17.049999,17.360001,16.459999,16.459999,15.884966,264100
2015-12-21,16.660000,17.500000,16.459999,17.330000,16.724573,55800
2015-12-22,17.330000,17.740000,16.930000,17.730000,17.110596,17600
2015-12-23,17.990000,18.230000,17.709999,17.780001,17.158850,47200
2015-12-24,17.709999,17.760000,17.610001,17.620001,17.004442,4800
2015-12-28,17.570000,17.990000,17.110001,17.250000,16.647367,24900
2015-12-29,17.240000,17.860001,17.190001,17.309999,16.705273,33500
2015-12-30,17.299999,17.799999,17.170000,17.180000,16.579813,29600
2015-12-31,17.190001,17.350000,17.100000,17.290001,16.685970,33600
2016-01-04,17.150000,19.150000,16.230000,18.950001,18.287977,72600
2016-01-05,19.110001,19.110001,17.180000,17.280001,16.676321,27500
2016-01-06,17.129999,17.600000,16.990000,17.379999,16.772823,26500
2016-01-07,16.980000,17.160000,16.350000,16.379999,15.807761,29600
2016-01-08,16.549999,17.000000,15.900000,16.080000,15.518242,109600
2016-01-11,16.110001,16.639999,15.700000,16.139999,15.576146,25200
2016-01-12,16.219999,16.799999,15.560000,15.760000,15.209420,26100
2016-01-13,16.120001,16.120001,14.700000,14.780000,14.327292,33700
2016-01-14,14.870000,15.400000,14.870000,15.260000,14.792591,28500
2016-01-15,14.800000,15.200000,13.920000,14.430000,13.988012,31400
2016-01-19,14.570000,14.570000,13.920000,14.170000,13.735978,33300
2016-01-20,14.000000,14.810000,13.330000,14.670000,14.220661,37200
2016-01-21,14.670000,15.280000,14.670000,14.920000,14.463005,34600
2016-01-22,15.150000,15.150000,14.690000,14.940000,14.482391,20400
2016-01-25,14.940000,15.090000,14.510000,14.550000,14.104338,16000
2016-01-26,14.440000,15.200000,14.440000,14.810000,14.356376,28000
2016-01-27,14.700000,14.810000,14.440000,14.520000,14.075257,17100
2016-01-28,14.630000,14.720000,14.230000,14.470000,14.026788,32300
2016-01-29,14.490000,15.380000,14.490000,15.170000,14.705349,27800
2016-02-01,16.139999,16.219999,14.780000,14.820000,14.366067,24900
2016-02-02,14.650000,14.980000,14.010000,14.120000,13.687510,30600
2016-02-03,14.210000,14.290000,13.800000,14.140000,13.706896,18100
2016-02-04,14.170000,14.440000,14.000000,14.070000,13.639042,17500
2016-02-05,14.040000,14.230000,13.920000,14.040000,13.609958,32900
2016-02-08,13.930000,14.920000,13.930000,14.690000,14.240047,25000
2016-02-09,14.580000,15.000000,14.290000,14.780000,14.327292,17400
2016-02-10,14.840000,15.100000,14.400000,14.570000,14.123724,18100
2016-02-11,14.160000,14.590000,13.980000,14.130000,13.697203,16100
2016-02-12,14.690000,14.690000,13.990000,14.270000,13.832914,18100
2016-02-16,14.410000,15.480000,14.380000,15.390000,14.918609,21000
2016-02-17,15.640000,15.850000,15.060000,15.130000,14.666574,33200
2016-02-18,15.270000,15.270000,13.990000,14.060000,13.629347,24600
2016-02-19,13.950000,14.190000,13.400000,13.590000,13.173743,39300
2016-02-22,13.790000,13.910000,13.660000,13.720000,13.299760,24200
2016-02-23,13.720000,14.310000,13.720000,13.960000,13.532410,25400
2016-02-24,13.840000,14.480000,13.700000,14.470000,14.026788,40600
2016-02-25,14.620000,14.870000,14.240000,14.330000,13.891076,18700
2016-02-26,14.310000,14.460000,14.240000,14.300000,13.861996,12800
2016-02-29,14.190000,15.030000,14.190000,14.850000,14.395149,19200
2016-03-01,14.900000,15.190000,14.790000,15.150000,14.685960,14700
2016-03-02,14.960000,15.220000,14.940000,15.220000,14.753817,16900
2016-03-03,15.150000,15.520000,15.000000,15.440000,14.967078,18500
2016-03-04,15.410000,15.660000,15.240000,15.250000,14.782899,29000
2016-03-07,15.090000,15.630000,15.060000,15.300000,14.831366,24700
2016-03-08,15.250000,15.590000,14.970000,14.990000,14.530861,19900
2016-03-09,15.020000,15.150000,14.730000,14.870000,14.414536,25100
2016-03-10,14.860000,15.230000,14.360000,14.460000,14.017095,15300
2016-03-11,14.550000,14.830000,14.410000,14.800000,14.346682,34700
2016-03-14,14.770000,14.980000,14.340000,14.380000,13.939547,15400
2016-03-15,14.370000,14.400000,13.970000,14.030000,13.600265,14500
2016-03-16,13.880000,14.110000,13.810000,13.830000,13.406392,10200
2016-03-17,13.670000,14.390000,13.670000,14.300000,13.861996,38800
2016-03-18,14.420000,14.720000,14.390000,14.690000,14.240047,93900
2016-03-21,14.570000,14.850000,14.200000,14.220000,13.784447,30900
2016-03-22,14.160000,14.160000,13.610000,13.710000,13.290068,30000
2016-03-23,13.630000,13.810000,13.500000,13.690000,13.270679,36200
2016-03-24,13.570000,14.630000,13.470000,14.510000,14.065564,77100
2016-03-28,14.680000,14.680000,14.180000,14.260000,13.823221,31800
2016-03-29,14.160000,14.780000,14.040000,14.620000,14.172194,59100
2016-03-30,14.660000,14.900000,14.540000,14.800000,14.346682,43400
2016-03-31,14.800000,15.000000,14.590000,14.600000,14.152806,33400
2016-04-01,14.500000,15.160000,14.500000,15.060000,14.598717,26700
2016-04-04,15.220000,15.220000,14.890000,15.000000,14.540554,28500
2016-04-05,14.820000,14.830000,13.850000,13.880000,13.454859,53700
2016-04-06,13.950000,14.320000,13.580000,14.210000,13.774751,37600
2016-04-07,14.120000,14.120000,13.310000,13.440000,13.028337,317500
2016-04-08,13.670000,14.270000,13.670000,14.050000,13.619653,58100
2016-04-11,14.310000,15.000000,13.910000,13.960000,13.532410,55500
2016-04-12,13.980000,14.190000,13.720000,13.780000,13.357923,72900
2016-04-13,13.880000,14.960000,13.880000,14.820000,14.439417,67400
2016-04-14,14.790000,15.540000,14.530000,15.420000,15.024010,57500
2016-04-15,15.340000,15.800000,15.340000,15.640000,15.238360,17900
2016-04-18,15.410000,15.920000,15.360000,15.770000,15.365021,36800
2016-04-19,15.920000,15.970000,15.780000,15.870000,15.462453,38800
2016-04-20,15.560000,16.070000,15.560000,15.880000,15.472197,18400
2016-04-21,15.830000,16.000000,15.710000,15.930000,15.520912,67000
2016-04-22,15.980000,16.540001,14.380000,16.430000,16.008072,38600
2016-04-25,16.219999,16.730000,16.000000,16.700001,16.271141,39000
2016-04-26,16.730000,16.750000,16.309999,16.600000,16.173706,39300
2016-04-27,15.820000,16.680000,15.670000,16.620001,16.193195,33300
2016-04-28,16.440001,16.770000,16.200001,16.410000,15.988588,33600
2016-04-29,16.330000,16.750000,16.299999,16.660000,16.232162,43300
2016-05-02,16.459999,16.920000,16.320000,16.860001,16.427032,47000
2016-05-03,16.629999,17.049999,16.530001,16.980000,16.543945,59100
2016-05-04,16.870001,17.250000,16.770000,16.879999,16.446516,60100
2016-05-05,17.090000,17.090000,16.770000,16.910000,16.475748,41900
2016-05-06,16.549999,17.160000,15.630000,17.129999,16.690094,158400
2016-05-09,16.930000,17.250000,16.870001,16.920000,16.485491,95200
2016-05-10,16.809999,17.190001,16.450001,17.049999,16.612146,74200
2016-05-11,16.969999,17.450001,16.799999,17.430000,16.982391,39400
2016-05-12,17.250000,17.750000,17.080000,17.570000,17.118795,53700
2016-05-13,17.440001,17.750000,15.790000,17.510000,17.060337,50000
2016-05-16,17.670000,17.670000,17.330000,17.410000,16.962902,66800
2016-05-17,17.360001,17.580000,16.690001,17.110001,16.670609,64300
2016-05-18,16.900000,17.150000,16.290001,16.990000,16.553692,23900
2016-05-19,16.910000,17.100000,16.760000,16.860001,16.427032,49800
2016-05-20,16.930000,17.299999,16.930000,17.160000,16.719328,31100
2016-05-23,17.270000,17.790001,17.270000,17.650000,17.196743,40200
2016-05-24,17.840000,18.219999,17.799999,18.180000,17.713129,38800
2016-05-25,18.170000,18.490000,17.590000,17.690001,17.235716,28000
2016-05-26,17.830000,17.980000,17.420000,17.440001,16.992136,37000
2016-05-27,17.570000,18.000000,17.570000,18.000000,17.537756,36200
2016-05-31,17.930000,18.100000,17.680000,18.080000,17.615698,57300
2016-06-01,18.059999,18.299999,17.690001,17.790001,17.333147,30500
2016-06-02,17.680000,18.000000,17.270000,17.969999,17.508524,37100
2016-06-03,17.879999,18.200001,17.620001,18.040001,17.576729,38400
2016-06-06,17.990000,18.309999,17.450001,18.139999,17.674158,50600
2016-06-07,18.110001,18.400000,18.110001,18.219999,17.752104,29800
2016-06-08,18.139999,18.440001,18.049999,18.370001,17.898254,45100
2016-06-09,18.270000,18.430000,17.820000,17.920000,17.459808,21000
2016-06-10,17.680000,18.270000,17.260000,17.790001,17.333147,26200
2016-06-13,17.650000,17.709999,16.809999,17.330000,16.884958,23500
2016-06-14,17.530001,17.700001,17.100000,17.299999,16.855732,46600
2016-06-15,17.250000,18.240000,17.129999,18.120001,17.654673,69100
2016-06-16,17.900000,18.040001,17.770000,18.000000,17.537756,36400
2016-06-17,18.059999,18.440001,17.750000,18.410000,17.937225,86200
2016-06-20,18.500000,18.840000,18.440001,18.639999,18.161318,44000
2016-06-21,18.559999,18.780001,18.320000,18.670000,18.190548,25700
2016-06-22,18.629999,18.969999,18.629999,18.830000,18.346441,27900
2016-06-23,18.910000,19.350000,18.700001,19.340000,18.843340,27900
2016-06-24,18.320000,19.070000,18.320000,18.709999,18.229521,134200
2016-06-27,18.260000,18.299999,17.180000,17.309999,16.865473,46400
2016-06-28,17.350000,17.750000,17.100000,17.200001,16.758299,27700
2016-06-29,17.200001,17.580000,17.200001,17.500000,17.050594,33000
2016-06-30,17.430000,17.920000,17.430000,17.780001,17.323402,36000
2016-07-01,17.670000,17.990000,17.610001,17.959999,17.498781,35400
2016-07-05,17.820000,18.230000,17.020000,17.260000,16.816757,100900
2016-07-06,17.090000,17.680000,16.980000,17.570000,17.118795,48200
2016-07-07,17.540001,17.700001,17.190001,17.450001,17.001879,32200
2016-07-08,17.600000,18.100000,17.600000,18.040001,17.576729,104900
2016-07-11,18.040001,19.250000,18.040001,19.030001,18.541307,45600
2016-07-12,19.139999,19.910000,19.049999,19.700001,19.194099,36100
2016-07-13,19.790001,19.790001,19.360001,19.600000,19.164761,56700
2016-07-14,19.660000,19.660000,19.139999,19.299999,18.871424,34900
2016-07-15,19.459999,19.690001,19.090000,19.150000,18.724754,25100
2016-07-18,19.090000,19.580000,18.910000,19.170000,18.744314,38500
2016-07-19,18.959999,19.400000,18.900000,19.170000,18.744314,34700
2016-07-20,19.330000,19.330000,18.950001,19.020000,18.597641,32500
2016-07-21,18.959999,19.110001,18.740000,18.879999,18.460751,24200
2016-07-22,18.959999,18.959999,18.570000,18.700001,18.284750,22800
2016-07-25,18.590000,18.980000,18.549999,18.900000,18.480309,15600
2016-07-26,18.950001,19.490000,18.770000,19.090000,18.666090,27900
2016-07-27,19.200001,20.240000,18.980000,20.230000,19.780773,51900
2016-07-28,20.389999,20.430000,19.950001,20.020000,19.575438,14800
2016-07-29,20.100000,20.510000,19.760000,20.490000,20.035002,44000
2016-08-01,20.520000,20.889999,20.490000,20.809999,20.347891,20700
2016-08-02,20.070000,20.590000,20.030001,20.410000,19.956776,36500
2016-08-03,20.250000,20.670000,20.139999,20.590000,20.132780,45200
2016-08-04,20.580000,20.850000,20.440001,20.480000,20.025221,17100
2016-08-05,20.370001,20.860001,20.219999,20.260000,19.810108,39300
2016-08-08,20.440001,20.650000,20.120001,20.480000,20.025221,24300
2016-08-09,20.450001,20.820000,20.170000,20.500000,20.044779,19400
2016-08-10,20.500000,20.500000,20.040001,20.190001,19.741661,42700
2016-08-11,20.000000,20.549999,19.190001,20.400000,19.946999,35100
2016-08-12,20.430000,20.600000,20.000000,20.440001,19.986109,18200
2016-08-15,20.420000,20.580000,20.330000,20.389999,19.937220,21700
2016-08-16,20.459999,20.520000,20.120001,20.450001,19.995890,34600
2016-08-17,20.450001,21.340000,20.450001,21.299999,20.827013,41200
2016-08-18,21.320000,22.100000,21.250000,22.049999,21.560356,41800
2016-08-19,21.920000,22.120001,21.709999,21.879999,21.394135,52200
2016-08-22,21.809999,22.219999,21.700001,22.209999,21.716806,38200
2016-08-23,22.290001,22.350000,21.850000,22.260000,21.765696,30700
2016-08-24,22.230000,22.370001,22.200001,22.360001,21.863474,28500
2016-08-25,22.370001,23.000000,22.299999,22.990000,22.479485,41800
2016-08-26,22.969999,23.000000,22.639999,22.990000,22.479485,29800
2016-08-29,23.000000,23.129999,22.900000,23.049999,22.538151,32900
2016-08-30,22.980000,23.250000,22.980000,23.219999,22.704376,30000
2016-08-31,23.150000,23.219999,22.840000,22.969999,22.459929,52400
2016-09-01,22.799999,23.150000,22.799999,23.150000,22.635929,36400
2016-09-02,23.139999,23.400000,23.139999,23.360001,22.841270,26900
2016-09-06,23.370001,23.459999,23.180000,23.309999,22.792377,44000
2016-09-07,23.340000,23.580000,23.230000,23.500000,22.978161,52100
2016-09-08,23.420000,23.549999,23.230000,23.440001,22.919493,31900
2016-09-09,23.320000,23.440001,23.080000,23.400000,22.880383,53300
2016-09-12,23.260000,23.500000,23.129999,23.500000,22.978161,27700
2016-09-13,23.400000,23.500000,21.090000,23.410000,22.890158,24400
2016-09-14,23.320000,23.480000,23.240000,23.290001,22.772823,19600
2016-09-15,23.299999,23.450001,22.690001,23.110001,22.596819,25900
2016-09-16,23.100000,23.170000,22.770000,22.820000,22.313261,76500
2016-09-19,22.980000,23.379999,22.980000,23.340000,22.821714,59600
2016-09-20,23.459999,23.690001,23.100000,23.410000,22.890158,26700
2016-09-21,23.469999,23.549999,21.510000,23.480000,22.958603,30000
2016-09-22,23.549999,23.750000,21.520000,23.719999,23.193274,42600
2016-09-23,23.730000,24.430000,23.290001,24.320000,23.779949,55700
2016-09-26,24.170000,24.240000,23.389999,23.420000,22.899937,50900
2016-09-27,23.299999,23.820000,22.889999,23.160000,22.645710,35300
2016-09-28,23.129999,23.670000,23.129999,23.639999,23.115053,24200
2016-09-29,23.450001,24.000000,23.209999,23.900000,23.369276,37700
2016-09-30,23.870001,24.290001,23.420000,24.139999,23.603949,35300
2016-10-03,24.230000,24.809999,23.639999,24.600000,24.053732,48500
2016-10-04,24.809999,25.000000,24.500000,24.980000,24.425297,55500
2016-10-05,24.950001,25.250000,24.879999,25.020000,24.464407,30600
2016-10-06,25.020000,25.020000,24.299999,24.730000,24.180845,37800
2016-10-07,24.660000,25.000000,24.100000,24.100000,23.564835,30700
2016-10-10,24.340000,24.980000,24.010000,24.900000,24.347073,28600
2016-10-11,24.980000,24.980000,24.370001,24.690001,24.141737,28100
2016-10-12,24.799999,24.969999,24.280001,24.920000,24.435907,19800
2016-10-13,24.760000,24.760000,24.270000,24.600000,24.122124,31200
2016-10-14,24.660000,24.870001,24.340000,24.790001,24.308432,29500
2016-10-17,24.600000,24.650000,23.650000,23.950001,23.484751,37000
2016-10-18,24.049999,24.100000,23.750000,24.049999,23.582804,15200
2016-10-19,24.150000,24.500000,24.049999,24.450001,23.975039,19900
2016-10-20,24.350000,24.500000,24.000000,24.500000,24.024067,21400
2016-10-21,24.250000,24.299999,24.049999,24.049999,23.582804,34800
2016-10-24,24.200001,24.500000,23.950001,24.400000,23.926006,20700
2016-10-25,24.350000,24.500000,23.850000,23.900000,23.435720,16900
2016-10-26,24.000000,24.000000,23.650000,23.650000,23.190577,26000
2016-10-27,23.850000,23.850000,23.000000,23.400000,22.945435,41900
2016-10-28,23.450001,23.900000,23.400000,23.799999,23.337666,63200
2016-10-31,23.850000,24.150000,23.549999,23.850000,23.386692,63500
2016-11-01,23.700001,24.700001,23.549999,24.450001,23.975039,43600
2016-11-02,24.400000,24.900000,23.799999,24.280001,23.808338,32300
2016-11-03,24.250000,24.600000,24.100000,24.250000,23.778921,31100
2016-11-04,24.350000,25.549999,24.350000,25.500000,25.004639,73600
2016-11-07,25.850000,26.000000,25.100000,25.700001,25.200754,81600
2016-11-08,25.500000,26.600000,25.500000,26.350000,25.838129,31100
2016-11-09,26.150000,27.400000,26.150000,27.350000,26.818701,43500
2016-11-10,27.650000,27.900000,26.920000,27.650000,27.112873,64200
2016-11-11,27.750000,29.250000,27.129999,29.150000,28.583733,77200
2016-11-14,29.400000,29.700001,26.049999,29.700001,29.123051,48900
2016-11-15,30.000000,30.000000,28.600000,29.100000,28.534708,38700
2016-11-16,29.100000,29.549999,29.030001,29.299999,28.730820,31300
2016-11-17,29.299999,29.450001,28.000000,28.549999,27.995390,38000
2016-11-18,28.799999,28.900000,28.299999,28.799999,28.240532,61900
2016-11-21,28.650000,29.250000,28.150000,29.049999,28.485678,43000
2016-11-22,29.100000,29.500000,28.700001,29.450001,28.877911,46300
2016-11-23,29.299999,29.950001,29.150000,29.900000,29.319166,31300
2016-11-25,29.690001,30.700001,29.650000,30.450001,29.858484,15300
2016-11-28,30.400000,30.500000,29.650000,29.799999,29.221107,32400
2016-11-29,29.650000,31.000000,29.650000,30.850000,30.250711,46900
2016-11-30,30.900000,31.000000,29.200001,29.299999,28.730820,34000
2016-12-01,29.650000,30.500000,29.450001,29.850000,29.270138,39200
2016-12-02,29.700001,30.299999,29.000000,29.850000,29.270138,46400
2016-12-05,30.000000,30.799999,29.790001,29.950001,29.368195,47000
2016-12-06,30.150000,31.299999,29.540001,31.250000,30.642942,45400
2016-12-07,31.250000,31.250000,30.950001,31.049999,30.446823,32300
2016-12-08,31.250000,31.400000,31.000000,31.350000,30.740997,34400
2016-12-09,31.350000,32.200001,31.160000,32.200001,31.574490,41400
2016-12-12,32.000000,32.000000,29.400000,29.799999,29.221107,85100
2016-12-13,30.000000,31.000000,29.950001,30.900000,30.299742,51900
2016-12-14,30.700001,30.900000,29.500000,29.750000,29.172079,40100
2016-12-15,29.850000,30.600000,29.500000,29.750000,29.172079,67400
2016-12-16,29.850000,30.450001,28.549999,28.950001,28.387623,391600
2016-12-19,29.400000,32.099998,29.400000,31.549999,30.937111,97200
2016-12-20,32.049999,32.599998,31.100000,32.549999,31.917685,55400
2016-12-21,32.599998,33.299999,31.920000,32.599998,31.966713,83800
2016-12-22,32.750000,33.000000,32.049999,32.700001,32.064777,59000
2016-12-23,32.400002,33.099998,32.400002,32.799999,32.162830,27500
2016-12-27,32.950001,33.599998,32.299999,32.349998,31.721569,35900
2016-12-28,32.150002,32.750000,31.500000,31.950001,31.329346,26000
2016-12-29,32.049999,32.080002,30.850000,31.250000,30.642942,46600
2016-12-30,31.950001,31.950001,30.700001,30.900000,30.299742,53700
2017-01-03,31.049999,32.349998,30.850000,32.200001,31.574490,53300
2017-01-04,32.250000,33.000000,32.049999,32.950001,32.309917,48400
2017-01-05,32.750000,33.000000,32.549999,32.849998,32.211857,34900
2017-01-06,33.000000,33.000000,32.500000,32.700001,32.064777,24400
2017-01-09,32.450001,32.700001,32.150002,32.400002,31.770601,42100
2017-01-10,32.450001,32.750000,32.099998,32.150002,31.525459,27700
2017-01-11,32.099998,32.549999,31.799999,32.400002,31.839928,34400
2017-01-12,32.000000,32.500000,31.750000,32.049999,31.495977,19900
2017-01-13,32.000000,32.549999,32.000000,32.250000,31.692524,22300
2017-01-17,32.000000,32.000000,30.600000,30.750000,30.218449,45400
2017-01-18,30.799999,31.450001,29.930000,31.299999,30.758944,20300
2017-01-19,31.299999,31.950001,30.799999,31.600000,31.053757,29200
2017-01-20,31.500000,32.450001,31.500000,31.799999,31.250296,18100
2017-01-23,31.799999,31.799999,31.200001,31.450001,30.906349,12000
2017-01-24,31.350000,32.799999,31.299999,32.650002,32.085606,25800
2017-01-25,32.750000,32.900002,32.500000,32.700001,32.134743,16600
2017-01-26,32.599998,32.750000,32.000000,32.450001,31.889065,26000
2017-01-27,32.400002,32.549999,31.850000,32.450001,31.889065,29100
2017-01-30,32.000000,32.000000,31.000000,31.100000,30.562401,33900
2017-01-31,31.049999,31.900000,30.900000,31.799999,31.250296,23300
2017-02-01,31.950001,32.450001,30.500000,30.850000,30.316719,48000
2017-02-02,30.750000,31.700001,29.500000,29.799999,29.284870,36800
2017-02-03,29.799999,30.980000,27.750000,30.950001,30.414993,51000
2017-02-06,30.900000,31.400000,30.549999,30.650000,30.120178,28900
2017-02-07,30.600000,30.750000,29.850000,30.049999,29.530546,13200
2017-02-08,29.400000,30.100000,29.400000,29.600000,29.088326,15200
2017-02-09,30.200001,30.900000,30.000000,30.750000,30.218449,18500
2017-02-10,30.850000,31.049999,30.450001,30.750000,30.218449,16600
2017-02-13,31.000000,31.100000,30.400000,30.400000,29.874498,16800
2017-02-14,30.250000,31.000000,30.000000,30.799999,30.267584,36500
2017-02-15,30.549999,31.250000,30.480000,31.200001,30.660671,24600
2017-02-16,31.000000,31.850000,30.850000,31.700001,31.152027,26700
2017-02-17,31.650000,31.650000,29.900000,29.900000,29.383141,72100
2017-02-21,29.900000,30.200001,28.500000,28.900000,28.400431,46400
2017-02-22,28.950001,29.000000,27.700001,28.250000,27.761663,38300
2017-02-23,28.400000,28.750000,27.350000,27.900000,27.417715,32400
2017-02-24,27.650000,27.950001,27.049999,27.049999,26.582407,37400
2017-02-27,26.600000,27.400000,26.600000,27.049999,26.582407,43400
2017-02-28,26.600000,26.750000,25.950001,26.100000,25.648830,53200
2017-03-01,26.799999,27.250000,26.100000,27.100000,26.631544,49800
2017-03-02,26.650000,27.250000,26.650000,27.200001,26.729818,38300
2017-03-03,27.100000,27.350000,26.250000,26.950001,26.484137,31100
2017-03-06,26.500000,27.049999,26.000000,26.000000,25.550558,30800
2017-03-07,25.950001,26.580000,25.850000,26.200001,25.747103,31800
2017-03-08,26.350000,26.600000,25.700001,25.799999,25.354013,25100
2017-03-09,25.850000,26.000000,25.250000,25.350000,24.911793,16700
2017-03-10,25.600000,25.850000,25.000000,25.200001,24.764387,35900
2017-03-13,25.100000,25.850000,25.100000,25.450001,25.010065,33600
2017-03-14,25.450001,25.600000,24.750000,25.400000,24.960928,29900
2017-03-15,25.549999,25.549999,25.049999,25.299999,24.862659,23200
2017-03-16,25.500000,25.549999,24.750000,24.900000,24.469574,31700
2017-03-17,24.850000,25.350000,24.650000,25.200001,24.764387,83400
2017-03-20,24.950001,25.299999,24.150000,24.200001,23.781673,40500
2017-03-21,24.200001,24.400000,23.150000,23.150000,22.749821,44000
2017-03-22,23.150000,23.200001,22.500000,22.650000,22.258467,32200
2017-03-23,22.950001,22.990000,22.299999,22.700001,22.307604,39100
2017-03-24,22.850000,22.850000,22.200001,22.250000,21.865383,29100
2017-03-27,21.650000,22.950001,21.650000,22.700001,22.307604,38800
2017-03-28,22.549999,22.950001,22.549999,22.799999,22.405872,19300
2017-03-29,22.700001,23.150000,22.650000,22.950001,22.553280,35500
2017-03-30,23.000000,23.299999,22.650000,23.250000,22.848095,34000
2017-03-31,23.150000,25.650000,23.100000,25.549999,25.108334,121100
2017-04-03,25.750000,25.750000,23.750000,23.799999,23.388588,61400
2017-04-04,23.600000,24.000000,23.000000,23.049999,22.651550,31600
2017-04-05,23.350000,23.350000,22.049999,22.049999,21.668839,34700
2017-04-06,22.150000,22.600000,21.950001,22.549999,22.160196,23900
2017-04-07,22.549999,23.100000,22.549999,22.799999,22.405872,17900
2017-04-10,22.850000,23.299999,22.750000,22.900000,22.504148,29500
2017-04-11,22.799999,23.350000,22.750000,23.299999,22.967434,28900
2017-04-12,23.400000,23.400000,22.360001,22.500000,22.178854,20300
2017-04-13,22.510000,22.510000,21.850000,22.299999,21.981709,21200
2017-04-17,22.600000,22.600000,22.299999,22.500000,22.178854,15100
2017-04-18,22.549999,22.700001,22.309999,22.600000,22.277428,14700
2017-04-19,22.750000,23.500000,22.750000,23.000000,22.671722,28600
2017-04-20,23.270000,23.750000,22.840000,23.750000,23.411013,17400
2017-04-21,23.750000,23.850000,23.100000,23.150000,22.819576,20800
2017-04-24,23.799999,23.850000,23.219999,23.650000,23.312441,24100
2017-04-25,24.000000,24.700001,23.450001,23.600000,23.263155,52100
2017-04-26,23.450001,25.049999,23.450001,24.750000,24.396738,37000
2017-04-27,25.000000,25.150000,23.950001,24.150000,23.805305,25800
2017-04-28,24.100000,24.350000,23.750000,24.200001,23.854591,25200
2017-05-01,24.400000,24.400000,23.600000,23.850000,23.509588,22800
2017-05-02,24.900000,24.900000,23.000000,23.250000,22.918152,31600
2017-05-03,22.500000,23.900000,22.299999,23.750000,23.411013,44600
2017-05-04,23.750000,23.850000,22.500000,22.900000,22.573147,32200
2017-05-05,23.250000,23.629999,22.700001,23.250000,22.918152,25100
2017-05-08,23.620001,23.850000,22.750000,23.150000,22.819576,26100
2017-05-09,23.299999,23.400000,22.830000,23.299999,22.967434,62000
2017-05-10,23.150000,23.799999,23.150000,23.650000,23.312441,16000
2017-05-11,23.549999,23.549999,22.850000,23.299999,22.967434,24000
2017-05-12,23.150000,23.299999,22.750000,23.200001,22.868864,24300
2017-05-15,23.350000,23.950001,22.850000,23.650000,23.312441,40700
2017-05-16,23.900000,23.950001,23.379999,23.900000,23.558872,37900
2017-05-17,23.500000,23.709999,23.350000,23.500000,23.164581,50300
2017-05-18,23.700001,24.150000,23.049999,24.049999,23.706732,42800
2017-05-19,24.049999,24.150000,23.650000,23.900000,23.558872,39800
2017-05-22,23.900000,24.200001,23.500000,24.049999,23.706732,54500
2017-05-23,24.150000,24.200001,23.650000,24.049999,23.706732,67000
2017-05-24,24.150000,24.250000,23.500000,23.600000,23.263155,25900
2017-05-25,23.650000,23.850000,23.450001,23.799999,23.460302,33800
2017-05-26,23.799999,23.799999,23.450001,23.650000,23.312441,41600
2017-05-30,23.500000,23.700001,23.450001,23.500000,23.164581,14900
2017-05-31,23.500000,24.000000,23.450001,24.000000,23.657448,25900
2017-06-01,24.049999,25.000000,24.049999,24.950001,24.593887,24500
2017-06-02,24.900000,26.250000,24.900000,25.400000,25.037462,27700
2017-06-05,25.549999,25.549999,24.549999,24.950001,24.593887,32500
2017-06-06,24.650000,24.799999,24.100000,24.450001,24.101025,24700
2017-06-07,24.400000,24.500000,24.000000,24.299999,23.953163,16900
2017-06-08,24.400000,26.049999,24.049999,25.650000,25.283894,29400
2017-06-09,25.700001,26.150000,25.469999,26.049999,25.678185,37900
2017-06-12,26.049999,26.549999,25.750000,25.799999,25.431753,36300
2017-06-13,26.000000,26.150000,25.750000,25.850000,25.481041,26000
2017-06-14,25.850000,25.900000,25.700001,25.799999,25.431753,31800
2017-06-15,25.750000,26.150000,25.750000,25.950001,25.579615,22600
2017-06-16,25.750000,26.200001,25.700001,26.049999,25.678185,97200
2017-06-19,26.250000,26.430000,25.400000,25.549999,25.185320,26800
2017-06-20,25.350000,25.350000,24.950001,25.250000,24.889605,19600
2017-06-21,25.250000,25.750000,24.549999,24.650000,24.298168,25500
2017-06-22,24.500000,24.600000,24.000000,24.350000,24.002451,24600
2017-06-23,24.400000,25.100000,24.400000,25.000000,24.643171,142000
2017-06-26,24.850000,25.700001,24.549999,24.950001,24.593887,18400
2017-06-27,24.600000,25.200001,23.250000,24.950001,24.593887,24900
2017-06-28,24.500000,25.799999,24.500000,25.400000,25.037462,32800
2017-06-29,25.600000,25.600000,24.900000,24.950001,24.593887,22200
2017-06-30,24.850000,25.250000,24.549999,24.700001,24.347458,24800
2017-07-03,24.750000,25.400000,24.400000,25.250000,24.889605,13000
2017-07-05,25.250000,25.549999,24.750000,25.150000,24.791033,24800
2017-07-06,25.000000,25.549999,24.750000,25.049999,24.692459,18000
2017-07-07,25.350000,25.450001,24.900000,25.100000,24.741747,20500
2017-07-10,25.000000,25.500000,24.799999,25.000000,24.643171,34400
2017-07-11,25.000000,25.549999,24.850000,25.400000,25.037462,26200
2017-07-12,25.000000,25.750000,24.950001,25.549999,25.254921,9000
2017-07-13,25.549999,25.549999,24.650000,25.049999,24.760695,10900
2017-07-14,24.850000,25.150000,24.850000,25.000000,24.711273,18600
2017-07-17,24.950001,25.700001,24.799999,25.650000,25.353767,20400
2017-07-18,25.400000,25.600000,24.850000,25.150000,24.859539,14700
2017-07-19,25.150000,25.900000,25.150000,25.650000,25.353767,17100
2017-07-20,25.700001,25.700001,25.299999,25.600000,25.304346,6300
2017-07-21,25.700001,25.700001,25.000000,25.100000,24.810120,26900
2017-07-24,25.100000,25.250000,24.950001,25.150000,24.859539,13000
2017-07-25,25.250000,25.709999,25.150000,25.200001,24.908966,22900
2017-07-26,25.350000,25.350000,24.950001,25.150000,24.859539,22200
2017-07-27,25.150000,25.350000,24.680000,25.250000,24.958387,17100
2017-07-28,25.150000,25.500000,25.000000,25.450001,25.156078,21600
2017-07-31,25.650000,25.700001,25.000000,25.250000,24.958387,17000
2017-08-01,25.299999,25.350000,24.950001,25.350000,25.057232,32600
2017-08-02,25.200001,25.250000,24.950001,25.200001,24.908966,41700
2017-08-03,25.250000,27.400000,25.250000,27.400000,27.083555,36100
2017-08-04,27.549999,29.000000,27.299999,29.000000,28.665077,39000
2017-08-07,28.850000,29.250000,27.850000,27.950001,27.627207,28700
2017-08-08,27.950001,28.200001,27.250000,27.750000,27.429516,16500
2017-08-09,27.650000,28.200001,27.320000,28.049999,27.726049,27000
2017-08-10,28.100000,28.100000,27.400000,27.400000,27.083555,12300
2017-08-11,27.549999,27.549999,26.400000,26.500000,26.193953,17900
2017-08-14,26.600000,27.299999,26.600000,27.150000,26.836445,16400
2017-08-15,27.299999,27.299999,26.299999,26.650000,26.342218,17300
2017-08-16,26.799999,26.900000,26.150000,26.150000,25.847992,13700
2017-08-17,26.000000,26.200001,25.600000,26.049999,25.749147,45900
2017-08-18,25.700001,26.650000,25.700001,26.000000,25.699724,26400
2017-08-21,25.950001,26.000000,25.650000,25.650000,25.353767,18300
2017-08-22,25.700001,25.700001,25.600000,25.650000,25.353767,13000
2017-08-23,25.450001,25.750000,25.250000,25.500000,25.205500,41100
2017-08-24,25.500000,25.700001,24.850000,24.900000,24.612429,23000
2017-08-25,25.049999,25.400000,24.850000,25.200001,24.908966,22100
2017-08-28,25.200001,25.299999,24.469999,25.000000,24.711273,31500
2017-08-29,24.850000,25.430000,24.650000,24.750000,24.464161,33200
2017-08-30,24.799999,25.200001,24.680000,24.850000,24.563007,21300
2017-08-31,24.900000,25.600000,24.900000,25.500000,25.205500,23700
2017-09-01,25.100000,25.650000,25.100000,25.250000,24.958387,12800
2017-09-05,25.150000,26.360001,25.100000,25.950001,25.650303,48300
2017-09-06,25.950001,26.379999,25.500000,26.250000,25.946838,30200
2017-09-07,26.200001,26.500000,26.000000,26.299999,25.996260,26700
2017-09-08,26.200001,26.799999,25.900000,26.450001,26.144529,24600
2017-09-11,26.500000,26.950001,25.950001,26.250000,25.946838,47900
2017-09-12,26.400000,26.750000,26.150000,26.650000,26.342218,19300
2017-09-13,26.549999,28.000000,26.549999,27.850000,27.528358,36300
2017-09-14,27.700001,27.750000,26.000000,27.500000,27.182402,31800
2017-09-15,27.549999,27.600000,26.799999,27.000000,26.688175,147900
2017-09-18,27.100000,27.450001,26.950001,27.000000,26.688175,33000
2017-09-19,27.150000,27.549999,27.000000,27.450001,27.132980,21200
2017-09-20,27.250000,27.549999,27.100000,27.500000,27.182402,19100
2017-09-21,27.299999,27.600000,27.000000,27.299999,26.984711,23800
2017-09-22,27.500000,27.750000,26.750000,27.100000,26.787024,37400
2017-09-25,27.000000,28.450001,26.850000,28.450001,28.121429,33000
2017-09-26,28.450001,29.549999,27.750000,29.100000,28.763924,44000
2017-09-27,29.299999,31.000000,29.299999,30.950001,30.592558,47600
2017-09-28,30.950001,32.000000,29.610001,31.900000,31.531586,44400
2017-09-29,31.650000,32.000000,30.900000,31.200001,30.839670,40000
2017-10-02,31.549999,33.000000,31.200001,32.950001,32.569458,50900
2017-10-03,33.250000,33.400002,32.799999,33.250000,32.865993,70000
2017-10-04,33.250000,33.450001,32.299999,32.750000,32.371769,59500
2017-10-05,32.700001,33.250000,31.100000,33.150002,32.767155,31900
2017-10-06,33.150002,33.150002,32.099998,32.549999,32.174076,29700
2017-10-09,32.599998,32.849998,31.549999,32.750000,32.371769,25300
2017-10-10,33.000000,33.419998,32.500000,32.900002,32.520035,35600
2017-10-11,32.950001,33.099998,32.380001,32.549999,32.174076,39400
2017-10-12,32.599998,33.049999,32.480000,32.750000,32.441536,39400
2017-10-13,32.750000,33.450001,32.349998,33.099998,32.788239,36700
2017-10-16,33.150002,33.400002,32.700001,33.150002,32.837772,23700
2017-10-17,33.099998,33.099998,32.049999,32.200001,31.896717,19400
2017-10-18,32.549999,32.549999,31.950001,32.250000,31.946243,24900
2017-10-19,32.099998,32.099998,31.150000,31.400000,31.104250,25500
2017-10-20,31.650000,31.650000,30.650000,31.250000,30.955662,30600
2017-10-23,31.350000,31.350000,29.900000,31.049999,30.757547,25800
2017-10-24,31.250000,32.500000,30.950001,31.549999,31.252836,35500
2017-10-25,31.549999,31.629999,30.879999,31.400000,31.104250,23900
2017-10-26,31.650000,31.900000,30.950001,31.549999,31.252836,23900
2017-10-27,31.750000,33.000000,31.299999,32.599998,32.292946,21400
2017-10-30,32.450001,32.450001,30.799999,31.500000,31.203310,20700
2017-10-31,31.549999,32.650002,31.299999,32.349998,32.045300,26100
2017-11-01,32.750000,32.900002,31.000000,31.450001,31.153780,23100
2017-11-02,31.500000,32.250000,30.750000,30.900000,30.608961,29400
2017-11-03,30.900000,30.900000,27.299999,28.299999,28.033447,63600
2017-11-06,28.400000,28.600000,26.900000,26.900000,26.646635,64000
2017-11-07,27.049999,27.340000,25.150000,25.200001,24.962648,60300
2017-11-08,25.150000,25.600000,24.650000,25.049999,24.814058,42700
2017-11-09,25.000000,25.799999,23.799999,25.750000,25.507467,59400
2017-11-10,25.700001,26.250000,25.650000,25.750000,25.507467,18700
2017-11-13,25.750000,26.150000,25.450001,25.700001,25.457939,28400
2017-11-14,25.650000,26.000000,25.150000,25.700001,25.457939,26800
2017-11-15,25.600000,26.230000,25.129999,25.600000,25.358881,18200
2017-11-16,25.900000,27.299999,25.900000,26.799999,26.547577,36100
2017-11-17,26.450001,27.200001,25.940001,26.799999,26.547577,18900
2017-11-20,26.950001,27.750000,26.850000,27.650000,27.389570,15000
2017-11-21,27.850000,28.950001,27.850000,28.850000,28.578270,37500
2017-11-22,28.900000,28.950001,27.750000,27.850000,27.587687,16900
2017-11-24,28.000000,28.049999,27.549999,27.750000,27.488630,8100
2017-11-27,27.750000,28.150000,27.549999,28.000000,27.736275,11400
2017-11-28,27.750000,28.799999,27.610001,28.350000,28.082979,16500
2017-11-29,28.500000,28.549999,27.900000,28.000000,27.736275,17900
2017-11-30,28.350000,28.350000,26.600000,26.850000,26.597107,28200
2017-12-01,26.900000,27.299999,25.850000,27.100000,26.844753,34400
2017-12-04,27.750000,27.750000,26.200001,26.250000,26.002758,14000
2017-12-05,26.350000,26.450001,25.400000,25.450001,25.210295,25800
2017-12-06,25.350000,26.100000,25.350000,25.500000,25.259821,22700
2017-12-07,25.450001,25.700001,24.850000,25.250000,25.012177,20700
2017-12-08,25.500000,26.000000,24.600000,24.600000,24.368299,19900
2017-12-11,24.450001,25.650000,24.450001,25.600000,25.358881,30300
2017-12-12,25.750000,25.930000,25.200001,25.250000,25.012177,17500
2017-12-13,25.400000,26.400000,25.400000,26.100000,25.854170,19700
2017-12-14,26.250000,27.450001,25.950001,26.450001,26.200874,29600
2017-12-15,26.549999,27.900000,26.549999,27.100000,26.844753,245000
2017-12-18,27.650000,28.200001,26.799999,27.200001,26.943810,25900
2017-12-19,27.250000,28.000000,26.799999,26.900000,26.646635,25600
2017-12-20,27.049999,29.400000,27.049999,27.150000,26.894281,18200
2017-12-21,27.350000,27.350000,26.549999,26.600000,26.349461,10800
2017-12-22,26.700001,26.700001,25.170000,26.200001,25.953230,12700
2017-12-26,26.150000,26.150000,25.299999,25.350000,25.111235,14000
2017-12-27,25.400000,26.330000,25.350000,25.549999,25.309349,14900
2017-12-28,25.700001,25.950001,25.500000,25.700001,25.457939,14300
2017-12-29,25.650000,25.750000,25.100000,25.180000,24.942835,13600
2018-01-02,25.400000,25.700001,24.870001,24.950001,24.715002,16600
2018-01-03,25.000000,25.150000,24.350000,24.500000,24.269241,16700
2018-01-04,24.750000,24.750000,24.350000,24.549999,24.318769,18500
2018-01-05,24.549999,25.100000,24.500000,24.799999,24.566416,18500
2018-01-08,24.750000,24.750000,24.450001,24.450001,24.219711,13100
2018-01-09,24.500000,24.500000,23.750000,23.750000,23.526304,12400
2018-01-10,23.750000,23.750000,23.299999,23.750000,23.526304,16400
2018-01-11,24.799999,25.049999,24.400000,24.600000,24.440334,26600
2018-01-12,24.750000,24.950001,24.650000,24.850000,24.759165,8500
2018-01-16,24.850000,25.400000,24.049999,24.450001,24.360626,29200
2018-01-17,24.450001,24.950001,24.150000,24.700001,24.609713,26500
2018-01-18,24.600000,24.799999,23.900000,24.000000,23.912271,15500
2018-01-19,24.000000,24.200001,22.650000,22.900000,22.816292,37700
2018-01-22,22.600000,25.780001,21.600000,22.000000,21.919582,36700
2018-01-23,21.850000,23.700001,21.850000,22.400000,22.318119,20300
2018-01-24,22.400000,22.650000,21.549999,21.600000,21.521044,24400
2018-01-25,21.809999,21.809999,20.350000,20.750000,20.674150,54500
2018-01-26,20.900000,21.799999,20.900000,21.200001,21.122507,21900
2018-01-29,21.350000,21.809999,21.000000,21.049999,20.973053,39300
2018-01-30,20.950001,23.549999,20.700001,21.100000,21.022873,28000
2018-01-31,21.299999,21.299999,20.500000,20.549999,20.474882,30000
2018-02-01,20.549999,20.900000,20.500000,20.799999,20.723967,25700
2018-02-02,20.700001,21.049999,20.500000,20.549999,20.474882,26500
2018-02-05,20.500000,20.650000,19.450001,19.500000,19.428720,26400
2018-02-06,19.100000,19.600000,18.870001,19.450001,19.378904,34700
2018-02-07,19.400000,20.000000,19.250000,19.629999,19.558245,32300
2018-02-08,19.430000,19.450001,18.500000,18.650000,18.581827,40300
2018-02-09,18.799999,19.000000,17.799999,18.750000,18.681461,42900
2018-02-12,18.799999,19.299999,18.650000,18.900000,18.830914,29100
2018-02-13,18.650000,18.799999,18.400000,18.400000,18.332741,28500
2018-02-14,18.200001,19.100000,18.200001,18.900000,18.830914,27800
2018-02-15,18.910000,19.549999,18.850000,19.500000,19.428720,16000
2018-02-16,19.299999,19.750000,18.700001,18.900000,18.830914,19500
2018-02-20,18.799999,19.299999,18.700001,18.900000,18.830914,22300
2018-02-21,19.000000,19.650000,18.650000,18.850000,18.781097,21500
2018-02-22,18.850000,18.850000,18.000000,18.450001,18.382559,20900
2018-02-23,18.500000,18.650000,17.299999,18.150000,18.083654,41900
2018-02-26,18.150000,19.350000,18.100000,19.000000,18.930548,20900
2018-02-27,19.000000,19.100000,17.850000,17.850000,17.784752,22200
2018-02-28,18.049999,18.049999,17.200001,17.299999,17.236761,44200
2018-03-01,17.250000,18.250000,17.200001,17.500000,17.436031,25000
2018-03-02,17.299999,17.650000,17.200001,17.350000,17.286579,21900
2018-03-05,17.250000,18.000000,17.100000,17.799999,17.734934,35900
2018-03-06,17.900000,18.350000,17.600000,18.250000,18.183289,23100
2018-03-07,18.000000,18.549999,17.900000,18.450001,18.382559,22700
2018-03-08,18.400000,18.610001,17.850000,18.150000,18.083654,12900
2018-03-09,18.299999,18.600000,17.700001,18.450001,18.382559,11400
2018-03-12,18.500000,20.150000,18.200001,20.049999,19.976709,39600
2018-03-13,20.049999,20.820000,17.799999,20.200001,20.126162,19100
2018-03-14,20.350000,20.600000,19.750000,19.850000,19.777441,16000
2018-03-15,19.900000,19.950001,19.500000,19.900000,19.827257,21500
2018-03-16,19.900000,20.700001,19.700001,20.600000,20.524700,71200
2018-03-19,20.299999,20.350000,19.549999,20.049999,19.976709,19800
2018-03-20,20.250000,20.299999,19.500000,20.150000,20.076344,19600
2018-03-21,20.049999,21.010000,19.850000,20.400000,20.325430,32200
2018-03-22,20.100000,20.549999,19.750000,19.750000,19.677807,14900
2018-03-23,19.799999,20.650000,18.900000,19.000000,18.930548,21400
2018-03-26,19.450001,19.450001,18.850000,19.100000,19.030182,34000
2018-03-27,19.049999,19.750000,18.900000,19.200001,19.129818,26600
2018-03-28,19.299999,19.400000,18.500000,18.900000,18.830914,40700
2018-03-29,19.000000,19.500000,18.299999,18.900000,18.830914,103700
2018-04-02,18.799999,19.049999,18.250000,18.500000,18.432375,35200
2018-04-03,18.799999,19.850000,18.400000,19.650000,19.578171,55500
2018-04-04,19.250000,20.100000,19.250000,20.000000,19.926893,13700
2018-04-05,20.250000,20.250000,19.400000,19.500000,19.428720,19700
2018-04-06,19.500000,19.900000,19.100000,19.450001,19.378904,27000
2018-04-09,19.750000,20.200001,19.100000,19.250000,19.179634,20200
2018-04-10,19.350000,20.400000,19.350000,19.700001,19.627991,21200
2018-04-11,19.549999,19.629999,19.049999,19.150000,19.080000,12700
2018-04-12,19.250000,19.450001,19.150000,19.350000,19.350000,17200
2018-04-13,19.450001,19.750000,19.350000,19.549999,19.549999,15600
2018-04-16,19.500000,19.950001,19.250000,19.900000,19.900000,9600
2018-04-17,20.049999,20.930000,19.950001,20.250000,20.250000,18400
2018-04-18,20.299999,21.400000,19.930000,21.200001,21.200001,51400
2018-04-19,21.000000,21.100000,20.049999,20.100000,20.100000,12500
2018-04-20,19.950001,20.549999,19.750000,20.450001,20.450001,21800
2018-04-23,20.500000,21.100000,20.100000,20.250000,20.250000,17200
2018-04-24,20.400000,20.450001,19.900000,20.350000,20.350000,9200
2018-04-25,20.250000,20.799999,20.000000,20.500000,20.500000,10600
2018-04-26,20.700001,20.700001,19.750000,19.799999,19.799999,15400
2018-04-27,19.799999,19.950001,19.299999,19.850000,19.850000,36200
2018-04-30,19.900000,20.250000,19.150000,19.350000,19.350000,15300
2018-05-01,19.299999,19.900000,18.950001,19.850000,19.850000,25000
2018-05-02,19.850000,21.200001,19.700001,20.450001,20.450001,19300
2018-05-03,20.049999,20.049999,19.240000,19.450001,19.450001,28300
2018-05-04,19.250000,20.730000,19.250000,19.500000,19.500000,14700
2018-05-07,19.549999,19.799999,18.650000,19.500000,19.500000,44600
2018-05-08,19.400000,20.400000,19.200001,19.650000,19.650000,20200
2018-05-09,19.650000,20.100000,19.150000,19.750000,19.750000,25300
2018-05-10,20.000000,20.299999,19.750000,20.100000,20.100000,15200
2018-05-11,20.049999,20.549999,19.850000,19.950001,19.950001,11000
2018-05-14,20.049999,20.150000,19.500000,19.750000,19.750000,22700
2018-05-15,19.600000,20.150000,19.450001,19.850000,19.850000,17800
2018-05-16,19.950001,20.350000,19.600000,19.850000,19.850000,28600
2018-05-17,19.799999,20.500000,19.799999,20.500000,20.500000,11300
2018-05-18,20.400000,20.400000,19.500000,19.700001,19.700001,26100
2018-05-21,19.900000,20.350000,19.700001,20.350000,20.350000,14800
2018-05-22,20.299999,20.299999,19.299999,19.400000,19.400000,19300
2018-05-23,19.400000,19.900000,19.350000,19.750000,19.750000,16000
2018-05-24,19.799999,20.150000,19.299999,19.900000,19.900000,22900
2018-05-25,19.799999,20.049999,19.450001,19.799999,19.799999,17600
2018-05-29,19.650000,20.250000,19.650000,20.100000,20.100000,18800
2018-05-30,20.100000,20.400000,19.900000,20.100000,20.100000,16900
2018-05-31,20.049999,20.100000,19.200001,19.299999,19.299999,20900
2018-06-01,19.500000,19.799999,19.150000,19.400000,19.400000,55800
2018-06-04,19.400000,20.450001,19.400000,20.350000,20.350000,33900
2018-06-05,20.400000,21.400000,20.400000,20.900000,20.900000,21400
2018-06-06,20.900000,21.350000,20.700001,21.200001,21.200001,18600
2018-06-07,21.200001,21.500000,20.600000,20.799999,20.799999,15600
2018-06-08,20.850000,20.850000,19.900000,20.000000,20.000000,14100
2018-06-11,20.100000,20.580000,20.100000,20.450001,20.450001,11100
2018-06-12,20.500000,20.500000,19.750000,19.850000,19.850000,10100
2018-06-13,20.000000,20.049999,19.680000,19.799999,19.799999,12800
2018-06-14,19.850000,20.700001,19.850000,20.650000,20.650000,12500
2018-06-15,20.500000,21.549999,20.350000,21.549999,21.549999,34800
2018-06-18,21.400000,21.629999,21.150000,21.549999,21.549999,16000
2018-06-19,21.350000,22.000000,21.000000,21.900000,21.900000,19200
2018-06-20,21.900000,22.400000,21.030001,22.250000,22.250000,29600
2018-06-21,21.580000,22.170000,21.400000,21.600000,21.600000,16900
2018-06-22,21.750000,22.500000,21.500000,22.400000,22.400000,142500
2018-06-25,22.200001,22.299999,21.150000,21.500000,21.500000,27900
2018-06-26,21.600000,21.950001,20.879999,21.750000,21.750000,18400
2018-06-27,21.700001,21.889999,20.750000,20.799999,20.799999,18000
2018-06-28,20.850000,21.250000,20.500000,21.150000,21.150000,24000
2018-06-29,21.200001,21.450001,20.900000,20.900000,20.900000,22100
