Date,Open,High,Low,Close,Adj Close,Volume
2013-01-02,15.125000,15.417500,15.070000,15.417500,15.417500,123200
2013-01-03,15.470000,15.612500,15.132500,15.415000,15.415000,95600
2013-01-04,15.530000,15.750000,15.530000,15.637500,15.637500,38000
2013-01-07,15.632500,15.855000,15.560000,15.847500,15.847500,46000
2013-01-08,15.825000,16.002501,15.662500,16.002501,16.002501,122400
2013-01-09,16.197500,16.465000,16.067499,16.457500,16.457500,80800
2013-01-10,17.285000,17.285000,16.162500,16.475000,16.475000,136400
2013-01-11,16.462500,16.462500,16.120001,16.230000,16.230000,54000
2013-01-14,16.075001,16.370001,16.075001,16.264999,16.264999,30000
2013-01-15,16.277500,16.500000,16.055000,16.475000,16.475000,458400
2013-01-16,16.477501,16.625000,16.075001,16.117500,16.117500,238400
2013-01-17,16.250000,16.250000,15.877500,16.084999,16.084999,313600
2013-01-18,16.247499,16.247499,15.905000,16.137501,16.137501,102000
2013-01-22,16.152500,16.245001,15.935000,16.245001,16.245001,90800
2013-01-23,16.327499,16.412500,16.017500,16.020000,16.020000,44000
2013-01-24,16.020000,16.402500,15.950000,16.059999,16.059999,70000
2013-01-25,16.160000,16.415001,16.080000,16.370001,16.370001,52800
2013-01-28,16.472500,16.565001,16.247499,16.315001,16.315001,75600
2013-01-29,16.200001,16.427500,16.057501,16.389999,16.389999,66000
2013-01-30,16.370001,16.487499,16.125000,16.125000,16.125000,44800
2013-01-31,16.045000,16.440001,16.045000,16.299999,16.299999,32400
2013-02-01,16.500000,16.915001,16.500000,16.735001,16.735001,69200
2013-02-04,16.652500,16.712500,16.200001,16.297501,16.297501,46800
2013-02-05,16.500000,16.670000,16.427500,16.625000,16.625000,53200
2013-02-06,16.709999,16.790001,16.357500,16.487499,16.487499,46400
2013-02-07,16.427500,16.522499,15.957500,16.150000,16.150000,68800
2013-02-08,15.855000,16.517500,15.832500,16.485001,16.485001,54400
2013-02-11,16.662500,16.700001,16.307501,16.340000,16.340000,38000
2013-02-12,16.302500,16.365000,16.197500,16.205000,16.205000,49200
2013-02-13,16.200001,16.455000,16.200001,16.389999,16.389999,25200
2013-02-14,16.382500,16.415001,16.070000,16.325001,16.325001,25600
2013-02-15,16.290001,16.290001,16.139999,16.280001,16.280001,38800
2013-02-19,16.219999,16.379999,16.125000,16.344999,16.344999,50400
2013-02-20,16.365000,16.517500,16.030001,16.030001,16.030001,41600
2013-02-21,15.902500,16.052500,15.637500,15.837500,15.837500,72000
2013-02-22,15.957500,16.325001,15.957500,16.325001,16.325001,42800
2013-02-25,16.379999,16.555000,15.922500,15.922500,15.922500,70000
2013-02-26,16.002501,16.112499,15.770000,15.937500,15.937500,38400
2013-02-27,15.857500,16.612499,15.857500,16.455000,16.455000,40400
2013-02-28,16.857500,16.922501,16.674999,16.737499,16.737499,66800
2013-03-01,16.480000,17.139999,16.459999,17.139999,17.139999,77200
2013-03-04,17.132500,17.590000,16.924999,17.590000,17.590000,128400
2013-03-05,17.820000,18.102501,17.700001,17.990000,17.990000,110400
2013-03-06,18.264999,18.312500,18.055000,18.222500,18.222500,118000
2013-03-07,18.482500,18.482500,18.120001,18.327499,18.327499,59200
2013-03-08,18.510000,18.612499,18.227501,18.590000,18.590000,76000
2013-03-11,18.642500,18.662500,18.447500,18.639999,18.639999,124000
2013-03-12,18.557501,18.850000,18.510000,18.827499,18.827499,63600
2013-03-13,18.725000,18.795000,18.495001,18.674999,18.674999,50800
2013-03-14,18.750000,18.907499,18.662500,18.870001,18.870001,43600
2013-03-15,18.862499,18.862499,18.530001,18.565001,18.565001,50000
2013-03-18,18.537500,18.562500,18.057501,18.370001,18.370001,107600
2013-03-19,18.530001,18.657499,18.094999,18.260000,18.260000,58400
2013-03-20,18.605000,18.775000,18.420000,18.657499,18.657499,34400
2013-03-21,18.567499,18.584999,18.312500,18.424999,18.424999,60800
2013-03-22,18.452499,18.650000,18.452499,18.645000,18.645000,40400
2013-03-25,18.847500,18.870001,18.209999,18.512501,18.512501,79200
2013-03-26,18.665001,18.665001,18.377501,18.502501,18.502501,32000
2013-03-27,18.432501,18.975000,18.225000,18.975000,18.975000,66000
2013-03-28,19.062500,19.650000,19.062500,19.615000,19.615000,128400
2013-04-01,19.764999,19.947500,19.320000,19.432501,19.432501,153200
2013-04-02,19.650000,20.292500,19.650000,20.090000,20.090000,152800
2013-04-03,20.344999,20.344999,19.200001,19.485001,19.485001,208800
2013-04-04,19.552500,19.922501,19.254999,19.635000,19.635000,86400
2013-04-05,19.257500,19.605000,18.902500,19.602501,19.602501,153200
2013-04-08,19.719999,19.719999,19.177500,19.562500,19.562500,31200
2013-04-09,19.665001,20.062500,19.652500,19.787500,19.787500,58000
2013-04-10,19.990000,20.860001,19.990000,20.837500,20.837500,129200
2013-04-11,20.950001,21.645000,20.950001,21.495001,21.495001,207200
2013-04-12,21.322500,21.945000,21.062500,21.912500,21.912500,174000
2013-04-15,21.934999,22.157499,20.200001,20.695000,20.695000,355200
2013-04-16,21.342501,21.525000,20.762501,21.525000,21.525000,167200
2013-04-17,21.582500,21.582500,20.500000,21.405001,21.405001,215200
2013-04-18,21.500000,21.510000,20.350000,20.662500,20.662500,243200
2013-04-19,21.500000,22.662500,20.562500,22.592501,22.592501,301600
2013-04-22,23.062500,23.500000,22.705000,23.087500,23.087500,377600
2013-04-23,23.767500,24.217501,23.000000,23.247499,23.247499,329600
2013-04-24,23.247499,23.247499,21.912500,21.912500,21.912500,465600
2013-04-25,22.540001,22.862499,22.197500,22.827499,22.827499,259600
2013-04-26,22.870001,23.205000,22.537500,22.809999,22.809999,170400
2013-04-29,23.105000,23.247499,22.797501,22.872499,22.872499,155200
2013-04-30,22.927500,22.927500,22.125000,22.577499,22.577499,140000
2013-05-01,22.377501,22.962500,22.157499,22.215000,22.215000,79600
2013-05-02,22.555000,23.225000,22.472500,23.027500,23.027500,138400
2013-05-03,23.469999,24.325001,23.469999,23.709999,23.709999,145200
2013-05-06,24.052500,24.207500,23.262501,23.535000,23.535000,358400
2013-05-07,23.775000,23.852501,23.070000,23.167500,23.167500,147600
2013-05-08,23.340000,23.555000,22.517500,23.232500,23.232500,511600
2013-05-09,23.405001,23.500000,23.125000,23.162500,23.162500,175600
2013-05-10,23.290001,24.642500,23.250000,24.512501,24.512501,206400
2013-05-13,24.772499,25.562500,24.607500,25.482500,25.482500,311200
2013-05-14,25.745001,26.445000,25.662500,26.410000,26.410000,410400
2013-05-15,26.490000,26.760000,25.344999,25.717501,25.717501,308400
2013-05-16,25.877501,25.997499,24.430000,24.575001,24.575001,348000
2013-05-17,25.177500,25.242500,24.500000,25.045000,25.045000,170800
2013-05-20,25.020000,25.407499,24.347500,24.552500,24.552500,250000
2013-05-21,24.719999,25.174999,24.375000,24.887501,24.887501,144000
2013-05-22,25.187500,26.250000,24.405001,24.807501,24.807501,308000
2013-05-23,24.250000,25.250000,23.295000,24.982500,24.982500,510800
2013-05-24,24.670000,24.834999,24.187500,24.754999,24.754999,155600
2013-05-28,25.652500,25.910000,24.965000,25.410000,25.410000,198800
2013-05-29,25.002501,25.202499,24.120001,24.850000,24.850000,118000
2013-05-30,24.900000,25.625000,24.900000,25.437500,25.437500,103200
2013-05-31,25.227501,25.422501,24.389999,24.389999,24.389999,110800
2013-06-03,24.377501,24.377501,22.277500,23.792500,23.792500,710800
2013-06-04,23.857500,23.995001,22.700001,22.924999,22.924999,550000
2013-06-05,22.377501,23.469999,21.575001,21.867500,21.867500,464400
2013-06-06,21.485001,23.232500,21.485001,23.232500,23.232500,362800
2013-06-07,23.672501,24.250000,23.672501,24.215000,24.215000,231600
2013-06-10,24.594999,24.617500,23.662500,23.942499,23.942499,130400
2013-06-11,23.395000,24.417500,23.187500,23.930000,23.930000,124400
2013-06-12,24.165001,24.375000,22.959999,22.975000,22.975000,276400
2013-06-13,22.782499,23.719999,22.402500,23.537500,23.537500,112800
2013-06-14,23.750000,23.750000,23.125000,23.312500,23.312500,84400
2013-06-17,23.504999,23.750000,22.667500,22.907499,22.907499,108800
2013-06-18,22.822500,23.617500,22.707500,23.547501,23.547501,88800
2013-06-19,23.750000,23.750000,22.567499,22.567499,22.567499,91200
2013-06-20,22.002501,22.002501,20.865000,21.040001,21.040001,473600
2013-06-21,21.127501,21.850000,20.549999,21.272499,21.272499,182400
2013-06-24,20.927500,21.607500,20.250000,21.212500,21.212500,314800
2013-06-25,21.555000,21.750000,21.040001,21.340000,21.340000,76000
2013-06-26,21.750000,22.742500,21.740000,22.557501,22.557501,134800
2013-06-27,23.075001,23.125000,22.590000,22.950001,22.950001,142800
2013-06-28,23.000000,23.240000,22.662500,22.662500,22.662500,72800
2013-07-01,23.700001,24.875000,23.700001,23.972500,23.972500,199200
2013-07-02,24.182501,24.292500,23.865000,24.045000,24.045000,83200
2013-07-03,23.625000,24.150000,23.500000,24.040001,24.040001,24000
2013-07-05,24.252501,24.900000,24.225000,24.900000,24.900000,99200
2013-07-08,25.389999,25.437500,24.594999,24.754999,24.754999,169600
2013-07-09,25.160000,25.160000,24.625000,25.057501,25.057501,63200
2013-07-10,25.132500,25.712500,24.920000,25.642500,25.642500,205600
2013-07-11,26.475000,26.715000,26.257500,26.670000,26.670000,216400
2013-07-12,26.837500,28.245001,26.727501,27.980000,27.980000,268000
2013-07-15,28.305000,28.305000,27.557501,28.049999,28.049999,288800
2013-07-16,28.209999,28.209999,27.162500,27.362499,27.362499,156400
2013-07-17,27.745001,27.877501,27.610001,27.725000,27.725000,148400
2013-07-18,27.867500,27.997499,27.500000,27.682501,27.682501,106800
2013-07-19,27.500000,28.684999,27.222500,28.594999,28.594999,145200
2013-07-22,28.820000,29.042500,28.405001,28.832500,28.832500,160800
2013-07-23,29.172501,29.172501,27.680000,27.717501,27.717501,262800
2013-07-24,28.202499,28.277500,27.594999,27.850000,27.850000,102800
2013-07-25,28.225000,28.742500,27.262501,28.742500,28.742500,124800
2013-07-26,28.645000,28.937500,28.135000,28.937500,28.937500,78400
2013-07-29,28.982500,28.982500,28.212500,28.365000,28.365000,54000
2013-07-30,28.549999,29.147499,28.549999,29.125000,29.125000,81200
2013-07-31,29.452499,29.850000,29.250000,29.472500,29.472500,162800
2013-08-01,30.170000,30.247499,29.735001,30.127501,30.127501,136800
2013-08-02,30.127501,30.385000,30.000000,30.282499,30.282499,112800
2013-08-05,30.280001,30.500000,29.980000,30.207500,30.207500,105200
2013-08-06,30.072500,30.072500,28.770000,28.815001,28.815001,152800
2013-08-07,28.132500,29.070000,26.827499,28.934999,28.934999,486000
2013-08-08,29.617500,29.617500,28.525000,28.727501,28.727501,195200
2013-08-09,28.535000,28.927500,28.352501,28.612499,28.612499,69200
2013-08-12,28.122499,28.192499,27.777500,28.062500,28.062500,168400
2013-08-13,28.075001,28.340000,27.582500,28.065001,28.065001,86800
2013-08-14,27.922501,28.530001,27.922501,28.014999,28.014999,82000
2013-08-15,27.500000,27.504999,26.495001,26.757500,26.757500,208800
2013-08-16,26.477501,26.955000,26.315001,26.620001,26.620001,129200
2013-08-19,26.320000,26.832500,26.127501,26.127501,26.127501,157600
2013-08-20,26.110001,27.172501,26.110001,26.865000,26.865000,77200
2013-08-21,26.740000,27.969999,26.740000,27.252501,27.252501,73600
2013-08-22,27.559999,28.225000,27.540001,27.920000,27.920000,80800
2013-08-23,28.277500,28.277500,27.590000,27.915001,27.915001,76400
2013-08-26,28.645000,29.459999,28.174999,29.075001,29.075001,171600
2013-08-27,28.344999,28.450001,27.230000,27.332500,27.332500,114000
2013-08-28,27.260000,28.000000,27.000000,27.875000,27.875000,132000
2013-08-29,28.000000,28.985001,28.000000,28.597500,28.597500,87200
2013-08-30,28.792500,28.792500,27.827499,28.082500,28.082500,51600
2013-09-03,28.584999,29.309999,28.584999,29.147499,29.147499,339600
2013-09-04,29.340000,30.330000,28.912500,30.267500,30.267500,217200
2013-09-05,30.562500,30.754999,30.250000,30.442499,30.442499,252400
2013-09-06,30.775000,30.787500,29.257500,30.297501,30.297501,82800
2013-09-09,30.665001,31.549999,30.650000,31.467501,31.467501,188400
2013-09-10,32.165001,32.174999,31.327499,31.750000,31.750000,213600
2013-09-11,31.830000,31.830000,30.885000,31.700001,31.700001,136800
2013-09-12,31.670000,32.057499,31.387501,31.559999,31.559999,133200
2013-09-13,31.747499,32.142502,31.402500,32.139999,32.139999,52400
2013-09-16,32.814999,32.987499,32.040001,32.215000,32.215000,223200
2013-09-17,32.430000,32.612499,32.052502,32.435001,32.435001,84000
2013-09-18,32.735001,33.505001,32.375000,33.332500,33.332500,175600
2013-09-19,33.685001,33.750000,32.782501,33.287498,33.287498,156400
2013-09-20,33.465000,33.557499,32.842499,32.974998,32.974998,108000
2013-09-23,32.617500,32.705002,31.655001,32.075001,32.075001,206800
2013-09-24,32.087502,32.560001,31.712500,32.255001,32.255001,145600
2013-09-25,32.314999,32.345001,31.770000,31.844999,31.844999,48000
2013-09-26,31.934999,33.150002,31.934999,32.924999,32.924999,99600
2013-09-27,32.527500,33.427502,32.185001,33.154999,33.154999,108000
2013-09-30,32.207500,33.160000,32.125000,32.592499,32.592499,125200
2013-10-01,32.924999,34.000000,32.924999,34.000000,34.000000,170400
2013-10-02,33.722500,34.040001,33.502499,33.857498,33.857498,101600
2013-10-03,33.860001,33.962502,32.092499,32.902500,32.902500,223200
2013-10-04,32.959999,33.817501,32.959999,33.619999,33.619999,189600
2013-10-07,33.020000,33.165001,32.162498,32.172501,32.172501,177200
2013-10-08,32.125000,32.212502,29.330000,29.377501,29.377501,559600
2013-10-09,29.240000,29.250000,27.020000,28.025000,28.025000,892000
2013-10-10,29.232500,30.212500,29.125000,30.197500,30.197500,762800
2013-10-11,30.500000,30.500000,29.504999,29.912500,29.912500,296400
2013-10-14,29.197500,30.497499,28.934999,30.387501,30.387501,242000
2013-10-15,30.325001,30.725000,29.750000,29.812500,29.812500,217600
2013-10-16,30.049999,31.580000,30.049999,31.549999,31.549999,256800
2013-10-17,31.500000,32.237499,31.125000,32.237499,32.237499,293600
2013-10-18,32.882500,32.882500,30.975000,31.647499,31.647499,534000
2013-10-21,31.674999,31.895000,30.287500,30.665001,30.665001,433600
2013-10-22,30.632500,32.017502,30.632500,32.009998,32.009998,278000
2013-10-23,31.742500,32.222500,31.337500,32.217499,32.217499,334800
2013-10-24,32.552502,33.200001,32.507500,33.029999,33.029999,279600
2013-10-25,33.227501,33.337502,32.357498,33.084999,33.084999,158400
2013-10-28,33.090000,33.500000,32.657501,32.892502,32.892502,173600
2013-10-29,33.125000,33.125000,32.255001,32.910000,32.910000,87200
2013-10-30,33.119999,33.349998,31.410000,31.602501,31.602501,357600
2013-10-31,31.482500,31.877501,30.750000,31.110001,31.110001,156800
2013-11-01,31.165001,31.622499,30.692499,31.247499,31.247499,159600
2013-11-04,31.702499,31.747499,31.117500,31.264999,31.264999,125600
2013-11-05,31.250000,31.767500,30.957500,31.742500,31.742500,146800
2013-11-06,32.037498,32.037498,29.750000,29.802500,29.802500,265600
2013-11-07,29.924999,30.650000,28.650000,28.820000,28.820000,454000
2013-11-08,29.020000,30.872499,29.000000,30.552500,30.552500,428800
2013-11-11,31.047501,31.264999,30.450001,31.049999,31.049999,193600
2013-11-12,30.997499,31.250000,30.402500,31.192499,31.192499,86000
2013-11-13,30.777500,31.745001,30.477501,31.684999,31.684999,76400
2013-11-14,31.917500,32.485001,31.770000,32.202499,32.202499,289600
2013-11-15,32.497501,33.115002,32.222500,33.057499,33.057499,228400
2013-11-18,33.125000,33.625000,31.862499,32.232498,32.232498,180000
2013-11-19,32.014999,32.552502,31.502501,32.139999,32.139999,124400
2013-11-20,32.625000,33.372501,32.125000,32.700001,32.700001,182000
2013-11-21,33.187500,33.775002,33.139999,33.667500,33.667500,209200
2013-11-22,34.750000,35.869999,34.750000,35.700001,35.700001,270000
2013-11-25,36.564999,36.872501,35.797501,36.507500,36.507500,286800
2013-11-26,36.892502,36.892502,36.035000,36.392502,36.392502,163600
2013-11-27,36.770000,36.862499,36.250000,36.500000,36.500000,215200
2013-11-29,36.500000,37.125000,36.500000,37.049999,37.049999,53200
2013-12-02,37.115002,37.185001,36.380001,37.185001,37.185001,136800
2013-12-03,36.650002,36.677502,35.500000,35.820000,35.820000,222800
2013-12-04,34.857498,35.982498,34.634998,35.514999,35.514999,195600
2013-12-05,35.465000,36.195000,35.355000,35.744999,35.744999,197600
2013-12-06,37.247501,37.400002,35.369999,36.332500,36.332500,186800
2013-12-09,36.997501,36.997501,35.869999,35.947498,35.947498,211600
2013-12-10,36.095001,36.112499,34.752499,35.544998,35.544998,280800
2013-12-11,35.612499,35.612499,33.442501,33.724998,33.724998,286000
2013-12-12,33.322498,34.667500,33.322498,34.212502,34.212502,206000
2013-12-13,34.062500,34.474998,33.522499,34.154999,34.154999,186000
2013-12-16,34.189999,35.342499,34.189999,34.322498,34.322498,229200
2013-12-17,34.544998,34.544998,33.187500,33.612499,33.612499,214000
2013-12-18,33.990002,35.332500,33.445000,35.049999,35.049999,232000
2013-12-19,35.110001,35.572498,34.875000,35.290001,35.290001,128400
2013-12-20,35.612499,36.775002,35.349998,36.750000,36.750000,272400
2013-12-23,37.305000,38.000000,37.000000,37.212502,37.212502,320800
2013-12-24,37.647499,37.687500,36.787498,37.312500,37.312500,97600
2013-12-26,37.592499,38.000000,37.345001,37.884998,37.884998,181200
2013-12-27,37.709999,37.945000,37.174999,37.227501,37.227501,170800
2013-12-30,37.154999,37.737499,36.737499,37.494999,37.494999,125200
2013-12-31,37.867500,37.990002,37.255001,37.622501,37.622501,91200
2014-01-02,37.837502,37.837502,36.805000,37.590000,37.590000,171200
2014-01-03,37.727501,37.935001,37.169998,37.292500,37.292500,107200
2014-01-06,37.387501,37.642502,36.160000,36.549999,36.549999,205200
2014-01-07,36.757500,37.750000,36.757500,37.584999,37.584999,123600
2014-01-08,37.682499,39.250000,37.582500,39.250000,39.250000,250400
2014-01-09,39.810001,40.459999,39.162498,40.250000,40.250000,494800
2014-01-10,40.665001,41.680000,39.722500,41.680000,41.680000,302400
2014-01-13,42.977501,43.084999,39.939999,40.525002,40.525002,646800
2014-01-14,41.202499,43.470001,40.865002,43.470001,43.470001,316800
2014-01-15,44.522499,44.522499,42.410000,43.200001,43.200001,457200
2014-01-16,43.205002,44.377499,43.205002,44.377499,44.377499,407600
2014-01-17,44.852501,45.497501,44.384998,44.794998,44.794998,458400
2014-01-21,46.375000,46.472500,44.927502,46.452499,46.452499,578800
2014-01-22,47.224998,47.250000,46.130001,46.937500,46.937500,573600
2014-01-23,46.557499,46.599998,45.500000,46.422501,46.422501,530000
2014-01-24,45.345001,46.165001,43.384998,43.494999,43.494999,624200
2014-01-27,43.105000,43.605000,39.669998,41.345001,41.345001,2245600
2014-01-28,41.224998,43.669998,41.224998,43.424999,43.424999,721800
2014-01-29,42.500000,44.389999,41.630001,43.064999,43.064999,461800
2014-01-30,44.860001,46.000000,44.424999,45.445000,45.445000,546000
2014-01-31,44.455002,45.000000,43.654999,44.025002,44.025002,417200
2014-02-03,44.180000,44.410000,40.935001,41.369999,41.369999,747400
2014-02-04,42.139999,42.674999,41.325001,42.259998,42.259998,462800
2014-02-05,42.025002,42.240002,39.330002,40.755001,40.755001,751000
2014-02-06,41.259998,41.645000,40.334999,40.709999,40.709999,409600
2014-02-07,41.564999,43.980000,41.025002,43.955002,43.955002,697600
2014-02-10,44.619999,45.500000,43.875000,45.500000,45.500000,674400
2014-02-11,46.375000,47.250000,45.435001,47.025002,47.025002,952200
2014-02-12,48.485001,48.485001,47.220001,47.474998,47.474998,718400
2014-02-13,46.570000,48.970001,46.000000,48.970001,48.970001,467600
2014-02-14,49.125000,49.360001,47.544998,48.125000,48.125000,615000
2014-02-18,48.860001,50.654999,48.785000,50.549999,50.549999,545400
2014-02-19,50.750000,50.950001,49.285000,49.474998,49.474998,557800
2014-02-20,50.070000,51.090000,48.820000,51.000000,51.000000,504800
2014-02-21,51.720001,53.119999,51.005001,52.299999,52.299999,491200
2014-02-24,53.209999,54.240002,52.840000,53.625000,53.625000,673600
2014-02-25,54.669998,54.869999,52.895000,54.000000,54.000000,657600
2014-02-26,54.384998,54.415001,52.384998,52.869999,52.869999,799600
2014-02-27,52.505001,54.115002,52.400002,53.599998,53.599998,458200
2014-02-28,53.814999,54.000000,49.025002,50.424999,50.424999,1284400
2014-03-03,48.325001,50.610001,48.264999,50.294998,50.294998,1187200
2014-03-04,52.320000,52.790001,51.799999,52.404999,52.404999,717400
2014-03-05,52.895000,52.895000,51.610001,51.935001,51.935001,314400
2014-03-06,52.535000,52.900002,48.650002,49.240002,49.240002,1092200
2014-03-07,50.330002,50.365002,46.654999,48.525002,48.525002,1179000
2014-03-10,48.424999,49.000000,47.174999,48.985001,48.985001,560600
2014-03-11,49.485001,50.000000,48.000000,48.404999,48.404999,623400
2014-03-12,47.505001,49.290001,47.255001,49.115002,49.115002,316800
2014-03-13,49.764999,49.825001,46.139999,46.810001,46.810001,698600
2014-03-14,46.075001,47.494999,45.555000,46.415001,46.415001,467000
2014-03-17,47.590000,48.619999,46.814999,46.990002,46.990002,472000
2014-03-18,47.724998,49.549999,47.334999,49.505001,49.505001,673000
2014-03-19,50.119999,50.119999,47.875000,48.549999,48.549999,541400
2014-03-20,48.500000,48.750000,47.380001,47.865002,47.865002,242400
2014-03-21,48.474998,48.625000,43.380001,43.639999,43.639999,1783800
2014-03-24,43.584999,44.000000,38.750000,40.994999,40.994999,2112800
2014-03-25,41.584999,43.244999,39.820000,41.134998,41.134998,1476600
2014-03-26,42.220001,42.650002,39.625000,39.625000,39.625000,1048200
2014-03-27,39.119999,40.814999,37.415001,39.994999,39.994999,923800
2014-03-28,40.360001,40.799999,37.439999,37.709999,37.709999,1002400
2014-03-31,38.070000,40.049999,38.070000,39.930000,39.930000,787200
2014-04-01,40.939999,42.775002,40.509998,41.705002,41.705002,1496200
2014-04-02,42.715000,43.099998,41.025002,41.770000,41.770000,596800
2014-04-03,41.959999,41.959999,38.525002,39.500000,39.500000,819800
2014-04-04,39.965000,40.415001,35.700001,36.330002,36.330002,1900800
2014-04-07,35.799999,38.075001,35.169998,36.715000,36.715000,1599800
2014-04-08,37.070000,37.220001,34.790001,36.349998,36.349998,899000
2014-04-09,36.990002,39.430000,36.785000,39.279999,39.279999,1086600
2014-04-10,38.974998,39.169998,34.250000,34.900002,34.900002,1352400
2014-04-11,33.825001,36.224998,32.875000,32.935001,32.935001,1474000
2014-04-14,33.790001,34.735001,31.629999,32.935001,32.935001,1515000
2014-04-15,33.075001,34.330002,30.445000,33.455002,33.455002,1975000
2014-04-16,34.424999,35.250000,33.509998,35.080002,35.080002,1363000
2014-04-17,34.669998,36.299999,34.404999,34.910000,34.910000,883400
2014-04-21,35.215000,36.580002,34.685001,36.525002,36.525002,679800
2014-04-22,37.610001,39.299999,37.415001,38.955002,38.955002,1592800
2014-04-23,39.450001,39.450001,37.150002,37.740002,37.740002,1025800
2014-04-24,38.470001,38.599998,35.320000,37.285000,37.285000,964000
2014-04-25,36.310001,37.174999,35.270000,35.439999,35.439999,904200
2014-04-28,36.075001,36.794998,33.340000,35.205002,35.205002,1634400
2014-04-29,35.674999,37.435001,35.055000,37.115002,37.115002,956000
2014-04-30,36.485001,37.395000,35.724998,37.270000,37.270000,639600
2014-05-01,37.255001,38.930000,36.700001,38.165001,38.165001,780400
2014-05-02,38.415001,38.415001,36.575001,37.020000,37.020000,705200
2014-05-05,35.959999,38.349998,35.785000,38.349998,38.349998,612000
2014-05-06,37.834999,38.480000,36.974998,37.064999,37.064999,407200
2014-05-07,37.145000,37.400002,35.049999,36.505001,36.505001,600800
2014-05-08,35.685001,37.654999,34.980000,35.165001,35.165001,921400
2014-05-09,35.000000,36.099998,34.130001,36.084999,36.084999,907800
2014-05-12,36.715000,38.000000,36.290001,37.900002,37.900002,675400
2014-05-13,38.154999,38.529999,37.325001,37.349998,37.349998,600400
2014-05-14,37.105000,38.480000,36.660000,37.779999,37.779999,436800
2014-05-15,37.500000,37.775002,35.779999,36.810001,36.810001,517400
2014-05-16,36.855000,37.110001,35.705002,36.665001,36.665001,378400
2014-05-19,36.430000,37.834999,36.240002,37.750000,37.750000,319000
2014-05-20,37.750000,37.805000,36.270000,36.630001,36.630001,323800
2014-05-21,36.740002,37.645000,36.505001,37.070000,37.070000,360600
2014-05-22,37.044998,39.180000,37.044998,38.535000,38.535000,685000
2014-05-23,38.930000,39.020000,37.904999,38.740002,38.740002,354600
2014-05-27,39.500000,40.665001,39.349998,40.650002,40.650002,708800
2014-05-28,40.919998,40.959999,40.174999,40.255001,40.255001,370000
2014-05-29,40.794998,41.240002,40.450001,40.799999,40.799999,335200
2014-05-30,40.860001,41.029999,39.840000,40.384998,40.384998,376200
2014-06-02,40.595001,40.744999,39.255001,40.369999,40.369999,268800
2014-06-03,39.709999,40.790001,39.575001,40.785000,40.785000,242200
2014-06-04,40.404999,41.709999,40.250000,41.619999,41.619999,439000
2014-06-05,42.000000,42.764999,41.185001,42.134998,42.134998,522200
2014-06-06,42.685001,42.695000,41.834999,42.525002,42.525002,430600
2014-06-09,43.000000,43.900002,42.750000,43.230000,43.230000,505600
2014-06-10,43.180000,43.880001,42.450001,43.570000,43.570000,480000
2014-06-11,42.865002,44.119999,42.750000,43.509998,43.509998,515800
2014-06-12,43.445000,43.994999,42.764999,43.084999,43.084999,339800
2014-06-13,43.250000,43.259998,42.250000,43.070000,43.070000,329000
2014-06-16,42.654999,44.000000,42.564999,43.294998,43.294998,448400
2014-06-17,43.349998,43.650002,42.650002,43.090000,43.090000,216800
2014-06-18,43.400002,43.849998,42.580002,43.834999,43.834999,300200
2014-06-19,43.974998,44.275002,43.450001,44.075001,44.075001,304800
2014-06-20,44.215000,45.830002,44.185001,45.759998,45.759998,574200
2014-06-23,45.820000,46.240002,44.750000,44.900002,44.900002,466800
2014-06-24,46.365002,47.345001,45.410000,45.820000,45.820000,780200
2014-06-25,45.785000,46.660000,45.445000,46.110001,46.110001,564600
2014-06-26,46.009998,46.259998,44.994999,46.250000,46.250000,253800
2014-06-27,46.014999,46.375000,45.459999,46.299999,46.299999,288400
2014-06-30,46.480000,46.880001,46.055000,46.404999,46.404999,301800
2014-07-01,46.889999,48.744999,46.825001,48.560001,48.560001,653400
2014-07-02,48.770000,49.650002,48.279999,49.279999,49.279999,442200
2014-07-03,49.575001,49.900002,48.735001,49.665001,49.665001,343000
2014-07-07,49.625000,49.634998,47.090000,47.255001,47.255001,632200
2014-07-08,47.000000,47.000000,44.490002,45.154999,45.154999,997800
2014-07-09,45.220001,46.285000,44.040001,46.160000,46.160000,692400
2014-07-10,44.270000,46.334999,44.180000,45.884998,45.884998,451800
2014-07-11,46.020000,46.645000,45.375000,46.380001,46.380001,371400
2014-07-14,47.419998,47.419998,46.349998,46.814999,46.814999,421200
2014-07-15,46.904999,47.000000,44.165001,44.650002,44.650002,686800
2014-07-16,45.005001,45.180000,43.224998,43.490002,43.490002,497600
2014-07-17,42.459999,43.654999,41.185001,41.474998,41.474998,659800
2014-07-18,42.000000,44.180000,41.689999,43.959999,43.959999,535200
2014-07-21,43.540001,44.314999,42.900002,44.090000,44.090000,323000
2014-07-22,44.709999,45.465000,44.625000,45.005001,45.005001,405800
2014-07-23,46.474998,47.424999,46.275002,46.994999,46.994999,512400
2014-07-24,47.494999,47.494999,45.419998,45.630001,45.630001,377400
2014-07-25,45.150002,45.625000,44.404999,45.250000,45.250000,311000
2014-07-28,45.075001,45.250000,43.700001,44.400002,44.400002,391200
2014-07-29,44.299999,45.889999,44.259998,45.450001,45.450001,296400
2014-07-30,46.895000,47.549999,45.950001,46.345001,46.345001,367400
2014-07-31,45.525002,45.674999,43.689999,43.955002,43.955002,714800
2014-08-01,43.505001,45.049999,42.830002,43.785000,43.785000,802200
2014-08-04,44.375000,44.799999,43.334999,44.404999,44.404999,244400
2014-08-05,44.000000,45.110001,43.544998,44.279999,44.279999,343400
2014-08-06,43.395000,45.064999,43.235001,44.275002,44.275002,248000
2014-08-07,44.915001,44.935001,42.755001,43.090000,43.090000,299000
2014-08-08,42.924999,44.349998,42.860001,44.165001,44.165001,349600
2014-08-11,45.000000,45.250000,43.965000,44.685001,44.685001,272000
2014-08-12,44.395000,44.740002,44.000000,44.369999,44.369999,204000
2014-08-13,44.705002,46.325001,44.555000,46.139999,46.139999,395400
2014-08-14,46.419998,47.605000,46.000000,47.514999,47.514999,523600
2014-08-15,48.000000,48.709999,46.794998,48.400002,48.400002,557000
2014-08-18,49.200001,49.825001,48.935001,49.355000,49.355000,619400
2014-08-19,49.610001,50.044998,48.849998,49.865002,49.865002,704600
2014-08-20,49.430000,50.340000,49.340000,49.689999,49.689999,403600
2014-08-21,49.750000,50.000000,48.500000,48.724998,48.724998,644600
2014-08-22,48.500000,49.685001,48.275002,49.349998,49.349998,442400
2014-08-25,50.544998,51.900002,50.400002,51.790001,51.790001,549200
2014-08-26,52.220001,53.299999,51.764999,53.049999,53.049999,443600
2014-08-27,52.919998,53.400002,52.310001,52.724998,52.724998,354200
2014-08-28,52.235001,53.250000,52.000000,52.259998,52.259998,318400
2014-08-29,52.455002,53.355000,52.299999,53.250000,53.250000,234200
2014-09-02,53.990002,54.160000,52.680000,53.064999,53.064999,322000
2014-09-03,53.919998,53.919998,52.540001,52.924999,52.924999,375800
2014-09-04,53.139999,53.160000,50.875000,51.130001,51.130001,376200
2014-09-05,50.955002,51.220001,49.150002,51.005001,51.005001,575200
2014-09-08,50.465000,52.005001,50.465000,51.930000,51.930000,287000
2014-09-09,51.605000,51.680000,50.230000,50.535000,50.535000,263000
2014-09-10,50.639999,52.520000,50.529999,52.435001,52.435001,386000
2014-09-11,51.730000,52.494999,50.965000,51.990002,51.990002,256400
2014-09-12,51.860001,51.860001,50.090000,50.599998,50.599998,233200
2014-09-15,50.264999,50.305000,48.345001,49.160000,49.160000,575200
2014-09-16,48.360001,51.250000,48.360001,51.000000,51.000000,417800
2014-09-17,51.330002,52.380001,50.950001,51.834999,51.834999,382200
2014-09-18,52.075001,52.625000,51.724998,52.599998,52.599998,366600
2014-09-19,53.000000,53.455002,51.865002,52.650002,52.650002,325400
2014-09-22,52.500000,52.500000,50.709999,51.610001,51.610001,352000
2014-09-23,50.750000,52.250000,50.750000,51.375000,51.375000,352800
2014-09-24,51.750000,54.299999,51.750000,54.244999,54.244999,506600
2014-09-25,53.860001,54.500000,51.660000,52.095001,52.095001,512000
2014-09-26,52.500000,53.180000,51.900002,53.090000,53.090000,398000
2014-09-29,51.910000,53.630001,51.625000,52.965000,52.965000,261200
2014-09-30,53.209999,53.250000,51.500000,51.990002,51.990002,384600
2014-10-01,51.830002,51.849998,49.709999,50.430000,50.430000,660200
2014-10-02,49.994999,50.875000,48.654999,50.165001,50.165001,577200
2014-10-03,51.029999,52.834999,50.974998,52.575001,52.575001,740600
2014-10-06,53.105000,53.389999,50.935001,51.314999,51.314999,635000
2014-10-07,50.625000,50.785000,49.139999,49.305000,49.305000,484000
2014-10-08,49.430000,52.250000,48.540001,52.174999,52.174999,440600
2014-10-09,51.880001,51.974998,49.275002,49.685001,49.685001,484600
2014-10-10,49.000000,50.945000,47.645000,47.645000,47.645000,961600
2014-10-13,47.764999,48.389999,45.119999,45.685001,45.685001,917200
2014-10-14,46.560001,47.125000,43.805000,45.115002,45.115002,815600
2014-10-15,43.095001,45.990002,42.500000,45.470001,45.470001,792600
2014-10-16,43.470001,48.220001,43.470001,47.099998,47.099998,627600
2014-10-17,49.255001,49.654999,47.935001,48.685001,48.685001,765800
2014-10-20,48.849998,50.474998,48.674999,50.279999,50.279999,615000
2014-10-21,51.695000,53.500000,51.255001,53.500000,53.500000,891600
2014-10-22,52.500000,53.625000,51.669998,52.695000,52.695000,686600
2014-10-23,53.205002,56.075001,53.185001,55.514999,55.514999,811800
2014-10-24,55.794998,57.564999,55.224998,57.535000,57.535000,700800
2014-10-27,57.700001,58.215000,56.145000,58.215000,58.215000,514600
2014-10-28,59.485001,59.860001,58.845001,59.619999,59.619999,724600
2014-10-29,59.419998,59.560001,57.139999,58.325001,58.325001,593800
2014-10-30,58.250000,60.875000,57.799999,60.685001,60.685001,586000
2014-10-31,62.115002,63.270000,60.099998,60.665001,60.665001,897000
2014-11-03,60.615002,61.634998,59.900002,60.580002,60.580002,509200
2014-11-04,59.740002,60.415001,58.605000,59.305000,59.305000,540600
2014-11-05,60.805000,60.805000,57.049999,57.445000,57.445000,675200
2014-11-06,57.955002,59.340000,57.584999,59.240002,59.240002,500000
2014-11-07,59.215000,59.375000,56.625000,58.060001,58.060001,578600
2014-11-10,58.689999,60.040001,58.000000,60.040001,60.040001,613400
2014-11-11,60.485001,61.049999,59.500000,60.494999,60.494999,362400
2014-11-12,59.740002,60.630001,59.294998,60.400002,60.400002,286000
2014-11-13,60.384998,61.250000,59.000000,59.520000,59.520000,532000
2014-11-14,59.290001,59.500000,56.299999,57.180000,57.180000,604000
2014-11-17,56.895000,58.814999,56.775002,57.500000,57.500000,332400
2014-11-18,58.000000,60.090000,57.744999,59.855000,59.855000,371000
2014-11-19,59.785000,60.575001,58.755001,59.474998,59.474998,249600
2014-11-20,58.950001,60.130001,58.424999,59.459999,59.459999,158000
2014-11-21,60.575001,61.299999,59.540001,59.680000,59.680000,344800
2014-11-24,60.270000,61.924999,60.130001,61.924999,61.924999,513400
2014-11-25,62.500000,62.500000,60.685001,61.770000,61.770000,387800
2014-11-26,61.985001,63.445000,61.700001,63.439999,63.439999,298200
2014-11-28,63.665001,64.839996,63.060001,63.875000,63.875000,395600
2014-12-01,63.000000,63.650002,61.669998,62.119999,62.119999,399000
2014-12-02,62.930000,65.000000,62.930000,64.714996,64.714996,455600
2014-12-03,65.309998,65.375000,63.500000,65.375000,65.375000,430400
2014-12-04,65.375000,65.599998,64.000000,64.459999,64.459999,307200
2014-12-05,64.459999,65.625000,64.459999,65.500000,65.500000,280000
2014-12-08,65.510002,68.839996,65.510002,67.614998,67.614998,599000
2014-12-09,66.485001,68.415001,64.599998,68.044998,68.044998,529800
2014-12-10,68.400002,68.400002,65.105003,65.235001,65.235001,514800
2014-12-11,66.209999,68.250000,65.574997,65.995003,65.995003,499400
2014-12-12,65.000000,66.370003,64.150002,64.415001,64.415001,457800
2014-12-15,64.754997,65.419998,60.264999,60.625000,60.625000,993800
2014-12-16,59.750000,62.700001,58.820000,59.154999,59.154999,627000
2014-12-17,60.000000,63.185001,59.029999,63.035000,63.035000,632000
2014-12-18,65.684998,67.485001,64.504997,67.485001,67.485001,808400
2014-12-19,67.964996,69.605003,66.099998,68.879997,68.879997,748600
2014-12-22,67.345001,67.345001,64.050003,65.349998,65.349998,1100000
2014-12-23,65.995003,65.995003,58.169998,59.340000,59.340000,1900000
2014-12-24,58.445000,62.404999,58.445000,61.255001,61.255001,842600
2014-12-26,62.494999,64.220001,62.000000,64.110001,64.110001,721200
2014-12-29,64.644997,65.000000,63.459999,64.720001,64.720001,411600
2014-12-30,63.500000,64.695000,63.014999,63.215000,63.215000,436000
2014-12-31,63.345001,65.150002,62.639999,62.750000,62.750000,550000
2015-01-02,63.919998,65.125000,62.735001,63.910000,63.910000,298600
2015-01-05,62.750000,65.139999,62.689999,63.669998,63.669998,225300
2015-01-06,64.250000,65.144997,60.395000,61.529999,61.529999,444100
2015-01-07,63.255001,66.125000,62.945000,66.125000,66.125000,388500
2015-01-08,68.000000,68.125000,66.014999,67.190002,67.190002,405600
2015-01-09,67.974998,68.000000,65.404999,66.690002,66.690002,398900
2015-01-12,67.605003,68.654999,66.330002,67.339996,67.339996,330000
2015-01-13,69.160004,70.629997,65.900002,67.394997,67.394997,514700
2015-01-14,65.500000,68.209999,65.500000,67.680000,67.680000,311600
2015-01-15,68.285004,68.735001,64.135002,64.290001,64.290001,342300
2015-01-16,64.129997,68.584999,64.099998,68.529999,68.529999,341100
2015-01-20,69.699997,71.065002,67.250000,70.820000,70.820000,391800
2015-01-21,70.385002,70.864998,68.400002,68.904999,68.904999,330200
2015-01-22,69.839996,69.860001,65.625000,69.860001,69.860001,455400
2015-01-23,69.175003,70.705002,69.070000,70.519997,70.519997,239100
2015-01-26,71.050003,73.025002,69.934998,72.785004,72.785004,257100
2015-01-27,71.269997,73.440002,70.964996,72.014999,72.014999,338800
2015-01-28,72.849998,73.125000,68.754997,68.945000,68.945000,386900
2015-01-29,69.095001,70.654999,67.160004,70.620003,70.620003,288300
2015-01-30,70.720001,73.349998,69.834999,69.995003,69.995003,415600
2015-02-02,70.385002,71.139999,67.379997,69.160004,69.160004,368100
2015-02-03,70.044998,70.044998,65.110001,68.535004,68.535004,589600
2015-02-04,65.504997,67.040001,62.855000,66.084999,66.084999,625300
2015-02-05,67.120003,69.449997,66.639999,69.160004,69.160004,304900
2015-02-06,69.084999,70.449997,67.000000,67.445000,67.445000,274300
2015-02-09,66.610001,68.160004,66.290001,66.425003,66.425003,201100
2015-02-10,67.070000,68.855003,66.815002,68.349998,68.349998,235500
2015-02-11,68.535004,70.294998,67.260002,68.044998,68.044998,299500
2015-02-12,69.000000,69.459999,67.389999,69.455002,69.455002,244000
2015-02-13,69.900002,70.699997,68.445000,70.650002,70.650002,271800
2015-02-17,70.875000,72.339996,70.474998,71.970001,71.970001,270900
2015-02-18,72.199997,73.250000,71.135002,73.250000,73.250000,252400
2015-02-19,73.184998,74.750000,73.099998,74.544998,74.544998,468800
2015-02-20,74.385002,76.449997,74.095001,76.449997,76.449997,285800
2015-02-23,77.044998,78.709999,76.449997,77.129997,77.129997,397600
2015-02-24,77.500000,77.500000,74.805000,75.820000,75.820000,435900
2015-02-25,75.820000,78.709999,74.535004,77.720001,77.720001,352100
2015-02-26,77.860001,78.455002,75.815002,78.339996,78.339996,233300
2015-02-27,78.195000,78.440002,76.305000,76.870003,76.870003,313100
2015-03-02,76.589996,78.125000,76.589996,78.000000,78.000000,240300
2015-03-03,77.995003,77.995003,75.385002,77.135002,77.135002,530100
2015-03-04,76.500000,78.894997,75.404999,78.099998,78.099998,323000
2015-03-05,79.695000,82.125000,79.695000,81.570000,81.570000,490900
2015-03-06,80.779999,81.199997,78.735001,79.129997,79.129997,543000
2015-03-09,78.989998,79.570000,77.400002,79.364998,79.364998,298200
2015-03-10,77.675003,80.529999,76.695000,78.739998,78.739998,339600
2015-03-11,79.440002,79.870003,77.885002,79.150002,79.150002,500200
2015-03-12,79.855003,80.254997,78.449997,80.235001,80.235001,244600
2015-03-13,80.224998,82.250000,79.000000,80.434998,80.434998,318400
2015-03-16,81.709999,84.425003,81.500000,84.425003,84.425003,454700
2015-03-17,84.214996,85.644997,83.315002,85.525002,85.525002,352700
2015-03-18,85.315002,87.550003,83.705002,86.470001,86.470001,490100
2015-03-19,87.349998,90.150002,87.349998,89.839996,89.839996,520600
2015-03-20,94.870003,94.870003,89.089996,90.489998,90.489998,871400
2015-03-23,88.209999,88.550003,85.500000,86.540001,86.540001,626400
2015-03-24,86.800003,88.665001,85.205002,85.245003,85.245003,444300
2015-03-25,85.750000,86.595001,78.040001,78.239998,78.239998,1109600
2015-03-26,76.099998,80.000000,74.889999,78.105003,78.105003,1073800
2015-03-27,78.660004,81.974998,78.504997,80.995003,80.995003,737300
2015-03-30,83.750000,83.750000,81.110001,82.879997,82.879997,692000
2015-03-31,81.925003,82.129997,79.169998,79.209999,79.209999,479900
2015-04-01,78.964996,79.050003,74.805000,77.735001,77.735001,697800
2015-04-02,77.650002,78.339996,76.275002,77.394997,77.394997,424700
2015-04-06,75.995003,78.580002,75.995003,77.080002,77.080002,399600
2015-04-07,77.004997,80.690002,77.004997,78.464996,78.464996,552000
2015-04-08,79.004997,83.680000,78.800003,82.995003,82.995003,661900
2015-04-09,83.135002,84.745003,81.504997,83.660004,83.660004,697800
2015-04-10,84.300003,85.974998,83.364998,85.574997,85.574997,423300
2015-04-13,85.934998,87.790001,85.339996,86.000000,86.000000,439500
2015-04-14,86.680000,86.875000,84.025002,85.510002,85.510002,427600
2015-04-15,86.794998,87.764999,84.989998,87.129997,87.129997,839600
2015-04-16,87.230003,88.250000,86.480003,87.485001,87.485001,659400
2015-04-17,85.925003,86.900002,83.455002,85.044998,85.044998,735600
2015-04-20,86.300003,86.555000,84.059998,85.754997,85.754997,395600
2015-04-21,87.500000,89.360001,86.980003,88.974998,88.974998,975600
2015-04-22,90.205002,90.589996,87.654999,88.529999,88.529999,967600
2015-04-23,88.580002,90.775002,87.680000,90.410004,90.410004,327100
2015-04-24,89.239998,90.345001,88.089996,88.599998,88.599998,432700
2015-04-27,89.260002,89.320000,80.745003,81.290001,81.290001,1049200
2015-04-28,81.500000,83.055000,76.504997,79.449997,79.449997,918900
2015-04-29,78.510002,81.355003,77.555000,79.410004,79.410004,605100
2015-04-30,78.489998,79.785004,72.834999,74.440002,74.440002,952700
2015-05-01,76.364998,79.245003,76.080002,78.769997,78.769997,673400
2015-05-04,79.879997,81.940002,79.029999,79.425003,79.425003,693500
2015-05-05,78.709999,79.320000,75.779999,76.224998,76.224998,534600
2015-05-06,77.690002,78.925003,75.625000,77.440002,77.440002,535600
2015-05-07,78.455002,79.269997,76.449997,78.995003,78.995003,384700
2015-05-08,81.000000,83.275002,80.745003,82.425003,82.425003,742900
2015-05-11,83.474998,83.870003,82.000000,82.605003,82.605003,364200
2015-05-12,81.349998,82.925003,79.675003,82.339996,82.339996,391600
2015-05-13,82.860001,83.919998,81.224998,81.915001,81.915001,362000
2015-05-14,83.195000,84.190002,80.595001,83.995003,83.995003,465300
2015-05-15,84.014999,84.820000,83.375000,84.264999,84.264999,300000
2015-05-18,83.500000,86.589996,83.500000,86.385002,86.385002,341700
2015-05-19,87.114998,87.239998,85.599998,86.415001,86.415001,705400
2015-05-20,87.150002,88.970001,84.879997,87.959999,87.959999,660000
2015-05-21,88.010002,88.750000,87.000000,87.879997,87.879997,568800
2015-05-22,88.250000,88.900002,87.599998,88.389999,88.389999,452100
2015-05-26,87.699997,88.250000,85.529999,86.480003,86.480003,660900
2015-05-27,85.769997,89.550003,85.769997,89.379997,89.379997,868500
2015-05-28,89.000000,89.599998,87.209999,88.650002,88.650002,527100
2015-05-29,88.620003,89.989998,87.730003,88.629997,88.629997,811400
2015-06-01,89.870003,89.870003,86.500000,88.449997,88.449997,722800
2015-06-02,87.379997,89.129997,86.260002,87.720001,87.720001,555400
2015-06-03,88.800003,89.199997,87.419998,88.550003,88.550003,463300
2015-06-04,87.720001,89.169998,86.199997,87.599998,87.599998,506200
2015-06-05,87.029999,89.879997,85.730003,89.540001,89.540001,668300
2015-06-08,89.360001,90.000000,87.750000,88.599998,88.599998,500600
2015-06-09,88.000000,88.480003,85.400002,86.519997,86.519997,730100
2015-06-10,86.000000,89.050003,85.080002,88.980003,88.980003,735700
2015-06-11,89.250000,90.269997,88.690002,90.000000,90.000000,532300
2015-06-12,89.309998,89.389999,87.070000,87.989998,87.989998,563000
2015-06-15,86.199997,88.089996,85.250000,87.860001,87.860001,508900
2015-06-16,87.000000,88.750000,86.870003,88.199997,88.199997,422500
2015-06-17,89.000000,89.970001,88.300003,89.279999,89.279999,588000
2015-06-18,90.000000,94.989998,89.750000,94.750000,94.750000,1262900
2015-06-19,95.099998,95.389999,93.330002,94.589996,94.589996,674700
2015-06-22,96.000000,97.620003,95.540001,97.500000,97.500000,765300
2015-06-23,98.000000,98.379997,96.250000,97.459999,97.459999,661900
2015-06-24,97.000000,97.500000,94.099998,94.599998,94.599998,718900
2015-06-25,95.389999,95.830002,92.599998,93.760002,93.760002,564500
2015-06-26,94.370003,94.550003,90.500000,92.220001,92.220001,756400
2015-06-29,89.709999,91.790001,86.250000,86.470001,86.470001,1120000
2015-06-30,89.120003,90.800003,87.510002,90.389999,90.389999,963300
2015-07-01,92.349998,93.180000,89.709999,90.720001,90.720001,794600
2015-07-02,91.199997,91.650002,89.769997,90.879997,90.879997,433100
2015-07-06,89.290001,93.559998,88.730003,91.839996,91.839996,694200
2015-07-07,92.250000,92.540001,88.639999,92.379997,92.379997,774200
2015-07-08,90.809998,91.000000,86.750000,87.029999,87.029999,866700
2015-07-09,89.790001,90.269997,88.360001,89.099998,89.099998,634700
2015-07-10,91.750000,91.989998,89.400002,91.769997,91.769997,566000
2015-07-13,93.779999,95.559998,93.620003,95.129997,95.129997,791700
2015-07-14,95.860001,99.839996,95.129997,99.489998,99.489998,1010500
2015-07-15,101.599998,104.089996,100.080002,101.489998,101.489998,1097400
2015-07-16,102.790001,103.860001,101.250000,103.480003,103.480003,771400
2015-07-17,103.660004,104.510002,102.000000,104.470001,104.470001,550300
2015-07-20,105.160004,106.099998,103.900002,104.690002,104.690002,503900
2015-07-21,104.699997,105.000000,101.019997,103.330002,103.330002,645300
2015-07-22,100.620003,103.389999,100.000000,102.900002,102.900002,603700
2015-07-23,103.379997,104.379997,101.750000,102.419998,102.419998,545100
2015-07-24,98.830002,99.980003,93.250000,94.260002,94.260002,1240700
2015-07-27,92.370003,93.500000,90.099998,92.150002,92.150002,1081000
2015-07-28,94.250000,96.849998,92.150002,96.680000,96.680000,1246700
2015-07-29,97.919998,97.989998,92.459999,93.989998,93.989998,975900
2015-07-30,93.699997,95.199997,90.300003,94.529999,94.529999,980900
2015-07-31,95.330002,97.800003,94.949997,96.360001,96.360001,819400
2015-08-03,96.550003,97.879997,94.519997,96.320000,96.320000,830100
2015-08-04,96.870003,98.480003,96.250000,97.129997,97.129997,599200
2015-08-05,98.379997,100.180000,97.879997,98.470001,98.470001,621500
2015-08-06,98.739998,98.959999,90.000000,90.269997,90.269997,1250700
2015-08-07,90.370003,90.989998,85.879997,89.339996,89.339996,1277700
2015-08-10,91.529999,93.169998,90.300003,90.620003,90.620003,860200
2015-08-11,88.489998,91.099998,86.930000,88.650002,88.650002,709900
2015-08-12,86.589996,90.449997,83.750000,90.050003,90.050003,1170700
2015-08-13,90.610001,91.169998,87.860001,88.230003,88.230003,731300
2015-08-14,87.639999,88.500000,84.750000,87.169998,87.169998,540300
2015-08-17,85.750000,90.849998,85.220001,90.750000,90.750000,765000
2015-08-18,90.279999,91.400002,88.690002,89.000000,89.000000,440300
2015-08-19,88.000000,89.370003,85.980003,87.860001,87.860001,897100
2015-08-20,85.790001,87.330002,80.650002,80.790001,80.790001,1301300
2015-08-21,78.000000,82.000000,75.610001,75.610001,75.610001,2086900
2015-08-24,60.500000,75.790001,55.000000,68.419998,68.419998,2230100
2015-08-25,74.800003,76.199997,70.000000,70.010002,70.010002,1429500
2015-08-26,72.849998,76.330002,68.879997,76.190002,76.190002,1722800
2015-08-27,79.389999,80.540001,76.720001,80.099998,80.099998,2070800
2015-08-28,79.000000,81.190002,78.660004,81.169998,81.169998,985800
2015-08-31,80.250000,81.839996,75.599998,76.010002,76.010002,1185700
2015-09-01,72.050003,75.550003,71.470001,72.080002,72.080002,1156600
2015-09-02,73.919998,77.849998,72.250000,77.849998,77.849998,858900
2015-09-03,77.879997,79.199997,73.900002,74.330002,74.330002,888300
2015-09-04,72.080002,75.449997,71.550003,73.989998,73.989998,882200
2015-09-08,76.510002,80.300003,76.000000,80.040001,80.040001,1052800
2015-09-09,81.989998,82.269997,76.209999,76.800003,76.800003,1197700
2015-09-10,75.949997,80.389999,75.949997,79.480003,79.480003,663600
2015-09-11,78.940002,81.480003,78.099998,81.480003,81.480003,402300
2015-09-14,81.150002,81.900002,79.000000,80.629997,80.629997,380300
2015-09-15,80.839996,82.980003,79.930000,82.489998,82.489998,435500
2015-09-16,82.800003,83.680000,79.970001,81.660004,81.660004,641900
2015-09-17,81.040001,86.769997,81.040001,84.989998,84.989998,1191200
2015-09-18,82.260002,84.099998,81.860001,82.239998,82.239998,889600
2015-09-21,83.500000,83.540001,73.400002,74.989998,74.989998,1862900
2015-09-22,72.190002,73.589996,69.690002,72.449997,72.449997,1310600
2015-09-23,72.209999,74.120003,70.320000,71.570000,71.570000,977800
2015-09-24,70.000000,71.000000,65.910004,68.769997,68.769997,1357400
2015-09-25,70.690002,70.690002,59.540001,61.889999,61.889999,2127100
2015-09-28,60.810001,60.889999,51.950001,54.009998,54.009998,3660800
2015-09-29,54.380001,58.669998,52.500000,53.630001,53.630001,3087900
2015-09-30,56.500000,59.340000,55.639999,58.270000,58.270000,2651800
2015-10-01,58.540001,59.720001,56.250000,59.599998,59.599998,2013000
2015-10-02,56.720001,63.500000,56.500000,63.299999,63.299999,2391400
2015-10-05,64.629997,66.169998,60.700001,62.529999,62.529999,2282800
2015-10-06,60.730000,61.240002,54.299999,58.000000,58.000000,2646400
2015-10-07,58.820000,61.669998,56.349998,60.220001,60.220001,1730500
2015-10-08,59.459999,60.820000,56.000000,59.910000,59.910000,1948100
2015-10-09,60.200001,61.669998,58.709999,60.500000,60.500000,1816200
2015-10-12,61.380001,61.939999,59.560001,60.540001,60.540001,1359300
2015-10-13,59.410000,62.029999,56.570000,56.720001,56.720001,1444400
2015-10-14,58.169998,59.980000,56.220001,57.709999,57.709999,1608600
2015-10-15,56.450001,62.810001,56.209999,62.790001,62.790001,1654100
2015-10-16,63.090000,64.209999,60.880001,62.639999,62.639999,1663300
2015-10-19,62.299999,65.300003,60.360001,63.369999,63.369999,2057800
2015-10-20,63.180000,63.400002,59.070000,59.330002,59.330002,1655500
2015-10-21,61.419998,61.849998,55.080002,58.630001,58.630001,2757100
2015-10-22,58.970001,59.970001,56.450001,59.299999,59.299999,2026300
2015-10-23,60.910000,63.250000,60.290001,63.070000,63.070000,1575200
2015-10-26,62.330002,65.610001,61.230000,63.709999,63.709999,1157400
2015-10-27,63.910000,67.699997,63.720001,67.639999,67.639999,1196900
2015-10-28,67.669998,69.500000,65.050003,69.379997,69.379997,1385500
2015-10-29,69.839996,71.639999,67.800003,68.290001,68.290001,1522700
2015-10-30,68.709999,68.709999,66.639999,67.029999,67.029999,1079200
2015-11-02,67.370003,72.269997,67.370003,72.169998,72.169998,1043600
2015-11-03,71.650002,73.449997,70.019997,72.449997,72.449997,868300
2015-11-04,72.449997,72.449997,72.449997,72.449997,72.449997,0
2015-11-05,71.330002,71.330002,67.639999,69.160004,69.160004,1072700
2015-11-06,68.250000,69.540001,66.019997,68.720001,68.720001,1093300
2015-11-09,67.790001,69.839996,67.139999,68.690002,68.690002,622300
2015-11-10,68.459999,69.550003,67.389999,69.339996,69.339996,556000
2015-11-11,69.879997,69.959999,67.279999,67.360001,67.360001,455200
2015-11-12,66.739998,67.510002,64.440002,64.529999,64.529999,620800
2015-11-13,64.440002,67.849998,64.000000,65.949997,65.949997,795300
2015-11-16,65.000000,66.500000,63.439999,66.419998,66.419998,639400
2015-11-17,67.059998,69.150002,65.940002,68.209999,68.209999,690000
2015-11-18,68.750000,72.290001,68.400002,72.160004,72.160004,950800
2015-11-19,72.199997,72.500000,69.599998,69.989998,69.989998,679300
2015-11-20,70.470001,71.250000,69.650002,69.900002,69.900002,423800
2015-11-23,69.900002,72.089996,69.900002,70.860001,70.860001,515400
2015-11-24,69.900002,70.769997,69.110001,70.680000,70.680000,285800
2015-11-25,70.599998,72.419998,70.599998,72.120003,72.120003,493300
2015-11-27,72.500000,73.250000,72.300003,72.989998,72.989998,261900
2015-11-30,73.610001,73.690002,69.250000,70.230003,70.230003,650600
2015-12-01,69.660004,71.430000,68.959999,70.970001,70.970001,702100
2015-12-02,70.730003,72.129997,69.610001,69.860001,69.860001,376300
2015-12-03,70.120003,70.500000,64.190002,65.050003,65.050003,768700
2015-12-04,65.419998,69.000000,65.419998,68.889999,68.889999,698900
2015-12-07,68.320000,68.669998,65.589996,66.010002,66.010002,502500
2015-12-08,64.809998,68.809998,64.489998,68.419998,68.419998,650400
2015-12-09,67.730003,68.580002,65.379997,66.269997,66.269997,458500
2015-12-10,66.120003,68.379997,65.879997,67.919998,67.919998,460100
2015-12-11,66.489998,67.379997,63.830002,63.970001,63.970001,637700
2015-12-14,63.439999,65.500000,61.840000,64.449997,64.449997,532400
2015-12-15,65.970001,68.500000,65.570000,68.029999,68.029999,569500
2015-12-16,68.949997,71.379997,68.050003,71.169998,71.169998,503400
2015-12-17,71.900002,71.900002,68.550003,68.930000,68.930000,407000
2015-12-18,68.260002,69.970001,67.690002,68.160004,68.160004,420700
2015-12-21,69.099998,69.230003,67.279999,68.970001,68.970001,272400
2015-12-22,69.129997,69.800003,67.959999,69.000000,69.000000,386500
2015-12-23,70.339996,71.839996,70.050003,71.599998,71.599998,463800
2015-12-24,71.599998,72.449997,71.330002,72.040001,72.040001,191600
2015-12-28,70.669998,71.519997,70.120003,70.870003,70.870003,241500
2015-12-29,71.690002,73.730003,71.610001,73.400002,73.400002,495000
2015-12-30,72.800003,73.500000,72.040001,72.519997,72.519997,284200
2015-12-31,71.779999,72.839996,71.400002,71.489998,71.489998,399100
2016-01-04,69.000000,69.000000,65.610001,66.680000,66.680000,894400
2016-01-05,67.629997,68.199997,65.660004,66.599998,66.599998,508000
2016-01-06,64.730003,66.070000,62.959999,64.209999,64.209999,607700
2016-01-07,60.980000,62.189999,58.910000,58.959999,58.959999,869200
2016-01-08,60.869999,61.000000,56.520000,56.740002,56.740002,732200
2016-01-11,57.330002,57.779999,50.270000,52.779999,52.779999,1093900
2016-01-12,54.099998,56.639999,50.740002,54.490002,54.490002,1055600
2016-01-13,55.029999,55.380001,48.299999,48.590000,48.590000,1329700
2016-01-14,49.220001,53.730000,46.209999,52.430000,52.430000,1337600
2016-01-15,47.919998,50.599998,46.790001,49.790001,49.790001,1158300
2016-01-19,51.380001,51.750000,45.900002,47.590000,47.590000,1180100
2016-01-20,45.459999,51.660000,44.400002,50.090000,50.090000,1973100
2016-01-21,49.599998,50.930000,47.700001,47.919998,47.919998,1053700
2016-01-22,50.360001,51.360001,49.000000,51.020000,51.020000,930300
2016-01-25,49.950001,51.919998,49.220001,49.320000,49.320000,787600
2016-01-26,49.650002,50.070000,46.790001,48.919998,48.919998,798200
2016-01-27,49.660000,50.240002,45.270000,45.919998,45.919998,760200
2016-01-28,46.930000,47.240002,41.119999,42.580002,42.580002,1437800
2016-01-29,42.250000,44.150002,41.619999,43.660000,43.660000,949200
2016-02-01,43.139999,44.840000,42.029999,44.220001,44.220001,900900
2016-02-02,43.000000,43.650002,41.000000,41.619999,41.619999,726700
2016-02-03,41.820000,42.750000,38.750000,42.750000,42.750000,1114800
2016-02-04,42.380001,45.180000,41.450001,42.939999,42.939999,1135400
2016-02-05,42.430000,42.919998,39.099998,40.160000,40.160000,974400
2016-02-08,38.060001,38.730000,36.279999,37.520000,37.520000,1568500
2016-02-09,35.330002,39.119999,35.230000,37.590000,37.590000,1132500
2016-02-10,37.840000,40.450001,37.840000,38.130001,38.130001,988600
2016-02-11,36.060001,37.000000,35.299999,36.389999,36.389999,1453200
2016-02-12,37.480000,38.549999,35.639999,38.430000,38.430000,1026000
2016-02-16,39.779999,40.810001,39.520000,40.810001,40.810001,1104000
2016-02-17,41.990002,43.299999,40.810001,43.220001,43.220001,894900
2016-02-18,43.919998,43.919998,40.820000,40.970001,40.970001,758300
2016-02-19,40.250000,42.000000,39.720001,41.639999,41.639999,691600
2016-02-22,42.990002,43.160000,41.759998,42.330002,42.330002,763100
2016-02-23,41.660000,42.549999,40.230000,40.340000,40.340000,494900
2016-02-24,39.130001,40.860001,38.009998,40.740002,40.740002,801000
2016-02-25,41.150002,42.070000,40.049999,40.919998,40.919998,402600
2016-02-26,41.599998,42.250000,41.009998,41.520000,41.520000,662900
2016-02-29,41.130001,41.560001,39.279999,39.279999,39.279999,457500
2016-03-01,39.759998,42.700001,39.099998,42.669998,42.669998,737200
2016-03-02,42.689999,44.119999,42.380001,43.590000,43.590000,693900
2016-03-03,43.770000,43.770000,41.910000,42.380001,42.380001,495500
2016-03-04,42.580002,43.430000,41.410000,42.070000,42.070000,838600
2016-03-07,41.619999,44.830002,41.349998,44.099998,44.099998,1213700
2016-03-08,43.860001,43.860001,40.750000,40.950001,40.950001,782500
2016-03-09,41.509998,41.509998,38.919998,40.040001,40.040001,842200
2016-03-10,40.389999,41.590000,38.580002,39.360001,39.360001,830800
2016-03-11,40.200001,41.540001,39.790001,41.430000,41.430000,656100
2016-03-14,41.250000,42.000000,41.119999,41.360001,41.360001,446600
2016-03-15,40.189999,40.549999,37.849998,38.169998,38.169998,1034500
2016-03-16,38.110001,39.360001,36.750000,37.810001,37.810001,1070100
2016-03-17,37.490002,37.840000,35.250000,36.799999,36.799999,1186500
2016-03-18,36.889999,38.549999,36.150002,38.060001,38.060001,845200
2016-03-21,37.950001,40.130001,37.830002,39.599998,39.599998,1695500
2016-03-22,39.110001,41.970001,39.110001,41.650002,41.650002,1353600
2016-03-23,41.430000,42.000000,38.840000,38.869999,38.869999,1403600
2016-03-24,38.099998,40.450001,37.410000,39.330002,39.330002,1042000
2016-03-28,39.599998,40.070000,38.139999,38.320000,38.320000,568300
2016-03-29,37.860001,39.700001,36.759998,39.669998,39.669998,975300
2016-03-30,40.340000,41.480000,38.810001,39.200001,39.200001,963100
2016-03-31,39.130001,41.849998,39.130001,40.880001,40.880001,1042800
2016-04-01,40.889999,43.439999,39.910000,43.230000,43.230000,1390400
2016-04-04,43.500000,45.330002,43.330002,43.980000,43.980000,1234700
2016-04-05,43.450001,44.750000,42.880001,43.730000,43.730000,1142200
2016-04-06,44.009998,48.950001,44.000000,48.919998,48.919998,2096900
2016-04-07,48.500000,49.599998,46.680000,47.250000,47.250000,2351700
2016-04-08,48.560001,48.560001,45.250000,46.119999,46.119999,1340800
2016-04-11,46.590000,46.750000,44.250000,44.520000,44.520000,996200
2016-04-12,44.430000,45.820000,43.750000,45.580002,45.580002,1057900
2016-04-13,46.310001,47.500000,45.779999,47.310001,47.310001,1123200
2016-04-14,47.740002,47.930000,46.660000,47.410000,47.410000,607700
2016-04-15,47.500000,47.599998,46.110001,47.080002,47.080002,415700
2016-04-18,46.830002,49.049999,46.549999,48.570000,48.570000,861200
2016-04-19,48.349998,48.349998,46.080002,46.740002,46.740002,742200
2016-04-20,46.939999,47.470001,46.150002,46.720001,46.720001,386800
2016-04-21,46.889999,49.450001,46.730000,49.380001,49.380001,925400
2016-04-22,49.509998,50.130001,47.950001,49.650002,49.650002,770900
2016-04-25,49.509998,50.070000,48.549999,48.880001,48.880001,452800
2016-04-26,49.060001,49.060001,46.480000,47.279999,47.279999,573400
2016-04-27,47.200001,47.230000,45.520000,46.040001,46.040001,603000
2016-04-28,45.520000,47.340000,44.310001,45.290001,45.290001,700500
2016-04-29,44.500000,45.119999,42.139999,42.849998,42.849998,990100
2016-05-02,43.040001,43.880001,41.799999,43.790001,43.790001,597100
2016-05-03,43.000000,43.630001,42.020000,42.099998,42.099998,519600
2016-05-04,41.419998,41.700001,39.459999,39.650002,39.650002,851700
2016-05-05,40.009998,40.389999,39.049999,40.000000,40.000000,528800
2016-05-06,39.209999,40.070000,37.799999,38.869999,38.869999,1025900
2016-05-09,39.080002,41.410000,39.080002,40.740002,40.740002,686200
2016-05-10,41.720001,41.779999,39.830002,41.480000,41.480000,487400
2016-05-11,41.599998,41.619999,38.910000,39.000000,39.000000,412500
2016-05-12,39.410000,39.439999,36.849998,37.709999,37.709999,831100
2016-05-13,37.529999,39.020000,37.490002,38.369999,38.369999,766800
2016-05-16,38.910000,40.750000,38.709999,40.580002,40.580002,777800
2016-05-17,40.549999,41.029999,39.509998,39.849998,39.849998,459800
2016-05-18,39.369999,41.250000,39.369999,40.900002,40.900002,491900
2016-05-19,40.520000,41.380001,39.110001,39.740002,39.740002,377800
2016-05-20,40.340000,41.689999,39.970001,41.380001,41.380001,509500
2016-05-23,41.320000,42.660000,41.259998,41.939999,41.939999,591200
2016-05-24,42.599998,44.000000,42.250000,43.799999,43.799999,606500
2016-05-25,44.560001,45.110001,44.009998,44.790001,44.790001,601600
2016-05-26,44.779999,44.910000,43.770000,44.259998,44.259998,257900
2016-05-27,44.849998,45.150002,44.029999,45.150002,45.150002,398700
2016-05-31,45.540001,46.799999,45.540001,46.320000,46.320000,915800
2016-06-01,46.000000,47.090000,45.570000,46.759998,46.759998,499500
2016-06-02,46.740002,48.500000,46.740002,48.430000,48.430000,558500
2016-06-03,48.070000,48.130001,45.750000,46.939999,46.939999,715500
2016-06-06,47.360001,48.660000,45.900002,48.369999,48.369999,484500
2016-06-07,47.349998,47.349998,45.450001,46.000000,46.000000,656000
2016-06-08,46.070000,46.310001,45.189999,45.869999,45.869999,262100
2016-06-09,45.070000,46.189999,44.169998,44.180000,44.180000,420000
2016-06-10,43.000000,43.369999,41.840000,42.230000,42.230000,610200
2016-06-13,41.630001,43.000000,41.130001,41.220001,41.220001,393500
2016-06-14,41.090000,41.840000,39.840000,40.700001,40.700001,484000
2016-06-15,41.389999,41.630001,40.459999,40.619999,40.619999,367100
2016-06-16,40.189999,40.689999,39.389999,40.610001,40.610001,506700
2016-06-17,40.799999,40.799999,38.830002,38.830002,38.830002,727000
2016-06-20,40.000000,40.689999,39.439999,39.500000,39.500000,611500
2016-06-21,39.849998,39.849998,37.720001,38.310001,38.310001,920400
2016-06-22,38.500000,40.490002,37.910000,38.910000,38.910000,976100
2016-06-23,39.820000,40.580002,39.200001,40.520000,40.520000,467600
2016-06-24,37.290001,38.750000,36.500000,36.500000,36.500000,1403600
2016-06-27,35.820000,36.549999,33.970001,34.299999,34.299999,1178300
2016-06-28,35.500000,36.910000,35.400002,36.840000,36.840000,870000
2016-06-29,37.599998,38.830002,37.259998,38.419998,38.419998,725900
2016-06-30,38.689999,39.029999,37.590000,38.840000,38.840000,661500
2016-07-01,38.840000,40.700001,38.610001,40.369999,40.369999,689700
2016-07-05,39.849998,40.180000,39.009998,39.669998,39.669998,450200
2016-07-06,39.080002,41.650002,39.000000,41.480000,41.480000,642400
2016-07-07,41.639999,42.369999,41.090000,42.000000,42.000000,672200
2016-07-08,41.959999,43.290001,41.779999,42.970001,42.970001,658600
2016-07-11,43.599998,43.669998,42.799999,42.810001,42.810001,506100
2016-07-12,43.290001,44.130001,43.230000,43.450001,43.450001,680200
2016-07-13,43.830002,44.150002,41.919998,42.000000,42.000000,656200
2016-07-14,42.570000,42.849998,41.759998,42.180000,42.180000,944500
2016-07-15,42.290001,43.830002,42.270000,43.380001,43.380001,659900
2016-07-18,43.380001,44.029999,43.000000,43.720001,43.720001,520800
2016-07-19,43.669998,44.090000,42.400002,42.570000,42.570000,532200
2016-07-20,42.869999,44.910000,42.709999,44.740002,44.740002,909800
2016-07-21,45.509998,46.520000,45.160000,45.950001,45.950001,1192500
2016-07-22,46.080002,46.619999,45.470001,46.049999,46.049999,698700
2016-07-25,45.919998,46.750000,45.459999,46.590000,46.590000,461400
2016-07-26,45.619999,46.529999,45.240002,45.849998,45.849998,678800
2016-07-27,46.000000,48.299999,46.000000,48.110001,48.110001,1180700
2016-07-28,48.220001,48.560001,47.080002,48.340000,48.340000,705900
2016-07-29,48.180000,49.040001,47.430000,48.889999,48.889999,774800
2016-08-01,49.090000,51.450001,49.090000,50.529999,50.529999,1232700
2016-08-02,50.639999,52.150002,48.660000,50.700001,50.700001,1244600
2016-08-03,50.450001,51.970001,50.080002,51.820000,51.820000,758600
2016-08-04,52.369999,52.389999,50.970001,51.230000,51.230000,532400
2016-08-05,52.020000,52.259998,51.150002,51.630001,51.630001,1404100
2016-08-08,51.939999,52.049999,50.169998,50.570000,50.570000,1064700
2016-08-09,50.750000,51.139999,50.209999,50.660000,50.660000,483700
2016-08-10,50.540001,50.549999,48.400002,48.720001,48.720001,953000
2016-08-11,48.970001,49.980000,48.450001,49.700001,49.700001,565500
2016-08-12,49.599998,50.029999,48.700001,49.869999,49.869999,440500
2016-08-15,50.250000,51.189999,49.970001,50.849998,50.849998,626900
2016-08-16,50.639999,50.740002,49.330002,49.419998,49.419998,501600
2016-08-17,49.410000,49.689999,48.599998,49.330002,49.330002,467700
2016-08-18,49.349998,50.020000,48.849998,49.570000,49.570000,292700
2016-08-19,49.330002,49.660000,48.759998,49.180000,49.180000,343500
2016-08-22,49.660000,51.320000,49.660000,51.090000,51.090000,599600
2016-08-23,51.470001,51.759998,50.910000,51.130001,51.130001,459200
2016-08-24,51.130001,52.189999,47.389999,47.709999,47.709999,1183100
2016-08-25,47.799999,48.630001,45.270000,46.680000,46.680000,1133900
2016-08-26,46.680000,48.200001,46.459999,47.320000,47.320000,672200
2016-08-29,47.770000,47.849998,46.369999,46.910000,46.910000,489300
2016-08-30,46.660000,47.520000,46.299999,46.650002,46.650002,430900
2016-08-31,46.470001,46.720001,45.520000,45.880001,45.880001,455900
2016-09-01,45.740002,46.299999,45.209999,46.029999,46.029999,399600
2016-09-02,46.189999,46.520000,45.470001,45.810001,45.810001,452500
2016-09-06,45.930000,47.410000,45.900002,46.930000,46.930000,746800
2016-09-07,47.000000,47.939999,46.880001,47.590000,47.590000,554300
2016-09-08,47.689999,48.459999,46.880001,48.220001,48.220001,525900
2016-09-09,47.200001,47.520000,45.150002,45.200001,45.200001,1129800
2016-09-12,44.500000,48.049999,44.459999,47.869999,47.869999,774300
2016-09-13,47.000000,47.180000,45.330002,46.400002,46.400002,761800
2016-09-14,46.680000,48.590000,46.680000,47.389999,47.389999,654900
2016-09-15,47.560001,49.080002,46.869999,48.810001,48.810001,844000
2016-09-16,48.270000,49.540001,48.029999,49.330002,49.330002,461300
2016-09-19,49.810001,50.439999,48.950001,49.360001,49.360001,690900
2016-09-20,50.330002,51.139999,49.830002,50.680000,50.680000,576300
2016-09-21,51.000000,51.639999,49.250000,51.330002,51.330002,1043500
2016-09-22,51.830002,52.279999,50.950001,52.160000,52.160000,731100
2016-09-23,52.000000,52.799999,51.500000,51.560001,51.560001,410500
2016-09-26,51.080002,51.230000,49.950001,50.330002,50.330002,459700
2016-09-27,49.900002,51.380001,49.500000,51.320000,51.320000,518500
2016-09-28,51.439999,51.650002,49.750000,50.439999,50.439999,374100
2016-09-29,50.400002,50.580002,47.099998,47.369999,47.369999,889000
2016-09-30,47.580002,48.869999,46.599998,48.459999,48.459999,541200
2016-10-03,48.259998,48.720001,47.110001,48.720001,48.720001,315400
2016-10-04,48.630001,49.090000,47.619999,48.090000,48.090000,438400
2016-10-05,48.320000,49.549999,48.139999,48.919998,48.919998,381700
2016-10-06,47.930000,48.000000,46.549999,46.810001,46.810001,715400
2016-10-07,46.930000,47.020000,45.810001,46.720001,46.720001,550400
2016-10-10,47.619999,48.439999,47.619999,47.919998,47.919998,686000
2016-10-11,46.509998,46.779999,43.680000,44.369999,44.369999,1776900
2016-10-12,44.369999,44.750000,42.029999,42.150002,42.150002,929000
2016-10-13,41.380001,43.000000,41.340000,42.439999,42.439999,854500
2016-10-14,42.930000,43.200001,40.759998,40.790001,40.790001,701400
2016-10-17,40.930000,41.380001,39.759998,40.810001,40.810001,646400
2016-10-18,41.759998,42.400002,41.599998,41.840000,41.840000,548100
2016-10-19,42.000000,42.000000,41.209999,41.209999,41.209999,399800
2016-10-20,41.110001,42.389999,41.099998,42.000000,42.000000,710100
2016-10-21,41.970001,42.090000,41.110001,41.290001,41.290001,332500
2016-10-24,41.490002,41.799999,40.799999,40.910000,40.910000,373600
2016-10-25,40.810001,41.340000,40.299999,40.570000,40.570000,436000
2016-10-26,40.720001,41.619999,40.040001,40.529999,40.529999,536400
2016-10-27,41.400002,42.099998,40.520000,40.650002,40.650002,690100
2016-10-28,40.049999,40.110001,38.180000,39.130001,39.130001,1299400
2016-10-31,39.150002,39.150002,37.889999,37.939999,37.939999,526800
2016-11-01,37.939999,38.950001,37.330002,38.689999,38.689999,676900
2016-11-02,38.330002,38.500000,37.240002,37.320000,37.320000,634600
2016-11-03,37.419998,37.779999,35.009998,35.099998,35.099998,856200
2016-11-04,35.000000,37.209999,35.000000,36.439999,36.439999,988300
2016-11-07,37.830002,39.400002,37.560001,39.060001,39.060001,1104300
2016-11-08,38.480000,40.279999,38.290001,39.270000,39.270000,728000
2016-11-09,45.880001,47.500000,43.730000,46.480000,46.480000,3293900
2016-11-10,47.970001,49.349998,46.299999,47.860001,47.860001,3206700
2016-11-11,47.220001,47.599998,45.509998,47.259998,47.259998,1571600
2016-11-14,47.740002,49.020000,46.700001,48.930000,48.930000,1221200
2016-11-15,48.840000,48.840000,47.029999,48.389999,48.389999,840800
2016-11-16,47.950001,48.490002,46.720001,46.799999,46.799999,635900
2016-11-17,47.090000,47.599998,45.869999,47.279999,47.279999,611100
2016-11-18,47.320000,47.740002,45.849998,46.189999,46.189999,620000
2016-11-21,46.279999,46.950001,46.090000,46.820000,46.820000,562700
2016-11-22,46.880001,47.130001,44.330002,45.139999,45.139999,785700
2016-11-23,42.849998,45.950001,42.759998,45.889999,45.889999,1102300
2016-11-25,46.419998,46.419998,45.090000,46.090000,46.090000,186100
2016-11-28,45.799999,46.000000,44.459999,44.680000,44.680000,386000
2016-11-29,44.400002,45.470001,43.950001,44.730000,44.730000,398800
2016-11-30,45.099998,45.099998,42.669998,42.720001,42.720001,860500
2016-12-01,43.119999,43.119999,41.040001,41.259998,41.259998,675500
2016-12-02,41.160000,42.330002,40.720001,41.580002,41.580002,376400
2016-12-05,42.209999,43.080002,41.599998,42.029999,42.029999,405300
2016-12-06,42.270000,42.900002,41.610001,42.740002,42.740002,238400
2016-12-07,40.900002,41.529999,38.820000,40.340000,40.340000,1582600
2016-12-08,39.930000,41.029999,38.880001,40.919998,40.919998,742700
2016-12-09,41.770000,43.009998,40.919998,41.189999,41.189999,953600
2016-12-12,40.540001,41.029999,40.070000,40.630001,40.630001,482200
2016-12-13,41.000000,41.880001,40.889999,41.080002,41.080002,540600
2016-12-14,41.000000,41.759998,40.599998,41.160000,41.160000,539700
2016-12-15,41.369999,42.099998,41.029999,41.970001,41.970001,746500
2016-12-16,42.029999,43.099998,41.820000,42.150002,42.150002,461300
2016-12-19,42.029999,42.820000,40.860001,40.990002,40.990002,565200
2016-12-20,41.189999,41.840000,41.180000,41.580002,41.580002,312200
2016-12-21,41.660000,41.790001,40.470001,40.590000,40.590000,247200
2016-12-22,40.580002,40.840000,39.970001,40.299999,40.299999,293100
2016-12-23,40.160000,42.200001,40.160000,42.040001,42.040001,384200
2016-12-27,42.279999,43.250000,41.700001,41.750000,41.750000,484600
2016-12-28,41.750000,41.820000,40.590000,40.689999,40.689999,334000
2016-12-29,40.599998,41.110001,40.080002,40.459999,40.459999,277300
2016-12-30,40.470001,40.750000,39.480000,39.910000,39.910000,415400
2017-01-03,40.450001,41.500000,40.349998,41.400002,41.400002,465800
2017-01-04,41.450001,43.939999,41.450001,43.540001,43.540001,1248400
2017-01-05,43.919998,44.180000,43.040001,43.830002,43.830002,616000
2017-01-06,44.009998,44.830002,43.919998,44.459999,44.459999,635100
2017-01-09,45.090000,45.959999,44.410000,45.689999,45.689999,702300
2017-01-10,46.110001,46.639999,45.169998,46.459999,46.459999,582100
2017-01-11,46.360001,46.500000,42.759998,43.619999,43.619999,1259500
2017-01-12,43.009998,44.400002,42.650002,43.959999,43.959999,756100
2017-01-13,43.869999,45.150002,43.849998,44.299999,44.299999,422600
2017-01-17,43.549999,43.549999,42.310001,42.540001,42.540001,725500
2017-01-18,42.750000,43.389999,42.630001,43.310001,43.310001,274400
2017-01-19,43.290001,43.320000,42.200001,42.549999,42.549999,298000
2017-01-20,42.500000,43.150002,42.000000,42.209999,42.209999,242300
2017-01-23,42.090000,42.520000,41.150002,41.419998,41.419998,275500
2017-01-24,41.419998,41.680000,40.220001,41.160000,41.160000,410300
2017-01-25,41.630001,42.200001,41.369999,42.000000,42.000000,229500
2017-01-26,42.299999,42.759998,41.549999,41.599998,41.599998,212700
2017-01-27,41.630001,42.529999,41.630001,42.459999,42.459999,199600
2017-01-30,41.950001,42.250000,40.720001,41.279999,41.279999,208900
2017-01-31,40.700001,43.700001,40.419998,43.650002,43.650002,767800
2017-02-01,43.820000,44.470001,43.369999,44.330002,44.330002,640700
2017-02-02,43.860001,44.540001,43.430000,44.209999,44.209999,350900
2017-02-03,44.590000,45.200001,43.959999,45.119999,45.119999,470100
2017-02-06,45.110001,45.340000,44.509998,45.330002,45.330002,219000
2017-02-07,45.470001,45.610001,44.480000,44.900002,44.900002,392200
2017-02-08,44.180000,44.939999,43.669998,44.740002,44.740002,333100
2017-02-09,44.700001,45.860001,44.580002,45.630001,45.630001,710200
2017-02-10,45.680000,46.070000,45.340000,45.549999,45.549999,513200
2017-02-13,46.080002,46.410000,45.700001,46.230000,46.230000,481600
2017-02-14,46.230000,47.369999,45.910000,47.270000,47.270000,604700
2017-02-15,47.200001,49.080002,47.049999,48.990002,48.990002,399800
2017-02-16,49.040001,49.619999,47.340000,48.279999,48.279999,672200
2017-02-17,47.720001,48.830002,47.720001,48.770000,48.770000,717600
2017-02-21,48.910000,49.099998,47.959999,48.200001,48.200001,615600
2017-02-22,48.259998,48.340000,47.340000,47.410000,47.410000,472400
2017-02-23,47.509998,47.610001,46.090000,47.160000,47.160000,519700
2017-02-24,46.209999,47.340000,46.209999,47.299999,47.299999,313900
2017-02-27,47.110001,50.080002,46.990002,49.959999,49.959999,629400
2017-02-28,49.770000,50.540001,49.040001,49.549999,49.549999,403100
2017-03-01,50.869999,51.290001,49.980000,50.930000,50.930000,549300
2017-03-02,50.910000,51.840000,50.290001,50.490002,50.490002,575100
2017-03-03,50.330002,51.500000,50.099998,51.400002,51.400002,312500
2017-03-06,50.869999,50.980000,49.869999,50.459999,50.459999,344900
2017-03-07,49.340000,49.849998,48.570000,48.930000,48.930000,499900
2017-03-08,48.930000,50.580002,48.810001,49.750000,49.750000,365300
2017-03-09,49.610001,50.509998,49.180000,50.080002,50.080002,379400
2017-03-10,50.880001,50.880001,49.439999,50.779999,50.779999,541000
2017-03-13,50.970001,50.970001,50.000000,50.810001,50.810001,246400
2017-03-14,50.290001,50.520000,49.669998,49.849998,49.849998,243500
2017-03-15,50.040001,51.750000,49.900002,51.320000,51.320000,425900
2017-03-16,51.240002,51.240002,49.590000,50.080002,50.080002,532800
2017-03-17,48.490002,49.500000,48.310001,48.880001,48.880001,429800
2017-03-20,48.840000,49.700001,48.810001,49.410000,49.410000,219600
2017-03-21,49.660000,49.750000,46.509998,46.680000,46.680000,607500
2017-03-22,46.759998,47.270000,46.310001,47.110001,47.110001,198300
2017-03-23,47.000000,47.779999,46.590000,46.759998,46.759998,190400
2017-03-24,47.060001,47.599998,46.750000,47.299999,47.299999,240900
2017-03-27,46.490002,48.459999,46.209999,48.320000,48.320000,336100
2017-03-28,48.590000,48.790001,47.500000,47.880001,47.880001,247700
2017-03-29,48.470001,49.410000,48.340000,48.669998,48.669998,274200
2017-03-30,48.750000,48.830002,47.930000,48.360001,48.360001,210800
2017-03-31,48.250000,48.619999,47.900002,48.259998,48.259998,123300
2017-04-03,48.299999,49.029999,47.470001,47.520000,47.520000,223700
2017-04-04,47.349998,48.000000,47.320000,47.660000,47.660000,103500
2017-04-05,47.750000,48.220001,46.099998,46.349998,46.349998,168500
2017-04-06,46.730000,46.849998,45.970001,46.660000,46.660000,196700
2017-04-07,46.430000,47.520000,46.360001,47.299999,47.299999,137100
2017-04-10,47.029999,47.869999,46.930000,46.970001,46.970001,133500
2017-04-11,46.970001,47.270000,45.849998,46.619999,46.619999,136200
2017-04-12,46.689999,47.160000,46.320000,46.720001,46.720001,118500
2017-04-13,46.709999,47.709999,46.509998,47.369999,47.369999,216000
2017-04-17,47.070000,47.529999,46.750000,47.340000,47.340000,105100
2017-04-18,47.130001,47.150002,45.820000,46.430000,46.430000,180300
2017-04-19,46.849998,47.340000,46.410000,46.779999,46.779999,131300
2017-04-20,47.320000,47.470001,46.360001,47.240002,47.240002,201600
2017-04-21,47.139999,47.400002,46.049999,46.270000,46.270000,102300
2017-04-24,47.220001,47.869999,47.070000,47.680000,47.680000,511600
2017-04-25,48.220001,49.340000,48.220001,48.950001,48.950001,259100
2017-04-26,48.970001,49.450001,48.750000,49.090000,49.090000,208200
2017-04-27,49.070000,49.650002,48.540001,49.209999,49.209999,183000
2017-04-28,49.580002,49.750000,48.980000,49.549999,49.549999,129200
2017-05-01,49.560001,50.349998,49.529999,50.180000,50.180000,260900
2017-05-02,50.439999,50.599998,49.320000,49.849998,49.849998,186400
2017-05-03,49.410000,49.590000,48.779999,49.139999,49.139999,191000
2017-05-04,49.279999,50.029999,49.250000,49.869999,49.869999,193500
2017-05-05,49.990002,49.990002,48.480000,48.980000,48.980000,208400
2017-05-08,48.540001,48.669998,46.660000,47.009998,47.009998,385800
2017-05-09,47.220001,48.070000,47.090000,47.990002,47.990002,143300
2017-05-10,47.900002,47.900002,46.759998,47.669998,47.669998,163900
2017-05-11,47.310001,47.740002,46.580002,47.560001,47.560001,173100
2017-05-12,47.470001,48.250000,47.299999,47.889999,47.889999,100400
2017-05-15,47.849998,48.599998,47.849998,48.369999,48.369999,140500
2017-05-16,48.299999,48.869999,48.150002,48.709999,48.709999,129700
2017-05-17,47.700001,47.950001,46.459999,46.500000,46.500000,352900
2017-05-18,46.820000,48.130001,46.669998,47.759998,47.759998,408500
2017-05-19,47.939999,48.450001,47.009998,47.099998,47.099998,125100
2017-05-22,47.060001,47.450001,46.560001,47.330002,47.330002,160200
2017-05-23,47.490002,47.500000,46.860001,47.189999,47.189999,59600
2017-05-24,47.150002,47.509998,46.400002,47.279999,47.279999,207700
2017-05-25,47.590000,47.799999,47.090000,47.110001,47.110001,155400
2017-05-26,47.099998,47.290001,46.349998,46.430000,46.430000,99700
2017-05-30,46.180000,46.500000,44.910000,45.060001,45.060001,254300
2017-05-31,45.389999,45.709999,44.619999,45.570000,45.570000,138400
2017-06-01,45.730000,47.380001,45.730000,47.230000,47.230000,343400
2017-06-02,47.470001,49.049999,47.439999,48.779999,48.779999,377700
2017-06-05,49.049999,49.180000,47.480000,48.189999,48.189999,275200
2017-06-06,47.689999,48.500000,47.570000,47.750000,47.750000,103700
2017-06-07,47.570000,48.299999,47.360001,47.869999,47.869999,99300
2017-06-08,47.980000,48.700001,47.669998,48.490002,48.490002,102600
2017-06-09,48.299999,49.669998,47.709999,48.150002,48.150002,366400
2017-06-12,47.830002,48.709999,47.230000,47.849998,47.849998,96500
2017-06-13,48.220001,48.400002,47.639999,48.330002,48.330002,66900
2017-06-14,48.389999,49.480000,48.080002,48.860001,48.860001,246800
2017-06-15,48.320000,48.599998,47.290001,48.099998,48.099998,181400
2017-06-16,48.110001,48.110001,47.080002,47.689999,47.689999,72300
2017-06-19,48.000000,50.400002,48.000000,50.020000,50.020000,548400
2017-06-20,50.000000,52.799999,50.000000,51.340000,51.340000,797700
2017-06-21,52.060001,55.599998,52.020000,55.540001,55.540001,1169700
2017-06-22,56.340000,58.110001,55.880001,57.020000,57.020000,1273700
2017-06-23,56.939999,57.360001,55.509998,57.189999,57.189999,501900
2017-06-26,57.500000,57.599998,56.020000,56.779999,56.779999,274800
2017-06-27,56.639999,56.740002,53.590000,53.590000,53.590000,476900
2017-06-28,54.009998,56.080002,53.529999,55.820000,55.820000,295400
2017-06-29,55.830002,55.830002,52.919998,54.209999,54.209999,353400
2017-06-30,54.299999,54.459999,53.130001,53.400002,53.400002,145800
2017-07-03,54.110001,54.590000,53.400002,53.779999,53.779999,116300
2017-07-05,54.009998,55.500000,53.470001,55.259998,55.259998,291900
2017-07-06,54.500000,54.860001,53.000000,53.509998,53.509998,247000
2017-07-07,54.450001,54.580002,53.650002,54.200001,54.200001,811000
2017-07-10,54.410000,54.490002,52.790001,53.369999,53.369999,595300
2017-07-11,54.000000,54.230000,53.080002,54.000000,54.000000,358500
2017-07-12,54.840000,54.990002,54.169998,54.790001,54.790001,321800
2017-07-13,55.040001,56.160000,53.520000,55.509998,55.509998,527900
2017-07-14,55.950001,56.189999,55.299999,55.540001,55.540001,412500
2017-07-17,55.779999,56.270000,55.040001,55.119999,55.119999,272000
2017-07-18,55.000000,55.169998,54.209999,55.169998,55.169998,167900
2017-07-19,56.299999,57.490002,56.080002,56.700001,56.700001,502800
2017-07-20,57.080002,58.400002,56.860001,57.840000,57.840000,554500
2017-07-21,57.750000,58.619999,57.259998,58.500000,58.500000,240200
2017-07-24,58.540001,59.459999,57.869999,59.459999,59.459999,447200
2017-07-25,60.040001,60.189999,57.740002,58.150002,58.150002,468700
2017-07-26,58.299999,59.099998,57.889999,58.900002,58.900002,142600
2017-07-27,59.740002,59.919998,55.790001,56.590000,56.590000,714600
2017-07-28,56.250000,57.599998,55.959999,57.380001,57.380001,263800
2017-07-31,57.459999,57.590000,56.279999,56.380001,56.380001,161000
2017-08-01,56.639999,56.650002,54.779999,55.250000,55.250000,314900
2017-08-02,55.299999,55.959999,54.349998,55.689999,55.689999,267000
2017-08-03,55.950001,55.990002,54.580002,54.750000,54.750000,157700
2017-08-04,55.070000,55.200001,54.139999,55.169998,55.169998,179900
2017-08-07,55.250000,55.849998,54.750000,55.740002,55.740002,145300
2017-08-08,55.599998,56.000000,54.340000,54.650002,54.650002,266900
2017-08-09,53.889999,54.900002,53.630001,54.310001,54.310001,163300
2017-08-10,53.799999,53.799999,51.110001,51.200001,51.200001,475600
2017-08-11,51.209999,52.310001,51.110001,51.910000,51.910000,260200
2017-08-14,52.580002,53.169998,52.529999,52.930000,52.930000,168300
2017-08-15,52.980000,53.400002,52.709999,52.849998,52.849998,89300
2017-08-16,53.270000,53.830002,52.840000,53.119999,53.119999,218200
2017-08-17,52.959999,53.500000,51.259998,51.310001,51.310001,198100
2017-08-18,51.200001,51.820000,50.599998,51.009998,51.009998,205400
2017-08-21,50.630001,51.610001,50.570000,51.279999,51.279999,149300
2017-08-22,51.500000,53.400002,51.500000,53.270000,53.270000,144900
2017-08-23,52.650002,53.349998,52.590000,52.730000,52.730000,131500
2017-08-24,53.310001,54.230000,52.660000,54.080002,54.080002,434400
2017-08-25,54.580002,54.689999,53.240002,53.400002,53.400002,418000
2017-08-28,54.590000,55.750000,54.380001,55.369999,55.369999,369100
2017-08-29,54.619999,55.950001,54.200001,55.680000,55.680000,219600
2017-08-30,55.919998,58.419998,55.529999,58.000000,58.000000,383100
2017-08-31,58.299999,61.330002,58.049999,61.240002,61.240002,498100
2017-09-01,61.419998,62.450001,60.480000,62.150002,62.150002,456100
2017-09-05,61.740002,62.200001,59.759998,61.110001,61.110001,596600
2017-09-06,61.790001,62.200001,60.560001,61.580002,61.580002,189900
2017-09-07,61.549999,62.279999,60.340000,61.910000,61.910000,253900
2017-09-08,61.810001,62.380001,61.160000,61.450001,61.450001,201000
2017-09-11,62.299999,62.650002,60.799999,61.540001,61.540001,202400
2017-09-12,61.619999,61.880001,60.639999,61.880001,61.880001,260000
2017-09-13,61.590000,61.820000,61.090000,61.410000,61.410000,161500
2017-09-14,61.150002,61.709999,59.939999,60.680000,60.680000,113000
2017-09-15,60.650002,61.299999,60.099998,60.630001,60.630001,122800
2017-09-18,60.660000,61.400002,60.230000,60.650002,60.650002,174600
2017-09-19,60.610001,60.700001,59.700001,59.950001,59.950001,181300
2017-09-20,60.020000,61.279999,59.840000,60.910000,60.910000,214400
2017-09-21,60.910000,61.180000,60.209999,60.360001,60.360001,187000
2017-09-22,59.779999,60.099998,59.099998,59.900002,59.900002,214700
2017-09-25,59.689999,61.009998,59.689999,60.400002,60.400002,183700
2017-09-26,60.709999,60.900002,59.150002,59.279999,59.279999,131800
2017-09-27,59.330002,60.389999,59.310001,59.970001,59.970001,168300
2017-09-28,59.759998,60.590000,59.200001,60.130001,60.130001,167400
2017-09-29,60.340000,61.369999,59.599998,61.250000,61.250000,412000
2017-10-02,61.900002,63.130001,61.500000,63.070000,63.070000,477100
2017-10-03,63.400002,63.400002,61.599998,62.799999,62.799999,306500
2017-10-04,63.009998,63.869999,62.619999,63.709999,63.709999,248300
2017-10-05,64.000000,64.279999,63.099998,63.950001,63.950001,190300
2017-10-06,63.500000,64.510002,63.099998,63.709999,63.709999,215000
2017-10-09,63.910000,64.050003,63.060001,63.310001,63.310001,151200
2017-10-10,63.740002,63.820000,62.759998,63.419998,63.419998,190200
2017-10-11,63.000000,63.419998,62.650002,63.150002,63.150002,123400
2017-10-12,62.799999,63.369999,62.009998,62.490002,62.490002,267700
2017-10-13,63.029999,63.080002,61.889999,62.200001,62.200001,168500
2017-10-16,62.200001,64.160004,61.900002,62.330002,62.330002,300700
2017-10-17,62.330002,63.259998,62.299999,62.799999,62.799999,270800
2017-10-18,63.270000,63.660000,61.869999,61.970001,61.970001,228300
2017-10-19,61.310001,62.349998,60.750000,61.660000,61.660000,190400
2017-10-20,60.959999,61.160000,59.619999,60.470001,60.470001,257900
2017-10-23,60.380001,60.439999,58.880001,59.090000,59.090000,320700
2017-10-24,59.330002,59.330002,56.889999,58.049999,58.049999,381400
2017-10-25,58.230000,58.250000,56.020000,56.790001,56.790001,259000
2017-10-26,54.400002,55.230000,53.419998,54.209999,54.209999,713000
2017-10-27,54.290001,55.119999,53.230000,54.919998,54.919998,330000
2017-10-30,54.860001,56.110001,54.279999,54.950001,54.950001,268100
2017-10-31,55.310001,55.689999,53.680000,54.119999,54.119999,193800
2017-11-01,54.700001,55.049999,53.279999,53.490002,53.490002,201200
2017-11-02,53.459999,54.320000,52.970001,53.470001,53.470001,207700
2017-11-03,53.259998,55.180000,53.259998,55.080002,55.080002,333900
2017-11-06,55.119999,55.650002,54.590000,54.590000,54.590000,355600
2017-11-07,54.700001,55.000000,53.669998,54.070000,54.070000,168700
2017-11-08,54.509998,55.009998,53.320000,53.700001,53.700001,194600
2017-11-09,52.919998,53.320000,51.950001,53.070000,53.070000,284700
2017-11-10,52.900002,53.560001,52.200001,53.490002,53.490002,136600
2017-11-13,53.380001,53.380001,52.369999,52.689999,52.689999,159700
2017-11-14,52.410000,52.540001,49.970001,50.970001,50.970001,410500
2017-11-15,50.549999,51.900002,49.970001,51.410000,51.410000,216000
2017-11-16,52.290001,53.070000,51.560001,52.970001,52.970001,234200
2017-11-17,52.970001,53.279999,52.340000,53.009998,53.009998,153800
2017-11-20,52.950001,53.310001,51.910000,52.070000,52.070000,201500
2017-11-21,52.490002,53.099998,52.410000,52.900002,52.900002,173400
2017-11-22,53.189999,53.570000,53.000000,53.400002,53.400002,206600
2017-11-24,53.400002,53.810001,53.240002,53.450001,53.450001,113400
2017-11-27,53.410000,53.830002,52.590000,52.740002,52.740002,146600
2017-11-28,52.939999,53.200001,52.029999,53.060001,53.060001,159100
2017-11-29,53.060001,54.230000,52.430000,53.040001,53.040001,209800
2017-11-30,53.549999,54.689999,53.529999,54.570000,54.570000,207000
2017-12-01,54.740002,55.599998,52.549999,54.840000,54.840000,329900
2017-12-04,55.869999,56.369999,53.000000,53.070000,53.070000,256300
2017-12-05,53.029999,54.369999,52.369999,52.549999,52.549999,182900
2017-12-06,52.259998,52.730000,50.700001,51.880001,51.880001,194600
2017-12-07,51.959999,53.610001,51.740002,53.220001,53.220001,174300
2017-12-08,53.880001,55.750000,53.860001,55.470001,55.470001,417400
2017-12-11,56.680000,56.889999,55.000000,55.500000,55.500000,238000
2017-12-12,55.419998,55.439999,54.480000,54.990002,54.990002,133200
2017-12-13,54.939999,56.529999,54.939999,56.009998,56.009998,200200
2017-12-14,56.139999,56.529999,54.000000,54.340000,54.340000,196500
2017-12-15,54.750000,55.810001,54.060001,55.779999,55.779999,168900
2017-12-18,56.270000,56.570000,55.430000,55.540001,55.540001,211000
2017-12-19,55.500000,56.169998,55.090000,55.290001,55.290001,119900
2017-12-20,55.299999,56.220001,55.299999,55.889999,55.889999,117500
2017-12-21,55.750000,56.549999,55.720001,56.119999,56.119999,140600
2017-12-22,55.570000,56.630001,55.500000,56.279999,56.279999,102500
2017-12-26,56.090000,56.900002,55.849998,56.759998,56.759998,77200
2017-12-27,56.790001,57.520000,56.740002,56.900002,56.900002,105500
2017-12-28,56.840000,57.500000,56.290001,57.090000,57.090000,216900
2017-12-29,56.799999,57.599998,55.990002,56.070000,56.070000,187700
2018-01-02,56.599998,58.860001,56.049999,58.840000,58.840000,321900
2018-01-03,58.910000,60.799999,58.639999,60.400002,60.400002,280800
2018-01-04,60.730000,60.889999,58.910000,59.369999,59.369999,333600
2018-01-05,59.580002,59.840000,58.570000,59.290001,59.290001,183800
2018-01-08,59.299999,59.639999,56.880001,57.680000,57.680000,347600
2018-01-09,58.020000,60.299999,58.000000,59.889999,59.889999,250900
2018-01-10,59.230000,60.500000,58.500000,60.400002,60.400002,126400
2018-01-11,60.500000,61.049999,59.770000,60.730000,60.730000,208600
2018-01-12,60.820000,61.799999,60.490002,61.540001,61.540001,238800
2018-01-16,62.000000,62.950001,59.759998,60.020000,60.020000,308300
2018-01-17,60.930000,61.480000,60.099998,60.900002,60.900002,171100
2018-01-18,60.680000,60.950001,59.689999,60.770000,60.770000,150200
2018-01-19,60.880001,61.700001,60.840000,61.540001,61.540001,125100
2018-01-22,62.410000,65.440002,62.410000,65.419998,65.419998,601000
2018-01-23,65.419998,67.500000,65.199997,66.959999,66.959999,333500
2018-01-24,66.970001,67.510002,64.660004,65.870003,65.870003,291900
2018-01-25,67.019997,67.019997,65.519997,66.750000,66.750000,255800
2018-01-26,66.879997,68.620003,66.879997,68.279999,68.279999,209300
2018-01-29,68.150002,69.620003,68.059998,68.760002,68.760002,241400
2018-01-30,66.180000,67.550003,65.720001,66.190002,66.190002,333100
2018-01-31,66.519997,67.300003,63.220001,63.650002,63.650002,422300
2018-02-01,63.299999,64.410004,62.730000,63.639999,63.639999,187000
2018-02-02,62.849998,63.590000,61.349998,61.529999,61.529999,536100
2018-02-05,60.410000,61.810001,56.110001,56.180000,56.180000,640600
2018-02-06,54.349998,58.599998,54.070000,58.380001,58.380001,431900
2018-02-07,57.799999,59.950001,57.650002,58.360001,58.360001,293700
2018-02-08,58.540001,59.020000,53.389999,53.389999,53.389999,359400
2018-02-09,54.110001,55.209999,49.570000,54.360001,54.360001,489900
2018-02-12,55.369999,57.150002,54.500000,56.160000,56.160000,264500
2018-02-13,56.049999,56.500000,54.599998,56.270000,56.270000,160400
2018-02-14,55.400002,59.099998,55.220001,58.630001,58.630001,323800
2018-02-15,59.520000,59.849998,58.000000,59.630001,59.630001,287100
2018-02-16,59.459999,60.450001,58.680000,59.150002,59.150002,212900
2018-02-20,58.400002,59.700001,57.700001,57.939999,57.939999,175500
2018-02-21,58.160000,60.110001,57.759998,57.759998,57.759998,113700
2018-02-22,58.590000,59.029999,56.970001,57.110001,57.110001,167500
2018-02-23,57.730000,59.529999,56.849998,59.439999,59.439999,114900
2018-02-26,60.439999,60.599998,59.270000,60.360001,60.360001,216300
2018-02-27,60.360001,60.689999,58.799999,58.860001,58.860001,135200
2018-02-28,58.820000,58.849998,56.619999,56.700001,56.700001,143000
2018-03-01,56.849998,57.250000,54.630001,55.630001,55.630001,149100
2018-03-02,54.009998,58.450001,53.889999,58.250000,58.250000,413600
2018-03-05,57.470001,59.849998,57.470001,59.509998,59.509998,288300
2018-03-06,59.830002,60.250000,58.619999,59.750000,59.750000,185400
2018-03-07,58.619999,60.650002,58.619999,60.650002,60.650002,221200
2018-03-08,60.900002,61.490002,60.130001,61.430000,61.430000,332700
2018-03-09,61.980000,63.419998,61.630001,63.270000,63.270000,212500
2018-03-12,63.500000,64.000000,62.639999,63.610001,63.610001,188800
2018-03-13,64.000000,64.690002,62.439999,62.730000,62.730000,216300
2018-03-14,63.240002,63.630001,62.060001,62.669998,62.669998,90200
2018-03-15,63.189999,63.189999,61.000000,61.360001,61.360001,131400
2018-03-16,61.549999,62.349998,61.430000,61.560001,61.560001,78500
2018-03-19,60.820000,61.369999,57.830002,58.880001,58.880001,168300
2018-03-20,59.000000,59.610001,58.450001,59.090000,59.090000,122800
2018-03-21,59.070000,60.009998,58.779999,59.200001,59.200001,93000
2018-03-22,58.490002,59.200001,56.389999,56.439999,56.439999,138400
2018-03-23,56.250000,56.779999,53.500000,53.590000,53.590000,267800
2018-03-26,55.080002,56.599998,53.369999,56.459999,56.459999,408700
2018-03-27,57.020000,57.299999,52.830002,53.299999,53.299999,206700
2018-03-28,53.700001,54.970001,52.799999,54.180000,54.180000,184700
2018-03-29,54.009998,56.020000,53.730000,55.060001,55.060001,149000
2018-04-02,54.410000,54.410000,49.439999,50.490002,50.490002,367000
2018-04-03,51.119999,51.310001,49.060001,50.939999,50.939999,201400
2018-04-04,49.299999,54.169998,49.250000,53.779999,53.779999,200300
2018-04-05,54.720001,54.720001,51.820000,52.119999,52.119999,203700
2018-04-06,50.790001,51.400002,48.169998,48.900002,48.900002,427400
2018-04-09,50.419998,52.389999,49.980000,50.750000,50.750000,220500
2018-04-10,52.200001,53.889999,51.509998,53.619999,53.619999,255800
2018-04-11,52.520000,54.599998,52.340000,53.169998,53.169998,150300
2018-04-12,53.849998,55.160000,53.840000,54.400002,54.400002,115200
2018-04-13,55.000000,55.000000,53.250000,53.700001,53.700001,87600
2018-04-16,54.500000,54.520000,52.880001,53.080002,53.080002,87800
2018-04-17,53.779999,55.500000,53.509998,55.169998,55.169998,126800
2018-04-18,55.330002,55.880001,54.840000,55.200001,55.200001,130700
2018-04-19,55.029999,55.439999,53.299999,53.549999,53.549999,131700
2018-04-20,53.770000,53.919998,52.400002,52.669998,52.669998,113300
2018-04-23,52.639999,53.299999,51.900002,52.480000,52.480000,144700
2018-04-24,52.840000,52.930000,50.470001,51.139999,51.139999,120800
2018-04-25,50.950001,51.639999,50.020000,50.959999,50.959999,109700
2018-04-26,51.650002,53.529999,51.310001,52.990002,52.990002,107800
2018-04-27,53.009998,53.419998,52.299999,53.240002,53.240002,73800
2018-04-30,53.750000,53.750000,51.169998,51.169998,51.169998,104500
2018-05-01,51.119999,51.720001,50.240002,51.520000,51.520000,93400
2018-05-02,51.000000,51.520000,50.209999,50.310001,50.310001,90000
2018-05-03,50.000000,50.650002,48.119999,48.930000,48.930000,176900
2018-05-04,48.639999,50.520000,48.610001,49.970001,49.970001,116500
2018-05-07,50.430000,50.889999,50.169998,50.549999,50.549999,100300
2018-05-08,50.500000,50.689999,49.389999,49.939999,49.939999,91100
2018-05-09,50.240002,51.770000,49.689999,51.410000,51.410000,108100
2018-05-10,51.540001,52.439999,51.049999,51.209999,51.209999,121900
2018-05-11,51.250000,54.419998,51.250000,54.150002,54.150002,369400
2018-05-14,54.410000,55.980000,54.410000,55.250000,55.250000,311500
2018-05-15,54.369999,54.450001,53.590000,54.000000,54.000000,237600
2018-05-16,54.000000,55.459999,54.000000,55.090000,55.090000,135700
2018-05-17,55.000000,55.230000,54.360001,55.060001,55.060001,121200
2018-05-18,54.880001,55.650002,54.740002,55.230000,55.230000,98400
2018-05-21,55.740002,55.900002,53.389999,53.799999,53.799999,173900
2018-05-22,54.200001,54.889999,53.639999,54.139999,54.139999,143900
2018-05-23,53.500000,55.090000,53.500000,54.740002,54.740002,80200
2018-05-24,54.740002,55.160000,54.270000,54.759998,54.759998,80100
2018-05-25,54.830002,55.230000,54.709999,54.939999,54.939999,63200
2018-05-29,54.209999,55.000000,53.299999,54.419998,54.419998,151900
2018-05-30,54.810001,56.299999,54.810001,55.919998,55.919998,158100
2018-05-31,55.900002,56.770000,55.150002,55.919998,55.919998,152300
2018-06-01,56.500000,57.570000,56.049999,57.330002,57.330002,161400
2018-06-04,57.400002,57.439999,55.009998,56.540001,56.540001,221300
2018-06-05,56.790001,57.410000,55.900002,56.540001,56.540001,176900
2018-06-06,56.770000,58.250000,56.560001,57.970001,57.970001,180200
2018-06-07,58.130001,58.320000,56.470001,57.139999,57.139999,138500
2018-06-08,56.860001,57.919998,56.750000,57.599998,57.599998,82200
2018-06-11,57.639999,57.840000,57.099998,57.349998,57.349998,120100
2018-06-12,57.470001,58.750000,57.459999,58.290001,58.290001,149600
2018-06-13,58.230000,59.200001,57.639999,57.880001,57.880001,152800
2018-06-14,58.139999,59.099998,57.919998,58.869999,58.869999,125200
2018-06-15,58.419998,59.150002,58.080002,58.610001,58.610001,70100
2018-06-18,57.849998,57.950001,56.880001,57.799999,57.799999,141400
2018-06-19,56.759998,59.580002,56.680000,59.529999,59.529999,124500
2018-06-20,59.779999,61.590000,59.709999,61.520000,61.520000,128100
2018-06-21,61.509998,61.509998,59.820000,60.070000,60.070000,107900
2018-06-22,60.520000,60.520000,59.230000,59.599998,59.599998,67800
2018-06-25,58.939999,59.369999,56.689999,57.480000,57.480000,161300
2018-06-26,57.639999,58.139999,56.020000,57.080002,57.080002,75300
2018-06-27,57.500000,57.580002,54.639999,54.639999,54.639999,149500
2018-06-28,54.630001,55.680000,53.520000,55.320000,55.320000,86000
2018-06-29,56.080002,58.139999,56.080002,57.200001,57.200001,83100
