Date,Open,High,Low,Close,Adj Close,Volume
2013-01-02,23.240000,23.959999,23.240000,23.660000,22.433199,293000
2013-01-03,23.660000,23.870001,23.540001,23.700001,22.471123,132600
2013-01-04,23.840000,24.070000,23.469999,23.549999,22.328896,120400
2013-01-07,23.410000,23.680000,23.360001,23.590000,22.366825,114000
2013-01-08,23.500000,23.670000,23.139999,23.520000,22.300453,96500
2013-01-09,23.570000,23.790001,23.370001,23.490000,22.272009,122300
2013-01-10,23.510000,23.610001,22.850000,23.320000,22.110826,106600
2013-01-11,23.370001,23.570000,23.180000,23.440001,22.224604,107300
2013-01-14,23.410000,23.650000,23.260000,23.559999,22.338381,131600
2013-01-15,23.400000,23.950001,23.370001,23.870001,22.632309,196900
2013-01-16,23.750000,23.850000,23.620001,23.690001,22.461639,146300
2013-01-17,23.809999,24.150000,23.600000,24.139999,22.888308,84600
2013-01-18,24.090000,24.180000,23.690001,24.120001,22.869345,126900
2013-01-22,24.070000,24.370001,23.900000,24.360001,23.096905,187200
2013-01-23,24.299999,24.750000,24.170000,24.520000,23.248602,149700
2013-01-24,24.490000,25.150000,24.280001,25.070000,23.770086,178800
2013-01-25,25.219999,25.469999,25.020000,25.270000,23.959717,142400
2013-01-28,25.240000,25.580000,25.209999,25.370001,24.054533,137600
2013-01-29,25.350000,25.440001,25.219999,25.440001,24.120897,158700
2013-01-30,25.379999,25.430000,24.690001,25.170000,23.864897,134100
2013-01-31,25.100000,25.410000,24.900000,24.920000,23.627861,317000
2013-02-01,25.030001,25.650000,25.030001,25.510000,24.187267,149900
2013-02-04,25.309999,25.469999,24.990000,25.070000,23.770086,146000
2013-02-05,25.230000,25.430000,25.090000,25.270000,23.959717,75000
2013-02-06,25.120001,25.309999,24.959999,25.280001,23.969200,104100
2013-02-07,25.290001,25.420000,25.010000,25.360001,24.045050,88000
2013-02-08,25.320000,25.610001,25.240000,25.510000,24.187267,83800
2013-02-11,25.450001,25.469999,25.180000,25.350000,24.035561,60700
2013-02-12,25.379999,25.670000,25.139999,25.480000,24.158823,85200
2013-02-13,25.600000,26.049999,25.160000,26.049999,24.699274,148800
2013-02-14,26.049999,27.120001,25.980000,27.049999,25.647419,157100
2013-02-15,27.139999,27.400000,27.080000,27.330000,25.912899,168400
2013-02-19,27.250000,28.180000,27.170000,27.920000,26.472311,357300
2013-02-20,27.850000,28.430000,27.620001,27.930000,26.481794,231600
2013-02-21,27.889999,28.120001,27.500000,27.799999,26.358530,143700
2013-02-22,27.940001,28.250000,27.700001,28.219999,26.756754,140900
2013-02-25,28.320000,28.600000,27.920000,27.959999,26.510233,174800
2013-02-26,27.990000,27.990000,26.379999,27.740000,26.415012,86800
2013-02-27,27.629999,28.469999,27.459999,28.070000,26.729246,101900
2013-02-28,28.070000,28.219999,27.780001,27.799999,26.472143,114300
2013-03-01,27.580000,28.309999,27.570000,28.250000,26.900650,145800
2013-03-04,28.120001,28.330000,27.450001,27.690001,26.367399,161900
2013-03-05,27.730000,28.350000,27.730000,28.100000,26.757818,129800
2013-03-06,28.070000,28.620001,28.040001,28.410000,27.053011,108100
2013-03-07,28.370001,29.120001,28.120001,28.879999,27.500561,77300
2013-03-08,29.110001,29.530001,28.879999,29.510000,28.100470,108900
2013-03-11,29.370001,29.719999,29.320000,29.430000,28.024290,70600
2013-03-12,29.330000,29.770000,29.049999,29.660000,28.243305,195600
2013-03-13,29.670000,30.280001,29.510000,30.270000,28.824169,148900
2013-03-14,30.309999,30.840000,30.280001,30.830000,29.357420,128600
2013-03-15,30.740000,30.809999,30.430000,30.750000,29.281239,321900
2013-03-18,30.430000,30.750000,30.379999,30.490000,29.033659,148800
2013-03-19,30.490000,30.760000,29.040001,29.540001,28.129038,239300
2013-03-20,29.629999,29.969999,29.299999,29.600000,28.186169,207900
2013-03-21,29.360001,29.680000,29.129999,29.510000,28.100470,174200
2013-03-22,29.500000,29.840000,29.139999,29.389999,27.986198,171100
2013-03-25,29.389999,29.580000,28.870001,29.309999,27.910021,167500
2013-03-26,29.510000,29.680000,29.290001,29.540001,28.129038,125300
2013-03-27,29.309999,29.809999,29.059999,29.740000,28.319481,138400
2013-03-28,29.809999,29.940001,29.400000,29.629999,28.214739,233700
2013-04-01,29.660000,29.959999,29.020000,29.440001,28.033813,143300
2013-04-02,29.580000,29.610001,29.120001,29.230000,27.833843,136400
2013-04-03,29.340000,29.340000,28.820000,28.959999,27.576742,139900
2013-04-04,29.000000,29.139999,28.900000,29.129999,27.738615,115100
2013-04-05,28.690001,29.020000,28.620001,28.750000,27.376766,110900
2013-04-08,28.850000,28.959999,28.540001,28.809999,27.433899,100000
2013-04-09,28.830000,29.030001,28.650000,28.670000,27.300592,108700
2013-04-10,28.760000,29.070000,28.760000,28.950001,27.567219,189800
2013-04-11,28.860001,29.080000,28.559999,28.740000,27.367250,150500
2013-04-12,28.570000,28.650000,28.160000,28.520000,27.157755,179600
2013-04-15,28.379999,28.730000,27.680000,28.170000,26.824472,288000
2013-04-16,28.340000,29.010000,28.070000,28.860001,27.481518,132800
2013-04-17,28.730000,28.940001,28.139999,28.410000,27.053011,176800
2013-04-18,28.520000,28.690001,28.350000,28.450001,27.091101,135500
2013-04-19,28.400000,28.950001,28.270000,28.900000,27.519602,122600
2013-04-22,29.010000,29.090000,28.459999,29.049999,27.662439,100000
2013-04-23,29.280001,29.709999,29.090000,29.520000,28.109993,101700
2013-04-24,29.520000,29.639999,29.219999,29.379999,27.976679,105500
2013-04-25,29.370001,29.940001,29.350000,29.580000,28.167124,236400
2013-04-26,29.590000,29.590000,28.980000,29.020000,27.633875,103600
2013-04-29,29.139999,29.420000,29.090000,29.110001,27.719572,104400
2013-04-30,29.020000,29.309999,29.020000,29.309999,27.910021,124000
2013-05-01,30.900000,30.950001,29.260000,30.309999,28.862255,374100
2013-05-02,30.510000,30.850000,29.959999,30.139999,28.700377,471300
2013-05-03,30.500000,31.309999,30.120001,30.719999,29.252672,200000
2013-05-06,30.799999,30.820000,30.330000,30.750000,29.281239,90100
2013-05-07,30.750000,30.950001,30.500000,30.900000,29.424078,92400
2013-05-08,30.809999,31.110001,30.629999,30.920000,29.443119,101200
2013-05-09,31.030001,31.030001,30.389999,30.459999,29.005093,78800
2013-05-10,30.600000,30.740000,30.430000,30.510000,29.052706,69900
2013-05-13,30.389999,30.650000,30.209999,30.520000,29.062225,67700
2013-05-14,30.469999,30.920000,30.469999,30.719999,29.252672,128200
2013-05-15,30.570000,30.719999,30.440001,30.600000,29.138403,110800
2013-05-16,30.590000,30.900000,30.530001,30.690001,29.224106,95800
2013-05-17,30.799999,30.870001,30.370001,30.639999,29.176493,179500
2013-05-20,30.510000,30.879999,30.049999,30.280001,28.833691,164900
2013-05-21,30.309999,30.510000,29.600000,29.600000,28.186169,823100
2013-05-22,29.549999,29.690001,29.129999,29.400000,27.995720,314900
2013-05-23,29.110001,29.709999,29.059999,29.410000,28.120018,170400
2013-05-24,29.250000,29.480000,28.820000,29.219999,27.938347,87600
2013-05-28,29.459999,30.059999,29.459999,29.830000,28.521595,156700
2013-05-29,29.620001,30.440001,29.309999,30.139999,28.817999,212000
2013-05-30,30.190001,30.830000,30.139999,30.830000,29.477736,201300
2013-05-31,30.719999,30.870001,30.270000,30.340000,29.009226,126800
2013-06-03,30.420000,30.809999,30.000000,30.690001,29.343876,248800
2013-06-04,30.799999,31.000000,30.190001,30.510000,29.171772,89300
2013-06-05,30.450001,30.670000,30.049999,30.100000,28.779755,98700
2013-06-06,30.160000,30.730000,29.980000,30.680000,29.334312,106600
2013-06-07,30.760000,30.980000,30.469999,30.770000,29.420366,79500
2013-06-10,30.850000,30.950001,30.559999,30.910000,29.554226,81400
2013-06-11,30.610001,30.780001,30.250000,30.480000,29.143084,82600
2013-06-12,30.400000,30.750000,30.200001,30.530001,29.190893,158300
2013-06-13,30.580000,32.000000,30.379999,31.850000,30.452995,219900
2013-06-14,31.889999,32.639999,31.490000,32.340000,30.921507,267600
2013-06-17,32.250000,34.230000,32.250000,34.150002,32.652122,371200
2013-06-18,34.270000,34.439999,33.380001,33.689999,32.212292,227300
2013-06-19,33.599998,33.799999,33.160000,33.180000,31.724651,100600
2013-06-20,32.799999,33.110001,32.310001,32.500000,31.074492,126500
2013-06-21,32.619999,33.009998,32.419998,32.680000,31.246592,292100
2013-06-24,32.360001,32.740002,32.169998,32.480000,31.055367,171700
2013-06-25,32.630001,32.799999,32.480000,32.650002,31.217909,129100
2013-06-26,32.900002,33.020000,32.330002,32.349998,30.931065,96600
2013-06-27,32.419998,33.119999,32.369999,32.889999,31.447374,110200
2013-06-28,32.779999,33.080002,32.520000,32.570000,31.141415,357600
2013-07-01,32.910000,33.160000,32.580002,32.970001,31.523870,114800
2013-07-02,32.860001,33.130001,32.540001,32.959999,31.514296,113900
2013-07-03,32.700001,33.310001,32.669998,32.930000,31.485626,59000
2013-07-05,33.380001,33.570000,32.910000,33.040001,31.590799,105100
2013-07-08,33.020000,33.299999,33.000000,33.119999,31.667286,186300
2013-07-09,33.240002,33.330002,32.939999,33.099998,31.648169,188600
2013-07-10,32.990002,33.160000,32.810001,32.919998,31.476057,189800
2013-07-11,33.000000,33.060001,32.950001,33.000000,31.552555,226500
2013-07-12,32.990002,33.060001,32.889999,32.980000,31.533426,229400
2013-07-15,32.980000,33.750000,32.980000,33.730000,32.250542,250600
2013-07-16,33.849998,34.880001,33.490002,34.700001,33.177994,212900
2013-07-17,34.759998,35.160000,34.580002,35.029999,33.493511,335100
2013-07-18,35.040001,35.799999,34.930000,35.000000,33.464832,72800
2013-07-19,34.840000,34.840000,34.220001,34.389999,32.881580,96100
2013-07-22,34.410000,34.959999,34.389999,34.750000,33.225800,76800
2013-07-23,34.830002,35.029999,34.439999,34.500000,32.986759,87800
2013-07-24,34.570000,34.700001,34.090000,34.330002,32.824215,107500
2013-07-25,34.310001,34.560001,33.889999,34.480000,32.967628,87700
2013-07-26,34.180000,34.419998,33.639999,34.290001,32.785969,71800
2013-07-29,34.270000,34.509998,33.689999,33.779999,32.298351,56500
2013-07-30,34.000000,34.080002,33.520000,33.750000,32.269661,195300
2013-07-31,34.549999,36.730000,34.549999,35.090000,33.550884,435700
2013-08-01,35.230000,35.820000,34.790001,34.930000,33.397900,505900
2013-08-02,34.700001,35.160000,34.700001,34.910000,33.378780,213000
2013-08-05,34.799999,34.900002,34.560001,34.750000,33.225800,234700
2013-08-06,34.509998,34.730000,34.270000,34.650002,33.130188,440600
2013-08-07,34.480000,34.790001,34.480000,34.639999,33.120617,196300
2013-08-08,34.709999,34.750000,34.410000,34.480000,32.967628,206000
2013-08-09,34.419998,34.930000,34.259998,34.770000,33.244915,131000
2013-08-12,34.500000,35.490002,34.500000,35.400002,33.847279,142300
2013-08-13,35.450001,35.580002,35.169998,35.430000,33.875965,96300
2013-08-14,35.480000,35.549999,35.270000,35.439999,33.885529,100100
2013-08-15,34.980000,35.080002,34.560001,34.810001,33.283157,178200
2013-08-16,34.619999,34.939999,34.540001,34.860001,33.330975,126400
2013-08-19,34.750000,35.000000,33.889999,34.849998,33.321407,127100
2013-08-20,34.889999,35.169998,34.750000,35.029999,33.493511,151500
2013-08-21,34.840000,35.150002,34.630001,34.860001,33.330975,57000
2013-08-22,34.869999,35.240002,34.540001,35.130001,33.589130,66400
2013-08-23,35.070000,35.250000,34.799999,35.080002,33.541325,117000
2013-08-26,35.000000,35.310001,34.880001,35.150002,33.723618,128100
2013-08-27,36.570000,37.470001,35.639999,35.720001,34.270481,346800
2013-08-28,35.750000,36.490002,35.750000,36.080002,34.615875,227800
2013-08-29,35.980000,36.750000,35.980000,36.410000,34.932480,166700
2013-08-30,36.270000,36.500000,35.750000,36.020000,34.558308,214000
2013-09-03,36.459999,36.570000,35.759998,36.290001,34.817356,124800
2013-09-04,36.279999,36.790001,36.169998,36.639999,35.153145,315100
2013-09-05,33.480000,36.990002,33.480000,36.529999,35.047607,249600
2013-09-06,36.639999,37.020000,35.689999,36.840000,35.345028,133600
2013-09-09,37.029999,37.250000,36.689999,37.169998,35.661636,121800
2013-09-10,37.220001,38.320000,36.740002,38.310001,36.755379,256800
2013-09-11,38.180000,38.840000,38.119999,38.410000,36.851322,163900
2013-09-12,38.419998,38.599998,38.119999,38.509998,36.947269,95200
2013-09-13,38.599998,38.720001,38.049999,38.369999,36.812939,58200
2013-09-16,38.779999,38.810001,37.959999,38.509998,36.947269,109800
2013-09-17,38.500000,38.959999,38.220001,38.900002,37.321442,108600
2013-09-18,38.820000,38.820000,37.709999,38.529999,36.966446,243300
2013-09-19,38.540001,38.680000,38.200001,38.500000,36.937660,157400
2013-09-20,38.500000,39.389999,38.320000,38.490002,36.928078,328000
2013-09-23,38.410000,39.470001,38.139999,39.410000,37.810741,243900
2013-09-24,39.380001,40.000000,38.970001,39.580002,37.973843,152900
2013-09-25,39.560001,40.000000,39.209999,39.230000,37.638042,119200
2013-09-26,39.389999,39.860001,39.270000,39.660000,38.050606,177800
2013-09-27,39.380001,39.599998,38.630001,38.740002,37.167923,135800
2013-09-30,38.439999,39.110001,37.860001,39.040001,37.455757,191400
2013-10-01,38.970001,39.380001,38.630001,39.299999,37.705200,132000
2013-10-02,39.080002,39.619999,38.610001,39.599998,37.993034,217000
2013-10-03,39.470001,39.750000,38.820000,39.230000,37.638042,160900
2013-10-04,39.110001,39.910000,39.099998,39.650002,38.041004,86700
2013-10-07,39.400002,39.639999,38.930000,39.110001,37.522911,136200
2013-10-08,39.029999,39.320000,38.410000,38.560001,36.995235,152500
2013-10-09,38.689999,38.799999,38.139999,38.360001,36.803360,94700
2013-10-10,38.810001,39.340000,38.360001,39.320000,37.724392,87600
2013-10-11,39.130001,40.320000,39.000000,40.290001,38.655033,97300
2013-10-14,40.130001,40.410000,39.889999,40.369999,38.731781,97600
2013-10-15,40.160000,40.400002,39.790001,39.910000,38.290455,113300
2013-10-16,40.060001,40.540001,39.209999,39.270000,37.676418,220100
2013-10-17,39.160000,39.840000,38.900002,39.509998,37.906681,179800
2013-10-18,39.959999,41.700001,39.599998,40.099998,38.472740,263300
2013-10-21,40.119999,40.759998,39.410000,40.650002,39.000427,110400
2013-10-22,40.709999,41.389999,40.709999,41.099998,39.432159,163400
2013-10-23,40.869999,41.529999,40.529999,41.259998,39.585663,88900
2013-10-24,41.450001,41.700001,41.240002,41.619999,39.931065,79300
2013-10-25,41.750000,41.750000,41.200001,41.400002,39.719986,95200
2013-10-28,41.419998,41.650002,40.310001,40.669998,39.019615,140100
2013-10-29,40.880001,42.180000,40.880001,42.000000,40.295639,222900
2013-10-30,42.230000,42.230000,35.209999,35.299999,33.867523,732500
2013-10-31,35.209999,36.150002,34.770000,36.000000,34.539127,496000
2013-11-01,35.930000,35.939999,34.700001,35.599998,34.155346,330800
2013-11-04,35.700001,36.130001,35.650002,35.869999,34.414406,324400
2013-11-05,35.799999,35.950001,35.400002,35.570000,34.126564,129400
2013-11-06,35.630001,36.090000,35.389999,35.700001,34.251293,109000
2013-11-07,35.830002,35.840000,34.470001,34.590000,33.186333,128200
2013-11-08,33.880001,35.990002,33.880001,35.480000,34.040218,264700
2013-11-11,35.259998,35.910000,35.099998,35.680000,34.232109,349600
2013-11-12,35.169998,36.119999,35.169998,35.849998,34.395203,176900
2013-11-13,34.900002,36.290001,34.889999,36.000000,34.539127,177100
2013-11-14,36.000000,36.040001,35.500000,35.849998,34.395203,95500
2013-11-15,35.990002,36.049999,35.740002,36.000000,34.539127,158100
2013-11-18,35.970001,36.209999,35.709999,35.869999,34.414406,187200
2013-11-19,35.779999,36.150002,35.580002,35.730000,34.280071,149700
2013-11-20,35.720001,35.980000,35.389999,35.540001,34.097786,72200
2013-11-21,35.580002,36.270000,35.580002,36.049999,34.587086,230300
2013-11-22,36.000000,36.250000,35.779999,36.150002,34.683037,212500
2013-11-25,36.040001,36.139999,35.669998,35.720001,34.384624,243600
2013-11-26,35.700001,36.360001,35.549999,36.070000,34.721539,165300
2013-11-27,36.160000,36.230000,35.750000,36.009998,34.663788,171900
2013-11-29,36.099998,36.250000,35.910000,36.169998,34.817802,77200
2013-12-02,36.119999,36.189999,35.490002,35.779999,34.442379,87600
2013-12-03,35.660000,36.349998,35.290001,35.320000,33.999569,309800
2013-12-04,35.099998,35.779999,34.869999,35.599998,34.269104,232300
2013-12-05,35.599998,36.070000,35.169998,35.660000,34.326859,108200
2013-12-06,36.029999,36.400002,35.750000,36.070000,34.721539,123000
2013-12-09,36.139999,36.180000,35.290001,35.630001,34.297989,119100
2013-12-10,35.470001,35.830002,35.209999,35.290001,33.970688,144700
2013-12-11,35.349998,35.430000,34.450001,34.590000,33.296864,217700
2013-12-12,34.540001,34.880001,34.099998,34.369999,33.085098,276800
2013-12-13,34.500000,34.520000,34.000000,34.070000,32.796303,220800
2013-12-16,34.169998,34.639999,33.950001,34.150002,32.873325,650000
2013-12-17,34.130001,35.060001,34.060001,34.939999,33.633778,393500
2013-12-18,34.939999,35.500000,34.509998,35.439999,34.115089,187100
2013-12-19,35.430000,36.020000,35.310001,35.689999,34.355743,136600
2013-12-20,35.860001,36.849998,35.369999,36.759998,35.385742,452000
2013-12-23,36.930000,37.349998,36.709999,37.320000,35.924812,185700
2013-12-24,37.270000,37.639999,36.930000,37.139999,35.751534,77300
2013-12-26,37.270000,37.669998,36.849998,37.439999,36.040314,239900
2013-12-27,37.599998,37.849998,37.290001,37.630001,36.223217,168300
2013-12-30,37.630001,37.759998,37.220001,37.599998,36.194340,164000
2013-12-31,37.700001,37.959999,37.520000,37.650002,36.242470,142100
2014-01-02,37.410000,37.639999,37.049999,37.320000,35.924812,159200
2014-01-03,37.330002,37.990002,37.310001,37.880001,36.463863,139900
2014-01-06,38.029999,38.270000,37.430000,37.459999,36.059570,222100
2014-01-07,37.570000,38.230000,37.369999,38.029999,36.608265,169900
2014-01-08,38.040001,38.270000,37.669998,37.959999,36.540882,197000
2014-01-09,38.049999,38.209999,37.630001,38.049999,36.627522,149100
2014-01-10,38.119999,38.840000,37.380001,38.720001,37.272469,247800
2014-01-13,38.689999,38.689999,36.810001,37.389999,35.992180,258900
2014-01-14,37.470001,37.639999,37.020000,37.400002,36.001816,160500
2014-01-15,37.529999,37.860001,37.180000,37.599998,36.194340,193200
2014-01-16,37.549999,37.860001,37.220001,37.400002,36.001816,108800
2014-01-17,37.270000,37.799999,36.860001,37.270000,35.876675,137200
2014-01-21,37.480000,37.529999,36.889999,37.259998,35.867043,142400
2014-01-22,37.270000,37.779999,37.130001,37.520000,36.117329,126600
2014-01-23,37.410000,37.410000,36.779999,37.279999,35.886303,173200
2014-01-24,36.980000,36.980000,36.049999,36.509998,35.145084,174800
2014-01-27,36.610001,36.930000,35.599998,35.750000,34.413498,144600
2014-01-28,35.869999,36.189999,35.410000,35.840000,34.500134,233100
2014-01-29,35.459999,36.110001,35.130001,35.439999,34.115089,153400
2014-01-30,34.020000,35.700001,33.709999,35.279999,33.961071,225400
2014-01-31,34.610001,35.209999,34.279999,34.459999,33.171715,165600
2014-02-03,34.419998,34.689999,32.540001,33.209999,31.968456,196200
2014-02-04,33.459999,33.720001,33.090000,33.270000,32.026207,280700
2014-02-05,33.150002,33.410000,32.540001,33.060001,31.824062,161000
2014-02-06,33.900002,33.900002,32.750000,32.830002,31.602661,129400
2014-02-07,32.919998,33.279999,32.549999,32.930000,31.698925,176300
2014-02-10,32.810001,33.110001,32.330002,32.869999,31.641167,254500
2014-02-11,32.810001,33.480000,32.070000,32.119999,30.919197,360800
2014-02-12,32.049999,32.669998,31.740000,32.560001,31.342758,218900
2014-02-13,32.000000,34.430000,31.090000,33.279999,32.035835,455400
2014-02-14,33.290001,33.290001,32.040001,32.459999,31.246496,242000
2014-02-18,32.439999,32.770000,32.209999,32.459999,31.246496,221400
2014-02-19,32.320000,33.099998,32.320000,32.509998,31.294626,237800
2014-02-20,32.619999,32.990002,32.360001,32.919998,31.689293,168400
2014-02-21,33.139999,33.139999,32.669998,32.750000,31.525658,130300
2014-02-24,32.840000,33.060001,32.560001,32.669998,31.448641,174200
2014-02-25,32.570000,32.599998,32.139999,32.250000,31.044344,165300
2014-02-26,32.110001,32.540001,31.940001,32.150002,31.063671,149300
2014-02-27,32.130001,32.160000,31.740000,31.850000,30.773806,142300
2014-02-28,31.930000,32.040001,31.100000,31.320000,30.261717,219400
2014-03-03,31.030001,31.230000,30.459999,30.879999,29.836580,202000
2014-03-04,31.290001,32.299999,31.059999,31.959999,30.880093,401300
2014-03-05,31.870001,32.020000,31.540001,31.820000,30.744820,93700
2014-03-06,31.980000,32.070000,31.309999,31.389999,30.329353,100000
2014-03-07,31.629999,31.629999,30.990000,31.410000,30.348677,86200
2014-03-10,31.389999,31.570000,30.809999,31.139999,30.087795,117200
2014-03-11,31.160000,31.410000,30.680000,30.809999,29.768950,108800
2014-03-12,30.700001,31.049999,30.379999,31.010000,29.962191,123400
2014-03-13,31.120001,31.120001,29.990000,30.290001,29.266518,155700
2014-03-14,30.260000,30.740000,30.160000,30.490000,29.459761,155500
2014-03-17,30.620001,31.090000,30.410000,30.950001,29.904219,136000
2014-03-18,30.950001,31.700001,30.950001,31.650000,30.580566,147900
2014-03-19,31.980000,32.250000,30.969999,31.209999,30.155430,153300
2014-03-20,31.190001,31.510000,31.020000,31.490000,30.425968,88000
2014-03-21,31.690001,32.189999,31.400000,31.590000,30.522593,499400
2014-03-24,31.730000,31.950001,30.950001,31.330000,30.271378,198500
2014-03-25,31.469999,31.889999,31.200001,31.620001,30.551579,141900
2014-03-26,31.910000,31.990000,31.350000,31.350000,30.290703,195700
2014-03-27,31.290001,31.520000,30.730000,30.950001,29.904219,117700
2014-03-28,30.920000,31.240000,30.490000,30.639999,29.604696,130300
2014-03-31,30.760000,31.379999,30.400000,31.299999,30.242395,264400
2014-04-01,31.420000,32.560001,31.420000,32.520000,31.421169,260400
2014-04-02,32.570000,32.889999,32.570000,32.849998,31.740021,221500
2014-04-03,32.799999,33.000000,32.279999,32.360001,31.266575,259500
2014-04-04,32.639999,32.660000,31.719999,31.790001,30.715834,427800
2014-04-07,31.680000,32.150002,31.549999,31.760000,30.686848,235200
2014-04-08,31.740000,31.930000,31.410000,31.740000,30.667522,259100
2014-04-09,31.840000,32.040001,31.559999,31.889999,30.812452,126300
2014-04-10,31.870001,32.020000,30.969999,31.010000,29.962191,303300
2014-04-11,30.700001,31.760000,30.219999,30.450001,29.421112,231800
2014-04-14,30.820000,30.990000,30.500000,30.860001,29.817261,164900
2014-04-15,30.959999,31.309999,30.389999,31.190001,30.136108,297300
2014-04-16,31.389999,31.510000,30.910000,31.230000,30.174751,233500
2014-04-17,31.120001,31.840000,30.930000,31.600000,30.532255,149800
2014-04-21,31.650000,31.930000,31.270000,31.459999,30.396984,71300
2014-04-22,31.410000,31.440001,30.809999,31.010000,29.962191,331800
2014-04-23,30.950001,30.950001,30.500000,30.660000,29.624016,314200
2014-04-24,30.850000,30.850000,30.370001,30.639999,29.604696,238400
2014-04-25,30.459999,30.799999,30.059999,30.110001,29.092598,284200
2014-04-28,30.260000,30.480000,29.620001,29.870001,28.860712,268800
2014-04-29,30.020000,30.250000,29.780001,29.950001,28.938005,211200
2014-04-30,29.750000,30.540001,29.420000,30.450001,29.421112,248200
2014-05-01,30.730000,32.369999,30.280001,32.310001,31.218266,354800
2014-05-02,32.459999,33.099998,32.310001,32.779999,31.672382,421100
2014-05-05,32.459999,32.759998,32.099998,32.650002,31.546780,162400
2014-05-06,32.509998,32.750000,32.189999,32.490002,31.392183,283100
2014-05-07,32.509998,32.810001,32.250000,32.750000,31.643402,295700
2014-05-08,32.639999,32.840000,31.809999,31.920000,30.841444,259300
2014-05-09,31.770000,32.580002,31.670000,32.410000,31.314884,106100
2014-05-12,32.500000,33.639999,32.500000,33.450001,32.319748,128400
2014-05-13,33.459999,33.459999,33.049999,33.070000,31.952579,206800
2014-05-14,33.000000,33.000000,32.270000,32.400002,31.305225,170600
2014-05-15,32.200001,33.189999,31.629999,33.020000,31.904276,264300
2014-05-16,32.959999,33.310001,32.419998,33.290001,32.165154,160600
2014-05-19,33.180000,34.099998,32.950001,33.980000,32.831841,133200
2014-05-20,33.900002,33.970001,33.060001,33.369999,32.242443,266300
2014-05-21,33.650002,33.790001,33.240002,33.619999,32.484001,142100
2014-05-22,33.610001,33.860001,33.380001,33.790001,32.648254,116600
2014-05-23,33.740002,34.290001,33.599998,34.189999,33.152477,106300
2014-05-27,34.430000,35.090000,34.209999,34.790001,33.734268,99600
2014-05-28,34.580002,35.230000,34.270000,34.869999,33.811844,201700
2014-05-29,34.970001,35.299999,34.630001,35.240002,34.170612,138700
2014-05-30,35.360001,35.360001,34.200001,34.250000,33.210659,157200
2014-06-02,34.250000,34.340000,33.759998,34.150002,33.113697,147700
2014-06-03,34.020000,34.320000,33.830002,34.209999,33.171871,250200
2014-06-04,34.029999,34.369999,33.799999,34.270000,33.230045,123700
2014-06-05,34.290001,35.000000,34.090000,34.959999,33.899113,226600
2014-06-06,35.189999,35.740002,34.529999,35.730000,34.645741,126600
2014-06-09,35.689999,36.200001,35.189999,36.040001,34.946335,78300
2014-06-10,33.770000,35.889999,33.770000,35.599998,34.519684,75100
2014-06-11,35.310001,35.770000,35.000000,35.400002,34.325748,72700
2014-06-12,35.330002,35.380001,34.529999,34.759998,33.705185,141300
2014-06-13,34.950001,35.049999,34.740002,34.990002,33.928200,91800
2014-06-16,35.070000,35.459999,34.830002,35.450001,34.374237,73100
2014-06-17,35.389999,36.200001,35.320000,36.180000,35.082092,132400
2014-06-18,36.160000,36.330002,35.520000,35.660000,34.577862,154200
2014-06-19,35.840000,36.070000,35.189999,35.470001,34.393631,159900
2014-06-20,35.490002,35.490002,35.180000,35.299999,34.228790,298600
2014-06-23,35.349998,35.689999,35.279999,35.389999,34.316067,124400
2014-06-24,35.369999,35.820000,35.150002,35.450001,34.374237,249400
2014-06-25,35.349998,35.709999,35.320000,35.540001,34.461514,91000
2014-06-26,35.509998,35.680000,35.119999,35.560001,34.480907,85500
2014-06-27,35.310001,36.220001,35.310001,36.160000,35.062695,171100
2014-06-30,36.000000,36.000000,35.630001,35.740002,34.655445,126200
2014-07-01,35.799999,37.090000,35.520000,36.700001,35.586311,155100
2014-07-02,36.619999,36.820000,36.340000,36.430000,35.324493,87000
2014-07-03,36.520000,36.580002,36.220001,36.439999,35.334198,95700
2014-07-07,36.290001,36.630001,35.980000,36.000000,34.907555,152000
2014-07-08,35.880001,36.200001,34.970001,35.150002,34.083351,270800
2014-07-09,35.240002,35.639999,34.910000,35.250000,34.180309,256400
2014-07-10,34.689999,35.349998,34.500000,35.169998,34.102734,160000
2014-07-11,35.040001,35.290001,34.830002,35.169998,34.102734,79300
2014-07-14,35.549999,35.700001,35.169998,35.419998,34.345150,63300
2014-07-15,35.130001,35.330002,34.669998,34.980000,33.918503,203200
2014-07-16,35.200001,35.200001,34.500000,34.520000,33.472462,79500
2014-07-17,34.360001,34.549999,33.910000,33.970001,32.939152,155000
2014-07-18,33.869999,34.720001,33.619999,34.660000,33.608223,140300
2014-07-21,34.430000,34.590000,33.970001,34.459999,33.414272,137500
2014-07-22,34.660000,34.990002,34.240002,34.570000,33.520943,221700
2014-07-23,34.610001,34.740002,34.169998,34.270000,33.230045,81500
2014-07-24,34.340000,34.810001,34.080002,34.549999,33.501545,154400
2014-07-25,34.220001,34.230000,33.889999,34.029999,32.997326,192400
2014-07-28,34.049999,34.849998,33.639999,34.419998,33.375500,138000
2014-07-29,34.520000,35.139999,34.439999,34.980000,33.918503,270700
2014-07-30,35.320000,35.849998,34.970001,35.630001,34.548782,233800
2014-07-31,35.349998,37.900002,35.349998,36.709999,35.596004,374700
2014-08-01,36.860001,37.130001,36.369999,36.700001,35.586311,274500
2014-08-04,36.820000,36.820000,36.099998,36.540001,35.431160,250100
2014-08-05,36.349998,36.930000,36.169998,36.590000,35.479641,110200
2014-08-06,36.410000,36.980000,36.410000,36.630001,35.518433,238500
2014-08-07,36.730000,36.990002,36.049999,36.529999,35.421463,134400
2014-08-08,36.529999,37.209999,36.520000,36.680000,35.566921,225500
2014-08-11,36.889999,37.299999,36.410000,36.770000,35.654175,121800
2014-08-12,36.520000,36.849998,36.189999,36.360001,35.256630,103700
2014-08-13,36.529999,36.939999,36.250000,36.580002,35.469948,72000
2014-08-14,36.619999,36.830002,36.380001,36.660000,35.547516,84400
2014-08-15,37.009998,37.009998,36.150002,36.459999,35.353588,208500
2014-08-18,36.840000,37.209999,36.590000,37.080002,35.954777,115600
2014-08-19,37.200001,37.580002,37.119999,37.549999,36.410511,194300
2014-08-20,37.369999,37.400002,36.810001,36.889999,35.770546,124700
2014-08-21,36.880001,37.160000,36.540001,37.090000,35.964470,98800
2014-08-22,37.099998,37.470001,36.959999,37.299999,36.168106,155600
2014-08-25,37.439999,37.639999,36.919998,37.340000,36.206890,107400
2014-08-26,37.150002,37.470001,36.900002,37.130001,36.119339,261100
2014-08-27,37.200001,38.799999,37.200001,38.610001,37.559055,204800
2014-08-28,38.549999,38.759998,38.299999,38.590000,37.539597,127300
2014-08-29,38.590000,39.270000,38.419998,38.889999,37.831425,205700
2014-09-02,39.110001,39.549999,38.560001,39.320000,38.249722,167200
2014-09-03,39.490002,40.389999,39.299999,40.119999,39.027943,239200
2014-09-04,40.250000,40.639999,40.130001,40.240002,39.144684,225800
2014-09-05,40.029999,40.310001,39.869999,40.150002,39.057133,94200
2014-09-08,40.200001,40.570000,40.049999,40.400002,39.300323,159000
2014-09-09,40.330002,40.470001,39.990002,40.150002,39.057133,101500
2014-09-10,40.209999,40.340000,39.990002,40.250000,39.154415,62900
2014-09-11,40.020000,40.990002,40.020000,40.709999,39.601891,88500
2014-09-12,40.830002,40.830002,39.529999,39.720001,38.638832,231400
2014-09-15,39.880001,40.130001,38.860001,39.180000,38.113537,194200
2014-09-16,39.189999,39.360001,38.639999,38.950001,37.889793,90700
2014-09-17,38.910000,39.570000,38.720001,39.330002,38.259445,168600
2014-09-18,39.419998,39.790001,39.119999,39.650002,38.570744,118600
2014-09-19,39.849998,40.330002,39.259998,39.450001,38.376198,307500
2014-09-22,39.270000,39.549999,39.040001,39.110001,38.045441,191400
2014-09-23,38.910000,39.130001,38.310001,38.340000,37.296402,171100
2014-09-24,38.450001,39.220001,38.060001,39.000000,37.938435,104700
2014-09-25,38.900002,39.060001,38.029999,38.270000,37.228306,132900
2014-09-26,38.299999,38.590000,38.000000,38.430000,37.383953,70700
2014-09-29,38.009998,39.310001,37.669998,39.279999,38.210808,118500
2014-09-30,39.230000,39.450001,38.919998,39.290001,38.220539,366700
2014-10-01,39.299999,39.439999,38.930000,39.139999,38.074627,326200
2014-10-02,39.189999,39.610001,39.139999,39.360001,38.288631,177900
2014-10-03,39.750000,40.060001,39.279999,39.330002,38.259445,252600
2014-10-06,39.369999,39.560001,38.779999,39.340000,38.269180,182000
2014-10-07,39.090000,39.090000,38.139999,38.189999,37.150482,173400
2014-10-08,38.099998,38.450001,37.779999,38.410000,37.364502,190000
2014-10-09,38.320000,38.770000,37.730000,37.860001,36.829468,159500
2014-10-10,37.619999,38.259998,37.380001,37.480000,36.459816,216200
2014-10-13,37.509998,38.740002,37.389999,38.619999,37.568779,155500
2014-10-14,39.029999,39.799999,38.700001,39.330002,38.259445,248500
2014-10-15,38.720001,39.610001,38.700001,39.279999,38.210808,308800
2014-10-16,38.730000,39.990002,38.369999,39.590000,38.512375,242100
2014-10-17,40.169998,40.169998,39.279999,39.660000,38.580479,157100
2014-10-20,39.470001,40.070000,39.180000,39.700001,38.619381,137400
2014-10-21,39.790001,40.540001,39.419998,40.430000,39.329517,104000
2014-10-22,40.560001,40.570000,39.700001,39.790001,38.706936,90900
2014-10-23,40.180000,40.790001,40.139999,40.480000,39.378155,118000
2014-10-24,40.619999,41.060001,40.419998,40.590000,39.485153,128400
2014-10-27,40.299999,40.720001,40.040001,40.540001,39.436520,89100
2014-10-28,40.730000,41.570000,40.610001,41.500000,40.370388,407200
2014-10-29,41.599998,41.790001,40.799999,41.180000,40.059093,200300
2014-10-30,41.740002,43.150002,41.630001,42.110001,40.963776,513100
2014-10-31,43.009998,44.680000,42.779999,44.500000,43.288731,667200
2014-11-03,44.349998,45.860001,44.049999,45.330002,44.096142,397300
2014-11-04,45.169998,45.529999,44.740002,44.959999,43.736206,240100
2014-11-05,45.060001,45.240002,44.799999,45.020000,43.794575,172700
2014-11-06,44.919998,45.509998,44.740002,44.970001,43.745941,219600
2014-11-07,45.000000,45.180000,44.320000,44.820000,43.600014,163500
2014-11-10,44.500000,44.750000,44.099998,44.750000,43.531925,148600
2014-11-11,44.419998,44.549999,43.770000,44.130001,42.928795,291900
2014-11-12,43.740002,44.070000,43.520000,43.820000,42.627239,198700
2014-11-13,43.709999,44.040001,43.180000,43.209999,42.033840,170100
2014-11-14,43.150002,43.660000,43.040001,43.580002,42.393776,362800
2014-11-17,43.400002,43.619999,42.439999,42.450001,41.294529,309400
2014-11-18,42.459999,42.900002,41.900002,41.980000,40.837326,249100
2014-11-19,41.939999,41.939999,41.160000,41.430000,40.302292,313300
2014-11-20,41.380001,41.599998,41.290001,41.450001,40.321758,180600
2014-11-21,42.060001,42.209999,41.349998,41.779999,40.642761,179200
2014-11-24,41.939999,42.430000,41.610001,42.389999,41.236164,271900
2014-11-25,42.270000,42.750000,42.180000,42.240002,41.206894,150900
2014-11-26,42.160000,42.889999,42.160000,42.880001,41.831242,213500
2014-11-28,42.810001,43.029999,42.410000,42.439999,41.402004,228500
2014-12-01,42.529999,42.820000,42.369999,42.549999,41.509315,211100
2014-12-02,42.599998,43.029999,42.340000,42.590000,41.548340,287400
2014-12-03,42.669998,42.709999,42.209999,42.540001,41.499561,310400
2014-12-04,42.540001,44.049999,42.529999,43.660000,42.592163,515500
2014-12-05,43.639999,44.090000,43.450001,43.900002,42.826298,131200
2014-12-08,43.740002,44.119999,43.520000,43.750000,42.679966,294100
2014-12-09,43.270000,44.939999,43.099998,44.849998,43.753063,231100
2014-12-10,44.619999,44.720001,43.869999,44.000000,42.923851,206800
2014-12-11,44.209999,44.680000,43.860001,43.930000,42.855560,130600
2014-12-12,43.349998,44.110001,43.009998,43.099998,42.045860,159500
2014-12-15,43.169998,43.389999,42.730000,42.810001,41.762959,140100
2014-12-16,42.779999,43.060001,42.500000,42.650002,41.606869,179200
2014-12-17,42.650002,43.520000,42.330002,43.500000,42.436081,171000
2014-12-18,44.099998,44.849998,43.459999,43.689999,42.621429,286800
2014-12-19,43.590000,43.919998,43.360001,43.450001,42.387302,420300
2014-12-22,43.470001,43.970001,43.360001,43.840000,42.767765,146600
2014-12-23,44.020000,44.970001,43.740002,44.570000,43.479904,136600
2014-12-24,44.700001,45.000000,44.630001,44.810001,43.714039,50900
2014-12-26,44.860001,45.000000,44.430000,44.939999,43.840862,84700
2014-12-29,44.919998,45.009998,43.840000,44.130001,43.050667,135100
2014-12-30,44.009998,44.380001,43.070000,43.209999,42.153175,92400
2014-12-31,43.410000,43.869999,42.990002,43.259998,42.201950,244600
2015-01-02,43.480000,43.810001,41.529999,42.070000,41.041054,130900
2015-01-05,41.740002,42.430000,41.279999,42.189999,41.158119,186100
2015-01-06,42.230000,42.570000,41.980000,42.000000,40.972763,217500
2015-01-07,42.250000,42.580002,40.509998,42.529999,41.489799,314300
2015-01-08,42.900002,43.470001,42.750000,43.230000,42.172688,326600
2015-01-09,43.200001,43.709999,42.810001,43.160000,42.104397,116000
2015-01-12,43.020000,43.779999,42.840000,43.419998,42.358036,90900
2015-01-13,43.840000,45.139999,43.480000,44.130001,43.050667,144900
2015-01-14,43.740002,44.180000,43.320000,43.740002,42.670208,93100
2015-01-15,43.779999,43.849998,42.419998,43.099998,42.045860,146600
2015-01-16,42.950001,44.560001,42.950001,44.490002,43.401867,101000
2015-01-20,44.549999,44.900002,43.459999,44.070000,42.992134,130300
2015-01-21,43.970001,44.380001,43.799999,44.119999,43.040920,124100
2015-01-22,44.410000,45.910000,43.869999,45.869999,44.748119,194400
2015-01-23,45.939999,46.459999,45.869999,45.990002,44.865185,109300
2015-01-26,46.090000,46.209999,45.070000,45.880001,44.757877,142400
2015-01-27,45.470001,46.119999,44.990002,45.389999,44.279854,116200
2015-01-28,45.740002,45.830002,44.450001,44.669998,43.577457,137000
2015-01-29,44.770000,45.150002,43.930000,45.000000,43.899387,173500
2015-01-30,44.750000,44.860001,43.650002,43.709999,42.640938,172500
2015-02-02,43.930000,45.099998,43.139999,44.660000,43.567707,136600
2015-02-03,44.970001,45.369999,44.209999,45.000000,43.899387,255500
2015-02-04,44.720001,45.240002,44.209999,45.000000,43.899387,160700
2015-02-05,45.279999,45.709999,44.990002,45.349998,44.240826,144500
2015-02-06,45.470001,45.470001,44.980000,45.279999,44.172539,208900
2015-02-09,45.290001,45.290001,44.040001,44.119999,43.040920,146000
2015-02-10,44.310001,44.520000,43.709999,44.160000,43.079937,209100
2015-02-11,44.169998,44.830002,41.880001,42.410000,41.372730,559800
2015-02-12,42.500000,44.020000,42.070000,43.950001,42.875072,345200
2015-02-13,43.910000,44.650002,43.590000,44.450001,43.362839,263200
2015-02-17,44.360001,45.110001,44.099998,44.939999,43.840862,225200
2015-02-18,44.720001,45.389999,44.709999,45.299999,44.192047,138800
2015-02-19,45.080002,45.799999,44.959999,45.750000,44.631050,123900
2015-02-20,45.820000,46.349998,45.290001,46.270000,45.138329,150100
2015-02-23,46.090000,46.369999,45.750000,46.290001,45.157837,344500
2015-02-24,46.180000,46.209999,45.619999,46.009998,44.884693,217000
2015-02-25,45.889999,46.099998,45.660000,45.849998,44.845570,183300
2015-02-26,45.740002,46.389999,45.570000,46.259998,45.246582,204800
2015-02-27,46.099998,46.330002,45.310001,45.400002,44.405426,148000
2015-03-02,45.290001,46.060001,44.900002,45.720001,44.718410,168800
2015-03-03,45.520000,45.709999,44.770000,45.430000,44.434765,218300
2015-03-04,45.330002,45.770000,44.580002,45.180000,44.190247,238800
2015-03-05,45.160000,45.200001,44.660000,45.160000,44.170677,167200
2015-03-06,44.750000,45.139999,44.619999,45.070000,44.082661,174800
2015-03-09,45.200001,45.360001,44.880001,45.270000,44.278267,148000
2015-03-10,44.860001,45.220001,44.209999,44.220001,43.251274,104600
2015-03-11,44.160000,44.230000,43.310001,44.099998,43.133907,154900
2015-03-12,44.439999,45.090000,43.689999,44.740002,43.759884,190400
2015-03-13,44.730000,44.959999,44.119999,44.799999,43.818562,81000
2015-03-16,45.000000,45.650002,44.950001,45.270000,44.278267,125300
2015-03-17,45.080002,45.400002,44.860001,45.320000,44.327175,112400
2015-03-18,45.169998,46.169998,45.029999,46.000000,44.992275,103400
2015-03-19,45.799999,46.419998,45.639999,46.360001,45.344395,77500
2015-03-20,46.599998,47.410000,46.599998,47.349998,46.312702,228700
2015-03-23,47.250000,47.459999,46.889999,47.160000,46.126869,115300
2015-03-24,47.160000,47.349998,46.759998,47.040001,46.009495,153800
2015-03-25,47.009998,47.180000,44.990002,45.189999,44.200027,154800
2015-03-26,45.130001,45.689999,44.639999,45.480000,44.483669,105200
2015-03-27,45.380001,47.080002,45.139999,46.790001,45.764969,146900
2015-03-30,46.950001,47.790001,46.570000,47.450001,46.410515,131200
2015-03-31,47.139999,47.689999,46.950001,47.380001,46.342052,122600
2015-04-01,47.160000,47.549999,46.759998,47.389999,46.351826,201700
2015-04-02,47.380001,47.950001,47.220001,47.750000,46.703930,140900
2015-04-06,47.299999,48.820000,46.970001,48.759998,47.691814,132000
2015-04-07,48.740002,48.980000,48.470001,48.950001,47.877651,206000
2015-04-08,48.970001,49.590000,48.740002,49.020000,47.946114,422900
2015-04-09,49.009998,49.459999,48.560001,49.380001,48.298241,198300
2015-04-10,49.630001,49.939999,48.790001,49.209999,48.131954,86900
2015-04-13,49.270000,49.480000,48.759998,48.910000,47.838528,126800
2015-04-14,49.110001,50.049999,49.000000,49.209999,48.131954,224500
2015-04-15,49.470001,49.529999,48.740002,49.110001,48.034153,209300
2015-04-16,48.939999,49.439999,48.939999,49.290001,48.210205,86600
2015-04-17,48.900002,49.119999,48.459999,48.900002,47.828751,239300
2015-04-20,49.090000,49.919998,48.900002,49.610001,48.523193,69300
2015-04-21,49.840000,50.369999,49.820000,50.060001,48.963329,94100
2015-04-22,50.070000,50.509998,49.680000,50.369999,49.266548,75700
2015-04-23,50.090000,50.669998,49.939999,50.470001,49.364353,137300
2015-04-24,50.669998,50.750000,50.060001,50.299999,49.198071,204300
2015-04-27,50.360001,50.860001,49.889999,50.450001,49.344791,175100
2015-04-28,50.650002,51.209999,50.150002,51.119999,50.000107,197000
2015-04-29,50.680000,50.959999,48.700001,48.750000,47.682034,326700
2015-04-30,48.139999,51.209999,48.139999,50.529999,49.423046,594300
2015-05-01,51.090000,51.529999,50.099998,51.340000,50.215298,269400
2015-05-04,52.240002,52.340000,51.020000,52.049999,50.909740,215700
2015-05-05,51.759998,52.410000,51.509998,52.070000,50.929298,248000
2015-05-06,52.160000,52.500000,51.939999,52.310001,51.164043,161200
2015-05-07,52.139999,53.060001,51.660000,52.970001,51.809589,242200
2015-05-08,53.509998,53.700001,52.529999,52.840000,51.682442,136100
2015-05-11,52.820000,53.020000,52.250000,52.520000,51.369450,152000
2015-05-12,52.520000,52.930000,51.750000,52.750000,51.594406,152000
2015-05-13,53.070000,53.369999,52.470001,52.759998,51.604187,330800
2015-05-14,52.919998,53.500000,52.880001,53.380001,52.210606,304000
2015-05-15,53.279999,53.619999,52.500000,52.849998,51.692211,182100
2015-05-18,52.790001,53.560001,52.599998,53.330002,52.161697,163100
2015-05-19,53.400002,53.730000,52.330002,52.480000,51.330322,178300
2015-05-20,52.570000,52.570000,51.900002,52.299999,51.154270,129200
2015-05-21,52.110001,52.410000,51.779999,51.959999,50.821716,144800
2015-05-22,52.000000,52.500000,51.630001,52.080002,50.939079,225600
2015-05-26,51.750000,51.770000,50.450001,50.990002,49.988148,297700
2015-05-27,51.040001,52.250000,50.720001,51.860001,50.841045,288800
2015-05-28,51.700001,51.959999,51.279999,51.869999,50.850849,149900
2015-05-29,51.700001,51.880001,51.049999,51.259998,50.252831,151500
2015-06-01,51.630001,51.740002,50.580002,51.470001,50.458710,117700
2015-06-02,51.240002,51.720001,50.820000,51.230000,50.223423,283600
2015-06-03,51.349998,52.320000,50.980000,52.310001,51.282211,169000
2015-06-04,52.070000,52.660000,51.689999,52.310001,51.282211,180400
2015-06-05,52.160000,52.410000,51.639999,52.360001,51.331226,145400
2015-06-08,52.130001,52.520000,51.709999,51.830002,50.811642,80200
2015-06-09,51.759998,51.880001,50.889999,51.529999,50.517532,139000
2015-06-10,51.820000,53.189999,51.779999,53.090000,52.046879,247400
2015-06-11,52.869999,53.169998,52.340000,52.419998,51.390041,228300
2015-06-12,52.310001,53.000000,52.119999,52.270000,51.242992,105600
2015-06-15,51.990002,53.680000,51.070000,53.259998,52.213539,251200
2015-06-16,53.790001,56.580002,53.790001,55.750000,54.654613,391500
2015-06-17,56.099998,57.590000,55.950001,57.130001,56.007507,347800
2015-06-18,57.349998,58.830002,57.220001,58.660000,57.507442,492700
2015-06-19,58.820000,60.070000,58.139999,59.669998,58.497601,1317000
2015-06-22,59.950001,60.049999,57.480000,57.980000,56.840805,206300
2015-06-23,58.180000,58.529999,57.520000,57.970001,56.830994,130900
2015-06-24,57.970001,57.970001,56.900002,57.169998,56.046719,136400
2015-06-25,57.290001,57.939999,57.209999,57.660000,56.527088,144600
2015-06-26,57.799999,57.900002,57.130001,57.450001,56.321220,203400
2015-06-29,57.189999,57.209999,56.130001,56.189999,55.085976,135100
2015-06-30,56.779999,57.160000,56.459999,56.950001,55.831051,196500
2015-07-01,57.310001,57.799999,56.810001,57.770000,56.634933,205100
2015-07-02,57.820000,58.000000,56.279999,57.090000,55.968288,125500
2015-07-06,56.590000,57.400002,56.450001,56.930000,55.811440,160100
2015-07-07,56.919998,57.500000,56.090000,57.459999,56.331024,188700
2015-07-08,57.160000,58.169998,57.009998,57.980000,56.840805,316000
2015-07-09,58.619999,58.750000,57.369999,57.509998,56.380032,238200
2015-07-10,58.099998,58.959999,57.680000,58.869999,57.713310,129500
2015-07-13,59.110001,59.529999,58.700001,59.150002,57.987812,106000
2015-07-14,59.160000,59.810001,58.759998,59.650002,58.477989,114400
2015-07-15,59.700001,59.970001,59.099998,59.330002,58.164284,122600
2015-07-16,60.009998,60.970001,59.400002,60.520000,59.330891,175800
2015-07-17,60.740002,61.029999,59.709999,60.990002,59.791660,174900
2015-07-20,61.029999,61.349998,60.529999,61.070000,59.870090,195400
2015-07-21,60.950001,61.090000,59.529999,60.169998,58.987770,215700
2015-07-22,59.860001,61.080002,59.860001,60.830002,59.634808,140200
2015-07-23,60.759998,61.320000,59.169998,59.490002,58.321136,178600
2015-07-24,59.410000,60.099998,58.639999,59.230000,58.066231,124200
2015-07-27,59.020000,59.500000,58.419998,59.400002,58.232899,139000
2015-07-28,59.590000,59.590000,57.810001,58.389999,57.242752,205600
2015-07-29,58.169998,58.250000,53.470001,57.810001,56.674145,259100
2015-07-30,58.110001,60.669998,56.549999,60.299999,59.115215,292400
2015-07-31,60.230000,61.430000,60.150002,61.160000,59.958328,233000
2015-08-03,61.040001,61.310001,60.340000,60.830002,59.634808,106700
2015-08-04,60.900002,61.389999,60.480000,60.980000,59.781857,110800
2015-08-05,61.250000,61.950001,60.840000,61.060001,59.860294,202200
2015-08-06,61.009998,61.250000,59.230000,59.459999,58.291718,204700
2015-08-07,59.009998,59.680000,58.680000,59.330002,58.164284,153300
2015-08-10,59.610001,61.189999,59.480000,60.790001,59.595589,278000
2015-08-11,60.090000,61.299999,60.060001,60.189999,59.007381,188100
2015-08-12,59.779999,61.740002,59.470001,61.689999,60.477913,302900
2015-08-13,61.799999,63.369999,61.610001,63.099998,61.860203,238300
2015-08-14,62.680000,63.470001,61.970001,62.980000,61.742558,131600
2015-08-17,62.849998,63.869999,62.419998,63.730000,62.477829,187400
2015-08-18,63.639999,63.970001,62.490002,62.580002,61.350418,158700
2015-08-19,62.169998,62.400002,60.770000,61.200001,59.997532,250500
2015-08-20,60.779999,62.770000,58.919998,59.009998,57.850571,265900
2015-08-21,57.849998,59.320000,56.660000,58.910000,57.752529,264400
2015-08-24,56.009998,59.020000,55.270000,57.669998,56.536884,320400
2015-08-25,59.490002,59.490002,56.630001,57.459999,56.331024,306000
2015-08-26,58.320000,58.959999,57.459999,58.279999,57.254475,211400
2015-08-27,58.770000,59.000000,56.950001,57.740002,56.723980,242100
2015-08-28,57.360001,57.930000,56.959999,57.860001,56.841869,203600
2015-08-31,57.639999,58.020000,56.930000,57.139999,56.134541,150100
2015-09-01,56.130001,57.080002,55.139999,55.560001,54.582340,192400
2015-09-02,56.220001,56.549999,55.419998,56.549999,55.554932,111200
2015-09-03,56.779999,57.500000,56.599998,57.220001,56.213131,184100
2015-09-04,56.500000,57.160000,56.500000,56.970001,55.967537,116100
2015-09-08,57.779999,58.950001,56.970001,58.660000,57.627792,175000
2015-09-09,59.279999,59.279999,57.580002,57.669998,56.655212,144700
2015-09-10,57.490002,58.160000,57.330002,58.150002,57.126774,150500
2015-09-11,57.680000,58.779999,57.639999,58.500000,57.470604,86800
2015-09-14,58.580002,59.110001,57.340000,58.110001,57.087475,146800
2015-09-15,57.349998,57.820000,55.470001,55.689999,54.710056,452400
2015-09-16,55.820000,56.099998,54.750000,54.840000,53.875011,290100
2015-09-17,54.820000,55.770000,53.810001,54.099998,53.148037,459100
2015-09-18,53.500000,55.709999,53.500000,54.200001,53.246273,1412000
2015-09-21,54.779999,56.639999,54.480000,56.020000,55.034248,305900
2015-09-22,55.410000,55.880001,55.139999,55.840000,54.857418,154900
2015-09-23,56.029999,56.610001,55.540001,56.279999,55.289673,128300
2015-09-24,55.790001,56.590000,55.500000,56.480000,55.486149,211100
2015-09-25,57.070000,57.070000,55.779999,56.369999,55.378082,303700
2015-09-28,56.180000,56.799999,55.750000,56.150002,55.161961,214000
2015-09-29,56.169998,56.169998,54.959999,55.270000,54.297440,234200
2015-09-30,55.730000,56.430000,55.349998,56.119999,55.132492,293100
2015-10-01,56.160000,56.340000,55.270000,56.169998,55.181606,258900
2015-10-02,55.639999,57.110001,55.130001,57.099998,56.095238,225000
2015-10-05,57.419998,59.369999,57.360001,59.360001,58.315479,208000
2015-10-06,59.480000,60.330002,59.090000,59.380001,58.335125,274500
2015-10-07,59.570000,59.959999,58.639999,59.919998,58.865620,140800
2015-10-08,59.779999,60.540001,59.310001,60.540001,59.474709,130400
2015-10-09,60.730000,60.880001,60.380001,60.669998,59.602425,211400
2015-10-12,60.750000,62.009998,60.279999,61.959999,60.869724,135700
2015-10-13,61.270000,61.630001,59.369999,60.130001,59.071930,219500
2015-10-14,60.049999,60.529999,59.139999,59.500000,58.453014,237200
2015-10-15,59.570000,60.720001,59.439999,60.639999,59.572945,193200
2015-10-16,60.860001,62.439999,60.520000,62.250000,61.154617,211600
2015-10-19,61.810001,62.599998,61.250000,62.230000,61.134979,129800
2015-10-20,62.110001,62.939999,61.849998,62.430000,61.331459,170200
2015-10-21,62.470001,62.470001,61.160000,61.240002,60.162399,117400
2015-10-22,61.650002,62.970001,61.549999,62.669998,61.567230,150100
2015-10-23,63.410000,63.889999,62.450001,63.830002,62.706821,202300
2015-10-26,63.869999,64.070000,62.980000,63.430000,62.313854,96500
2015-10-27,63.040001,63.459999,62.180000,62.320000,61.223389,272900
2015-10-28,62.599998,64.440002,62.279999,64.370003,63.237324,196700
2015-10-29,63.599998,65.669998,59.060001,60.959999,59.887321,337400
2015-10-30,61.020000,63.169998,57.849998,62.689999,61.586884,266200
2015-11-02,62.840000,63.900002,61.779999,61.830002,60.742016,136700
2015-11-03,62.000000,62.900002,61.000000,62.220001,61.125153,144100
2015-11-04,62.580002,63.119999,62.090000,62.549999,61.449348,132700
2015-11-05,62.520000,63.200001,61.340000,61.650002,60.565186,139700
2015-11-06,61.290001,63.180000,61.180000,63.110001,61.999489,212300
2015-11-09,63.189999,63.189999,61.290001,62.220001,61.125153,146700
2015-11-10,61.349998,62.869999,61.349998,62.639999,61.537754,287300
2015-11-11,62.080002,63.599998,61.959999,62.400002,61.301983,129100
2015-11-12,61.840000,62.669998,60.310001,60.490002,59.425587,185000
2015-11-13,59.560001,60.580002,58.480000,58.720001,57.686737,249400
2015-11-16,58.340000,59.990002,58.340000,59.810001,58.757557,199100
2015-11-17,59.779999,60.689999,59.119999,60.240002,59.179993,158500
2015-11-18,60.270000,61.189999,59.700001,60.810001,59.739967,123600
2015-11-19,61.000000,62.400002,60.900002,61.259998,60.182045,206200
2015-11-20,61.660000,62.070000,60.820000,60.990002,59.916782,155300
2015-11-23,60.970001,61.450001,60.139999,61.099998,60.143196,141800
2015-11-24,60.630001,62.259998,60.630001,62.139999,61.166901,125600
2015-11-25,62.110001,62.509998,61.700001,62.419998,61.442520,83000
2015-11-27,62.330002,63.369999,62.330002,63.060001,62.072502,62700
2015-11-30,63.419998,63.779999,61.680000,61.779999,60.812546,290300
2015-12-01,61.669998,62.599998,61.509998,62.110001,61.137375,185400
2015-12-02,62.009998,63.029999,62.009998,62.820000,61.836262,181500
2015-12-03,62.889999,63.130001,62.009998,62.669998,61.688602,234400
2015-12-04,62.900002,64.900002,62.900002,64.849998,63.834473,214700
2015-12-07,64.690002,64.900002,63.230000,63.580002,62.584354,169200
2015-12-08,62.919998,63.930000,62.000000,63.740002,62.741848,115400
2015-12-09,63.439999,64.070000,62.470001,62.799999,61.816563,104900
2015-12-10,63.730000,64.800003,62.990002,64.110001,63.106056,164000
2015-12-11,63.209999,63.830002,62.320000,62.959999,61.974068,144600
2015-12-14,62.990002,63.139999,61.810001,62.580002,61.600025,210500
2015-12-15,63.119999,64.050003,63.000000,63.389999,62.397335,228800
2015-12-16,65.000000,67.360001,64.739998,67.269997,66.216576,253300
2015-12-17,67.629997,67.980003,65.879997,66.550003,65.507843,153300
2015-12-18,66.139999,66.639999,65.339996,65.339996,64.316795,532400
2015-12-21,65.870003,66.449997,65.129997,66.370003,65.330673,161800
2015-12-22,66.599998,66.849998,64.879997,65.699997,64.671165,162900
2015-12-23,66.000000,66.559998,65.870003,66.220001,65.182999,151800
2015-12-24,66.449997,67.209999,66.099998,66.669998,65.625969,101200
2015-12-28,66.290001,67.279999,66.180000,67.220001,66.167343,114300
2015-12-29,67.529999,68.510002,67.400002,67.540001,66.482346,159500
2015-12-30,67.589996,67.750000,66.639999,66.750000,65.704712,152800
2015-12-31,66.570000,67.000000,65.629997,65.860001,64.828667,265000
2016-01-04,64.830002,64.830002,63.009998,63.740002,62.741848,310700
2016-01-05,64.040001,65.550003,63.720001,65.330002,64.306953,171200
2016-01-06,64.239998,64.919998,62.119999,62.830002,61.846107,251400
2016-01-07,61.840000,62.619999,60.959999,61.419998,60.458183,207800
2016-01-08,61.549999,62.480000,60.119999,60.299999,59.355724,256000
2016-01-11,60.590000,60.709999,58.480000,59.669998,58.735580,284700
2016-01-12,60.000000,61.049999,57.160000,59.480000,58.548569,210900
2016-01-13,59.770000,59.770000,56.689999,57.310001,56.412552,202500
2016-01-14,57.610001,59.669998,56.919998,59.169998,58.243412,158700
2016-01-15,57.340000,58.490002,56.459999,57.900002,56.993305,239800
2016-01-19,58.560001,58.560001,55.330002,56.330002,55.447891,229200
2016-01-20,55.619999,58.799999,55.119999,58.119999,57.209858,190900
2016-01-21,58.070000,59.400002,57.180000,58.759998,57.839832,218800
2016-01-22,59.549999,60.400002,58.560001,60.389999,59.444309,147600
2016-01-25,60.009998,60.279999,58.849998,59.049999,58.125298,153300
2016-01-26,59.430000,60.599998,58.889999,60.049999,59.109631,154900
2016-01-27,59.669998,60.230000,58.099998,58.410000,57.495323,199600
2016-01-28,59.080002,59.650002,58.230000,58.930000,58.007175,114400
2016-01-29,59.240002,61.560001,59.240002,61.480000,60.517246,249900
2016-02-01,61.110001,62.650002,60.770000,62.099998,61.127533,169500
2016-02-02,61.450001,61.900002,59.720001,60.029999,59.089954,178400
2016-02-03,60.630001,60.849998,59.130001,60.700001,59.749458,114800
2016-02-04,60.560001,60.560001,59.240002,59.730000,58.794643,106800
2016-02-05,58.939999,58.990002,53.590000,53.680000,52.839386,464300
2016-02-08,52.910000,53.070000,50.950001,51.500000,50.693531,446500
2016-02-09,50.709999,52.639999,49.889999,50.970001,50.171822,688200
2016-02-10,54.000000,59.630001,51.980000,53.250000,52.416115,730600
2016-02-11,52.299999,54.090000,51.840000,51.939999,51.126637,381000
2016-02-12,52.790001,54.220001,51.490002,52.700001,51.874729,338100
2016-02-16,53.549999,53.570000,52.610001,53.290001,52.455502,323200
2016-02-17,53.529999,56.389999,52.700001,55.619999,54.749004,352000
2016-02-18,55.599998,57.349998,52.450001,55.900002,55.024620,236300
2016-02-19,55.799999,56.849998,55.529999,56.230000,55.349461,154200
2016-02-22,57.459999,57.759998,56.040001,56.830002,55.940060,182300
2016-02-23,56.450001,56.840000,55.470001,55.799999,54.926193,187700
2016-02-24,55.160000,56.869999,52.349998,56.360001,55.596981,135000
2016-02-25,56.540001,56.799999,55.919998,56.639999,55.873196,120100
2016-02-26,57.000000,57.459999,56.200001,57.209999,56.435478,126200
2016-02-29,57.259998,57.759998,56.380001,56.529999,55.764683,224800
2016-03-01,57.160000,59.020000,56.549999,59.020000,58.220974,169200
2016-03-02,58.919998,58.919998,57.110001,57.759998,56.978031,180700
2016-03-03,57.799999,58.430000,56.599998,57.369999,56.593304,175200
2016-03-04,57.369999,58.139999,56.750000,57.279999,56.504528,198900
2016-03-07,57.070000,58.500000,56.990002,58.430000,57.638962,229800
2016-03-08,58.029999,58.680000,57.430000,57.599998,56.820202,161100
2016-03-09,57.880001,58.740002,57.610001,58.470001,57.678417,180200
2016-03-10,58.650002,59.410000,56.610001,57.279999,56.504528,164100
2016-03-11,57.720001,58.099998,57.360001,57.599998,56.820202,188900
2016-03-14,57.389999,59.310001,57.099998,59.020000,58.220974,125300
2016-03-15,58.599998,59.130001,58.270000,59.000000,58.201248,175200
2016-03-16,58.860001,59.910000,58.860001,59.720001,58.911499,132100
2016-03-17,59.570000,61.430000,59.029999,60.950001,60.124844,270900
2016-03-18,61.340000,62.459999,61.000000,62.299999,61.456558,518700
2016-03-21,62.000000,62.160000,61.040001,61.770000,60.933743,204600
2016-03-22,61.090000,61.130001,59.990002,60.200001,59.384995,143400
2016-03-23,60.080002,60.360001,58.779999,59.540001,58.733929,197800
2016-03-24,59.139999,60.340000,58.799999,60.220001,59.404720,120300
2016-03-28,60.639999,61.000000,59.410000,60.250000,59.434319,111100
2016-03-29,59.990002,62.689999,59.990002,62.689999,61.841290,206800
2016-03-30,63.200001,63.200001,61.459999,62.369999,61.525616,135500
2016-03-31,62.209999,63.130001,60.650002,62.889999,62.038570,183600
2016-04-01,62.330002,63.189999,61.320000,62.910000,62.058300,165500
2016-04-04,62.830002,63.189999,62.240002,62.820000,61.969532,112600
2016-04-05,62.099998,62.799999,61.419998,61.970001,61.131035,150700
2016-04-06,62.099998,62.650002,61.660000,62.119999,61.279003,153800
2016-04-07,61.619999,62.160000,60.750000,61.189999,60.361588,201500
2016-04-08,61.759998,62.410000,61.070000,62.380001,61.535480,133100
2016-04-11,62.750000,62.990002,61.549999,61.669998,60.835091,124400
2016-04-12,61.610001,62.520000,61.139999,62.000000,61.160629,108200
2016-04-13,62.389999,63.669998,61.709999,63.619999,62.758690,181200
2016-04-14,63.680000,63.990002,63.090000,63.700001,62.837608,168600
2016-04-15,63.680000,65.209999,63.040001,64.360001,63.488678,258600
2016-04-18,64.129997,65.029999,63.970001,64.860001,63.981895,116200
2016-04-19,64.870003,65.260002,63.549999,64.339996,63.468945,138400
2016-04-20,64.330002,64.699997,62.439999,63.610001,62.748833,375600
2016-04-21,63.650002,64.190002,62.910000,63.570000,62.709370,316900
2016-04-22,63.400002,64.389999,62.820000,64.330002,63.459091,219200
2016-04-25,64.230003,64.430000,63.529999,63.919998,63.054638,182700
2016-04-26,63.930000,64.139999,63.169998,64.010002,63.143421,238900
2016-04-27,63.820000,64.589996,63.220001,64.000000,63.133553,204800
2016-04-28,61.020000,62.990002,60.029999,61.279999,60.450375,360000
2016-04-29,61.290001,62.099998,60.810001,61.770000,60.933743,221700
2016-05-02,62.220001,62.470001,61.950001,62.169998,61.328327,235100
2016-05-03,61.560001,62.650002,61.410000,61.860001,61.022522,170800
2016-05-04,61.560001,61.590000,60.320000,61.139999,60.312267,219700
2016-05-05,61.200001,61.430000,59.310001,59.480000,58.674747,228600
2016-05-06,59.049999,59.630001,57.820000,59.610001,58.802986,492200
2016-05-09,59.689999,61.580002,59.470001,61.110001,60.282677,153300
2016-05-10,61.189999,61.970001,60.779999,61.630001,60.795635,155300
2016-05-11,61.540001,61.980000,60.389999,60.480000,59.661205,189000
2016-05-12,60.570000,61.369999,59.410000,59.849998,59.039730,189900
2016-05-13,59.689999,60.389999,58.590000,59.680000,58.872040,132300
2016-05-16,59.919998,60.910000,59.360001,60.439999,59.621746,139200
2016-05-17,60.090000,60.450001,58.090000,58.360001,57.569908,160900
2016-05-18,58.180000,59.759998,58.160000,59.160000,58.359077,190800
2016-05-19,58.880001,59.939999,58.310001,59.160000,58.359077,145100
2016-05-20,59.549999,59.650002,58.790001,59.419998,58.615551,221500
2016-05-23,59.340000,59.790001,58.759998,59.259998,58.457714,156200
2016-05-24,59.660000,62.180000,59.180000,61.990002,61.150764,252200
2016-05-25,62.169998,62.169998,61.110001,61.450001,60.735649,119500
2016-05-26,61.369999,62.070000,61.119999,61.580002,60.864136,134300
2016-05-27,61.400002,62.119999,61.259998,62.119999,61.397854,95700
2016-05-31,62.090000,62.869999,61.700001,62.669998,61.941460,282400
2016-06-01,62.740002,63.330002,62.110001,63.259998,62.524597,203100
2016-06-02,62.939999,64.349998,62.939999,64.309998,63.562397,168800
2016-06-03,64.190002,64.190002,63.020000,63.250000,62.514717,211300
2016-06-06,63.250000,65.029999,63.250000,64.889999,64.135658,262100
2016-06-07,64.940002,65.239998,64.440002,64.970001,64.214729,105400
2016-06-08,65.180000,65.800003,64.769997,65.779999,65.015305,143900
2016-06-09,65.779999,66.720001,65.110001,66.620003,65.845543,256500
2016-06-10,66.180000,66.779999,65.470001,65.959999,65.193214,339300
2016-06-13,65.660004,66.480003,65.660004,65.849998,65.084496,185500
2016-06-14,65.750000,66.589996,65.650002,66.529999,65.756592,135200
2016-06-15,66.830002,67.059998,66.089996,66.400002,65.628098,116000
2016-06-16,66.040001,66.720001,65.589996,66.629997,65.855431,124500
2016-06-17,66.830002,66.830002,65.379997,65.989998,65.222862,311100
2016-06-20,66.830002,67.419998,66.500000,66.809998,66.033333,168000
2016-06-21,66.699997,67.160004,66.489998,66.940002,66.161827,142400
2016-06-22,67.099998,67.180000,66.559998,66.750000,65.974037,195700
2016-06-23,67.580002,68.400002,66.919998,68.400002,67.604851,140200
2016-06-24,65.139999,67.639999,65.139999,66.370003,65.598450,554300
2016-06-27,65.260002,66.000000,63.220001,63.529999,62.791462,368700
2016-06-28,64.290001,64.599998,63.560001,63.799999,63.058327,199000
2016-06-29,64.510002,65.949997,63.750000,65.900002,65.133919,183700
2016-06-30,66.300003,67.949997,65.750000,67.900002,67.110672,391000
2016-07-01,67.699997,68.379997,67.010002,67.300003,66.517632,182700
2016-07-05,67.050003,67.410004,66.430000,67.309998,66.527519,123500
2016-07-06,66.790001,68.050003,66.489998,67.750000,66.962402,146700
2016-07-07,67.860001,68.260002,67.419998,67.690002,66.903107,136500
2016-07-08,67.910004,68.680000,67.889999,68.330002,67.535660,258000
2016-07-11,68.879997,69.699997,68.449997,68.980003,68.178116,310100
2016-07-12,69.580002,70.889999,69.040001,70.610001,69.789162,200300
2016-07-13,70.779999,71.570000,70.349998,70.860001,70.036247,211000
2016-07-14,71.519997,71.760002,70.739998,70.889999,70.065910,143100
2016-07-15,71.360001,71.360001,70.089996,70.209999,69.393814,162400
2016-07-18,70.309998,70.720001,69.529999,70.019997,69.206017,86500
2016-07-19,70.070000,70.300003,69.540001,70.040001,69.225792,134100
2016-07-20,70.470001,71.559998,69.849998,71.089996,70.263580,116500
2016-07-21,70.800003,71.120003,69.250000,69.410004,68.603111,122300
2016-07-22,69.440002,70.610001,69.029999,70.480003,69.660675,130300
2016-07-25,70.290001,70.790001,70.029999,70.349998,69.532181,142000
2016-07-26,70.389999,71.220001,69.930000,71.010002,70.184517,135700
2016-07-27,69.500000,69.620003,67.339996,67.940002,67.150200,611100
2016-07-28,67.959999,69.300003,66.839996,66.970001,66.191483,533400
2016-07-29,66.919998,67.019997,65.900002,66.849998,66.072868,346300
2016-08-01,67.000000,68.370003,66.440002,67.500000,66.715309,489900
2016-08-02,69.120003,70.150002,65.129997,66.959999,66.181580,637200
2016-08-03,66.720001,67.940002,66.150002,66.940002,66.161827,234000
2016-08-04,66.730003,67.510002,66.559998,67.010002,66.231010,238700
2016-08-05,67.489998,67.660004,66.860001,67.540001,66.754837,193000
2016-08-08,67.330002,67.760002,66.000000,67.089996,66.310074,125500
2016-08-09,66.989998,68.139999,66.889999,68.070000,67.278694,260400
2016-08-10,67.919998,68.190002,67.580002,68.160004,67.367645,157400
2016-08-11,68.180000,68.769997,67.809998,68.230003,67.436829,112800
2016-08-12,68.250000,68.250000,67.410004,68.129997,67.337982,90100
2016-08-15,68.320000,69.410004,68.089996,69.000000,68.197876,158000
2016-08-16,69.029999,69.080002,67.279999,67.419998,66.636230,407300
2016-08-17,67.410004,67.410004,65.360001,65.400002,64.639732,229900
2016-08-18,65.239998,66.239998,64.870003,66.230003,65.460075,262100
2016-08-19,66.139999,66.989998,65.690002,66.690002,65.914742,195400
2016-08-22,66.459999,67.320000,65.879997,66.839996,66.062981,226700
2016-08-23,66.889999,68.239998,66.779999,67.830002,67.041481,303900
2016-08-24,67.650002,68.970001,67.389999,67.849998,67.180092,271900
2016-08-25,67.599998,68.129997,67.250000,68.129997,67.457321,150800
2016-08-26,67.959999,68.550003,67.019997,67.669998,67.001862,162300
2016-08-29,67.860001,67.910004,67.199997,67.320000,66.655319,136700
2016-08-30,67.430000,67.430000,66.669998,67.080002,66.417702,89700
2016-08-31,67.040001,67.480003,66.580002,67.370003,66.704834,297200
2016-09-01,67.349998,68.559998,66.959999,68.500000,67.823685,204000
2016-09-02,69.010002,69.389999,68.820000,69.339996,68.655380,206100
2016-09-06,69.339996,70.209999,69.040001,69.599998,68.912811,222700
2016-09-07,69.720001,70.160004,68.919998,69.279999,68.595978,286900
2016-09-08,69.160004,69.540001,68.739998,69.000000,68.318748,241100
2016-09-09,68.440002,68.800003,66.309998,66.339996,65.684998,297000
2016-09-12,66.070000,66.779999,65.720001,66.529999,65.873123,336100
2016-09-13,65.739998,65.989998,64.059998,65.040001,64.397842,281100
2016-09-14,65.199997,65.290001,64.370003,64.379997,63.744354,234500
2016-09-15,64.519997,64.980003,63.270000,64.690002,64.051300,212200
2016-09-16,64.800003,65.190002,63.889999,64.320000,63.684952,518400
2016-09-19,64.820000,65.699997,64.580002,65.190002,64.546364,316200
2016-09-20,65.379997,65.620003,64.989998,65.150002,64.506767,215600
2016-09-21,65.379997,65.959999,64.989998,65.730003,65.081032,239400
2016-09-22,66.050003,66.500000,65.680000,66.120003,65.467171,329200
2016-09-23,66.040001,66.540001,65.800003,66.279999,65.625595,234200
2016-09-26,66.040001,66.230003,65.519997,65.550003,64.902809,271500
2016-09-27,65.489998,65.589996,64.750000,65.279999,64.635468,449700
2016-09-28,65.169998,66.029999,65.059998,66.010002,65.358261,218300
2016-09-29,65.760002,66.220001,65.169998,65.970001,65.318657,358400
2016-09-30,66.169998,66.589996,64.910004,66.339996,65.684998,286200
2016-10-03,65.919998,66.730003,65.290001,65.730003,65.081032,279900
2016-10-04,65.739998,66.589996,65.459999,65.849998,65.199844,266700
2016-10-05,65.980003,66.320000,65.440002,66.129997,65.477081,260800
2016-10-06,65.930000,66.050003,65.279999,65.930000,65.279053,143700
2016-10-07,65.970001,65.970001,63.880001,64.690002,64.051300,347800
2016-10-10,65.010002,65.790001,64.800003,65.519997,64.873093,166300
2016-10-11,65.250000,65.250000,63.880001,64.309998,63.675045,200100
2016-10-12,64.430000,64.430000,63.020000,64.110001,63.477020,204800
2016-10-13,64.370003,64.370003,63.520000,63.889999,63.259193,266400
2016-10-14,64.129997,64.720001,63.430000,63.759998,63.130478,138700
2016-10-17,63.740002,63.930000,63.169998,63.630001,63.001762,179300
2016-10-18,64.199997,64.199997,63.660000,63.750000,63.120575,162100
2016-10-19,63.610001,64.199997,63.310001,63.919998,63.288891,170600
2016-10-20,63.689999,63.820000,62.680000,63.630001,63.001762,210800
2016-10-21,63.220001,64.220001,62.840000,64.070000,63.437416,222800
2016-10-24,64.589996,65.290001,64.589996,65.000000,64.358231,206700
2016-10-25,65.099998,66.250000,64.339996,65.059998,64.417641,290600
2016-10-26,64.870003,65.470001,64.129997,64.760002,64.120598,245600
2016-10-27,65.070000,65.070000,59.900002,60.990002,60.387825,623400
2016-10-28,60.980000,61.540001,60.090000,60.200001,59.605625,293900
2016-10-31,60.009998,61.529999,59.540001,61.400002,60.793777,306300
2016-11-01,61.349998,61.779999,60.270000,61.090000,60.486839,328400
2016-11-02,58.000000,61.270000,55.880001,58.290001,57.714489,1284800
2016-11-03,58.669998,59.459999,58.250000,58.790001,58.209545,442400
2016-11-04,59.040001,59.630001,58.340000,58.830002,58.249153,312400
2016-11-07,59.369999,61.439999,59.290001,61.330002,60.724468,493000
2016-11-08,60.779999,62.700001,60.540001,61.959999,61.348248,325700
2016-11-09,60.610001,63.220001,60.049999,63.060001,62.437386,296300
2016-11-10,63.730000,64.650002,62.630001,63.730000,63.100773,439600
2016-11-11,63.939999,66.760002,63.500000,66.110001,65.457275,392100
2016-11-14,66.059998,66.540001,64.269997,64.650002,64.011703,485300
2016-11-15,64.739998,65.449997,63.430000,65.000000,64.358231,404800
2016-11-16,64.980003,65.480003,63.869999,64.720001,64.081001,563800
2016-11-17,64.720001,65.779999,64.349998,65.150002,64.506767,543600
2016-11-18,65.160004,65.470001,64.599998,65.339996,64.694870,308600
2016-11-21,65.559998,66.570000,64.790001,66.529999,65.994324,273500
2016-11-22,66.500000,67.489998,65.599998,67.419998,66.877159,440200
2016-11-23,65.209999,65.959999,63.299999,63.840000,63.325989,526800
2016-11-25,63.389999,63.689999,62.790001,63.459999,62.949051,143900
2016-11-28,63.000000,64.519997,62.459999,64.180000,63.663254,298600
2016-11-29,64.449997,64.669998,63.480000,63.939999,63.425182,459700
2016-11-30,64.279999,64.360001,62.590000,62.779999,62.274521,474600
2016-12-01,63.040001,64.779999,60.189999,60.540001,60.052559,436300
2016-12-02,60.529999,60.919998,59.540001,60.639999,60.151745,259500
2016-12-05,61.029999,63.230000,60.160000,63.160000,62.651466,313000
2016-12-06,63.029999,63.849998,62.740002,63.580002,63.068081,216300
2016-12-07,63.660000,65.699997,63.000000,65.419998,64.893272,297200
2016-12-08,65.470001,66.690002,64.610001,66.660004,66.123283,338400
2016-12-09,66.610001,67.220001,65.769997,65.940002,65.409081,347600
2016-12-12,65.690002,65.690002,63.759998,64.809998,64.288177,279400
2016-12-13,65.290001,66.080002,64.620003,65.830002,65.299973,262800
2016-12-14,65.790001,66.190002,64.260002,64.809998,64.288177,294500
2016-12-15,64.910004,65.419998,64.330002,64.760002,64.238571,273200
2016-12-16,64.930000,65.830002,64.650002,64.739998,64.218742,540200
2016-12-19,65.110001,66.000000,64.480003,65.639999,65.111488,207000
2016-12-20,66.239998,66.629997,65.339996,66.279999,65.746338,180400
2016-12-21,66.050003,66.050003,65.000000,65.510002,64.982544,194700
2016-12-22,65.540001,65.540001,63.750000,63.910000,63.395428,204000
2016-12-23,63.840000,64.750000,63.529999,64.660004,64.139389,96500
2016-12-27,64.669998,65.699997,64.669998,65.320000,64.794075,150200
2016-12-28,65.430000,65.430000,63.880001,63.950001,63.435097,118800
2016-12-29,64.220001,64.470001,63.650002,64.169998,63.653332,219100
2016-12-30,64.230003,64.949997,63.520000,64.000000,63.484699,184600
2017-01-03,64.889999,65.690002,64.430000,65.029999,64.506409,253700
2017-01-04,65.389999,67.000000,65.190002,66.760002,66.222481,255900
2017-01-05,66.709999,67.389999,66.330002,66.820000,66.281990,214100
2017-01-06,67.040001,67.040001,65.580002,66.169998,65.637230,150300
2017-01-09,66.230003,66.959999,65.769997,66.269997,65.736420,223800
2017-01-10,66.480003,67.129997,65.809998,66.419998,65.885208,189500
2017-01-11,66.389999,68.519997,66.239998,68.370003,67.819511,301400
2017-01-12,68.139999,68.970001,66.650002,68.120003,67.571533,230800
2017-01-13,68.050003,69.389999,67.919998,68.720001,68.166695,213500
2017-01-17,68.300003,68.300003,66.919998,67.260002,66.718452,234600
2017-01-18,67.529999,67.889999,66.860001,67.599998,67.055710,154100
2017-01-19,67.629997,68.000000,66.540001,66.550003,66.014168,195300
2017-01-20,66.589996,67.750000,66.290001,66.720001,66.182800,198200
2017-01-23,66.669998,67.190002,65.889999,66.550003,66.014168,206300
2017-01-24,66.639999,68.070000,66.480003,67.870003,67.323540,222600
2017-01-25,68.570000,68.750000,66.989998,67.309998,66.768036,320700
2017-01-26,67.120003,67.570000,66.529999,67.190002,66.649002,253600
2017-01-27,67.320000,67.739998,66.900002,67.139999,66.599411,215300
2017-01-30,66.809998,66.809998,65.120003,66.209999,65.676910,275400
2017-01-31,65.910004,66.190002,65.199997,65.610001,65.081741,244800
2017-02-01,65.739998,65.989998,62.849998,63.869999,63.355747,396100
2017-02-02,63.860001,65.220001,63.180000,64.809998,64.288177,259200
2017-02-03,65.440002,66.000000,64.900002,65.449997,64.923019,317600
2017-02-06,65.190002,65.680000,64.290001,64.760002,64.238571,345800
2017-02-07,64.949997,65.000000,63.470001,63.509998,62.998642,635800
2017-02-08,63.220001,63.250000,61.980000,62.060001,61.560322,505100
2017-02-09,67.019997,71.750000,64.820000,70.400002,69.833183,2637100
2017-02-10,70.680000,70.870003,67.180000,70.739998,70.170433,763000
2017-02-13,70.639999,71.760002,70.320000,71.660004,71.083031,662800
2017-02-14,70.930000,72.260002,70.139999,72.160004,71.578995,333600
2017-02-15,71.070000,73.919998,70.180000,73.419998,72.828842,373500
2017-02-16,72.860001,73.410004,72.730003,73.269997,72.680061,462100
2017-02-17,73.389999,73.620003,68.610001,73.430000,72.838768,539800
2017-02-21,73.480003,73.970001,72.970001,73.279999,72.689972,308400
2017-02-22,72.949997,73.739998,72.199997,72.879997,72.293190,313300
2017-02-23,73.400002,73.629997,72.389999,73.019997,72.432068,342900
2017-02-24,71.809998,73.199997,71.809998,72.970001,72.501633,232600
2017-02-27,73.110001,73.809998,72.709999,73.620003,73.147453,209100
2017-02-28,72.459999,72.750000,71.480003,71.519997,71.060928,318600
2017-03-01,72.510002,74.019997,71.580002,73.699997,73.226944,311600
2017-03-02,73.650002,74.279999,72.529999,73.699997,73.226944,177700
2017-03-03,73.680000,74.120003,73.080002,73.870003,73.395859,192800
2017-03-06,73.300003,74.120003,73.160004,73.599998,73.127579,189000
2017-03-07,73.489998,74.209999,73.099998,73.790001,73.316360,174800
2017-03-08,74.050003,74.699997,73.410004,73.680000,73.207062,173800
2017-03-09,73.529999,74.209999,73.279999,73.760002,73.286552,192400
2017-03-10,74.330002,74.750000,73.809998,74.489998,74.011864,212900
2017-03-13,74.480003,75.360001,74.480003,75.230003,74.747116,219000
2017-03-14,74.809998,75.820000,74.809998,75.230003,74.747116,291100
2017-03-15,75.699997,76.220001,75.379997,76.150002,75.661224,407700
2017-03-16,76.650002,76.720001,75.639999,76.589996,76.098389,219000
2017-03-17,76.400002,77.160004,75.690002,76.610001,76.118263,562400
2017-03-20,76.599998,77.709999,76.209999,77.150002,76.654793,249300
2017-03-21,77.720001,77.849998,75.019997,75.110001,74.627884,304900
2017-03-22,74.879997,76.050003,74.720001,76.029999,75.541985,237700
2017-03-23,75.949997,76.760002,74.809998,75.989998,75.502235,247200
2017-03-24,76.449997,76.820000,75.349998,76.139999,75.651268,231800
2017-03-27,75.059998,75.860001,74.459999,75.389999,74.906090,260300
2017-03-28,75.150002,76.260002,74.480003,76.040001,75.551910,203400
2017-03-29,76.000000,76.480003,75.669998,76.089996,75.601593,124600
2017-03-30,76.059998,77.360001,76.059998,76.639999,76.148064,296000
2017-03-31,76.510002,77.120003,76.309998,76.669998,76.177879,194500
2017-04-03,76.720001,77.500000,75.449997,75.919998,75.432678,330400
2017-04-04,75.639999,77.180000,75.639999,76.830002,76.336845,227300
2017-04-05,77.199997,78.230003,76.760002,76.849998,76.356712,317600
2017-04-06,77.129997,77.720001,76.099998,77.510002,77.012482,157600
2017-04-07,77.239998,77.989998,76.669998,76.809998,76.316963,192300
2017-04-10,76.680000,77.730003,76.519997,77.099998,76.605110,369200
2017-04-11,76.900002,77.660004,76.540001,77.400002,76.903191,194500
2017-04-12,77.180000,77.570000,76.550003,77.029999,76.535561,150200
2017-04-13,76.879997,77.510002,76.769997,77.000000,76.505753,222300
2017-04-17,77.260002,77.930000,75.800003,76.860001,76.366653,249200
2017-04-18,76.629997,77.370003,76.360001,77.150002,76.654793,129800
2017-04-19,77.930000,78.879997,77.309998,78.360001,77.857025,270600
2017-04-20,78.800003,79.230003,78.239998,78.820000,78.314072,230800
2017-04-21,78.779999,79.279999,78.419998,78.910004,78.403496,186100
2017-04-24,79.970001,79.970001,78.849998,78.970001,78.463112,180700
2017-04-25,79.449997,79.739998,78.669998,78.830002,78.324013,248100
2017-04-26,79.019997,79.519997,78.279999,79.050003,78.542603,266500
2017-04-27,79.250000,79.769997,78.930000,79.260002,78.751244,204700
2017-04-28,79.529999,81.000000,78.269997,80.410004,79.893867,562800
2017-05-01,80.570000,81.589996,80.110001,81.500000,80.976875,700700
2017-05-02,77.400002,81.680000,75.930000,80.839996,80.321106,701000
2017-05-03,78.870003,79.860001,78.550003,79.739998,79.228165,467100
2017-05-04,80.080002,80.750000,78.680000,78.940002,78.433304,318200
2017-05-05,79.070000,80.970001,78.889999,79.379997,78.870476,197800
2017-05-08,79.389999,79.910004,78.860001,79.360001,78.850601,168400
2017-05-09,79.500000,79.769997,78.900002,79.300003,78.790993,359200
2017-05-10,79.269997,79.629997,78.830002,79.360001,78.850601,197200
2017-05-11,79.169998,79.739998,78.070000,78.699997,78.194839,178500
2017-05-12,78.349998,80.830002,78.330002,79.820000,79.307648,449400
2017-05-15,80.000000,80.639999,79.070000,79.870003,79.357323,197300
2017-05-16,80.349998,81.199997,80.169998,80.570000,80.052834,173700
2017-05-17,79.589996,80.459999,78.419998,79.000000,78.492920,344200
2017-05-18,78.750000,79.800003,78.300003,79.400002,78.890350,288400
2017-05-19,79.790001,80.779999,79.639999,80.339996,79.824318,316400
2017-05-22,80.529999,82.000000,79.830002,81.900002,81.374298,201300
2017-05-23,82.000000,82.680000,80.250000,81.849998,81.324623,274800
2017-05-24,81.730003,82.540001,81.110001,82.389999,81.981339,207500
2017-05-25,82.620003,83.370003,82.330002,82.910004,82.498772,182400
2017-05-26,83.040001,84.080002,81.610001,83.690002,83.274902,191600
2017-05-30,83.410004,84.379997,82.989998,83.220001,82.807228,224400
2017-05-31,83.580002,83.940002,82.169998,82.730003,82.319664,247200
2017-06-01,82.980003,84.889999,82.739998,84.870003,84.449051,270800
2017-06-02,85.080002,86.959999,84.779999,86.620003,86.190369,314800
2017-06-05,86.339996,89.660004,86.339996,87.800003,87.364517,582800
2017-06-06,87.150002,89.129997,86.330002,87.440002,87.006310,273600
2017-06-07,87.830002,88.379997,87.309998,87.489998,87.056046,199400
2017-06-08,87.739998,88.650002,86.500000,88.050003,87.613281,244500
2017-06-09,88.120003,88.599998,84.610001,85.559998,85.135628,346200
2017-06-12,85.129997,85.370003,82.440002,85.169998,84.747551,306300
2017-06-13,85.550003,86.800003,85.190002,86.510002,86.080917,149600
2017-06-14,86.589996,87.010002,84.779999,85.589996,85.165474,207200
2017-06-15,84.690002,85.730003,83.669998,85.639999,85.215233,128600
2017-06-16,85.129997,86.629997,83.419998,86.610001,86.180420,350600
2017-06-19,87.510002,88.410004,86.870003,87.430000,86.996346,355100
2017-06-20,87.379997,88.620003,86.370003,86.470001,86.041115,182300
2017-06-21,86.610001,88.489998,86.610001,87.029999,86.598335,145200
2017-06-22,87.110001,87.949997,86.510002,87.610001,87.175461,130700
2017-06-23,87.889999,89.830002,87.889999,89.500000,89.056084,336000
2017-06-26,90.320000,90.860001,88.580002,89.250000,88.807320,147900
2017-06-27,91.989998,92.680000,90.050003,90.360001,89.911819,571800
2017-06-28,90.779999,92.730003,88.949997,89.519997,89.075989,8084100
2017-06-29,88.029999,88.650002,85.300003,85.599998,85.175423,928700
2017-06-30,86.160004,87.739998,85.699997,85.750000,85.324677,597400
2017-07-03,85.919998,86.489998,84.290001,85.110001,84.687859,305100
2017-07-05,85.419998,86.430000,84.809998,86.050003,85.623199,220100
2017-07-06,85.360001,86.019997,84.690002,85.209999,84.787361,263800
2017-07-07,85.199997,87.290001,85.199997,87.129997,86.697838,290600
2017-07-10,87.160004,88.290001,86.389999,87.610001,87.175461,223000
2017-07-11,87.970001,89.419998,87.529999,88.629997,88.190399,264700
2017-07-12,89.239998,90.900002,89.070000,90.089996,89.643158,265700
2017-07-13,89.959999,90.419998,88.360001,88.660004,88.220253,200300
2017-07-14,88.650002,89.250000,88.540001,88.769997,88.329704,182100
2017-07-17,88.800003,89.199997,88.279999,88.480003,88.041145,145300
2017-07-18,88.099998,88.839996,87.410004,88.309998,87.871986,239600
2017-07-19,88.489998,90.070000,87.110001,89.699997,89.255096,225400
2017-07-20,89.830002,89.989998,87.410004,89.589996,89.145630,140200
2017-07-21,90.080002,90.080002,89.169998,89.559998,89.115791,160200
2017-07-24,89.559998,91.510002,89.500000,91.180000,90.727753,119900
2017-07-25,91.019997,92.949997,90.790001,92.639999,92.180511,278700
2017-07-26,92.680000,93.029999,92.059998,92.820000,92.359627,120300
2017-07-27,92.809998,93.269997,90.940002,92.129997,91.673042,209000
2017-07-28,91.709999,92.610001,91.059998,91.839996,91.384468,225500
2017-07-31,92.389999,93.809998,91.910004,92.339996,91.881996,432100
2017-08-01,89.500000,93.050003,88.540001,89.129997,88.687912,528900
2017-08-02,89.139999,90.709999,85.980003,86.290001,85.862000,368200
2017-08-03,86.849998,88.250000,85.930000,87.959999,87.523727,212000
2017-08-04,88.239998,88.519997,87.239998,87.660004,87.225220,123900
2017-08-07,87.669998,89.110001,87.669998,88.040001,87.603333,147100
2017-08-08,87.769997,88.550003,87.360001,87.570000,87.135651,132500
2017-08-09,86.970001,87.660004,86.050003,86.660004,86.230179,181200
2017-08-10,86.360001,86.849998,84.279999,84.370003,83.951530,154600
2017-08-11,84.449997,85.169998,84.230003,84.610001,84.190338,229200
2017-08-14,85.230003,86.300003,84.010002,85.519997,85.095818,217800
2017-08-15,85.720001,85.720001,84.529999,84.650002,84.230133,253300
2017-08-16,85.059998,85.739998,84.889999,85.279999,84.857018,262900
2017-08-17,84.739998,86.110001,83.489998,83.559998,83.145538,248900
2017-08-18,83.290001,84.220001,82.900002,83.440002,83.026146,144800
2017-08-21,83.239998,84.370003,82.980003,84.120003,83.702766,154600
2017-08-22,84.400002,85.180000,84.400002,84.830002,84.409256,141000
2017-08-23,84.220001,84.860001,83.370003,83.449997,83.036095,170000
2017-08-24,83.650002,83.720001,82.599998,83.269997,82.976295,178300
2017-08-25,83.790001,84.250000,83.190002,83.949997,83.653900,172000
2017-08-28,84.000000,84.139999,83.379997,84.120003,83.823311,189100
2017-08-29,83.680000,84.010002,81.639999,82.849998,82.557777,239400
2017-08-30,82.889999,84.339996,82.800003,84.139999,83.843239,154100
2017-08-31,84.349998,84.790001,83.760002,84.410004,84.112282,243000
2017-09-01,84.860001,84.860001,83.309998,83.989998,83.693756,162700
2017-09-05,83.900002,84.680000,83.099998,83.980003,83.683800,170900
2017-09-06,84.000000,84.040001,82.680000,83.339996,83.046043,163100
2017-09-07,83.510002,84.430000,83.279999,84.400002,84.102318,171600
2017-09-08,84.379997,85.190002,84.000000,84.940002,84.640419,164500
2017-09-11,85.599998,86.970001,85.300003,85.820000,85.517311,314600
2017-09-12,85.739998,86.059998,84.750000,85.370003,85.068893,229700
2017-09-13,85.430000,86.139999,84.110001,84.260002,83.962814,229400
2017-09-14,84.290001,84.629997,83.610001,84.589996,84.291641,158700
2017-09-15,84.500000,84.879997,82.959999,83.620003,83.325073,508100
2017-09-18,83.650002,84.349998,83.449997,83.790001,83.494469,151800
2017-09-19,83.980003,84.669998,83.360001,83.769997,83.474533,249600
2017-09-20,83.870003,84.180000,83.120003,83.580002,83.285210,363600
2017-09-21,83.589996,84.110001,82.900002,83.010002,82.717224,235600
2017-09-22,83.580002,85.239998,83.580002,84.970001,84.670303,223400
2017-09-25,84.769997,84.910004,83.070000,83.430000,83.135742,237000
2017-09-26,83.730003,84.389999,83.309998,83.720001,83.424721,129000
2017-09-27,84.290001,87.059998,84.290001,86.699997,86.394203,286500
2017-09-28,86.470001,87.300003,85.489998,87.150002,86.842621,180200
2017-09-29,86.930000,88.250000,86.599998,87.800003,87.490326,300600
2017-10-02,87.949997,88.279999,86.800003,87.510002,87.201347,252600
2017-10-03,87.800003,88.519997,87.709999,88.440002,88.128075,167000
2017-10-04,88.050003,88.809998,86.930000,88.750000,88.436966,177300
2017-10-05,88.760002,88.910004,87.250000,88.290001,87.978592,196700
2017-10-06,87.830002,88.839996,87.370003,88.769997,88.456894,212500
2017-10-09,88.980003,89.239998,88.559998,88.900002,88.586441,111600
2017-10-10,89.330002,89.730003,88.900002,89.529999,89.214218,121600
2017-10-11,89.449997,90.010002,89.379997,89.959999,89.642708,177100
2017-10-12,89.949997,92.129997,89.820000,91.110001,90.788658,283900
2017-10-13,91.300003,91.300003,90.379997,90.709999,90.390060,235800
2017-10-16,91.199997,93.230003,90.650002,92.330002,92.004349,302900
2017-10-17,92.349998,92.750000,91.220001,91.459999,91.137413,154800
2017-10-18,91.889999,92.849998,91.029999,91.949997,91.625687,275000
2017-10-19,91.879997,92.290001,90.750000,91.669998,91.346664,291800
2017-10-20,92.370003,93.000000,91.690002,93.000000,92.671989,287500
2017-10-23,93.449997,93.949997,92.339996,92.430000,92.103996,248300
2017-10-24,92.599998,92.830002,90.669998,91.519997,91.197197,379900
2017-10-25,91.250000,92.290001,90.750000,91.120003,90.798615,256400
2017-10-26,93.930000,97.070000,91.370003,96.820000,96.478516,691400
2017-10-27,97.510002,102.930000,96.980003,102.389999,102.028862,930900
2017-10-30,102.459999,103.410004,101.110001,101.269997,100.912811,580100
2017-10-31,101.459999,102.370003,100.330002,101.300003,100.942711,320400
2017-11-01,102.250000,102.269997,97.870003,98.900002,98.551178,380100
2017-11-02,98.900002,99.650002,98.010002,98.889999,98.541206,225600
2017-11-03,98.860001,100.959999,98.440002,100.470001,100.115639,393000
2017-11-06,100.029999,100.820000,99.660004,99.769997,99.418098,249900
2017-11-07,99.489998,100.029999,97.470001,98.669998,98.321983,281300
2017-11-08,98.000000,99.989998,97.300003,99.750000,99.398170,249800
2017-11-09,98.830002,99.339996,97.540001,98.449997,98.102760,185600
2017-11-10,98.480003,99.830002,98.269997,99.430000,99.079300,159900
2017-11-13,98.739998,99.910004,98.139999,99.889999,99.537682,157900
2017-11-14,99.309998,101.360001,99.050003,101.230003,100.872963,214700
2017-11-15,100.300003,100.930000,98.769997,98.980003,98.630898,330900
2017-11-16,99.570000,102.120003,99.570000,100.669998,100.314926,259600
2017-11-17,100.320000,102.059998,100.089996,102.040001,101.680099,196700
2017-11-20,102.110001,103.430000,101.290001,102.570000,102.208237,172300
2017-11-21,102.959999,104.529999,102.959999,103.790001,103.423927,150000
2017-11-22,103.949997,104.550003,102.230003,102.430000,102.068726,125400
2017-11-24,102.449997,103.320000,101.739998,103.120003,102.756294,49100
2017-11-27,102.769997,103.139999,101.980003,102.320000,102.077896,133500
2017-11-28,102.389999,103.699997,101.730003,103.559998,103.314964,216800
2017-11-29,103.589996,104.129997,98.029999,98.199997,97.967644,393100
2017-11-30,98.889999,99.209999,97.139999,98.449997,98.217056,423400
2017-12-01,98.430000,98.550003,94.959999,97.500000,97.269310,224100
2017-12-04,98.379997,98.379997,94.639999,95.110001,94.884964,232700
2017-12-05,95.120003,97.040001,94.760002,95.800003,95.573334,219600
2017-12-06,95.529999,97.180000,94.370003,96.099998,95.872612,119700
2017-12-07,96.059998,96.930000,95.660004,96.379997,96.151955,199100
2017-12-08,96.959999,97.680000,95.339996,95.430000,95.204201,165500
2017-12-11,95.440002,96.610001,94.919998,95.720001,95.493523,178500
2017-12-12,95.900002,96.230003,95.279999,95.389999,95.164291,131900
2017-12-13,95.599998,96.680000,95.599998,96.320000,96.092094,158300
2017-12-14,96.349998,97.199997,95.180000,95.519997,95.293991,178000
2017-12-15,95.660004,97.550003,94.669998,96.900002,96.670731,495400
2017-12-18,97.349998,98.470001,96.559998,97.410004,97.179527,169900
2017-12-19,97.400002,97.839996,96.709999,97.449997,97.219414,192300
2017-12-20,97.830002,98.150002,96.050003,96.690002,96.461220,201500
2017-12-21,97.000000,97.360001,96.160004,96.650002,96.421318,283900
2017-12-22,96.860001,96.860001,95.699997,96.180000,95.952431,204100
2017-12-26,95.830002,96.169998,95.260002,95.510002,95.284012,160500
2017-12-27,95.660004,96.980003,95.000000,96.129997,95.902550,107600
2017-12-28,96.139999,96.139999,94.610001,95.000000,94.775215,107200
2017-12-29,95.099998,95.860001,94.489998,94.489998,94.266426,159600
2018-01-02,95.120003,95.120003,93.110001,94.320000,94.096832,229900
2018-01-03,94.410004,94.959999,93.650002,94.419998,94.196594,183100
2018-01-04,94.849998,95.830002,94.260002,94.540001,94.316315,148600
2018-01-05,94.839996,95.529999,94.160004,94.489998,94.266426,210600
2018-01-08,94.150002,96.000000,93.519997,95.809998,95.583298,199500
2018-01-09,96.089996,96.610001,93.489998,93.529999,93.308693,178200
2018-01-10,92.889999,93.849998,91.949997,93.720001,93.498253,176800
2018-01-11,93.000000,95.370003,93.000000,95.059998,94.835075,158600
2018-01-12,95.230003,96.199997,94.410004,95.550003,95.323921,123400
2018-01-16,95.540001,96.720001,93.910004,94.040001,93.817490,252400
2018-01-17,94.139999,94.779999,94.000000,94.540001,94.316315,212400
2018-01-18,94.570000,95.480003,94.330002,94.480003,94.256454,272500
2018-01-19,94.839996,96.510002,94.379997,95.800003,95.573334,302100
2018-01-22,95.570000,96.550003,95.410004,95.699997,95.473564,302300
2018-01-23,95.660004,96.639999,95.300003,95.830002,95.603256,305200
2018-01-24,96.379997,96.989998,95.029999,95.080002,94.855034,322900
2018-01-25,95.360001,96.680000,94.860001,95.059998,94.835075,240300
2018-01-26,95.320000,96.900002,94.709999,96.730003,96.501129,171100
2018-01-29,96.360001,97.330002,95.870003,96.010002,95.782837,200700
2018-01-30,95.349998,97.230003,95.330002,95.690002,95.463593,248900
2018-01-31,96.279999,96.589996,95.430000,95.820000,95.593285,356300
2018-02-01,95.129997,96.150002,94.849998,95.800003,95.573334,341600
2018-02-02,94.769997,96.779999,92.129997,92.160004,91.941940,300300
2018-02-05,91.510002,93.269997,90.120003,90.209999,89.996552,295100
2018-02-06,88.529999,93.250000,87.750000,91.750000,91.532913,578300
2018-02-07,93.059998,101.989998,92.300003,99.339996,99.104950,1084200
2018-02-08,100.449997,100.449997,93.940002,94.209999,93.987091,604600
2018-02-09,95.129997,97.760002,90.449997,93.580002,93.358582,594800
2018-02-12,94.000000,95.699997,92.669998,93.739998,93.518204,381400
2018-02-13,93.059998,95.309998,92.470001,95.199997,94.974747,245000
2018-02-14,94.199997,97.989998,93.059998,97.330002,97.099716,361800
2018-02-15,97.059998,99.379997,95.470001,99.099998,98.865517,298800
2018-02-16,98.639999,100.879997,98.070000,100.050003,99.813278,452600
2018-02-20,98.269997,100.830002,97.260002,100.120003,99.883102,327700
2018-02-21,100.120003,104.080002,99.199997,101.089996,100.850807,379900
2018-02-22,101.239998,102.349998,100.290001,101.430000,101.190010,171300
2018-02-23,102.099998,103.330002,101.220001,103.250000,103.005699,197100
2018-02-26,103.669998,104.489998,101.970001,104.059998,103.813782,214900
2018-02-27,104.230003,105.199997,103.029999,103.250000,103.124619,238700
2018-02-28,103.550003,104.580002,102.389999,102.519997,102.395508,256800
2018-03-01,102.430000,103.459999,99.239998,100.730003,100.607681,301900
2018-03-02,99.820000,103.529999,98.669998,103.139999,103.014755,269900
2018-03-05,102.419998,105.160004,100.449997,104.589996,104.462990,231200
2018-03-06,105.150002,106.639999,103.110001,106.400002,106.270798,376400
2018-03-07,105.690002,109.120003,104.430000,108.629997,108.498085,410500
2018-03-08,108.959999,110.800003,108.169998,110.599998,110.465691,263800
2018-03-09,111.620003,116.070000,110.750000,111.250000,111.114906,265000
2018-03-12,106.870003,110.129997,106.510002,109.580002,109.446938,338900
2018-03-13,110.019997,110.860001,107.440002,107.540001,107.409409,286900
2018-03-14,108.070000,109.400002,106.320000,108.669998,108.538040,156300
2018-03-15,109.129997,110.400002,108.010002,108.910004,108.777748,199800
2018-03-16,109.309998,109.309998,107.120003,108.199997,108.068604,370000
2018-03-19,107.680000,108.349998,105.690002,107.599998,107.469337,169300
2018-03-20,107.309998,108.709999,107.309998,107.800003,107.669098,181300
2018-03-21,107.800003,109.629997,107.300003,108.900002,108.767761,146800
2018-03-22,108.250000,108.989998,106.580002,106.839996,106.710258,219600
2018-03-23,106.739998,107.480003,103.260002,103.309998,103.184547,313000
2018-03-26,105.000000,105.339996,102.930000,105.010002,104.882484,429900
2018-03-27,105.489998,105.769997,100.949997,101.290001,101.167000,348100
2018-03-28,101.599998,102.129997,97.900002,98.690002,98.570160,295600
2018-03-29,99.209999,103.169998,98.989998,101.809998,101.686371,309100
2018-04-02,101.400002,103.139999,98.519997,99.610001,99.489044,275100
2018-04-03,100.050003,100.989998,98.980003,100.360001,100.238129,256100
2018-04-04,98.760002,103.199997,98.760002,102.779999,102.655190,190500
2018-04-05,104.139999,106.730003,104.139999,105.940002,105.811356,347800
2018-04-06,105.070000,105.849998,102.739998,103.480003,103.354347,221800
2018-04-09,104.260002,105.709999,103.589996,103.650002,103.524139,123200
2018-04-10,105.029999,105.910004,104.040001,104.750000,104.622803,212100
2018-04-11,104.230003,106.540001,104.230003,105.900002,105.771408,157600
2018-04-12,106.519997,107.550003,106.120003,107.080002,106.949974,128700
2018-04-13,107.309998,107.309998,105.260002,105.820000,105.691498,101700
2018-04-16,106.430000,107.400002,105.379997,106.839996,106.710258,189600
2018-04-17,107.699997,110.709999,107.400002,110.269997,110.136093,205200
2018-04-18,110.680000,111.680000,109.910004,110.760002,110.625504,130100
2018-04-19,110.330002,111.660004,109.309998,109.930000,109.796509,137000
2018-04-20,109.419998,109.760002,107.769997,108.089996,107.958740,237900
2018-04-23,108.449997,109.290001,106.489998,107.239998,107.109772,160200
2018-04-24,107.790001,108.559998,104.190002,105.400002,105.272011,204100
2018-04-25,105.260002,106.300003,103.209999,105.050003,104.922440,235300
2018-04-26,106.019997,108.010002,105.949997,106.349998,106.220856,180000
2018-04-27,107.019997,107.019997,104.980003,105.889999,105.761414,472900
2018-04-30,106.580002,111.389999,104.949997,104.959999,104.832542,497200
2018-05-01,98.250000,104.099998,95.279999,100.559998,100.437881,873600
2018-05-02,100.949997,101.739998,97.160004,97.349998,97.231781,385800
2018-05-03,96.769997,99.720001,95.470001,97.239998,97.121918,300300
2018-05-04,97.199997,101.750000,96.919998,100.980003,100.857384,305100
2018-05-07,101.279999,102.970001,100.150002,102.089996,101.966026,142000
2018-05-08,101.300003,102.480003,101.089996,101.779999,101.656403,172100
2018-05-09,101.830002,103.389999,100.209999,100.900002,100.777473,310700
2018-05-10,100.930000,101.889999,100.709999,101.379997,101.256889,268300
2018-05-11,101.550003,101.680000,100.720001,101.199997,101.077110,189400
2018-05-14,101.440002,101.650002,99.540001,99.639999,99.519005,203000
2018-05-15,99.089996,99.089996,97.099998,98.699997,98.580147,368400
2018-05-16,98.849998,100.290001,98.400002,98.930000,98.809868,177600
2018-05-17,98.489998,99.629997,98.169998,98.940002,98.819855,154500
2018-05-18,99.339996,99.959999,98.580002,98.699997,98.580147,222000
2018-05-21,99.239998,99.980003,97.559998,98.980003,98.859810,291300
2018-05-22,99.500000,99.980003,98.110001,98.230003,98.110718,168000
2018-05-23,97.809998,99.129997,97.629997,98.820000,98.699997,344500
2018-05-24,98.750000,98.910004,97.709999,98.419998,98.419998,394200
2018-05-25,97.830002,99.290001,97.779999,98.099998,98.099998,338400
2018-05-29,97.519997,98.349998,97.099998,98.110001,98.110001,300100
2018-05-30,98.739998,99.080002,97.139999,97.800003,97.800003,333000
2018-05-31,97.930000,98.889999,97.440002,97.470001,97.470001,221400
2018-06-01,98.190002,99.769997,97.709999,99.260002,99.260002,288700
2018-06-04,100.160004,101.639999,99.160004,101.599998,101.599998,197200
2018-06-05,101.779999,102.839996,101.330002,102.699997,102.699997,202400
2018-06-06,102.839996,103.809998,101.910004,103.150002,103.150002,173100
2018-06-07,103.419998,103.669998,100.809998,101.510002,101.510002,174500
2018-06-08,101.440002,102.970001,100.750000,102.629997,102.629997,140600
2018-06-11,102.510002,104.029999,102.510002,103.809998,103.809998,139200
2018-06-12,103.599998,105.739998,103.440002,105.570000,105.570000,241900
2018-06-13,105.599998,106.709999,105.050003,105.739998,105.739998,207600
2018-06-14,106.220001,107.889999,105.779999,107.720001,107.720001,177200
2018-06-15,107.129997,108.510002,105.480003,108.269997,108.269997,550800
2018-06-18,108.089996,109.160004,107.620003,108.889999,108.889999,199300
2018-06-19,108.180000,109.989998,106.930000,109.889999,109.889999,237100
2018-06-20,110.000000,111.599998,104.849998,110.489998,110.489998,218600
2018-06-21,110.250000,110.519997,108.610001,109.610001,109.610001,296500
2018-06-22,109.930000,110.900002,106.919998,107.930000,107.930000,560700
2018-06-25,107.230003,107.230003,97.470001,102.339996,102.339996,280800
2018-06-26,102.739998,103.930000,101.589996,102.949997,102.949997,193800
2018-06-27,103.360001,105.510002,98.680000,98.839996,98.839996,238700
2018-06-28,99.769997,101.790001,98.769997,101.419998,101.419998,176100
2018-06-29,101.870003,102.870003,100.900002,102.449997,102.449997,306200
