Date,Open,High,Low,Close,Adj Close,Volume
2017-03-09,20.000000,21.908001,16.549999,16.799999,16.799999,160300
2017-03-10,17.740000,19.750000,17.260000,19.250000,19.250000,50900
2017-03-13,19.010000,19.860001,19.010000,19.700001,19.700001,17000
2017-03-14,19.450001,19.500000,18.115999,18.337999,18.337999,6000
2017-03-15,19.400000,19.400000,18.549999,18.780001,18.780001,11900
2017-03-16,18.799999,19.238001,18.750000,18.750000,18.750000,4100
2017-03-17,20.000000,20.000000,17.010000,19.799999,19.799999,18500
2017-03-20,19.007999,20.000000,19.000000,19.386000,19.386000,10700
2017-03-21,19.152000,19.181000,18.500000,18.500000,18.500000,6900
2017-03-22,18.700001,19.700001,18.500000,18.530001,18.530001,58700
2017-03-23,19.350000,19.350000,18.500000,19.200001,19.200001,31400
2017-03-24,19.222000,19.222000,18.600000,18.600000,18.600000,8600
2017-03-27,18.559999,19.440001,18.559999,19.440001,19.440001,12500
2017-03-28,19.350000,20.490000,19.350000,19.561001,19.561001,8900
2017-03-29,19.549999,20.155001,19.549999,19.670000,19.670000,11700
2017-03-30,19.600000,20.100000,19.600000,19.790001,19.790001,2000
2017-03-31,19.801001,19.985001,19.799999,19.930000,19.930000,2900
2017-04-03,20.000000,20.000000,19.400000,19.760000,19.760000,2600
2017-04-04,19.850000,19.990000,19.468000,19.910000,19.910000,5400
2017-04-05,19.990000,19.990000,19.799999,19.799999,19.799999,2200
2017-04-06,19.930000,19.930000,19.711000,19.870001,19.870001,2600
2017-04-07,19.950001,20.100000,19.850000,20.100000,20.100000,3400
2017-04-10,19.969999,19.979000,19.850000,19.969999,19.969999,3800
2017-04-11,19.799999,19.990000,19.799999,19.990000,19.990000,2400
2017-04-12,20.000000,20.006001,19.950001,19.950001,19.950001,2100
2017-04-13,19.940001,20.940001,19.940001,20.500000,20.500000,13700
2017-04-17,20.610001,20.610001,20.000999,20.600000,20.600000,3300
2017-04-18,20.858999,20.990000,20.500000,20.990000,20.990000,6300
2017-04-19,21.000000,21.620001,20.959999,21.600000,21.600000,7700
2017-04-20,21.500000,21.740000,21.490000,21.490000,21.490000,5600
2017-04-21,21.223000,21.700001,21.223000,21.700001,21.700001,2300
2017-04-24,21.270000,21.625000,21.260000,21.625000,21.625000,1700
2017-04-25,21.580000,21.580000,21.299999,21.570000,21.570000,4500
2017-04-26,21.750000,22.959999,21.570000,22.860001,22.860001,5900
2017-04-27,22.966999,28.049999,22.670000,25.000000,25.000000,32300
2017-04-28,25.889999,25.962000,24.500000,24.639999,24.639999,4500
2017-05-01,25.330000,25.500000,24.510000,24.990000,24.990000,5200
2017-05-02,25.270000,26.000000,24.881001,26.000000,26.000000,5900
2017-05-03,26.770000,26.770000,25.483999,26.200001,26.200001,2600
2017-05-04,26.950001,26.990000,26.650000,26.990000,26.990000,1600
2017-05-05,26.990000,27.100000,25.879999,26.320000,26.320000,8300
2017-05-08,26.910000,26.910000,26.000000,26.400000,26.400000,3400
2017-05-09,26.264000,26.320000,25.950001,26.320000,26.320000,1100
2017-05-10,26.136000,26.136000,25.500000,25.860001,25.860001,3700
2017-05-11,25.820000,25.820000,25.820000,25.820000,25.820000,600
2017-05-12,25.930000,26.971001,25.809999,26.350000,26.350000,5700
2017-05-15,26.621000,27.059999,26.410000,26.799999,26.799999,3000
2017-05-16,26.799999,27.490000,26.000000,27.440001,27.440001,2000
2017-05-17,27.129999,27.400000,26.600000,26.900000,26.900000,3200
2017-05-18,27.250000,27.500000,27.010000,27.500000,27.500000,2400
2017-05-19,26.900000,28.320000,26.700001,27.969000,27.969000,5000
2017-05-22,28.330000,29.489000,28.299000,29.250000,29.250000,7000
2017-05-23,29.490000,30.990000,28.722000,29.809999,29.809999,7100
2017-05-24,29.990000,30.990000,29.525000,30.150000,30.150000,12700
2017-05-25,27.832001,31.799999,27.832001,31.799999,31.799999,6800
2017-05-26,32.273998,32.273998,30.600000,31.674999,31.674999,2700
2017-05-30,31.040001,33.009998,31.040001,32.250000,32.250000,3100
2017-05-31,34.349998,35.200001,33.775002,34.900002,34.900002,3300
2017-06-01,35.299999,41.160000,35.299999,38.299999,38.299999,10800
2017-06-02,38.470001,44.000000,38.470001,42.599998,42.599998,22600
2017-06-05,42.150002,43.880001,42.000000,43.400002,43.400002,11300
2017-06-06,43.990002,45.000000,35.000000,43.750000,43.750000,22600
2017-06-07,43.750000,44.240002,42.000000,42.189999,42.189999,12900
2017-06-08,42.080002,43.580002,42.080002,43.320000,43.320000,3900
2017-06-09,42.990002,43.500000,42.500000,43.500000,43.500000,6200
2017-06-12,42.779999,44.980000,42.029999,42.330002,42.330002,7400
2017-06-13,42.000000,42.259998,37.029999,37.439999,37.439999,7500
2017-06-14,38.000000,38.000000,34.000000,34.299999,34.299999,21300
2017-06-15,34.299999,36.000000,34.299999,35.325001,35.325001,8400
2017-06-16,35.500999,38.334999,33.278999,36.799999,36.799999,11200
2017-06-19,37.750000,37.750000,33.160000,33.709999,33.709999,5900
2017-06-20,34.000000,34.000000,31.600000,31.600000,31.600000,6200
2017-06-21,31.520000,31.520000,28.000000,30.014999,30.014999,16200
2017-06-22,30.080000,33.310001,30.080000,32.500000,32.500000,5200
2017-06-23,33.189999,36.889999,33.189999,35.700001,35.700001,11900
2017-06-26,35.740002,38.990002,35.740002,38.099998,38.099998,11000
2017-06-27,39.110001,39.810001,38.810001,39.000000,39.000000,4700
2017-06-28,41.000000,41.928001,40.506001,41.799999,41.799999,23500
2017-06-29,41.689999,43.200001,41.689999,42.900002,42.900002,9900
2017-06-30,42.099998,43.400002,42.099998,42.875000,42.875000,5600
2017-07-03,43.000000,48.490002,40.599998,48.349998,48.349998,7100
2017-07-05,48.029999,48.029999,41.009998,45.880001,45.880001,11900
2017-07-06,48.000000,48.000000,42.599998,44.900002,44.900002,1400
2017-07-07,44.500000,44.500000,41.000999,42.900002,42.900002,4400
2017-07-10,42.450001,42.450001,39.509998,39.990002,39.990002,5100
2017-07-11,39.560001,39.970001,38.410000,38.810001,38.810001,5500
2017-07-12,39.000000,42.645000,39.000000,42.000000,42.000000,4200
2017-07-13,41.500000,41.660000,39.799999,40.130001,40.130001,4100
2017-07-14,40.240002,41.880001,40.200001,41.880001,41.880001,2600
2017-07-17,41.200001,41.200001,40.400002,41.139999,41.139999,900
2017-07-18,40.689999,41.880001,40.002998,41.779999,41.779999,2700
2017-07-19,41.349998,41.349998,40.150002,40.209999,40.209999,1700
2017-07-20,40.250000,40.250000,38.480000,39.000000,39.000000,6500
2017-07-21,39.110001,39.160000,37.799999,37.799999,37.799999,1300
2017-07-24,38.200001,41.730000,37.299999,41.730000,41.730000,1400
2017-07-25,41.880001,41.880001,38.400002,39.700001,39.700001,1000
2017-07-26,39.299999,39.299999,38.709999,38.759998,38.759998,800
2017-07-27,38.529999,39.500000,38.529999,39.500000,39.500000,1300
2017-07-28,38.869999,39.700001,38.869999,39.009998,39.009998,700
2017-07-31,39.990002,41.740002,39.990002,41.740002,41.740002,1900
2017-08-01,41.299999,42.680000,39.500000,39.500000,39.500000,2000
2017-08-02,39.509998,39.785999,39.500000,39.599998,39.599998,600
2017-08-03,39.099998,39.099998,38.060001,38.290001,38.290001,1100
2017-08-04,38.150002,38.400002,38.150002,38.360001,38.360001,900
2017-08-07,40.000000,40.209999,40.000000,40.000000,40.000000,1500
2017-08-08,40.009998,41.279999,40.009998,41.279999,41.279999,1000
2017-08-09,40.799999,40.799999,40.110001,40.790001,40.790001,600
2017-08-10,40.090000,40.139999,39.009998,39.009998,39.009998,3600
2017-08-11,39.209999,39.270000,39.200001,39.259998,39.259998,700
2017-08-14,39.169998,39.256001,39.000000,39.000000,39.000000,1500
2017-08-15,39.639999,39.700001,39.060001,39.150002,39.150002,200
2017-08-16,39.439999,39.500000,39.049999,39.250000,39.250000,900
2017-08-17,39.200001,39.200001,38.410000,38.410000,38.410000,2800
2017-08-18,38.500000,40.971001,38.500000,40.970001,40.970001,1800
2017-08-21,40.740002,40.740002,38.410000,38.410000,38.410000,1200
2017-08-22,38.750000,39.109001,38.450001,38.500000,38.500000,2600
2017-08-23,38.520000,38.520000,38.160000,38.299999,38.299999,2600
2017-08-24,38.400002,38.740002,36.250000,36.750000,36.750000,26400
2017-08-25,36.994999,38.000000,36.305000,37.959999,37.959999,8400
2017-08-28,38.380001,38.380001,37.000000,37.099998,37.099998,900
2017-08-29,36.700001,42.000000,36.700001,40.400002,40.400002,6900
2017-08-30,41.500000,41.500000,38.700001,38.700001,38.700001,1200
2017-08-31,41.220001,41.220001,38.500000,38.500000,38.500000,700
2017-09-01,40.099998,42.490002,37.570000,40.590000,40.590000,4000
2017-09-05,40.630001,40.630001,35.630001,35.750000,35.750000,7000
2017-09-06,35.759998,36.549999,34.009998,35.549999,35.549999,9600
2017-09-07,36.650002,37.299999,36.023998,36.500000,36.500000,1400
2017-09-08,36.650002,36.750000,36.150002,36.200001,36.200001,2500
2017-09-11,38.500000,38.500000,36.509998,36.509998,36.509998,1200
2017-09-12,36.549999,37.230000,36.500000,37.230000,37.230000,1100
2017-09-13,38.095001,38.095001,38.095001,38.095001,38.095001,300
2017-09-14,37.310001,37.549999,37.310001,37.549999,37.549999,400
2017-09-15,38.990002,38.990002,38.000000,38.000000,38.000000,2500
2017-09-18,39.051998,39.051998,38.049999,38.110001,38.110001,700
2017-09-19,38.160000,38.854000,38.160000,38.854000,38.854000,600
2017-09-20,38.889999,39.080002,38.889999,39.000000,39.000000,2500
2017-09-21,39.102001,39.422001,39.000000,39.422001,39.422001,1900
2017-09-22,39.000000,39.000000,38.599998,38.599998,38.599998,1400
2017-09-25,38.279999,38.779999,38.279999,38.279999,38.279999,600
2017-09-26,38.279999,38.279999,37.000000,37.000000,37.000000,1400
2017-09-27,37.060001,37.060001,37.060001,37.060001,37.060001,200
2017-09-28,37.000000,37.000000,37.000000,37.000000,37.000000,500
2017-09-29,36.997002,36.999001,36.869999,36.869999,36.869999,300
2017-10-02,36.505001,38.000000,36.505001,38.000000,38.000000,500
2017-10-03,40.869999,40.869999,37.220001,39.470001,39.470001,2100
2017-10-04,38.500000,38.500000,38.500000,38.500000,38.500000,500
2017-10-05,38.500000,38.950001,38.500000,38.950001,38.950001,1200
2017-10-06,38.849998,39.419998,38.540001,39.049999,39.049999,500
2017-10-09,39.470001,39.470001,39.000000,39.000000,39.000000,300
2017-10-10,38.980000,39.000000,38.000000,39.000000,39.000000,4200
2017-10-11,39.000000,39.352001,39.000000,39.195999,39.195999,700
2017-10-12,39.200001,39.287998,38.500000,39.000000,39.000000,12600
2017-10-13,38.220001,38.500000,37.799999,38.000000,38.000000,8300
2017-10-16,37.075001,37.680000,36.750000,36.750000,36.750000,3800
2017-10-17,34.000000,35.990002,30.049999,35.980000,35.980000,8200
2017-10-18,36.042999,36.480000,35.759998,35.759998,35.759998,3800
2017-10-19,35.029999,35.200001,35.000000,35.000000,35.000000,5100
2017-10-20,34.500000,34.500000,28.990000,28.990000,28.990000,11100
2017-10-23,30.299999,33.500000,30.299999,32.500000,32.500000,2100
2017-10-24,35.000000,35.000000,32.150002,32.799999,32.799999,3900
2017-10-25,32.990002,33.110001,32.990002,33.110001,33.110001,1800
2017-10-26,34.727001,35.438000,34.450001,35.349998,35.349998,3300
2017-10-27,35.799999,36.279999,35.799999,36.279999,36.279999,4600
2017-10-30,36.279999,37.700001,33.840000,33.840000,33.840000,3100
2017-10-31,33.629002,36.259998,33.629002,35.200001,35.200001,2300
2017-11-01,35.810001,35.810001,35.810001,35.810001,35.810001,200
2017-11-02,35.810001,35.810001,35.810001,35.810001,35.810001,0
2017-11-03,36.880001,36.880001,35.000000,35.000000,35.000000,1500
2017-11-06,35.000000,35.000000,35.000000,35.000000,35.000000,0
2017-11-07,34.470001,35.141998,34.470001,34.999001,34.999001,900
2017-11-08,35.060001,35.755001,35.002998,35.599998,35.599998,2400
2017-11-09,35.599998,35.599998,35.599998,35.599998,35.599998,0
2017-11-10,35.419998,35.509998,35.419998,35.509998,35.509998,1700
2017-11-13,34.400002,34.830002,34.049999,34.830002,34.830002,1100
2017-11-14,35.020000,35.270000,34.630001,34.630001,34.630001,1400
2017-11-15,35.000000,35.259998,34.209999,34.209999,34.209999,1500
2017-11-16,34.369999,34.369999,34.369999,34.369999,34.369999,300
2017-11-17,35.195000,35.250000,35.195000,35.250000,35.250000,900
2017-11-20,34.500000,34.500000,34.009998,34.049999,34.049999,2200
2017-11-21,33.840000,34.695999,33.830002,34.695999,34.695999,1000
2017-11-22,34.509998,34.700001,34.000000,34.068001,34.068001,2100
2017-11-24,33.799999,33.799999,29.136000,29.136000,29.136000,6400
2017-11-27,32.395000,32.395000,32.395000,32.395000,32.395000,300
2017-11-28,34.884998,34.884998,33.869999,33.869999,33.869999,700
2017-11-29,33.799999,33.805000,33.799999,33.805000,33.805000,1000
2017-11-30,33.430000,33.430000,32.509998,32.509998,32.509998,400
2017-12-01,32.509998,32.509998,32.509998,32.509998,32.509998,0
2017-12-04,32.509998,32.509998,32.509998,32.509998,32.509998,0
2017-12-05,32.080002,32.080002,31.590000,31.590000,31.590000,1200
2017-12-06,31.590000,31.590000,31.590000,31.590000,31.590000,0
2017-12-07,31.930000,31.930000,31.590000,31.590000,31.590000,1200
2017-12-08,31.700001,31.700001,31.700001,31.700001,31.700001,600
2017-12-11,31.700001,31.700001,31.700001,31.700001,31.700001,0
2017-12-12,31.180000,31.180000,28.450001,28.450001,28.450001,9200
2017-12-13,28.040001,30.870001,28.040001,30.860001,30.860001,7800
2017-12-14,31.500000,31.500000,28.500999,29.110001,29.110001,3200
2017-12-15,30.000000,32.700001,30.000000,32.419998,32.419998,3900
2017-12-18,32.000000,32.000000,30.240000,30.240000,30.240000,1100
2017-12-19,29.000999,29.000999,29.000999,29.000999,29.000999,300
2017-12-20,30.990000,34.000000,30.990000,34.000000,34.000000,1700
2017-12-21,31.030001,31.510000,31.030001,31.510000,31.510000,600
2017-12-22,31.500000,32.000000,31.059999,31.059999,31.059999,1400
2017-12-26,32.580002,32.580002,32.580002,32.580002,32.580002,200
2017-12-27,32.000000,32.000000,30.040001,30.040001,30.040001,3300
2017-12-28,30.399000,30.399000,28.101000,28.610001,28.610001,1700
2017-12-29,28.799999,31.000000,28.799999,29.079000,29.079000,1500
2018-01-02,31.000000,31.000000,29.000000,29.000000,29.000000,8100
2018-01-03,29.090000,30.500999,29.000000,30.500999,30.500999,3600
2018-01-04,29.100000,29.100000,28.909000,28.930000,28.930000,3500
2018-01-05,29.000000,29.230000,28.000000,28.000000,28.000000,3800
2018-01-08,28.000000,28.000000,28.000000,28.000000,28.000000,0
2018-01-09,27.841999,28.000000,27.510000,27.590000,27.590000,1200
2018-01-10,27.500000,27.799999,27.000000,27.799999,27.799999,1200
2018-01-11,27.540001,27.940001,26.730000,26.730000,26.730000,13900
2018-01-12,26.540001,28.090000,25.740000,25.740000,25.740000,6300
2018-01-16,25.740000,27.600000,23.410000,23.410000,23.410000,12500
2018-01-17,24.000000,27.559999,24.000000,25.000000,25.000000,5500
2018-01-18,26.520000,26.520000,25.049999,25.620001,25.620001,4500
2018-01-19,26.000000,26.400000,25.500000,25.969999,25.969999,1500
2018-01-22,26.500000,29.400000,26.500000,28.209999,28.209999,10700
2018-01-23,29.299999,31.600000,29.000000,31.551001,31.551001,19400
2018-01-24,32.000000,34.000000,30.000000,33.936001,33.936001,38700
2018-01-25,34.000000,34.000000,31.839001,32.820000,32.820000,13400
2018-01-26,32.000000,32.000000,25.600000,31.750000,31.750000,9600
2018-01-29,32.025002,32.025002,28.857000,28.857000,28.857000,14100
2018-01-30,33.000000,33.000000,28.000000,28.000000,28.000000,3600
2018-01-31,28.000000,29.139999,27.000000,29.139999,29.139999,9400
2018-02-01,27.590000,28.295000,26.264999,26.639999,26.639999,5200
2018-02-02,27.804001,27.804001,26.879999,26.920000,26.920000,1900
2018-02-05,27.660000,27.954000,27.115000,27.356001,27.356001,2600
2018-02-06,27.610001,27.610001,25.271000,26.010000,26.010000,2000
2018-02-07,26.590000,27.500000,26.049999,27.290001,27.290001,900
2018-02-08,27.799999,27.799999,26.110001,26.469999,26.469999,3400
2018-02-09,26.052999,26.999001,25.900000,26.999001,26.999001,3300
2018-02-12,26.990000,26.990000,26.240000,26.245001,26.245001,1000
2018-02-13,26.250000,26.620001,26.250000,26.620001,26.620001,400
2018-02-14,26.530001,26.590000,26.122000,26.340000,26.340000,1900
2018-02-15,25.990000,27.400000,25.990000,26.120001,26.120001,700
2018-02-16,26.930000,26.930000,25.900000,26.500000,26.500000,5200
2018-02-20,26.200001,26.320000,25.930000,26.145000,26.145000,1900
2018-02-21,26.020000,26.400000,26.020000,26.250000,26.250000,1700
2018-02-22,26.270000,26.270000,25.900000,25.900000,25.900000,3900
2018-02-23,25.900000,26.150000,24.990000,24.990000,24.990000,9900
2018-02-26,25.000000,25.200001,22.575001,22.575001,22.575001,8800
2018-02-27,23.500000,25.184999,21.280001,21.650000,21.650000,13100
2018-02-28,21.325001,22.110001,20.429001,20.500000,20.500000,25900
2018-03-01,20.750000,21.000000,20.260000,20.389999,20.389999,5900
2018-03-02,20.440001,23.625000,20.299999,21.500000,21.500000,12300
2018-03-05,19.549999,26.900000,19.549999,26.850000,26.850000,11400
2018-03-06,28.000000,30.500000,27.014999,29.000000,29.000000,25200
2018-03-07,29.120001,29.120001,24.290001,27.370001,27.370001,29400
2018-03-08,27.049999,27.680000,26.000000,26.500000,26.500000,12400
2018-03-09,26.510000,28.160000,25.500000,28.000000,28.000000,41700
2018-03-12,28.000000,30.299999,26.500000,30.299999,30.299999,31600
2018-03-13,30.000000,30.000000,28.059999,28.459999,28.459999,17000
2018-03-14,28.000000,28.410000,26.879999,26.990000,26.990000,25100
2018-03-15,27.309999,27.309999,26.150000,27.299999,27.299999,18000
2018-03-16,26.799999,26.884001,26.040001,26.090000,26.090000,17200
2018-03-19,26.350000,26.400000,25.990000,26.250000,26.250000,5900
2018-03-20,26.500000,27.150000,26.000000,27.150000,27.150000,7800
2018-03-21,26.900000,26.930000,26.299000,26.500000,26.500000,7600
2018-03-22,26.400000,27.000000,26.299999,26.799999,26.799999,10800
2018-03-23,26.999001,27.000000,26.379999,26.379999,26.379999,7900
2018-03-26,26.740000,26.740000,26.450001,26.600000,26.600000,2200
2018-03-27,26.450001,26.450001,25.825001,26.299999,26.299999,14800
2018-03-28,26.344000,26.459999,26.344000,26.459999,26.459999,600
2018-03-29,26.700001,26.700001,25.600000,25.620001,25.620001,12400
2018-04-02,25.620001,26.650000,25.600000,26.650000,26.650000,1400
2018-04-03,26.950001,27.020000,26.520000,26.520000,26.520000,3200
2018-04-04,26.070000,27.000000,26.070000,27.000000,27.000000,2300
2018-04-05,26.950001,27.000000,26.750000,26.770000,26.770000,6100
2018-04-06,26.950001,27.000000,26.950001,27.000000,27.000000,400
2018-04-09,26.990000,27.049999,26.799999,26.799999,26.799999,1300
2018-04-10,26.900000,27.000000,26.350000,26.900000,26.900000,3000
2018-04-11,27.000000,27.049999,26.950001,26.950001,26.950001,2200
2018-04-12,27.000000,27.049999,26.969999,27.049999,27.049999,11300
2018-04-13,27.000000,27.049999,26.990000,27.049999,27.049999,12000
2018-04-16,26.920000,26.920000,26.920000,26.920000,26.920000,400
2018-04-17,27.000000,27.000000,27.000000,27.000000,27.000000,200
2018-04-18,26.549999,27.000000,26.549999,27.000000,27.000000,3400
2018-04-19,27.000000,27.500000,26.782000,27.500000,27.500000,29400
2018-04-20,27.500000,31.100000,26.667000,31.100000,31.100000,84900
2018-04-23,30.570000,31.000000,29.500000,30.000000,30.000000,60400
2018-04-24,30.120001,30.469999,30.000000,30.000000,30.000000,9900
2018-04-25,30.299999,32.279999,30.000000,32.000000,32.000000,79800
2018-04-26,32.060001,33.299999,32.000000,33.000000,33.000000,32300
2018-04-27,33.259998,33.259998,31.000000,31.100000,31.100000,20100
2018-04-30,31.690001,32.980000,29.969999,31.000000,31.000000,17400
2018-05-01,30.760000,31.690001,30.500000,30.620001,30.620001,20200
2018-05-02,30.900000,30.900000,30.430000,30.430000,30.430000,5200
2018-05-03,30.000000,30.000000,29.200001,29.299999,29.299999,14800
2018-05-04,29.049999,29.790001,27.945000,29.790001,29.790001,12600
2018-05-07,29.750000,29.790001,27.200001,28.790001,28.790001,24800
2018-05-08,28.330000,28.330000,27.601000,28.000000,28.000000,8200
2018-05-09,27.990000,28.100000,27.240000,27.260000,27.260000,14300
2018-05-10,27.520000,28.110001,26.730000,27.200001,27.200001,16900
2018-05-11,27.540001,27.930000,27.530001,27.799999,27.799999,900
2018-05-14,28.000000,28.000000,27.190001,27.690001,27.690001,4700
2018-05-15,29.000000,29.000000,27.520000,27.520000,27.520000,1700
2018-05-16,27.400000,27.610001,27.400000,27.600000,27.600000,7000
2018-05-17,30.000000,30.000000,27.400000,27.610001,27.610001,18800
2018-05-18,27.799000,27.799000,26.850000,27.379999,27.379999,13200
2018-05-21,27.500000,27.500000,24.740000,27.170000,27.170000,13200
2018-05-22,27.000000,30.980000,27.000000,30.980000,30.980000,23900
2018-05-23,30.870001,30.870001,27.309999,27.510000,27.510000,13300
2018-05-24,27.990999,29.000000,27.000000,27.499001,27.499001,19400
2018-05-25,27.160000,28.000000,26.070000,26.900000,26.900000,12400
2018-05-29,26.969999,27.990000,26.708000,27.350000,27.350000,9100
2018-05-30,27.500000,27.555000,26.760000,26.799999,26.799999,13000
2018-05-31,27.000000,27.000000,26.510000,26.688000,26.688000,14200
2018-06-01,26.840000,27.500000,26.840000,27.450001,27.450001,10200
2018-06-04,27.448999,27.450001,26.100000,26.480000,26.480000,14000
2018-06-05,26.500000,26.580000,26.150000,26.400000,26.400000,4400
2018-06-06,26.200001,27.150000,26.200001,26.290001,26.290001,4000
2018-06-07,27.500000,28.000000,26.480000,28.000000,28.000000,5600
2018-06-08,27.245001,27.799999,27.004000,27.410000,27.410000,6300
2018-06-11,27.299999,27.299999,26.799999,26.799999,26.799999,5700
2018-06-12,26.250000,27.490000,26.250000,26.879999,26.879999,10500
2018-06-13,26.872999,27.280001,26.872999,27.010000,27.010000,3700
2018-06-14,27.100000,27.500000,26.600000,26.620001,26.620001,6700
2018-06-15,26.825001,27.200001,26.825001,26.879999,26.879999,4600
2018-06-18,26.881001,27.100000,26.879999,26.879999,26.879999,2200
2018-06-19,26.923000,26.923000,26.139999,26.309999,26.309999,4700
2018-06-20,26.700001,27.160000,26.549999,27.000000,27.000000,6400
2018-06-21,26.780001,27.000000,26.400000,26.500000,26.500000,10900
2018-06-22,27.799999,27.799999,26.709999,26.780001,26.780001,6500
2018-06-25,27.000000,27.379999,26.000000,27.000000,27.000000,25800
2018-06-26,27.000000,27.100000,26.660000,27.100000,27.100000,5900
2018-06-27,27.000000,27.080000,26.000000,27.000000,27.000000,26300
2018-06-28,27.000000,27.000000,26.889999,26.980000,26.980000,2200
2018-06-29,26.910000,26.910000,26.500000,26.510000,26.510000,4500
