Date,Open,High,Low,Close,Adj Close,Volume
2013-01-02,3.730000,3.940000,3.700000,3.840000,3.840000,187200
2013-01-03,3.800000,3.950000,3.700000,3.710000,3.710000,169900
2013-01-04,3.700000,3.840000,3.660000,3.710000,3.710000,68100
2013-01-07,3.690000,3.790000,3.650000,3.670000,3.670000,142400
2013-01-08,3.650000,3.780000,3.650000,3.690000,3.690000,71100
2013-01-09,3.660000,3.850000,3.660000,3.810000,3.810000,312500
2013-01-10,3.810000,4.150000,3.730000,4.000000,4.000000,177900
2013-01-11,4.080000,4.080000,3.920000,4.030000,4.030000,100700
2013-01-14,3.960000,4.170000,3.960000,4.020000,4.020000,102000
2013-01-15,4.010000,4.060000,3.980000,4.050000,4.050000,39600
2013-01-16,4.000000,4.120000,3.870000,3.890000,3.890000,107600
2013-01-17,3.850000,4.040000,3.850000,4.010000,4.010000,86300
2013-01-18,4.010000,4.100000,3.980000,3.990000,3.990000,66500
2013-01-22,4.020000,4.150000,3.980000,4.060000,4.060000,114300
2013-01-23,4.030000,4.290000,4.010000,4.150000,4.150000,151900
2013-01-24,4.190000,4.290000,4.190000,4.250000,4.250000,55900
2013-01-25,4.220000,4.360000,4.210000,4.320000,4.320000,67000
2013-01-28,4.220000,4.250000,4.070000,4.080000,4.080000,34000
2013-01-29,4.060000,4.150000,3.950000,4.000000,4.000000,55500
2013-01-30,4.050000,4.070000,3.820000,3.850000,3.850000,53500
2013-01-31,3.820000,3.930000,3.720000,3.800000,3.800000,111900
2013-02-01,3.760000,3.910000,3.760000,3.890000,3.890000,9100
2013-02-04,3.910000,3.930000,3.820000,3.870000,3.870000,12400
2013-02-05,3.820000,3.850000,3.730000,3.740000,3.740000,52000
2013-02-06,3.800000,3.820000,3.740000,3.770000,3.770000,72700
2013-02-07,3.770000,3.810000,3.730000,3.780000,3.780000,53300
2013-02-08,3.750000,3.760000,3.720000,3.720000,3.720000,37200
2013-02-11,3.700000,3.760000,3.700000,3.730000,3.730000,7200
2013-02-12,3.730000,3.870000,3.730000,3.800000,3.800000,4400
2013-02-13,3.870000,3.890000,3.750000,3.800000,3.800000,36300
2013-02-14,3.740000,3.800000,3.740000,3.750000,3.750000,19400
2013-02-15,3.730000,3.830000,3.710000,3.740000,3.740000,23800
2013-02-19,3.740000,3.810000,3.700000,3.760000,3.760000,71900
2013-02-20,3.720000,3.750000,3.600000,3.640000,3.640000,83800
2013-02-21,3.620000,3.640000,3.500000,3.550000,3.550000,111500
2013-02-22,3.550000,3.620000,3.550000,3.600000,3.600000,15100
2013-02-25,3.600000,3.640000,3.530000,3.530000,3.530000,65300
2013-02-26,3.530000,3.620000,3.520000,3.600000,3.600000,13900
2013-02-27,3.630000,3.640000,3.510000,3.550000,3.550000,16800
2013-02-28,3.550000,3.580000,3.530000,3.540000,3.540000,14400
2013-03-01,3.540000,3.640000,3.540000,3.590000,3.590000,20100
2013-03-04,3.580000,3.620000,3.580000,3.600000,3.600000,33600
2013-03-05,3.600000,3.630000,3.580000,3.630000,3.630000,31000
2013-03-06,3.640000,3.840000,3.610000,3.800000,3.800000,63400
2013-03-07,3.800000,3.820000,3.750000,3.800000,3.800000,24600
2013-03-08,3.800000,3.820000,3.740000,3.800000,3.800000,43700
2013-03-11,3.800000,4.040000,3.760000,4.010000,4.010000,148800
2013-03-12,4.040000,4.040000,3.850000,3.940000,3.940000,34700
2013-03-13,3.940000,3.980000,3.900000,3.910000,3.910000,36400
2013-03-14,3.890000,3.910000,3.850000,3.880000,3.880000,51700
2013-03-15,3.870000,3.870000,3.750000,3.820000,3.820000,50500
2013-03-18,3.800000,3.870000,3.800000,3.870000,3.870000,40900
2013-03-19,3.870000,3.880000,3.860000,3.860000,3.860000,51000
2013-03-20,3.850000,3.890000,3.850000,3.850000,3.850000,36400
2013-03-21,3.850000,3.900000,3.840000,3.900000,3.900000,50900
2013-03-22,3.900000,3.960000,3.850000,3.920000,3.920000,65900
2013-03-25,3.920000,3.920000,3.850000,3.850000,3.850000,26900
2013-03-26,3.870000,3.870000,3.690000,3.730000,3.730000,9500
2013-03-27,3.730000,3.730000,3.560000,3.730000,3.730000,43000
2013-03-28,3.730000,3.730000,3.610000,3.640000,3.640000,6900
2013-04-01,3.640000,3.640000,3.590000,3.620000,3.620000,9800
2013-04-02,3.560000,3.790000,3.560000,3.790000,3.790000,7100
2013-04-03,3.810000,3.810000,3.610000,3.650000,3.650000,36400
2013-04-04,3.680000,3.840000,3.680000,3.710000,3.710000,8200
2013-04-05,3.710000,3.710000,3.570000,3.570000,3.570000,13600
2013-04-08,3.700000,3.740000,3.660000,3.720000,3.720000,32100
2013-04-09,3.780000,3.840000,3.720000,3.830000,3.830000,56300
2013-04-10,3.600000,3.650000,3.500000,3.550000,3.550000,75800
2013-04-11,3.540000,3.690000,3.540000,3.610000,3.610000,57200
2013-04-12,3.570000,3.690000,3.570000,3.690000,3.690000,31000
2013-04-15,3.560000,3.690000,3.530000,3.670000,3.670000,35400
2013-04-16,3.520000,3.750000,3.520000,3.700000,3.700000,24100
2013-04-17,3.750000,3.790000,3.650000,3.760000,3.760000,25600
2013-04-18,3.780000,3.780000,3.650000,3.650000,3.650000,32800
2013-04-19,3.630000,3.650000,3.560000,3.560000,3.560000,7700
2013-04-22,3.590000,3.590000,3.500000,3.550000,3.550000,12000
2013-04-23,3.540000,3.700000,3.540000,3.580000,3.580000,57800
2013-04-24,3.640000,3.640000,3.570000,3.570000,3.570000,3700
2013-04-25,3.650000,3.720000,3.590000,3.640000,3.640000,124200
2013-04-26,3.660000,3.750000,3.640000,3.750000,3.750000,8800
2013-04-29,3.790000,3.790000,3.750000,3.790000,3.790000,12100
2013-04-30,3.750000,3.840000,3.740000,3.820000,3.820000,8500
2013-05-01,3.790000,3.850000,3.770000,3.830000,3.830000,19200
2013-05-02,3.790000,3.790000,3.620000,3.670000,3.670000,6400
2013-05-03,3.740000,3.770000,3.700000,3.730000,3.730000,38000
2013-05-06,3.730000,3.890000,3.730000,3.880000,3.880000,25400
2013-05-07,3.890000,3.980000,3.750000,3.920000,3.920000,54100
2013-05-08,3.920000,4.000000,3.920000,3.990000,3.990000,19900
2013-05-09,3.990000,4.450000,3.990000,4.410000,4.410000,125400
2013-05-10,4.350000,4.500000,4.320000,4.450000,4.450000,62600
2013-05-13,4.330000,4.380000,4.260000,4.290000,4.290000,42900
2013-05-14,4.300000,4.460000,4.240000,4.460000,4.460000,51400
2013-05-15,4.390000,4.400000,4.280000,4.390000,4.390000,18100
2013-05-16,3.900000,4.390000,3.900000,4.290000,4.290000,32500
2013-05-17,4.210000,4.400000,3.910000,4.070000,4.070000,15900
2013-05-20,4.030000,4.300000,4.030000,4.230000,4.230000,50200
2013-05-21,4.270000,4.980000,4.270000,4.800000,4.800000,256900
2013-05-22,4.740000,4.920000,4.540000,4.850000,4.850000,92700
2013-05-23,4.760000,4.880000,4.580000,4.750000,4.750000,38800
2013-05-24,4.630000,4.780000,4.600000,4.640000,4.640000,20900
2013-05-28,4.520000,4.840000,4.510000,4.840000,4.840000,90900
2013-05-29,4.800000,5.130000,4.800000,5.090000,5.090000,195300
2013-05-30,5.150000,5.210000,4.540000,4.600000,4.600000,156100
2013-05-31,4.510000,4.700000,4.450000,4.570000,4.570000,68700
2013-06-03,4.500000,4.570000,4.360000,4.450000,4.450000,42600
2013-06-04,4.390000,4.410000,4.250000,4.310000,4.310000,52600
2013-06-05,4.260000,4.270000,4.140000,4.160000,4.160000,35800
2013-06-06,4.160000,4.430000,4.160000,4.430000,4.430000,17000
2013-06-07,4.340000,4.400000,4.260000,4.300000,4.300000,21600
2013-06-10,4.250000,4.420000,4.250000,4.320000,4.320000,35500
2013-06-11,4.340000,4.340000,4.250000,4.300000,4.300000,23200
2013-06-12,4.310000,4.340000,4.230000,4.310000,4.310000,34400
2013-06-13,4.270000,4.270000,4.110000,4.220000,4.220000,57800
2013-06-14,4.280000,4.280000,4.120000,4.150000,4.150000,26000
2013-06-17,4.180000,4.180000,4.100000,4.110000,4.110000,24400
2013-06-18,4.150000,4.170000,4.130000,4.130000,4.130000,4000
2013-06-19,4.170000,4.170000,4.090000,4.120000,4.120000,16300
2013-06-20,4.070000,4.120000,3.810000,3.860000,3.860000,95200
2013-06-21,3.900000,3.960000,3.870000,3.910000,3.910000,24300
2013-06-24,3.820000,3.860000,3.770000,3.830000,3.830000,34300
2013-06-25,3.960000,4.020000,3.900000,3.900000,3.900000,39300
2013-06-26,3.910000,4.030000,3.830000,3.900000,3.900000,81300
2013-06-27,3.950000,4.000000,3.870000,4.000000,4.000000,50100
2013-06-28,3.970000,4.100000,3.900000,4.050000,4.050000,40400
2013-07-01,3.980000,4.040000,3.750000,4.000000,4.000000,109500
2013-07-02,3.890000,4.210000,3.890000,4.010000,4.010000,18600
2013-07-03,3.960000,3.960000,3.930000,3.950000,3.950000,10800
2013-07-05,3.950000,3.980000,3.930000,3.930000,3.930000,14800
2013-07-08,3.900000,3.900000,3.820000,3.830000,3.830000,10800
2013-07-09,3.810000,3.910000,3.810000,3.850000,3.850000,35400
2013-07-10,3.810000,3.870000,3.810000,3.850000,3.850000,5100
2013-07-11,3.960000,4.070000,3.810000,3.890000,3.890000,31900
2013-07-12,3.900000,3.970000,3.880000,3.920000,3.920000,22200
2013-07-15,4.010000,4.140000,3.970000,4.050000,4.050000,73400
2013-07-16,4.090000,4.110000,3.960000,4.050000,4.050000,72200
2013-07-17,3.990000,4.100000,3.990000,3.990000,3.990000,19900
2013-07-18,3.970000,4.310000,3.970000,4.230000,4.230000,27000
2013-07-19,4.200000,4.200000,4.190000,4.190000,4.190000,1100
2013-07-22,4.120000,4.370000,4.120000,4.310000,4.310000,31900
2013-07-23,4.360000,4.420000,4.260000,4.380000,4.380000,38900
2013-07-24,4.400000,4.570000,4.330000,4.500000,4.500000,60400
2013-07-25,4.570000,4.790000,4.570000,4.630000,4.630000,81300
2013-07-26,4.690000,4.710000,4.520000,4.550000,4.550000,95600
2013-07-29,4.500000,4.510000,4.270000,4.350000,4.350000,51800
2013-07-30,4.470000,4.470000,4.260000,4.380000,4.380000,34000
2013-07-31,4.380000,4.500000,4.280000,4.380000,4.380000,70700
2013-08-01,4.390000,4.390000,4.220000,4.370000,4.370000,43400
2013-08-02,4.370000,4.480000,4.370000,4.400000,4.400000,67900
2013-08-05,4.490000,4.790000,4.440000,4.670000,4.670000,170900
2013-08-06,4.730000,4.990000,4.700000,4.710000,4.710000,132100
2013-08-07,4.750000,4.840000,4.560000,4.630000,4.630000,98500
2013-08-08,4.640000,4.780000,4.640000,4.660000,4.660000,50700
2013-08-09,4.660000,4.790000,4.550000,4.630000,4.630000,35600
2013-08-12,4.670000,4.670000,4.640000,4.640000,4.640000,12300
2013-08-13,4.890000,5.370000,4.830000,5.270000,5.270000,269300
2013-08-14,5.370000,6.400000,5.350000,6.000000,6.000000,456300
2013-08-15,5.740000,5.850000,5.260000,5.540000,5.540000,172100
2013-08-16,5.660000,5.660000,5.300000,5.330000,5.330000,109900
2013-08-19,5.550000,6.050000,5.350000,5.430000,5.430000,222600
2013-08-20,5.660000,5.850000,5.350000,5.480000,5.480000,254000
2013-08-21,5.400000,5.470000,5.150000,5.200000,5.200000,102600
2013-08-22,5.330000,5.330000,5.020000,5.150000,5.150000,174700
2013-08-23,5.130000,5.210000,5.020000,5.210000,5.210000,84900
2013-08-26,5.200000,5.210000,5.040000,5.110000,5.110000,76200
2013-08-27,5.100000,5.100000,4.950000,4.950000,4.950000,118100
2013-08-28,4.950000,5.000000,4.900000,4.900000,4.900000,48900
2013-08-29,4.950000,4.960000,4.790000,4.820000,4.820000,64500
2013-08-30,4.850000,4.850000,4.480000,4.480000,4.480000,73200
2013-09-03,4.580000,4.670000,4.380000,4.460000,4.460000,110900
2013-09-04,4.510000,5.040000,4.370000,5.000000,5.000000,183700
2013-09-05,5.000000,5.000000,4.810000,5.000000,5.000000,97800
2013-09-06,4.950000,5.240000,4.930000,5.020000,5.020000,84200
2013-09-09,4.990000,5.280000,4.990000,5.050000,5.050000,69600
2013-09-10,5.010000,5.190000,4.880000,5.010000,5.010000,213400
2013-09-11,4.970000,5.070000,4.940000,5.030000,5.030000,32900
2013-09-12,5.000000,5.000000,4.920000,5.000000,5.000000,41600
2013-09-13,4.990000,5.140000,4.780000,5.090000,5.090000,65400
2013-09-16,5.140000,5.140000,5.050000,5.080000,5.080000,92700
2013-09-17,5.050000,5.120000,5.000000,5.030000,5.030000,91300
2013-09-18,5.000000,5.070000,4.900000,5.000000,5.000000,95800
2013-09-19,5.000000,5.120000,4.950000,5.050000,5.050000,51900
2013-09-20,5.130000,5.130000,4.860000,4.980000,4.980000,139200
2013-09-23,5.000000,5.100000,4.950000,5.040000,5.040000,213300
2013-09-24,5.020000,5.100000,4.990000,5.030000,5.030000,137400
2013-09-25,5.020000,5.750000,5.000000,5.680000,5.680000,286700
2013-09-26,5.700000,6.360000,5.700000,5.950000,5.950000,466800
2013-09-27,5.900000,6.200000,5.640000,5.990000,5.990000,181900
2013-09-30,5.900000,6.120000,5.900000,5.950000,5.950000,85700
2013-10-01,5.960000,6.020000,5.900000,6.000000,6.000000,93900
2013-10-02,6.000000,6.610000,5.950000,6.500000,6.500000,369000
2013-10-03,6.590000,7.400000,6.490000,7.330000,7.330000,855200
2013-10-04,7.400000,8.350000,7.400000,8.290000,8.290000,1477300
2013-10-07,8.320000,8.930000,7.880000,8.100000,8.100000,1247100
2013-10-08,8.060000,8.250000,7.330000,7.630000,7.630000,719400
2013-10-09,7.630000,7.800000,7.310000,7.710000,7.710000,292500
2013-10-10,8.130000,8.150000,7.700000,7.750000,7.750000,212000
2013-10-11,7.840000,8.350000,7.800000,8.080000,8.080000,306900
2013-10-14,8.000000,9.310000,7.870000,9.230000,9.230000,1219100
2013-10-15,9.030000,10.000000,8.540000,9.180000,9.180000,1968100
2013-10-16,9.200000,9.490000,8.650000,8.720000,8.720000,607800
2013-10-17,8.700000,9.250000,8.580000,9.010000,9.010000,487500
2013-10-18,9.190000,10.010000,9.190000,9.730000,9.730000,1239500
2013-10-21,10.030000,10.640000,9.700000,9.810000,9.810000,852000
2013-10-22,9.800000,9.900000,9.050000,9.580000,9.580000,374600
2013-10-23,9.480000,9.490000,8.900000,8.910000,8.910000,529200
2013-10-24,8.900000,9.260000,8.320000,8.610000,8.610000,710100
2013-10-25,8.500000,8.530000,7.530000,7.590000,7.590000,768200
2013-10-28,7.470000,7.500000,6.540000,6.710000,6.710000,815900
2013-10-29,6.720000,7.240000,6.510000,6.990000,6.990000,701600
2013-10-30,7.010000,7.250000,6.760000,6.830000,6.830000,450700
2013-10-31,6.790000,6.980000,6.620000,6.830000,6.830000,206100
2013-11-01,6.970000,7.500000,6.840000,7.320000,7.320000,460300
2013-11-04,7.340000,7.500000,7.120000,7.230000,7.230000,384600
2013-11-05,7.290000,8.180000,7.200000,8.080000,8.080000,524100
2013-11-06,7.860000,8.020000,7.320000,7.350000,7.350000,445500
2013-11-07,7.490000,7.780000,7.080000,7.360000,7.360000,346400
2013-11-08,7.250000,7.490000,7.050000,7.090000,7.090000,267800
2013-11-11,7.070000,7.840000,7.070000,7.520000,7.520000,389300
2013-11-12,7.530000,7.790000,7.150000,7.250000,7.250000,186600
2013-11-13,7.310000,7.790000,7.300000,7.730000,7.730000,322800
2013-11-14,7.750000,8.290000,7.600000,8.040000,8.040000,521500
2013-11-15,8.050000,8.770000,8.050000,8.670000,8.670000,469600
2013-11-18,9.080000,9.080000,8.450000,8.630000,8.630000,768500
2013-11-19,7.000000,7.500000,7.000000,7.000000,7.000000,1477300
2013-11-20,7.130000,7.420000,7.000000,7.380000,7.380000,481200
2013-11-21,7.150000,7.340000,7.060000,7.130000,7.130000,354000
2013-11-22,7.000000,7.240000,6.800000,7.210000,7.210000,427200
2013-11-25,7.060000,7.220000,6.820000,7.000000,7.000000,282900
2013-11-26,7.000000,7.100000,6.820000,7.010000,7.010000,208500
2013-11-27,6.930000,7.220000,6.930000,7.200000,7.200000,185300
2013-11-29,7.300000,7.620000,7.070000,7.450000,7.450000,161400
2013-12-02,7.500000,7.500000,7.100000,7.350000,7.350000,161400
2013-12-03,7.240000,7.560000,7.200000,7.350000,7.350000,141300
2013-12-04,7.250000,7.750000,7.250000,7.720000,7.720000,208500
2013-12-05,7.510000,7.770000,7.500000,7.620000,7.620000,170100
2013-12-06,7.620000,7.620000,7.430000,7.480000,7.480000,105800
2013-12-09,7.430000,7.480000,7.260000,7.340000,7.340000,131200
2013-12-10,7.330000,7.330000,7.100000,7.140000,7.140000,95400
2013-12-11,7.100000,7.680000,7.100000,7.120000,7.120000,479800
2013-12-12,7.250000,7.560000,7.120000,7.520000,7.520000,268100
2013-12-13,7.460000,8.900000,7.390000,8.880000,8.880000,837300
2013-12-16,8.370000,9.200000,8.360000,8.640000,8.640000,637800
2013-12-17,8.510000,9.160000,8.500000,8.730000,8.730000,331700
2013-12-18,8.650000,9.030000,8.570000,8.960000,8.960000,245800
2013-12-19,9.250000,9.750000,9.130000,9.210000,9.210000,793800
2013-12-20,9.300000,9.550000,9.050000,9.190000,9.190000,231400
2013-12-23,9.310000,9.980000,9.120000,9.610000,9.610000,980500
2013-12-24,9.830000,9.900000,9.480000,9.480000,9.480000,212000
2013-12-26,9.470000,9.880000,9.470000,9.780000,9.780000,274900
2013-12-27,9.840000,9.980000,9.540000,9.640000,9.640000,270100
2013-12-30,9.790000,9.840000,9.200000,9.280000,9.280000,270600
2013-12-31,9.160000,9.240000,8.450000,8.910000,8.910000,687600
2014-01-02,8.930000,9.640000,8.860000,9.600000,9.600000,510000
2014-01-03,9.640000,10.990000,9.520000,10.990000,10.990000,1774000
2014-01-06,11.110000,11.450000,10.600000,10.770000,10.770000,1457400
2014-01-07,10.770000,11.900000,10.770000,11.720000,11.720000,1126700
2014-01-08,11.800000,14.660000,11.800000,13.990000,13.990000,2334900
2014-01-09,13.920000,14.290000,13.070000,14.260000,14.260000,1094100
2014-01-10,14.470000,15.780000,13.900000,14.280000,14.280000,1375600
2014-01-13,14.250000,14.250000,12.800000,13.200000,13.200000,1156100
2014-01-14,13.490000,13.790000,13.000000,13.250000,13.250000,318300
2014-01-15,13.240000,13.820000,13.240000,13.490000,13.490000,372100
2014-01-16,13.660000,14.860000,13.660000,14.050000,14.050000,636500
2014-01-17,13.930000,14.660000,13.310000,13.510000,13.510000,557500
2014-01-21,13.920000,14.650000,13.500000,14.620000,14.620000,443000
2014-01-22,14.870000,17.469999,14.560000,16.830000,16.830000,1464200
2014-01-23,15.300000,16.879999,15.080000,16.400000,16.400000,784100
2014-01-24,16.830000,17.400000,16.030001,16.230000,16.230000,741800
2014-01-27,16.110001,16.420000,12.900000,13.880000,13.880000,1406700
2014-01-28,13.960000,16.580000,13.900000,15.150000,15.150000,830300
2014-01-29,14.320000,15.700000,14.200000,15.030000,15.030000,539600
2014-01-30,15.020000,15.710000,14.510000,14.840000,14.840000,371500
2014-01-31,14.710000,15.400000,14.550000,14.830000,14.830000,465200
2014-02-03,14.580000,15.430000,13.260000,13.410000,13.410000,518200
2014-02-04,13.160000,14.390000,13.140000,14.380000,14.380000,311900
2014-02-05,14.000000,14.380000,12.550000,13.640000,13.640000,607800
2014-02-06,13.930000,14.180000,13.500000,13.710000,13.710000,223800
2014-02-07,14.580000,15.280000,14.010000,14.520000,14.520000,734400
2014-02-10,14.370000,16.270000,14.370000,15.960000,15.960000,909800
2014-02-11,16.639999,16.840000,15.060000,15.580000,15.580000,881700
2014-02-12,15.680000,15.960000,14.900000,15.000000,15.000000,340600
2014-02-13,14.720000,16.110001,14.600000,15.410000,15.410000,527800
2014-02-14,15.240000,15.940000,14.980000,15.220000,15.220000,241500
2014-02-18,15.570000,18.450001,15.440000,17.870001,17.870001,1451700
2014-02-19,17.790001,21.850000,17.500000,21.450001,21.450001,2217000
2014-02-20,21.010000,21.610001,20.250000,20.670000,20.670000,996400
2014-02-21,20.379999,23.750000,20.200001,23.500000,23.500000,1515500
2014-02-24,23.030001,23.700001,21.930000,22.570000,22.570000,1079100
2014-02-25,21.780001,21.780001,18.809999,20.950001,20.950001,1587200
2014-02-26,20.920000,21.750000,20.379999,20.650000,20.650000,444400
2014-02-27,20.000000,22.120001,19.830000,21.250000,21.250000,415700
2014-02-28,21.600000,22.100000,20.500000,21.100000,21.100000,296000
2014-03-03,20.000000,26.850000,19.049999,26.070000,26.070000,2072300
2014-03-04,26.719999,26.850000,23.750000,25.190001,25.190001,2272700
2014-03-05,27.990000,27.990000,24.900000,25.549999,25.549999,983900
2014-03-06,25.860001,27.500000,24.900000,25.379999,25.379999,980200
2014-03-07,25.500000,26.430000,24.850000,25.000000,25.000000,587300
2014-03-10,25.010000,25.400000,22.750000,25.309999,25.309999,692900
2014-03-11,25.549999,26.290001,24.700001,25.309999,25.309999,828000
2014-03-12,24.780001,24.850000,23.150000,24.309999,24.309999,866800
2014-03-13,25.200001,29.340000,25.200001,27.360001,27.360001,2245800
2014-03-14,26.010000,26.500000,23.760000,23.950001,23.950001,1145500
2014-03-17,24.000000,26.100000,23.610001,25.719999,25.719999,898000
2014-03-18,26.000000,26.740000,25.320000,25.959999,25.959999,565600
2014-03-19,26.299999,26.480000,24.719999,25.030001,25.030001,458500
2014-03-20,25.000000,25.780001,24.020000,24.219999,24.219999,449300
2014-03-21,24.020000,24.709999,22.760000,23.790001,23.790001,712000
2014-03-24,24.600000,24.639999,20.040001,22.520000,22.520000,1185700
2014-03-25,24.020000,24.150000,21.120001,21.750000,21.750000,997200
2014-03-26,21.540001,21.830000,20.610001,20.950001,20.950001,604800
2014-03-27,20.549999,21.430000,18.799999,20.090000,20.090000,1042400
2014-03-28,20.590000,21.450001,19.959999,20.670000,20.670000,466000
2014-03-31,20.410000,21.400000,19.799999,20.540001,20.540001,765300
2014-04-01,20.600000,23.280001,20.600000,22.730000,22.730000,772300
2014-04-02,22.110001,23.500000,21.820000,23.170000,23.170000,574300
2014-04-03,22.660000,23.340000,20.889999,21.469999,21.469999,628100
2014-04-04,22.150000,22.150000,20.360001,20.740000,20.740000,366200
2014-04-07,20.500000,20.600000,18.110001,18.760000,18.760000,804200
2014-04-08,18.780001,20.129999,18.420000,19.420000,19.420000,524900
2014-04-09,19.940001,20.350000,18.799999,19.340000,19.340000,471300
2014-04-10,19.450001,19.650000,17.180000,17.330000,17.330000,475200
2014-04-11,16.809999,17.400000,15.900000,16.230000,16.230000,911100
2014-04-14,16.379999,17.000000,15.610000,16.160000,16.160000,466700
2014-04-15,15.960000,16.730000,13.890000,15.120000,15.120000,872300
2014-04-16,15.420000,16.280001,15.280000,15.790000,15.790000,383700
2014-04-17,15.630000,16.500000,15.310000,16.200001,16.200001,349000
2014-04-21,15.840000,16.719999,15.840000,16.410000,16.410000,249600
2014-04-22,16.219999,18.160000,16.219999,17.490000,17.490000,495400
2014-04-23,17.309999,17.830000,16.660000,17.040001,17.040001,425300
2014-04-24,17.100000,17.700001,15.420000,15.530000,15.530000,687000
2014-04-25,15.500000,15.730000,14.760000,15.060000,15.060000,802600
2014-04-28,15.180000,15.630000,13.510000,14.020000,14.020000,613900
2014-04-29,14.410000,16.030001,14.410000,14.830000,14.830000,476500
2014-04-30,14.600000,14.710000,13.510000,13.800000,13.800000,664100
2014-05-01,13.770000,14.710000,13.680000,13.900000,13.900000,277400
2014-05-02,13.710000,14.720000,13.700000,14.700000,14.700000,243800
2014-05-05,14.200000,15.290000,14.110000,15.170000,15.170000,401800
2014-05-06,15.170000,15.580000,14.150000,14.240000,14.240000,527600
2014-05-07,14.190000,14.480000,12.810000,13.070000,13.070000,635500
2014-05-08,13.000000,13.560000,12.440000,12.510000,12.510000,466600
2014-05-09,12.030000,13.470000,12.030000,12.620000,12.620000,363800
2014-05-12,12.770000,14.270000,12.770000,13.910000,13.910000,626700
2014-05-13,13.770000,13.950000,13.400000,13.670000,13.670000,243700
2014-05-14,13.650000,14.740000,13.650000,14.280000,14.280000,331900
2014-05-15,14.690000,14.740000,13.440000,14.380000,14.380000,596100
2014-05-16,14.870000,14.870000,11.810000,11.920000,11.920000,1234100
2014-05-19,12.020000,12.570000,12.000000,12.350000,12.350000,783000
2014-05-20,12.490000,12.910000,12.200000,12.470000,12.470000,547200
2014-05-21,12.670000,12.980000,12.250000,12.880000,12.880000,379100
2014-05-22,12.670000,12.790000,12.130000,12.520000,12.520000,418300
2014-05-23,12.320000,13.320000,12.290000,13.020000,13.020000,383500
2014-05-27,13.290000,14.500000,13.140000,14.450000,14.450000,503400
2014-05-28,14.640000,15.450000,14.210000,15.230000,15.230000,556100
2014-05-29,15.010000,15.200000,14.600000,15.100000,15.100000,269100
2014-05-30,14.910000,15.110000,14.030000,14.220000,14.220000,207400
2014-06-02,14.150000,14.660000,14.020000,14.600000,14.600000,177900
2014-06-03,14.330000,14.550000,13.260000,13.400000,13.400000,362200
2014-06-04,13.580000,13.770000,12.930000,13.670000,13.670000,235200
2014-06-05,13.510000,14.140000,13.390000,13.740000,13.740000,283300
2014-06-06,13.600000,14.180000,13.270000,13.380000,13.380000,219300
2014-06-09,13.360000,13.750000,13.160000,13.250000,13.250000,211000
2014-06-10,13.300000,13.660000,13.160000,13.400000,13.400000,233700
2014-06-11,13.170000,14.140000,13.120000,14.090000,14.090000,412500
2014-06-12,14.030000,14.770000,13.890000,14.020000,14.020000,505400
2014-06-13,14.280000,14.540000,14.100000,14.270000,14.270000,192400
2014-06-16,14.160000,15.070000,14.130000,14.890000,14.890000,283900
2014-06-17,14.700000,15.840000,14.540000,15.760000,15.760000,766100
2014-06-18,16.260000,17.500000,15.870000,17.100000,17.100000,1058800
2014-06-19,16.900000,17.440001,16.059999,16.830000,16.830000,613700
2014-06-20,16.809999,17.000000,15.320000,15.410000,15.410000,610800
2014-06-23,15.010000,15.770000,14.450000,15.420000,15.420000,548600
2014-06-24,14.790000,15.600000,14.250000,14.270000,14.270000,369700
2014-06-25,14.580000,15.310000,14.410000,15.150000,15.150000,332900
2014-06-26,15.150000,15.420000,14.720000,14.850000,14.850000,286600
2014-06-27,14.610000,15.000000,14.520000,14.670000,14.670000,204100
2014-06-30,14.830000,15.840000,14.800000,15.640000,15.640000,553500
2014-07-01,15.970000,16.120001,15.530000,15.730000,15.730000,223600
2014-07-02,15.720000,16.790001,15.440000,16.040001,16.040001,455900
2014-07-03,16.040001,16.160000,15.040000,15.600000,15.600000,308200
2014-07-07,15.760000,15.760000,14.390000,14.600000,14.600000,508200
2014-07-08,15.130000,15.130000,13.140000,13.440000,13.440000,700400
2014-07-09,13.400000,13.670000,13.050000,13.250000,13.250000,273000
2014-07-10,12.750000,13.330000,12.050000,13.100000,13.100000,416000
2014-07-11,13.010000,13.380000,13.010000,13.190000,13.190000,136200
2014-07-14,13.260000,13.590000,13.210000,13.260000,13.260000,164400
2014-07-15,13.200000,13.700000,12.730000,12.810000,12.810000,331100
2014-07-16,12.760000,13.160000,12.130000,12.190000,12.190000,312300
2014-07-17,12.070000,12.390000,11.510000,11.900000,11.900000,426500
2014-07-18,11.730000,12.390000,11.710000,12.070000,12.070000,141000
2014-07-21,12.080000,12.500000,11.860000,12.270000,12.270000,230300
2014-07-22,12.410000,13.230000,12.400000,12.760000,12.760000,283300
2014-07-23,12.740000,13.490000,12.740000,13.440000,13.440000,292600
2014-07-24,13.450000,13.600000,12.990000,13.300000,13.300000,230400
2014-07-25,13.350000,13.580000,13.050000,13.090000,13.090000,129400
2014-07-28,13.150000,13.340000,12.620000,13.140000,13.140000,323800
2014-07-29,13.150000,13.350000,12.940000,13.280000,13.280000,155500
2014-07-30,13.380000,13.580000,13.210000,13.490000,13.490000,165800
2014-07-31,13.400000,13.490000,12.670000,12.990000,12.990000,346000
2014-08-01,13.010000,13.060000,12.300000,13.010000,13.010000,329900
2014-08-04,12.930000,13.790000,12.900000,13.740000,13.740000,350700
2014-08-05,13.700000,13.790000,13.260000,13.470000,13.470000,223700
2014-08-06,13.380000,14.110000,13.290000,14.030000,14.030000,322200
2014-08-07,14.000000,14.200000,13.420000,13.420000,13.420000,246900
2014-08-08,13.510000,13.540000,13.110000,13.220000,13.220000,126800
2014-08-11,13.190000,14.060000,13.190000,14.000000,14.000000,284400
2014-08-12,13.970000,14.120000,13.680000,13.800000,13.800000,246500
2014-08-13,13.770000,14.180000,13.770000,14.010000,14.010000,234600
2014-08-14,14.080000,14.110000,13.650000,14.000000,14.000000,172800
2014-08-15,14.000000,14.560000,13.850000,14.010000,14.010000,199600
2014-08-18,14.330000,14.710000,14.160000,14.620000,14.620000,251100
2014-08-19,14.460000,14.680000,13.830000,13.960000,13.960000,419900
2014-08-20,14.000000,15.260000,13.810000,14.980000,14.980000,676500
2014-08-21,14.660000,15.000000,14.300000,14.520000,14.520000,524000
2014-08-22,14.460000,15.800000,14.460000,15.650000,15.650000,415600
2014-08-25,15.850000,17.170000,15.850000,16.309999,16.309999,586500
2014-08-26,16.000000,16.360001,15.650000,15.940000,15.940000,272500
2014-08-27,15.780000,16.049999,15.160000,15.240000,15.240000,331700
2014-08-28,14.680000,15.600000,14.540000,14.780000,14.780000,457600
2014-08-29,14.800000,14.940000,14.370000,14.560000,14.560000,214500
2014-09-02,14.460000,15.030000,14.460000,14.870000,14.870000,281100
2014-09-03,15.080000,15.100000,14.120000,14.260000,14.260000,398100
2014-09-04,14.160000,14.510000,13.910000,14.100000,14.100000,402200
2014-09-05,14.140000,14.480000,13.950000,14.430000,14.430000,174500
2014-09-08,14.460000,14.950000,14.460000,14.830000,14.830000,165100
2014-09-09,14.850000,14.900000,13.200000,13.460000,13.460000,382000
2014-09-10,13.500000,14.320000,13.490000,14.220000,14.220000,328900
2014-09-11,14.000000,14.250000,12.910000,13.430000,13.430000,727200
2014-09-12,13.340000,13.440000,13.060000,13.170000,13.170000,190600
2014-09-15,13.170000,13.170000,12.450000,12.610000,12.610000,308400
2014-09-16,12.460000,13.520000,12.350000,13.170000,13.170000,269600
2014-09-17,13.020000,13.240000,12.910000,13.180000,13.180000,119400
2014-09-18,13.150000,13.420000,13.020000,13.170000,13.170000,165200
2014-09-19,13.190000,13.490000,12.860000,13.140000,13.140000,186700
2014-09-22,12.970000,13.130000,12.570000,13.070000,13.070000,157500
2014-09-23,13.050000,13.420000,13.010000,13.410000,13.410000,126400
2014-09-24,13.320000,13.450000,13.100000,13.450000,13.450000,152700
2014-09-25,13.310000,13.400000,12.850000,13.090000,13.090000,160900
2014-09-26,13.250000,13.390000,13.000000,13.280000,13.280000,117500
2014-09-29,12.890000,13.650000,12.890000,13.610000,13.610000,166600
2014-09-30,13.570000,13.860000,13.340000,13.780000,13.780000,176200
2014-10-01,13.600000,13.790000,13.100000,13.340000,13.340000,207000
2014-10-02,13.340000,13.610000,12.880000,13.360000,13.360000,350300
2014-10-03,13.450000,13.900000,13.400000,13.450000,13.450000,135200
2014-10-06,13.650000,13.690000,13.330000,13.440000,13.440000,123400
2014-10-07,13.260000,13.660000,13.170000,13.530000,13.530000,251400
2014-10-08,13.530000,13.650000,12.750000,13.470000,13.470000,459800
2014-10-09,13.210000,13.520000,12.110000,12.200000,12.200000,504600
2014-10-10,12.090000,12.340000,11.640000,11.790000,11.790000,216500
2014-10-13,11.800000,12.430000,11.750000,12.020000,12.020000,266300
2014-10-14,12.080000,12.460000,11.890000,12.040000,12.040000,231600
2014-10-15,11.720000,12.500000,11.590000,12.420000,12.420000,165100
2014-10-16,12.210000,12.850000,12.190000,12.650000,12.650000,70000
2014-10-17,12.750000,13.400000,12.630000,13.270000,13.270000,267700
2014-10-20,13.300000,13.590000,13.280000,13.500000,13.500000,233300
2014-10-21,13.600000,13.600000,13.340000,13.500000,13.500000,231500
2014-10-22,13.470000,13.580000,12.970000,13.270000,13.270000,128100
2014-10-23,13.460000,13.550000,12.430000,12.500000,12.500000,224000
2014-10-24,12.030000,12.250000,11.410000,11.810000,11.810000,494600
2014-10-27,11.600000,11.820000,10.730000,10.810000,10.810000,260200
2014-10-28,10.800000,11.410000,10.800000,11.270000,11.270000,188100
2014-10-29,11.210000,11.300000,10.630000,10.730000,10.730000,199400
2014-10-30,10.500000,10.730000,8.860000,8.990000,8.990000,1143000
2014-10-31,9.100000,10.360000,9.100000,10.300000,10.300000,520000
2014-11-03,10.190000,10.920000,10.080000,10.710000,10.710000,456800
2014-11-04,10.850000,11.380000,10.690000,10.990000,10.990000,294000
2014-11-05,11.090000,11.240000,10.720000,10.820000,10.820000,159700
2014-11-06,10.840000,10.910000,10.200000,10.270000,10.270000,213400
2014-11-07,10.200000,10.380000,10.030000,10.300000,10.300000,79400
2014-11-10,10.350000,10.970000,10.200000,10.870000,10.870000,250500
2014-11-11,10.940000,10.960000,10.310000,10.550000,10.550000,129200
2014-11-12,10.470000,11.090000,10.300000,11.000000,11.000000,146800
2014-11-13,10.980000,11.190000,10.950000,11.080000,11.080000,96300
2014-11-14,11.050000,11.910000,11.050000,11.850000,11.850000,309300
2014-11-17,11.760000,12.170000,10.490000,10.500000,10.500000,398900
2014-11-18,10.470000,11.160000,10.060000,10.230000,10.230000,382100
2014-11-19,10.060000,10.210000,9.900000,10.090000,10.090000,496500
2014-11-20,9.500000,10.550000,9.300000,10.510000,10.510000,634200
2014-11-21,10.710000,11.000000,10.510000,10.620000,10.620000,566500
2014-11-24,10.470000,10.720000,10.470000,10.650000,10.650000,307300
2014-11-25,10.750000,11.370000,10.230000,10.330000,10.330000,303100
2014-11-26,10.270000,10.620000,10.020000,10.600000,10.600000,238900
2014-11-28,10.560000,10.560000,10.000000,10.140000,10.140000,168300
2014-12-01,10.000000,10.260000,9.820000,10.210000,10.210000,310400
2014-12-02,9.950000,10.630000,9.830000,10.120000,10.120000,275100
2014-12-03,10.110000,10.380000,9.760000,10.000000,10.000000,350300
2014-12-04,10.040000,10.990000,9.980000,10.740000,10.740000,534400
2014-12-05,10.690000,10.960000,10.270000,10.310000,10.310000,266200
2014-12-08,10.170000,10.480000,9.250000,9.290000,9.290000,299800
2014-12-09,9.080000,9.790000,9.000000,9.490000,9.490000,234200
2014-12-10,9.300000,9.590000,9.280000,9.310000,9.310000,110400
2014-12-11,9.240000,9.550000,9.040000,9.170000,9.170000,316200
2014-12-12,9.110000,9.480000,9.100000,9.350000,9.350000,278500
2014-12-15,9.300000,9.460000,8.960000,9.050000,9.050000,224900
2014-12-16,9.000000,9.300000,8.950000,9.240000,9.240000,506500
2014-12-17,9.220000,9.250000,8.940000,9.210000,9.210000,257400
2014-12-18,9.500000,9.570000,8.670000,8.720000,8.720000,453500
2014-12-19,8.760000,8.840000,8.390000,8.470000,8.470000,359400
2014-12-22,8.780000,9.220000,8.690000,8.940000,8.940000,230900
2014-12-23,9.230000,9.580000,8.900000,9.200000,9.200000,376500
2014-12-24,9.190000,9.840000,9.190000,9.730000,9.730000,131300
2014-12-26,9.600000,9.750000,9.250000,9.370000,9.370000,129500
2014-12-29,9.430000,9.430000,8.820000,8.870000,8.870000,172900
2014-12-30,8.700000,8.790000,8.310000,8.640000,8.640000,499000
2014-12-31,8.720000,9.320000,8.570000,9.190000,9.190000,177400
2015-01-02,9.290000,9.360000,9.010000,9.320000,9.320000,131000
2015-01-05,9.340000,10.340000,9.280000,9.820000,9.820000,392700
2015-01-06,9.870000,9.950000,9.390000,9.590000,9.590000,97100
2015-01-07,9.670000,10.000000,9.520000,9.560000,9.560000,74300
2015-01-08,9.580000,10.430000,9.550000,10.110000,10.110000,163500
2015-01-09,10.090000,10.320000,9.910000,9.930000,9.930000,114500
2015-01-12,9.740000,9.980000,9.620000,9.760000,9.760000,76300
2015-01-13,9.790000,10.100000,9.640000,9.760000,9.760000,136100
2015-01-14,9.640000,10.000000,9.520000,9.900000,9.900000,92600
2015-01-15,9.910000,9.990000,9.580000,9.610000,9.610000,116100
2015-01-16,9.650000,10.210000,9.650000,10.020000,10.020000,157300
2015-01-20,10.080000,10.390000,9.880000,10.200000,10.200000,185600
2015-01-21,10.190000,10.650000,10.110000,10.180000,10.180000,131000
2015-01-22,10.200000,10.580000,9.990000,10.420000,10.420000,199000
2015-01-23,10.460000,11.000000,10.350000,10.700000,10.700000,226600
2015-01-26,10.790000,11.060000,10.620000,10.700000,10.700000,59300
2015-01-27,10.640000,10.760000,10.180000,10.420000,10.420000,164600
2015-01-28,10.520000,10.800000,10.210000,10.280000,10.280000,172700
2015-01-29,10.250000,10.770000,10.190000,10.600000,10.600000,153900
2015-01-30,10.490000,11.100000,10.480000,10.700000,10.700000,142700
2015-02-02,10.670000,10.870000,10.580000,10.820000,10.820000,91000
2015-02-03,10.950000,11.990000,10.870000,11.490000,11.490000,175100
2015-02-04,11.490000,11.490000,10.830000,11.050000,11.050000,169300
2015-02-05,11.150000,11.470000,10.920000,11.140000,11.140000,131700
2015-02-06,10.830000,11.120000,10.580000,10.610000,10.610000,81800
2015-02-09,10.510000,10.900000,10.500000,10.630000,10.630000,87000
2015-02-10,10.730000,10.780000,10.410000,10.450000,10.450000,166700
2015-02-11,10.500000,10.630000,10.290000,10.470000,10.470000,97000
2015-02-12,10.500000,10.700000,10.210000,10.490000,10.490000,56300
2015-02-13,10.550000,10.690000,10.220000,10.500000,10.500000,131700
2015-02-17,10.470000,10.840000,10.280000,10.530000,10.530000,131000
2015-02-18,10.500000,10.730000,10.370000,10.520000,10.520000,70100
2015-02-19,10.480000,10.700000,10.400000,10.430000,10.430000,84600
2015-02-20,10.480000,10.650000,10.460000,10.460000,10.460000,81100
2015-02-23,10.470000,10.660000,10.420000,10.490000,10.490000,70500
2015-02-24,10.500000,10.510000,10.280000,10.350000,10.350000,76100
2015-02-25,10.180000,10.470000,10.000000,10.210000,10.210000,149700
2015-02-26,10.240000,10.310000,9.900000,9.950000,9.950000,88500
2015-02-27,10.100000,10.250000,9.750000,9.930000,9.930000,120700
2015-03-02,9.880000,9.980000,9.340000,9.530000,9.530000,131200
2015-03-03,9.470000,9.470000,8.970000,9.090000,9.090000,146100
2015-03-04,9.030000,9.220000,8.820000,8.960000,8.960000,172500
2015-03-05,9.000000,9.050000,8.920000,9.000000,9.000000,174300
2015-03-06,9.000000,9.230000,9.000000,9.140000,9.140000,121400
2015-03-09,9.200000,9.230000,8.790000,8.940000,8.940000,134400
2015-03-10,8.860000,9.070000,8.860000,8.960000,8.960000,72200
2015-03-11,8.960000,9.050000,8.640000,8.830000,8.830000,75100
2015-03-12,8.850000,9.000000,8.730000,8.910000,8.910000,65900
2015-03-13,8.990000,9.040000,8.820000,8.990000,8.990000,73500
2015-03-16,9.020000,9.150000,8.620000,9.020000,9.020000,69700
2015-03-17,9.000000,9.100000,8.760000,9.010000,9.010000,107800
2015-03-18,9.020000,9.330000,8.770000,9.290000,9.290000,79300
2015-03-19,9.250000,9.260000,8.630000,8.650000,8.650000,308500
2015-03-20,8.690000,8.840000,8.500000,8.500000,8.500000,150900
2015-03-23,8.560000,9.300000,8.560000,8.910000,8.910000,149100
2015-03-24,8.970000,9.160000,8.650000,8.740000,8.740000,138500
2015-03-25,8.740000,8.780000,7.910000,8.580000,8.580000,398600
2015-03-26,8.630000,8.820000,8.270000,8.720000,8.720000,374400
2015-03-27,8.730000,10.400000,8.390000,10.300000,10.300000,1010400
2015-03-30,9.750000,10.180000,9.440000,9.920000,9.920000,435400
2015-03-31,9.830000,12.150000,9.800000,11.870000,11.870000,837500
2015-04-01,11.660000,12.320000,10.830000,11.930000,11.930000,762900
2015-04-02,11.550000,12.370000,11.550000,11.760000,11.760000,210400
2015-04-06,11.640000,11.750000,11.210000,11.530000,11.530000,206900
2015-04-07,11.580000,12.200000,11.330000,11.900000,11.900000,172900
2015-04-08,11.900000,12.740000,11.830000,12.300000,12.300000,685100
2015-04-09,12.360000,13.370000,12.090000,12.470000,12.470000,438800
2015-04-10,12.410000,12.520000,12.020000,12.380000,12.380000,120700
2015-04-13,12.330000,12.580000,12.130000,12.240000,12.240000,124200
2015-04-14,12.330000,12.450000,11.500000,11.810000,11.810000,393800
2015-04-15,11.800000,11.840000,10.940000,11.170000,11.170000,374500
2015-04-16,11.100000,11.800000,11.100000,11.520000,11.520000,171900
2015-04-17,11.290000,11.750000,11.190000,11.540000,11.540000,198200
2015-04-20,11.670000,12.150000,11.100000,11.900000,11.900000,178000
2015-04-21,12.010000,12.500000,11.850000,12.320000,12.320000,175800
2015-04-22,12.590000,15.690000,12.440000,14.860000,14.860000,1412300
2015-04-23,14.800000,15.160000,14.240000,14.990000,14.990000,554800
2015-04-24,14.920000,15.030000,14.380000,14.380000,14.380000,204700
2015-04-27,14.450000,15.230000,14.310000,14.480000,14.480000,273700
2015-04-28,14.490000,14.800000,14.090000,14.440000,14.440000,113300
2015-04-29,14.380000,15.090000,14.260000,15.000000,15.000000,192000
2015-04-30,15.000000,15.170000,14.060000,14.090000,14.090000,238700
2015-05-01,14.180000,14.750000,14.180000,14.750000,14.750000,99500
2015-05-04,14.760000,14.970000,14.630000,14.780000,14.780000,71600
2015-05-05,14.610000,14.680000,13.720000,14.240000,14.240000,169900
2015-05-06,14.240000,14.240000,13.660000,14.040000,14.040000,124400
2015-05-07,13.970000,14.260000,13.850000,13.920000,13.920000,37500
2015-05-08,14.120000,14.340000,13.650000,13.920000,13.920000,98100
2015-05-11,13.980000,15.000000,13.980000,14.780000,14.780000,198200
2015-05-12,14.680000,14.980000,14.040000,14.270000,14.270000,122400
2015-05-13,14.250000,14.680000,14.010000,14.510000,14.510000,56400
2015-05-14,14.660000,14.660000,14.270000,14.520000,14.520000,128500
2015-05-15,14.570000,15.310000,14.360000,14.690000,14.690000,343500
2015-05-18,14.590000,14.660000,13.810000,14.460000,14.460000,243200
2015-05-19,14.900000,15.500000,14.100000,15.000000,15.000000,538300
2015-05-20,14.510000,15.070000,14.510000,14.910000,14.910000,190100
2015-05-21,14.970000,15.270000,14.450000,14.990000,14.990000,305300
2015-05-22,14.430000,14.480000,12.690000,13.720000,13.720000,623100
2015-05-26,13.570000,15.000000,13.400000,15.000000,15.000000,488100
2015-05-27,14.060000,14.360000,13.030000,13.920000,13.920000,477800
2015-05-28,12.990000,13.760000,12.990000,13.670000,13.670000,198200
2015-05-29,13.000000,13.550000,12.990000,13.240000,13.240000,200300
2015-06-01,12.860000,13.650000,12.860000,13.440000,13.440000,269800
2015-06-02,13.270000,13.660000,13.250000,13.350000,13.350000,164800
2015-06-03,13.230000,13.730000,13.170000,13.490000,13.490000,260900
2015-06-04,13.500000,13.500000,12.850000,12.950000,12.950000,155400
2015-06-05,12.910000,13.250000,12.810000,13.190000,13.190000,120600
2015-06-08,13.110000,13.410000,12.640000,12.700000,12.700000,102100
2015-06-09,12.620000,12.710000,12.300000,12.430000,12.430000,169400
2015-06-10,12.370000,15.560000,12.370000,15.530000,15.530000,1634300
2015-06-11,14.840000,15.680000,14.650000,14.860000,14.860000,724800
2015-06-12,14.570000,15.490000,14.410000,15.100000,15.100000,858500
2015-06-15,14.880000,15.000000,13.690000,13.900000,13.900000,640200
2015-06-16,13.900000,13.900000,13.180000,13.500000,13.500000,327500
2015-06-17,13.830000,14.320000,13.770000,13.860000,13.860000,322100
2015-06-18,13.880000,13.880000,13.430000,13.540000,13.540000,139100
2015-06-19,13.470000,13.480000,12.810000,12.990000,12.990000,284300
2015-06-22,13.150000,13.370000,13.000000,13.320000,13.320000,147200
2015-06-23,13.480000,13.870000,13.430000,13.550000,13.550000,129200
2015-06-24,13.580000,13.630000,13.210000,13.350000,13.350000,136300
2015-06-25,13.320000,13.410000,13.030000,13.160000,13.160000,184100
2015-06-26,12.900000,12.960000,11.850000,12.190000,12.190000,308900
2015-06-29,11.780000,12.280000,11.690000,12.030000,12.030000,382400
2015-06-30,12.370000,12.720000,12.330000,12.520000,12.520000,189100
2015-07-01,12.450000,12.600000,11.910000,12.020000,12.020000,198000
2015-07-02,12.110000,12.120000,11.190000,11.400000,11.400000,388700
2015-07-06,10.900000,10.940000,10.320000,10.390000,10.390000,504400
2015-07-07,9.860000,10.000000,8.710000,9.420000,9.420000,902600
2015-07-08,8.250000,9.290000,8.120000,9.110000,9.110000,584800
2015-07-09,10.440000,10.600000,9.920000,10.000000,10.000000,481000
2015-07-10,10.320000,10.530000,9.840000,9.920000,9.920000,274300
2015-07-13,10.070000,10.300000,10.030000,10.130000,10.130000,205600
2015-07-14,10.000000,10.960000,10.000000,10.730000,10.730000,251200
2015-07-15,10.560000,10.700000,10.040000,10.260000,10.260000,285300
2015-07-16,10.470000,10.660000,10.140000,10.180000,10.180000,171600
2015-07-17,10.350000,10.870000,10.350000,10.350000,10.350000,224300
2015-07-20,10.410000,10.560000,10.090000,10.330000,10.330000,253300
2015-07-21,10.280000,10.840000,10.280000,10.680000,10.680000,80600
2015-07-22,10.710000,10.710000,10.380000,10.420000,10.420000,195400
2015-07-23,10.570000,10.710000,10.220000,10.240000,10.240000,160700
2015-07-24,10.420000,10.810000,10.150000,10.700000,10.700000,160100
2015-07-27,10.270000,10.400000,9.890000,10.110000,10.110000,199500
2015-07-28,10.240000,10.650000,10.000000,10.030000,10.030000,139300
2015-07-29,10.210000,10.240000,9.910000,10.110000,10.110000,150600
2015-07-30,10.050000,10.170000,9.820000,9.880000,9.880000,59500
2015-07-31,9.760000,10.340000,9.760000,10.320000,10.320000,128600
2015-08-03,10.270000,10.280000,9.560000,9.640000,9.640000,169800
2015-08-04,9.700000,9.970000,9.680000,9.770000,9.770000,50900
2015-08-05,9.890000,10.080000,9.730000,9.840000,9.840000,62100
2015-08-06,9.890000,10.080000,9.780000,9.960000,9.960000,94400
2015-08-07,10.050000,10.090000,9.560000,9.660000,9.660000,94700
2015-08-10,9.740000,10.270000,9.720000,10.180000,10.180000,79000
2015-08-11,10.000000,10.210000,9.810000,9.820000,9.820000,48900
2015-08-12,9.690000,10.170000,9.600000,9.780000,9.780000,91500
2015-08-13,9.840000,10.140000,9.740000,9.780000,9.780000,44300
2015-08-14,9.780000,9.980000,9.770000,9.790000,9.790000,45600
2015-08-17,9.750000,10.430000,9.740000,10.200000,10.200000,78200
2015-08-18,10.090000,10.090000,9.750000,9.820000,9.820000,115600
2015-08-19,9.730000,9.850000,9.550000,9.590000,9.590000,69800
2015-08-20,9.500000,9.750000,8.330000,8.510000,8.510000,252000
2015-08-21,7.840000,7.870000,5.500000,5.590000,5.590000,1962000
2015-08-24,5.350000,6.490000,4.690000,5.830000,5.830000,805000
2015-08-25,6.140000,6.650000,6.010000,6.200000,6.200000,447900
2015-08-26,6.330000,6.570000,6.140000,6.200000,6.200000,350900
2015-08-27,6.300000,6.990000,6.300000,6.470000,6.470000,389600
2015-08-28,6.490000,7.440000,6.240000,7.310000,7.310000,315900
2015-08-31,7.140000,7.550000,7.060000,7.130000,7.130000,169900
2015-09-01,7.000000,7.710000,6.790000,7.160000,7.160000,262900
2015-09-02,7.040000,7.320000,7.040000,7.190000,7.190000,76200
2015-09-03,7.270000,7.440000,6.890000,7.040000,7.040000,166800
2015-09-04,7.030000,7.540000,7.030000,7.250000,7.250000,169800
2015-09-08,7.410000,8.080000,7.410000,7.670000,7.670000,164500
2015-09-09,7.670000,8.070000,7.670000,7.770000,7.770000,139000
2015-09-10,7.720000,8.300000,7.720000,8.090000,8.090000,154000
2015-09-11,8.000000,8.110000,7.240000,7.650000,7.650000,123800
2015-09-14,7.620000,7.620000,7.210000,7.390000,7.390000,47200
2015-09-15,7.380000,7.800000,7.270000,7.400000,7.400000,260100
2015-09-16,7.460000,8.170000,7.460000,7.990000,7.990000,72000
2015-09-17,7.970000,7.970000,7.540000,7.540000,7.540000,106300
2015-09-18,7.440000,7.730000,7.440000,7.490000,7.490000,148400
2015-09-21,7.560000,7.840000,7.300000,7.620000,7.620000,110200
2015-09-22,7.430000,8.100000,7.430000,7.820000,7.820000,149000
2015-09-23,7.740000,7.900000,7.510000,7.630000,7.630000,133100
2015-09-24,7.500000,8.000000,7.320000,7.880000,7.880000,125900
2015-09-25,7.900000,8.000000,7.680000,7.770000,7.770000,91000
2015-09-28,7.770000,7.840000,7.470000,7.730000,7.730000,81100
2015-09-29,7.700000,7.880000,7.480000,7.630000,7.630000,50400
2015-09-30,7.740000,8.100000,7.640000,7.820000,7.820000,118000
2015-10-01,7.890000,8.050000,7.350000,7.410000,7.410000,101400
2015-10-02,7.430000,8.050000,7.240000,7.950000,7.950000,136300
2015-10-05,7.930000,7.980000,7.400000,7.620000,7.620000,165900
2015-10-06,7.570000,7.700000,7.470000,7.610000,7.610000,94700
2015-10-07,7.780000,7.850000,7.640000,7.730000,7.730000,102300
2015-10-08,7.650000,7.780000,7.540000,7.700000,7.700000,148400
2015-10-09,7.760000,7.840000,7.520000,7.580000,7.580000,109800
2015-10-12,7.630000,8.000000,7.620000,7.740000,7.740000,279600
2015-10-13,7.760000,7.790000,7.570000,7.650000,7.650000,245100
2015-10-14,7.700000,7.820000,7.330000,7.450000,7.450000,176500
2015-10-15,7.510000,7.820000,7.350000,7.550000,7.550000,153700
2015-10-16,7.590000,8.190000,7.460000,8.040000,8.040000,185000
2015-10-19,7.820000,8.230000,7.430000,7.840000,7.840000,145000
2015-10-20,7.880000,8.010000,7.560000,7.760000,7.760000,118200
2015-10-21,7.660000,7.730000,7.350000,7.370000,7.370000,112500
2015-10-22,7.370000,7.720000,7.320000,7.330000,7.330000,138600
2015-10-23,7.430000,7.780000,7.340000,7.580000,7.580000,113000
2015-10-26,7.650000,7.850000,7.380000,7.540000,7.540000,167000
2015-10-27,7.560000,7.710000,7.180000,7.360000,7.360000,112800
2015-10-28,7.320000,7.570000,7.200000,7.390000,7.390000,82500
2015-10-29,7.460000,7.890000,7.460000,7.700000,7.700000,122900
2015-10-30,7.740000,7.860000,7.510000,7.510000,7.510000,57900
2015-11-02,7.500000,7.870000,7.410000,7.820000,7.820000,168600
2015-11-03,7.860000,8.270000,7.860000,8.150000,8.150000,148900
2015-11-04,8.250000,8.570000,8.110000,8.530000,8.530000,193300
2015-11-05,8.550000,8.640000,8.250000,8.460000,8.460000,95600
2015-11-06,8.530000,8.700000,8.470000,8.680000,8.680000,73100
2015-11-09,8.700000,9.410000,8.700000,9.100000,9.100000,122400
2015-11-10,9.100000,9.100000,8.490000,8.530000,8.530000,180400
2015-11-11,8.620000,8.940000,8.430000,8.710000,8.710000,119000
2015-11-12,8.700000,9.260000,8.670000,8.740000,8.740000,112300
2015-11-13,8.850000,9.130000,8.570000,8.580000,8.580000,176700
2015-11-16,8.500000,9.080000,8.500000,8.910000,8.910000,69300
2015-11-17,8.970000,8.970000,8.220000,8.220000,8.220000,122200
2015-11-18,8.210000,8.580000,8.210000,8.400000,8.400000,48700
2015-11-19,8.500000,9.200000,8.500000,8.940000,8.940000,164300
2015-11-20,9.000000,9.100000,8.610000,8.680000,8.680000,131900
2015-11-23,8.750000,8.980000,8.650000,8.740000,8.740000,52300
2015-11-24,8.660000,8.760000,8.420000,8.760000,8.760000,40600
2015-11-25,8.590000,9.000000,8.530000,8.870000,8.870000,101700
2015-11-27,8.710000,8.710000,8.210000,8.410000,8.410000,88500
2015-11-30,8.450000,8.640000,7.200000,7.380000,7.380000,540600
2015-12-01,7.610000,7.720000,7.260000,7.340000,7.340000,133100
2015-12-02,7.420000,7.700000,6.890000,7.150000,7.150000,379800
2015-12-03,6.400000,7.170000,6.110000,6.830000,6.830000,313700
2015-12-04,6.500000,7.050000,6.500000,7.000000,7.000000,198100
2015-12-07,6.960000,7.250000,6.620000,6.850000,6.850000,197600
2015-12-08,6.820000,7.070000,6.800000,6.920000,6.920000,118400
2015-12-09,6.850000,7.080000,6.800000,6.920000,6.920000,68300
2015-12-10,6.920000,6.980000,6.680000,6.800000,6.800000,95900
2015-12-11,6.690000,6.910000,6.690000,6.820000,6.820000,81900
2015-12-14,6.840000,7.020000,6.840000,6.980000,6.980000,77300
2015-12-15,6.990000,7.150000,6.860000,7.110000,7.110000,137200
2015-12-16,6.910000,7.610000,6.910000,7.480000,7.480000,307700
2015-12-17,7.310000,7.800000,7.280000,7.700000,7.700000,223800
2015-12-18,7.720000,8.370000,7.720000,7.950000,7.950000,336000
2015-12-21,8.010000,8.340000,8.010000,8.250000,8.250000,260600
2015-12-22,7.970000,8.500000,7.830000,8.310000,8.310000,289800
2015-12-23,8.360000,8.430000,7.950000,8.080000,8.080000,125500
2015-12-24,8.120000,8.340000,8.120000,8.220000,8.220000,66000
2015-12-28,8.010000,8.350000,7.990000,8.030000,8.030000,77900
2015-12-29,8.090000,8.170000,8.040000,8.080000,8.080000,48400
2015-12-30,8.130000,8.370000,8.000000,8.030000,8.030000,201100
2015-12-31,7.990000,8.400000,7.990000,8.240000,8.240000,87200
2016-01-04,8.000000,8.010000,7.610000,7.740000,7.740000,173500
2016-01-05,7.780000,8.030000,7.470000,7.620000,7.620000,194100
2016-01-06,7.480000,7.790000,7.480000,7.700000,7.700000,38000
2016-01-07,7.420000,7.500000,6.640000,6.990000,6.990000,202100
2016-01-08,7.010000,7.410000,7.010000,7.240000,7.240000,95600
2016-01-11,7.080000,7.080000,6.530000,6.690000,6.690000,138900
2016-01-12,6.790000,6.930000,6.600000,6.880000,6.880000,124200
2016-01-13,6.940000,6.950000,6.500000,6.540000,6.540000,84800
2016-01-14,6.590000,6.890000,6.380000,6.550000,6.550000,147900
2016-01-15,6.490000,6.580000,6.400000,6.500000,6.500000,79600
2016-01-19,6.610000,6.690000,6.280000,6.430000,6.430000,139000
2016-01-20,6.390000,6.390000,5.960000,6.000000,6.000000,245500
2016-01-21,6.100000,7.320000,6.000000,7.070000,7.070000,134600
2016-01-22,7.200000,7.450000,7.020000,7.120000,7.120000,86600
2016-01-25,7.110000,7.400000,6.960000,7.130000,7.130000,68600
2016-01-26,7.170000,7.250000,6.770000,7.070000,7.070000,46100
2016-01-27,7.080000,7.200000,6.870000,7.010000,7.010000,54600
2016-01-28,7.090000,7.200000,6.960000,7.090000,7.090000,37100
2016-01-29,7.110000,7.410000,7.110000,7.310000,7.310000,40700
2016-02-01,7.400000,7.410000,6.880000,7.400000,7.400000,119200
2016-02-02,7.390000,7.390000,6.940000,7.040000,7.040000,87900
2016-02-03,7.050000,7.050000,6.760000,7.000000,7.000000,72600
2016-02-04,7.020000,7.230000,6.740000,7.160000,7.160000,37300
2016-02-05,7.160000,7.260000,7.000000,7.070000,7.070000,65500
2016-02-08,7.000000,7.220000,6.870000,6.970000,6.970000,81800
2016-02-09,6.740000,7.220000,6.710000,6.730000,6.730000,91600
2016-02-10,6.760000,7.190000,6.760000,7.010000,7.010000,61800
2016-02-11,6.820000,7.060000,6.810000,6.890000,6.890000,57300
2016-02-12,7.040000,7.040000,6.860000,6.900000,6.900000,37300
2016-02-16,7.010000,7.140000,6.020000,6.230000,6.230000,245400
2016-02-17,6.280000,6.900000,6.280000,6.780000,6.780000,105200
2016-02-18,6.800000,6.890000,6.710000,6.810000,6.810000,42300
2016-02-19,6.810000,7.290000,6.810000,7.010000,7.010000,54100
2016-02-22,7.150000,7.430000,7.120000,7.240000,7.240000,51800
2016-02-23,7.220000,7.250000,6.840000,7.250000,7.250000,37000
2016-02-24,7.190000,7.190000,6.650000,7.120000,7.120000,157000
2016-02-25,7.150000,7.190000,6.830000,7.080000,7.080000,47800
2016-02-26,7.080000,7.280000,7.050000,7.140000,7.140000,29100
2016-02-29,7.120000,7.220000,7.050000,7.140000,7.140000,65900
2016-03-01,7.240000,7.650000,7.220000,7.360000,7.360000,129500
2016-03-02,7.670000,8.690000,7.640000,8.180000,8.180000,330700
2016-03-03,8.400000,8.750000,8.300000,8.680000,8.680000,331400
2016-03-04,8.620000,8.820000,8.390000,8.700000,8.700000,131600
2016-03-07,8.670000,8.670000,8.360000,8.610000,8.610000,107900
2016-03-08,8.550000,8.680000,8.360000,8.420000,8.420000,55700
2016-03-09,8.430000,8.490000,8.160000,8.310000,8.310000,49600
2016-03-10,8.260000,8.260000,7.940000,8.100000,8.100000,107800
2016-03-11,8.150000,8.690000,8.150000,8.500000,8.500000,133400
2016-03-14,8.550000,9.900000,8.550000,9.520000,9.520000,370400
2016-03-15,9.520000,9.620000,9.020000,9.230000,9.230000,178600
2016-03-16,9.160000,9.500000,9.160000,9.350000,9.350000,76000
2016-03-17,9.420000,9.770000,9.390000,9.540000,9.540000,81900
2016-03-18,9.600000,9.650000,9.420000,9.540000,9.540000,72500
2016-03-21,9.650000,10.480000,9.630000,9.980000,9.980000,231900
2016-03-22,9.490000,9.750000,9.030000,9.470000,9.470000,267500
2016-03-23,9.030000,9.470000,8.820000,8.900000,8.900000,255500
2016-03-24,8.720000,9.110000,8.720000,8.930000,8.930000,339800
2016-03-28,8.510000,8.950000,8.010000,8.140000,8.140000,167900
2016-03-29,8.390000,8.400000,7.860000,7.910000,7.910000,468200
2016-03-30,7.850000,8.120000,7.480000,7.560000,7.560000,432500
2016-03-31,7.210000,8.100000,7.210000,7.890000,7.890000,317400
2016-04-01,7.890000,8.380000,7.890000,8.280000,8.280000,271400
2016-04-04,8.220000,8.340000,7.850000,7.890000,7.890000,361500
2016-04-05,7.890000,8.240000,7.850000,8.000000,8.000000,421700
2016-04-06,7.960000,9.340000,7.830000,9.300000,9.300000,479200
2016-04-07,9.300000,9.300000,8.750000,9.000000,9.000000,243500
2016-04-08,9.000000,9.160000,8.890000,9.020000,9.020000,226300
2016-04-11,9.100000,9.150000,8.890000,9.000000,9.000000,345000
2016-04-12,9.050000,9.370000,8.950000,9.200000,9.200000,208600
2016-04-13,9.310000,9.310000,8.950000,9.000000,9.000000,352400
2016-04-14,9.040000,9.040000,8.770000,8.940000,8.940000,168500
2016-04-15,8.980000,9.060000,8.820000,9.010000,9.010000,132400
2016-04-18,8.880000,9.050000,8.800000,8.860000,8.860000,90500
2016-04-19,8.920000,9.150000,8.820000,8.950000,8.950000,176200
2016-04-20,8.910000,9.090000,8.790000,8.910000,8.910000,137300
2016-04-21,8.940000,8.940000,8.720000,8.790000,8.790000,42700
2016-04-22,8.750000,8.850000,8.150000,8.470000,8.470000,186200
2016-04-25,8.470000,8.530000,8.210000,8.270000,8.270000,109400
2016-04-26,8.270000,8.380000,8.210000,8.230000,8.230000,57700
2016-04-27,8.300000,8.440000,8.160000,8.340000,8.340000,85700
2016-04-28,8.350000,8.600000,8.290000,8.310000,8.310000,41400
2016-04-29,8.310000,8.430000,8.220000,8.270000,8.270000,42900
2016-05-02,8.360000,8.600000,8.270000,8.480000,8.480000,93600
2016-05-03,8.360000,8.500000,8.120000,8.200000,8.200000,94600
2016-05-04,8.180000,8.570000,8.180000,8.340000,8.340000,94200
2016-05-05,8.430000,9.650000,8.430000,8.960000,8.960000,519200
2016-05-06,8.970000,9.390000,8.960000,9.130000,9.130000,286900
2016-05-09,9.030000,9.130000,8.820000,8.980000,8.980000,451700
2016-05-10,8.900000,9.070000,8.700000,8.780000,8.780000,229900
2016-05-11,8.800000,8.960000,8.500000,8.660000,8.660000,132600
2016-05-12,8.660000,8.660000,8.000000,8.210000,8.210000,168000
2016-05-13,8.140000,8.260000,7.860000,8.090000,8.090000,106700
2016-05-16,8.210000,8.610000,8.100000,8.420000,8.420000,139700
2016-05-17,8.350000,9.130000,8.350000,8.730000,8.730000,185800
2016-05-18,8.650000,8.970000,8.560000,8.770000,8.770000,196000
2016-05-19,8.700000,8.780000,8.370000,8.540000,8.540000,125800
2016-05-20,8.510000,8.520000,8.250000,8.340000,8.340000,105800
2016-05-23,8.270000,8.290000,8.000000,8.200000,8.200000,118100
2016-05-24,8.450000,8.450000,7.740000,7.800000,7.800000,272000
2016-05-25,7.740000,7.900000,7.000000,7.000000,7.000000,325800
2016-05-26,7.000000,7.280000,6.740000,7.140000,7.140000,214700
2016-05-27,7.170000,7.310000,6.910000,7.240000,7.240000,166400
2016-05-31,7.200000,7.560000,7.200000,7.250000,7.250000,118100
2016-06-01,7.200000,7.270000,6.930000,7.200000,7.200000,162800
2016-06-02,7.170000,7.250000,6.960000,7.110000,7.110000,87500
2016-06-03,7.010000,7.240000,7.000000,7.120000,7.120000,110800
2016-06-06,7.070000,7.220000,7.060000,7.200000,7.200000,66000
2016-06-07,7.200000,7.440000,7.160000,7.300000,7.300000,253200
2016-06-08,7.280000,7.280000,7.070000,7.260000,7.260000,132800
2016-06-09,7.150000,7.220000,6.940000,7.010000,7.010000,131500
2016-06-10,6.990000,7.030000,6.550000,6.630000,6.630000,388800
2016-06-13,6.480000,6.920000,6.220000,6.790000,6.790000,451500
2016-06-14,6.700000,6.930000,6.550000,6.710000,6.710000,233300
2016-06-15,6.800000,7.300000,6.670000,7.090000,7.090000,248000
2016-06-16,6.950000,7.170000,6.700000,6.800000,6.800000,83100
2016-06-17,6.740000,6.920000,6.670000,6.750000,6.750000,38000
2016-06-20,6.800000,6.930000,6.560000,6.860000,6.860000,46800
2016-06-21,6.830000,6.920000,6.650000,6.650000,6.650000,44600
2016-06-22,6.620000,6.800000,6.510000,6.730000,6.730000,50100
2016-06-23,6.800000,6.950000,6.610000,6.950000,6.950000,66500
2016-06-24,6.650000,6.900000,6.650000,6.840000,6.840000,86700
2016-06-27,6.600000,6.860000,6.230000,6.370000,6.370000,160000
2016-06-28,6.400000,6.630000,6.130000,6.430000,6.430000,111600
2016-06-29,6.430000,6.630000,6.400000,6.460000,6.460000,50400
2016-06-30,6.440000,6.480000,6.290000,6.480000,6.480000,126400
2016-07-01,6.520000,6.670000,6.430000,6.510000,6.510000,87400
2016-07-05,6.420000,6.550000,6.260000,6.300000,6.300000,240200
2016-07-06,6.300000,6.760000,5.670000,6.720000,6.720000,388700
2016-07-07,6.790000,6.910000,6.520000,6.590000,6.590000,54800
2016-07-08,6.610000,6.760000,6.470000,6.620000,6.620000,40200
2016-07-11,6.580000,6.900000,6.520000,6.800000,6.800000,103400
2016-07-12,6.830000,6.860000,6.690000,6.750000,6.750000,71700
2016-07-13,6.730000,6.900000,6.650000,6.810000,6.810000,91800
2016-07-14,6.920000,6.920000,6.700000,6.800000,6.800000,70500
2016-07-15,6.750000,6.950000,6.670000,6.880000,6.880000,76500
2016-07-18,6.520000,6.880000,6.520000,6.710000,6.710000,39400
2016-07-19,6.710000,6.790000,6.620000,6.700000,6.700000,55400
2016-07-20,6.620000,6.840000,6.600000,6.770000,6.770000,65800
2016-07-21,6.670000,6.840000,6.640000,6.700000,6.700000,45800
2016-07-22,6.640000,6.750000,6.530000,6.580000,6.580000,51900
2016-07-25,6.600000,6.600000,6.220000,6.280000,6.280000,131500
2016-07-26,6.290000,6.480000,6.160000,6.180000,6.180000,75300
2016-07-27,6.150000,6.220000,6.100000,6.150000,6.150000,51000
2016-07-28,6.160000,6.170000,6.050000,6.070000,6.070000,49500
2016-07-29,6.050000,6.160000,5.900000,5.980000,5.980000,159800
2016-08-01,6.040000,6.040000,5.900000,5.980000,5.980000,75800
2016-08-02,6.000000,6.310000,5.900000,5.910000,5.910000,42900
2016-08-03,5.930000,6.100000,5.800000,6.040000,6.040000,50700
2016-08-04,6.040000,6.060000,5.960000,5.980000,5.980000,84500
2016-08-05,6.000000,6.030000,5.940000,5.990000,5.990000,46100
2016-08-08,5.990000,6.020000,5.820000,5.970000,5.970000,40400
2016-08-09,6.010000,6.050000,5.880000,5.990000,5.990000,64000
2016-08-10,5.990000,5.990000,5.890000,5.920000,5.920000,41400
2016-08-11,5.950000,6.160000,5.880000,5.900000,5.900000,118300
2016-08-12,5.970000,6.110000,5.910000,6.050000,6.050000,148200
2016-08-15,6.000000,6.040000,5.960000,5.970000,5.970000,94000
2016-08-16,5.940000,5.980000,5.720000,5.720000,5.720000,34100
2016-08-17,5.760000,5.860000,5.150000,5.320000,5.320000,208600
2016-08-18,5.230000,5.500000,5.160000,5.420000,5.420000,278400
2016-08-19,5.100000,6.040000,5.100000,5.620000,5.620000,517500
2016-08-22,5.600000,6.080000,5.550000,5.810000,5.810000,461100
2016-08-23,5.790000,5.890000,5.600000,5.720000,5.720000,149800
2016-08-24,5.660000,5.660000,5.010000,5.440000,5.440000,112800
2016-08-25,5.420000,5.630000,5.370000,5.580000,5.580000,47500
2016-08-26,5.540000,5.600000,5.450000,5.580000,5.580000,24500
2016-08-29,5.600000,5.720000,5.520000,5.680000,5.680000,21100
2016-08-30,5.610000,5.750000,5.480000,5.510000,5.510000,54300
2016-08-31,5.450000,5.640000,5.430000,5.610000,5.610000,44800
2016-09-01,5.540000,5.580000,5.380000,5.380000,5.380000,47700
2016-09-02,5.330000,5.580000,5.330000,5.380000,5.380000,80000
2016-09-06,5.430000,5.640000,5.370000,5.510000,5.510000,31600
2016-09-07,5.550000,5.730000,5.550000,5.600000,5.600000,90600
2016-09-08,5.600000,5.680000,5.520000,5.590000,5.590000,24500
2016-09-09,5.490000,5.650000,5.340000,5.350000,5.350000,56600
2016-09-12,5.260000,5.340000,5.260000,5.280000,5.280000,23900
2016-09-13,5.300000,5.330000,5.210000,5.290000,5.290000,27900
2016-09-14,5.310000,5.310000,5.240000,5.240000,5.240000,22000
2016-09-15,5.270000,5.330000,5.170000,5.170000,5.170000,20600
2016-09-16,5.180000,5.230000,5.080000,5.080000,5.080000,20300
2016-09-19,5.090000,5.150000,5.030000,5.050000,5.050000,23800
2016-09-20,5.070000,5.220000,5.010000,5.220000,5.220000,41500
2016-09-21,5.180000,5.320000,5.100000,5.150000,5.150000,35000
2016-09-22,5.120000,5.190000,5.030000,5.090000,5.090000,53300
2016-09-23,5.040000,5.170000,5.040000,5.050000,5.050000,53700
2016-09-26,5.050000,5.160000,5.040000,5.050000,5.050000,22600
2016-09-27,5.020000,5.190000,5.010000,5.050000,5.050000,40900
2016-09-28,5.010000,5.050000,4.730000,4.730000,4.730000,124500
2016-09-29,4.700000,4.800000,4.030000,4.070000,4.070000,373200
2016-09-30,4.010000,4.030000,3.580000,3.850000,3.850000,570800
2016-10-03,3.880000,4.280000,3.840000,4.210000,4.210000,233500
2016-10-04,4.250000,4.250000,3.900000,4.080000,4.080000,110000
2016-10-05,4.120000,4.150000,4.100000,4.100000,4.100000,21300
2016-10-06,4.070000,4.260000,3.950000,3.980000,3.980000,45500
2016-10-07,3.950000,3.960000,3.750000,3.780000,3.780000,57400
2016-10-10,3.820000,3.990000,3.820000,3.890000,3.890000,29200
2016-10-11,3.890000,3.970000,3.830000,3.900000,3.900000,38600
2016-10-12,3.920000,4.100000,3.900000,4.100000,4.100000,60600
2016-10-13,4.070000,4.070000,3.760000,3.890000,3.890000,80200
2016-10-14,3.880000,3.950000,3.750000,3.770000,3.770000,55700
2016-10-17,3.750000,3.800000,3.750000,3.770000,3.770000,24900
2016-10-18,3.770000,3.880000,3.720000,3.730000,3.730000,43400
2016-10-19,3.760000,4.040000,3.760000,3.880000,3.880000,54000
2016-10-20,4.100000,4.100000,3.780000,3.790000,3.790000,45200
2016-10-21,3.810000,3.910000,3.750000,3.910000,3.910000,10900
2016-10-24,3.880000,3.940000,3.740000,3.750000,3.750000,60100
2016-10-25,3.780000,4.050000,3.700000,3.870000,3.870000,71200
2016-10-26,3.860000,3.860000,3.710000,3.710000,3.710000,30900
2016-10-27,3.700000,3.850000,3.500000,3.510000,3.510000,69400
2016-10-28,3.550000,3.620000,3.500000,3.550000,3.550000,19500
2016-10-31,3.550000,3.560000,3.330000,3.360000,3.360000,78100
2016-11-01,3.360000,3.640000,3.360000,3.410000,3.410000,130300
2016-11-02,3.370000,3.500000,3.220000,3.240000,3.240000,48900
2016-11-03,3.220000,3.270000,2.830000,2.830000,2.830000,176300
2016-11-04,2.910000,3.140000,2.900000,2.910000,2.910000,50800
2016-11-07,2.920000,3.180000,2.920000,2.920000,2.920000,66900
2016-11-08,3.000000,3.070000,2.930000,2.930000,2.930000,130100
2016-11-09,2.900000,3.140000,2.900000,3.000000,3.000000,19800
2016-11-10,2.980000,3.000000,2.850000,2.910000,2.910000,62200
2016-11-11,2.910000,2.990000,2.760000,2.790000,2.790000,47200
2016-11-14,2.800000,2.840000,2.720000,2.740000,2.740000,66200
2016-11-15,2.800000,2.960000,2.790000,2.800000,2.800000,93700
2016-11-16,2.800000,3.130000,2.800000,3.020000,3.020000,49000
2016-11-17,3.070000,3.230000,2.890000,3.030000,3.030000,83900
2016-11-18,3.050000,3.230000,3.050000,3.160000,3.160000,39400
2016-11-21,3.200000,3.250000,3.050000,3.130000,3.130000,80100
2016-11-22,3.090000,3.190000,3.070000,3.100000,3.100000,54900
2016-11-23,3.040000,3.150000,2.900000,3.120000,3.120000,41700
2016-11-25,3.120000,3.260000,3.120000,3.220000,3.220000,39100
2016-11-28,3.170000,3.270000,3.100000,3.250000,3.250000,78700
2016-11-29,3.250000,3.310000,3.170000,3.230000,3.230000,77300
2016-11-30,3.130000,3.420000,3.130000,3.310000,3.310000,49600
2016-12-01,3.180000,3.250000,3.060000,3.070000,3.070000,29300
2016-12-02,3.070000,3.100000,3.050000,3.050000,3.050000,10200
2016-12-05,3.050000,3.050000,2.900000,2.940000,2.940000,48600
2016-12-06,2.940000,3.080000,2.930000,3.070000,3.070000,20600
2016-12-07,3.000000,3.180000,3.000000,3.150000,3.150000,19300
2016-12-08,3.100000,3.220000,3.000000,3.140000,3.140000,29200
2016-12-09,3.090000,3.330000,3.010000,3.120000,3.120000,23000
2016-12-12,3.100000,3.100000,2.880000,2.990000,2.990000,57000
2016-12-13,2.960000,2.960000,2.800000,2.800000,2.800000,96300
2016-12-14,2.810000,2.890000,2.650000,2.890000,2.890000,110700
2016-12-15,2.600000,2.860000,2.600000,2.760000,2.760000,115700
2016-12-16,2.800000,2.950000,2.730000,2.820000,2.820000,144500
2016-12-19,2.860000,2.860000,2.580000,2.690000,2.690000,94700
2016-12-20,2.720000,2.760000,2.660000,2.700000,2.700000,34100
2016-12-21,2.720000,2.730000,2.650000,2.720000,2.720000,19800
2016-12-22,2.680000,2.680000,2.550000,2.550000,2.550000,27500
2016-12-23,2.590000,2.600000,2.400000,2.450000,2.450000,45800
2016-12-27,2.440000,2.590000,2.330000,2.590000,2.590000,101300
2016-12-28,2.470000,2.650000,2.460000,2.550000,2.550000,20900
2016-12-29,2.460000,2.700000,2.460000,2.490000,2.490000,28800
2016-12-30,2.500000,2.740000,2.470000,2.560000,2.560000,80600
2017-01-03,2.550000,2.780000,2.550000,2.600000,2.600000,36500
2017-01-04,2.610000,2.730000,2.610000,2.690000,2.690000,17400
2017-01-05,2.710000,2.770000,2.700000,2.720000,2.720000,22000
2017-01-06,2.700000,2.770000,2.670000,2.750000,2.750000,21700
2017-01-09,2.750000,2.800000,2.660000,2.670000,2.670000,33900
2017-01-10,2.640000,2.800000,2.600000,2.670000,2.670000,37500
2017-01-11,2.630000,2.710000,2.610000,2.680000,2.680000,3800
2017-01-12,2.640000,2.730000,2.480000,2.520000,2.520000,53700
2017-01-13,2.530000,2.780000,2.510000,2.630000,2.630000,39200
2017-01-17,2.630000,2.710000,2.550000,2.580000,2.580000,17900
2017-01-18,2.670000,2.680000,2.600000,2.660000,2.660000,5900
2017-01-19,2.660000,2.720000,2.550000,2.640000,2.640000,27300
2017-01-20,2.680000,2.730000,2.600000,2.690000,2.690000,5400
2017-01-23,2.650000,2.650000,2.530000,2.570000,2.570000,36800
2017-01-24,2.540000,2.560000,2.430000,2.440000,2.440000,68900
2017-01-25,2.450000,2.590000,2.420000,2.530000,2.530000,62600
2017-01-26,2.600000,2.600000,2.500000,2.540000,2.540000,28700
2017-01-27,2.540000,2.610000,2.490000,2.580000,2.580000,89400
2017-01-30,2.650000,2.720000,2.560000,2.690000,2.690000,46800
2017-01-31,2.680000,2.680000,2.550000,2.570000,2.570000,71600
2017-02-01,2.560000,2.620000,2.500000,2.610000,2.610000,43000
2017-02-02,2.650000,2.730000,2.590000,2.680000,2.680000,70600
2017-02-03,2.650000,2.650000,2.510000,2.550000,2.550000,36100
2017-02-06,2.510000,2.550000,2.430000,2.500000,2.500000,101700
2017-02-07,2.500000,2.510000,2.420000,2.440000,2.440000,109400
2017-02-08,2.430000,2.440000,2.040000,2.380000,2.380000,156600
2017-02-09,2.350000,2.380000,2.180000,2.310000,2.310000,82900
2017-02-10,2.310000,2.380000,2.200000,2.380000,2.380000,40900
2017-02-13,2.340000,2.470000,2.310000,2.450000,2.450000,131100
2017-02-14,2.400000,2.500000,2.380000,2.430000,2.430000,161700
2017-02-15,2.420000,2.470000,2.390000,2.390000,2.390000,68300
2017-02-16,2.410000,2.450000,2.360000,2.380000,2.380000,16400
2017-02-17,2.380000,2.450000,2.350000,2.420000,2.420000,30200
2017-02-21,2.370000,2.410000,2.350000,2.350000,2.350000,44900
2017-02-22,2.320000,2.340000,2.250000,2.250000,2.250000,63600
2017-02-23,2.280000,2.350000,2.200000,2.210000,2.210000,85600
2017-02-24,2.200000,2.250000,2.130000,2.180000,2.180000,53800
2017-02-27,2.220000,2.240000,2.100000,2.100000,2.100000,64100
2017-02-28,2.100000,2.200000,2.060000,2.160000,2.160000,87500
2017-03-01,2.130000,2.160000,1.930000,1.980000,1.980000,111800
2017-03-02,2.000000,2.160000,1.970000,2.080000,2.080000,144600
2017-03-03,2.100000,2.220000,2.000000,2.000000,2.000000,79700
2017-03-06,2.050000,2.800000,2.050000,2.250000,2.250000,1327300
2017-03-07,2.150000,2.280000,2.050000,2.120000,2.120000,196700
2017-03-08,2.140000,2.150000,2.060000,2.100000,2.100000,79200
2017-03-09,2.090000,2.130000,2.050000,2.070000,2.070000,35300
2017-03-10,2.090000,2.150000,2.050000,2.110000,2.110000,13800
2017-03-13,2.120000,2.120000,1.960000,2.010000,2.010000,127400
2017-03-14,1.990000,2.050000,1.840000,1.870000,1.870000,246400
2017-03-15,1.830000,1.910000,1.680000,1.690000,1.690000,330300
2017-03-16,1.780000,1.780000,1.560000,1.700000,1.700000,359900
2017-03-17,1.660000,1.700000,1.610000,1.640000,1.640000,125300
2017-03-20,1.620000,1.760000,1.600000,1.740000,1.740000,127400
2017-03-21,1.700000,1.860000,1.680000,1.700000,1.700000,66700
2017-03-22,1.710000,1.750000,1.620000,1.700000,1.700000,89100
2017-03-23,1.660000,1.730000,1.640000,1.670000,1.670000,45600
2017-03-24,1.730000,1.780000,1.620000,1.760000,1.760000,22000
2017-03-27,1.640000,1.770000,1.620000,1.640000,1.640000,57200
2017-03-28,1.620000,1.740000,1.560000,1.560000,1.560000,212000
2017-03-29,1.550000,1.590000,1.490000,1.510000,1.510000,81400
2017-03-30,1.480000,1.540000,1.460000,1.480000,1.480000,145800
2017-03-31,1.450000,1.600000,1.450000,1.560000,1.560000,77800
2017-04-03,1.570000,1.650000,1.560000,1.580000,1.580000,16700
2017-04-04,1.670000,1.670000,1.550000,1.550000,1.550000,27700
2017-04-05,1.550000,1.570000,1.500000,1.500000,1.500000,102400
2017-04-06,1.500000,1.560000,1.500000,1.500000,1.500000,61600
2017-04-07,1.500000,1.550000,1.490000,1.490000,1.490000,41600
2017-04-10,1.460000,1.500000,1.460000,1.490000,1.490000,228600
2017-04-11,1.500000,1.550000,1.460000,1.500000,1.500000,117400
2017-04-12,1.500000,1.540000,1.460000,1.540000,1.540000,23900
2017-04-13,1.500000,1.500000,1.460000,1.470000,1.470000,22200
2017-04-17,1.460000,1.490000,1.420000,1.450000,1.450000,62600
2017-04-18,1.450000,1.450000,1.420000,1.440000,1.440000,27400
2017-04-19,1.400000,1.420000,1.310000,1.320000,1.320000,199500
2017-04-20,1.300000,1.300000,1.130000,1.190000,1.190000,273400
2017-04-21,1.200000,1.230000,1.150000,1.180000,1.180000,96200
2017-04-24,1.170000,1.210000,1.160000,1.190000,1.190000,41900
2017-04-25,1.160000,1.200000,1.140000,1.160000,1.160000,348300
2017-04-26,1.150000,1.190000,1.100000,1.110000,1.110000,67900
2017-04-27,1.100000,1.160000,1.080000,1.110000,1.110000,85700
2017-04-28,1.100000,1.160000,1.100000,1.140000,1.140000,74900
2017-05-01,1.140000,1.150000,1.110000,1.140000,1.140000,59600
2017-05-02,1.130000,1.150000,1.090000,1.120000,1.120000,28700
2017-05-03,1.110000,1.120000,1.080000,1.120000,1.120000,52900
2017-05-04,1.120000,1.120000,1.070000,1.090000,1.090000,32100
2017-05-05,1.100000,1.120000,1.080000,1.080000,1.080000,206200
2017-05-08,1.080000,1.120000,1.080000,1.100000,1.100000,37600
2017-05-09,1.090000,1.130000,1.060000,1.060000,1.060000,74400
2017-05-10,1.060000,1.100000,0.930000,0.960000,0.960000,134100
2017-05-11,0.950000,1.000000,0.930000,0.970000,0.970000,49100
2017-05-12,0.950000,1.000000,0.820000,1.000000,1.000000,387700
2017-05-15,1.000000,1.110000,0.920000,1.090000,1.090000,247400
2017-05-16,1.130000,1.140000,1.050000,1.130000,1.130000,129900
2017-05-17,1.190000,1.230000,1.060000,1.070000,1.070000,161900
2017-05-18,1.080000,1.120000,1.000000,1.020000,1.020000,48100
2017-05-19,1.000000,1.100000,1.000000,1.100000,1.100000,45100
2017-05-22,1.100000,1.100000,1.020000,1.050000,1.050000,54600
2017-05-23,1.040000,1.040000,0.950000,0.980000,0.980000,90500
2017-05-24,0.980000,1.020000,0.950000,0.950000,0.950000,10600
2017-05-25,1.010000,1.010000,0.930000,1.000000,1.000000,75200
2017-05-26,0.950000,1.000000,0.930000,0.960000,0.960000,31100
2017-05-30,0.960000,0.990000,0.910000,0.950000,0.950000,55500
2017-05-31,0.980000,0.980000,0.910000,0.940000,0.940000,52600
2017-06-01,1.030000,1.380000,0.990000,1.340000,1.340000,5022300
2017-06-02,1.410000,1.780000,1.400000,1.690000,1.690000,11723400
2017-06-05,1.520000,1.570000,1.300000,1.380000,1.380000,2430900
2017-06-06,1.340000,1.400000,1.260000,1.400000,1.400000,564700
2017-06-07,1.450000,1.680000,1.400000,1.430000,1.430000,2870200
2017-06-08,1.450000,1.500000,1.360000,1.400000,1.400000,529900
2017-06-09,1.380000,1.380000,1.250000,1.310000,1.310000,412300
2017-06-12,1.290000,1.300000,1.200000,1.250000,1.250000,221800
2017-06-13,1.240000,1.340000,1.200000,1.320000,1.320000,528100
2017-06-14,1.340000,1.360000,1.230000,1.300000,1.300000,276500
2017-06-15,1.270000,1.300000,1.250000,1.270000,1.270000,146900
2017-06-16,1.300000,1.380000,1.260000,1.360000,1.360000,847100
2017-06-19,1.330000,1.460000,1.270000,1.330000,1.330000,1194900
2017-06-20,1.400000,1.400000,1.250000,1.270000,1.270000,314100
2017-06-21,1.290000,1.290000,1.100000,1.190000,1.190000,494900
2017-06-22,1.190000,1.260000,1.160000,1.240000,1.240000,167200
2017-06-23,1.210000,1.230000,1.160000,1.190000,1.190000,115500
2017-06-26,1.190000,1.230000,1.190000,1.210000,1.210000,112400
2017-06-27,1.200000,1.220000,1.180000,1.190000,1.190000,123300
2017-06-28,1.170000,1.180000,1.130000,1.130000,1.130000,195400
2017-06-29,1.130000,1.200000,1.130000,1.190000,1.190000,177600
2017-06-30,1.190000,1.200000,1.120000,1.160000,1.160000,72900
2017-07-03,1.140000,1.160000,1.110000,1.130000,1.130000,60900
2017-07-05,1.170000,1.170000,1.100000,1.100000,1.100000,125900
2017-07-06,1.100000,1.100000,1.000000,1.020000,1.020000,200500
2017-07-07,1.030000,1.030000,0.960000,0.980000,0.980000,156200
2017-07-10,0.960000,1.030000,0.950000,0.970000,0.970000,77200
2017-07-11,0.970000,1.050000,0.960000,1.000000,1.000000,211500
2017-07-12,1.000000,1.050000,0.970000,0.990000,0.990000,143900
2017-07-13,0.920000,0.990000,0.920000,0.940000,0.940000,388800
2017-07-14,0.940000,0.980000,0.940000,0.970000,0.970000,65200
2017-07-17,0.940000,0.980000,0.940000,0.950000,0.950000,26200
2017-07-18,0.960000,0.980000,0.940000,0.960000,0.960000,111500
2017-07-19,0.900000,0.960000,0.900000,0.920000,0.920000,180600
2017-07-20,0.930000,0.990000,0.900000,0.920000,0.920000,47700
2017-07-21,0.890000,0.960000,0.890000,0.920000,0.920000,116800
2017-07-24,0.930000,1.000000,0.900000,0.950000,0.950000,269700
2017-07-25,0.960000,0.970000,0.900000,0.930000,0.930000,395900
2017-07-26,0.910000,0.940000,0.850000,0.880000,0.880000,436700
2017-07-27,0.940000,0.940000,0.840000,0.880000,0.880000,397300
2017-07-28,0.880000,0.910000,0.840000,0.840000,0.840000,178400
2017-07-31,0.830000,0.870000,0.810000,0.810000,0.810000,230600
2017-08-01,0.810000,0.850000,0.800000,0.810000,0.810000,155600
2017-08-02,0.800000,0.830000,0.790000,0.800000,0.800000,104700
2017-08-03,0.780000,0.810000,0.760000,0.780000,0.780000,242800
2017-08-04,0.760000,0.810000,0.760000,0.760000,0.760000,519700
2017-08-07,0.760000,0.810000,0.760000,0.800000,0.800000,118500
2017-08-08,0.810000,0.850000,0.770000,0.790000,0.790000,49600
2017-08-09,0.780000,0.800000,0.760000,0.760000,0.760000,106300
2017-08-10,0.760000,0.800000,0.760000,0.770000,0.770000,91300
2017-08-11,0.760000,0.800000,0.720000,0.760000,0.760000,139200
2017-08-14,0.730000,0.760000,0.730000,0.750000,0.750000,48300
2017-08-15,0.760000,0.790000,0.750000,0.770000,0.770000,135500
2017-08-16,0.780000,0.820000,0.750000,0.810000,0.810000,248300
2017-08-17,0.820000,0.880000,0.780000,0.850000,0.850000,375100
2017-08-18,0.880000,0.880000,0.800000,0.830000,0.830000,216200
2017-08-21,0.840000,0.950000,0.820000,0.910000,0.910000,974300
2017-08-22,0.990000,0.990000,0.820000,0.840000,0.840000,488900
2017-08-23,0.810000,0.840000,0.720000,0.830000,0.830000,190000
2017-08-24,0.800000,0.840000,0.780000,0.800000,0.800000,67600
2017-08-25,0.780000,0.840000,0.780000,0.820000,0.820000,74000
2017-08-28,0.820000,0.830000,0.780000,0.790000,0.790000,103000
2017-08-29,0.780000,0.820000,0.780000,0.810000,0.810000,30400
2017-08-30,0.840000,0.840000,0.810000,0.820000,0.820000,31700
2017-08-31,0.840000,0.840000,0.780000,0.830000,0.830000,69800
2017-09-01,0.830000,0.840000,0.810000,0.810000,0.810000,12700
2017-09-05,0.840000,0.840000,0.790000,0.800000,0.800000,77300
2017-09-06,0.800000,0.830000,0.790000,0.790000,0.790000,153400
2017-09-07,0.790000,0.830000,0.790000,0.800000,0.800000,16300
2017-09-08,0.800000,0.820000,0.790000,0.800000,0.800000,19500
2017-09-11,0.790000,0.830000,0.770000,0.800000,0.800000,79500
2017-09-12,0.810000,0.820000,0.780000,0.810000,0.810000,37500
2017-09-13,0.800000,0.810000,0.790000,0.800000,0.800000,188000
2017-09-14,0.800000,0.820000,0.790000,0.800000,0.800000,136900
2017-09-15,0.810000,0.830000,0.790000,0.790000,0.790000,210000
2017-09-18,0.790000,0.820000,0.790000,0.800000,0.800000,154300
2017-09-19,0.810000,0.840000,0.790000,0.800000,0.800000,347700
2017-09-20,0.790000,0.810000,0.790000,0.800000,0.800000,45200
2017-09-21,0.780000,0.820000,0.780000,0.800000,0.800000,128000
2017-09-22,0.820000,0.820000,0.800000,0.810000,0.810000,40600
2017-09-25,0.810000,0.820000,0.800000,0.810000,0.810000,77700
2017-09-26,0.800000,0.840000,0.800000,0.810000,0.810000,201900
2017-09-27,0.800000,0.980000,0.800000,0.910000,0.910000,802300
2017-09-28,0.920000,0.950000,0.830000,0.860000,0.860000,283300
2017-09-29,0.860000,0.900000,0.850000,0.850000,0.850000,140200
2017-10-02,0.850000,0.890000,0.850000,0.860000,0.860000,72300
2017-10-03,0.870000,0.870000,0.850000,0.850000,0.850000,129600
2017-10-04,0.850000,0.890000,0.840000,0.850000,0.850000,140200
2017-10-05,0.840000,0.860000,0.840000,0.850000,0.850000,89000
2017-10-06,0.850000,1.150000,0.850000,1.010000,1.010000,2296900
2017-10-09,0.990000,1.390000,0.980000,1.200000,1.200000,3410000
2017-10-10,1.170000,1.210000,1.070000,1.150000,1.150000,848500
2017-10-11,1.120000,1.200000,1.100000,1.120000,1.120000,251800
2017-10-12,1.150000,1.150000,1.040000,1.060000,1.060000,299900
2017-10-13,1.060000,1.120000,1.010000,1.090000,1.090000,331600
2017-10-16,1.110000,1.140000,1.050000,1.090000,1.090000,234300
2017-10-17,1.100000,1.130000,1.050000,1.130000,1.130000,141500
2017-10-18,1.140000,1.300000,1.080000,1.280000,1.280000,628500
2017-10-19,1.210000,1.280000,1.160000,1.210000,1.210000,424000
2017-10-20,1.230000,1.250000,1.140000,1.230000,1.230000,268300
2017-10-23,1.210000,1.240000,1.120000,1.150000,1.150000,133400
2017-10-24,1.160000,1.200000,1.100000,1.120000,1.120000,61400
2017-10-25,1.150000,1.190000,1.070000,1.170000,1.170000,441400
2017-10-26,1.130000,1.390000,1.080000,1.130000,1.130000,1003200
2017-10-27,1.100000,1.200000,1.070000,1.090000,1.090000,196600
2017-10-30,1.060000,1.100000,1.020000,1.080000,1.080000,250600
2017-10-31,1.040000,1.100000,1.040000,1.070000,1.070000,62200
2017-11-01,1.070000,1.150000,1.070000,1.090000,1.090000,428200
2017-11-02,1.080000,1.100000,1.050000,1.070000,1.070000,65200
2017-11-03,1.090000,1.140000,1.070000,1.080000,1.080000,75100
2017-11-06,1.050000,1.100000,1.020000,1.020000,1.020000,210400
2017-11-07,1.040000,1.060000,0.970000,1.030000,1.030000,201900
2017-11-08,1.000000,1.070000,0.980000,1.030000,1.030000,124200
2017-11-09,1.000000,1.170000,1.000000,1.080000,1.080000,960700
2017-11-10,1.100000,1.190000,1.050000,1.080000,1.080000,853900
2017-11-13,1.100000,1.350000,1.080000,1.260000,1.260000,2374300
2017-11-14,1.220000,1.260000,1.150000,1.210000,1.210000,794800
2017-11-15,1.040000,1.100000,0.970000,1.020000,1.020000,770100
2017-11-16,1.070000,1.240000,1.020000,1.060000,1.060000,1076200
2017-11-17,1.040000,1.150000,1.040000,1.100000,1.100000,226400
2017-11-20,1.100000,1.130000,1.070000,1.100000,1.100000,185800
2017-11-21,1.120000,1.120000,1.030000,1.030000,1.030000,312600
2017-11-22,1.040000,1.120000,1.040000,1.060000,1.060000,384500
2017-11-24,1.080000,1.090000,1.030000,1.030000,1.030000,213100
2017-11-27,1.080000,1.080000,1.000000,1.020000,1.020000,205100
2017-11-28,1.030000,1.030000,0.950000,0.960000,0.960000,381600
2017-11-29,0.990000,1.060000,0.960000,1.030000,1.030000,160500
2017-11-30,1.020000,1.050000,0.970000,0.990000,0.990000,118400
2017-12-01,0.960000,1.010000,0.960000,0.970000,0.970000,123800
2017-12-04,0.990000,0.990000,0.950000,0.950000,0.950000,74900
2017-12-05,0.950000,1.000000,0.930000,0.950000,0.950000,181300
2017-12-06,0.930000,1.100000,0.930000,0.950000,0.950000,1167600
2017-12-07,0.950000,1.000000,0.930000,0.930000,0.930000,191400
2017-12-08,0.930000,1.010000,0.930000,0.970000,0.970000,254600
2017-12-11,0.970000,1.030000,0.950000,1.010000,1.010000,83100
2017-12-12,1.030000,1.100000,1.020000,1.030000,1.030000,177700
2017-12-13,1.030000,1.060000,1.010000,1.060000,1.060000,51300
2017-12-14,1.070000,1.070000,1.030000,1.040000,1.040000,26100
2017-12-15,1.040000,1.070000,1.010000,1.020000,1.020000,64800
2017-12-18,1.010000,1.090000,1.010000,1.030000,1.030000,235400
2017-12-19,1.060000,3.160000,1.060000,3.050000,3.050000,30457700
2017-12-20,2.360000,2.730000,1.850000,1.940000,1.940000,12808600
2017-12-21,2.080000,2.560000,2.070000,2.140000,2.140000,7834500
2017-12-22,1.650000,1.930000,1.620000,1.780000,1.780000,3007600
2017-12-26,1.730000,1.790000,1.500000,1.680000,1.680000,1411200
2017-12-27,1.610000,2.080000,1.610000,1.690000,1.690000,1264100
2017-12-28,1.700000,1.700000,1.610000,1.660000,1.660000,459700
2017-12-29,1.690000,1.770000,1.640000,1.690000,1.690000,583600
2018-01-02,1.770000,2.160000,1.650000,2.100000,2.100000,3892500
2018-01-03,2.020000,2.140000,1.810000,1.850000,1.850000,1349000
2018-01-04,1.870000,2.600000,1.860000,2.390000,2.390000,5605800
2018-01-05,3.100000,4.750000,2.610000,2.720000,2.720000,23369800
2018-01-08,2.590000,3.090000,2.400000,2.610000,2.610000,4272100
2018-01-09,2.570000,2.930000,2.440000,2.520000,2.520000,1920200
2018-01-10,2.520000,2.820000,2.450000,2.720000,2.720000,1816900
2018-01-11,2.680000,3.090000,2.650000,2.890000,2.890000,3448700
2018-01-12,2.870000,2.950000,2.600000,2.700000,2.700000,1112800
2018-01-16,2.410000,2.500000,2.300000,2.320000,2.320000,1383600
2018-01-17,2.250000,2.430000,2.200000,2.290000,2.290000,868600
2018-01-18,2.290000,2.500000,2.270000,2.450000,2.450000,628000
2018-01-19,2.350000,2.590000,2.350000,2.470000,2.470000,368000
2018-01-22,2.440000,2.500000,2.250000,2.310000,2.310000,480000
2018-01-23,2.300000,2.430000,2.300000,2.320000,2.320000,533300
2018-01-24,2.370000,2.370000,2.230000,2.250000,2.250000,509700
2018-01-25,2.220000,2.230000,2.060000,2.160000,2.160000,471600
2018-01-26,2.150000,2.220000,2.000000,2.020000,2.020000,690400
2018-01-29,2.030000,2.050000,1.920000,1.920000,1.920000,480200
2018-01-30,1.920000,1.940000,1.770000,1.850000,1.850000,467100
2018-01-31,1.760000,1.830000,1.680000,1.690000,1.690000,492900
2018-02-01,1.650000,1.740000,1.600000,1.610000,1.610000,269800
2018-02-02,1.550000,1.600000,1.380000,1.420000,1.420000,729400
2018-02-05,1.420000,1.570000,1.310000,1.370000,1.370000,701100
2018-02-06,1.310000,1.450000,1.270000,1.360000,1.360000,421100
2018-02-07,1.390000,1.560000,1.320000,1.340000,1.340000,878600
2018-02-08,1.320000,1.450000,1.230000,1.250000,1.250000,436600
2018-02-09,1.290000,1.300000,1.180000,1.240000,1.240000,367600
2018-02-12,1.300000,1.360000,1.250000,1.290000,1.290000,386400
2018-02-13,1.250000,1.330000,1.250000,1.280000,1.280000,322700
2018-02-14,1.280000,1.690000,1.280000,1.630000,1.630000,2721300
2018-02-15,1.590000,1.730000,1.460000,1.560000,1.560000,1377500
2018-02-16,1.560000,1.560000,1.370000,1.420000,1.420000,439600
2018-02-20,1.370000,1.460000,1.360000,1.420000,1.420000,187000
2018-02-21,1.410000,1.480000,1.390000,1.410000,1.410000,126900
2018-02-22,1.400000,1.460000,1.360000,1.380000,1.380000,176300
2018-02-23,1.380000,1.430000,1.370000,1.410000,1.410000,124900
2018-02-26,1.450000,1.470000,1.400000,1.470000,1.470000,265100
2018-02-27,1.450000,1.540000,1.390000,1.390000,1.390000,485200
2018-02-28,1.400000,1.450000,1.310000,1.330000,1.330000,444600
2018-03-01,1.330000,1.350000,1.240000,1.280000,1.280000,253200
2018-03-02,1.250000,1.320000,1.220000,1.300000,1.300000,126700
2018-03-05,1.300000,1.330000,1.270000,1.300000,1.300000,114100
2018-03-06,1.300000,1.300000,1.250000,1.300000,1.300000,65000
2018-03-07,1.260000,1.320000,1.260000,1.280000,1.280000,63200
2018-03-08,1.270000,1.300000,1.250000,1.270000,1.270000,155200
2018-03-09,1.310000,1.320000,1.270000,1.320000,1.320000,119200
2018-03-12,1.320000,1.350000,1.300000,1.340000,1.340000,163400
2018-03-13,1.350000,1.360000,1.270000,1.290000,1.290000,105300
2018-03-14,1.320000,1.320000,1.270000,1.290000,1.290000,54600
2018-03-15,1.310000,1.430000,1.280000,1.400000,1.400000,1139500
2018-03-16,1.360000,1.400000,1.260000,1.350000,1.350000,382500
2018-03-19,1.310000,1.320000,1.270000,1.290000,1.290000,128700
2018-03-20,1.330000,1.330000,1.270000,1.280000,1.280000,76900
2018-03-21,1.290000,1.550000,1.270000,1.440000,1.440000,2261800
2018-03-22,1.430000,1.620000,1.370000,1.450000,1.450000,1973000
2018-03-23,1.450000,1.480000,1.260000,1.270000,1.270000,571900
2018-03-26,1.340000,1.340000,1.220000,1.260000,1.260000,290000
2018-03-27,1.280000,1.290000,1.220000,1.230000,1.230000,367700
2018-03-28,1.200000,1.200000,1.080000,1.100000,1.100000,556200
2018-03-29,1.100000,1.100000,1.030000,1.070000,1.070000,219300
2018-04-02,1.080000,1.110000,1.030000,1.060000,1.060000,118000
2018-04-03,1.040000,1.100000,1.020000,1.020000,1.020000,131000
2018-04-04,1.020000,1.090000,1.000000,1.090000,1.090000,149500
2018-04-05,1.110000,1.110000,1.050000,1.100000,1.100000,62600
2018-04-06,1.080000,1.130000,1.080000,1.100000,1.100000,46700
2018-04-09,1.080000,1.140000,1.080000,1.120000,1.120000,74000
2018-04-10,1.150000,1.430000,1.120000,1.210000,1.210000,1229300
2018-04-11,1.210000,1.290000,1.200000,1.270000,1.270000,364400
2018-04-12,1.330000,1.480000,1.290000,1.390000,1.390000,2795900
2018-04-13,1.400000,1.420000,1.200000,1.240000,1.240000,1019600
2018-04-16,1.240000,1.280000,1.240000,1.240000,1.240000,176300
2018-04-17,1.310000,1.390000,1.260000,1.260000,1.260000,677900
2018-04-18,1.290000,1.290000,1.220000,1.290000,1.290000,158900
2018-04-19,1.260000,1.340000,1.260000,1.270000,1.270000,212900
2018-04-20,1.270000,1.330000,1.250000,1.280000,1.280000,316800
2018-04-23,1.250000,1.310000,1.210000,1.220000,1.220000,191900
2018-04-24,1.270000,1.270000,1.200000,1.220000,1.220000,150200
2018-04-25,1.200000,1.210000,1.160000,1.180000,1.180000,124600
2018-04-26,1.200000,1.230000,1.190000,1.210000,1.210000,58100
2018-04-27,1.300000,1.300000,1.180000,1.260000,1.260000,148900
2018-04-30,1.270000,1.270000,1.210000,1.250000,1.250000,59800
2018-05-01,1.240000,1.310000,1.230000,1.300000,1.300000,153900
2018-05-02,1.280000,1.300000,1.270000,1.280000,1.280000,88600
2018-05-03,1.280000,1.300000,1.230000,1.290000,1.290000,241300
2018-05-04,1.350000,1.350000,1.260000,1.300000,1.300000,189100
2018-05-07,1.300000,1.310000,1.200000,1.220000,1.220000,276900
2018-05-08,1.250000,1.280000,1.230000,1.260000,1.260000,62500
2018-05-09,1.280000,1.300000,1.260000,1.290000,1.290000,123700
2018-05-10,1.300000,1.330000,1.280000,1.280000,1.280000,142600
2018-05-11,1.280000,1.290000,1.260000,1.270000,1.270000,43900
2018-05-14,1.270000,1.340000,1.270000,1.300000,1.300000,312600
2018-05-15,1.320000,1.340000,1.220000,1.240000,1.240000,313900
2018-05-16,1.280000,1.300000,1.220000,1.240000,1.240000,245500
2018-05-17,1.270000,1.270000,1.220000,1.240000,1.240000,134300
2018-05-18,1.210000,1.280000,1.210000,1.230000,1.230000,185300
2018-05-21,1.270000,1.270000,1.230000,1.250000,1.250000,145900
2018-05-22,1.250000,1.280000,1.230000,1.270000,1.270000,107700
2018-05-23,1.260000,1.280000,1.260000,1.280000,1.280000,56400
2018-05-24,1.260000,1.430000,1.260000,1.410000,1.410000,1326500
2018-05-25,1.390000,1.400000,1.310000,1.310000,1.310000,381700
2018-05-29,1.310000,1.350000,1.280000,1.300000,1.300000,132900
2018-05-30,1.280000,1.400000,1.280000,1.370000,1.370000,296800
2018-05-31,1.390000,1.420000,1.340000,1.350000,1.350000,254600
2018-06-01,1.350000,1.400000,1.350000,1.350000,1.350000,105100
2018-06-04,1.350000,1.420000,1.350000,1.370000,1.370000,147500
2018-06-05,1.340000,1.410000,1.330000,1.390000,1.390000,170500
2018-06-06,1.390000,1.430000,1.370000,1.390000,1.390000,126400
2018-06-07,1.420000,1.420000,1.280000,1.290000,1.290000,280800
2018-06-08,1.300000,1.330000,1.280000,1.290000,1.290000,81900
2018-06-11,1.290000,1.310000,1.290000,1.300000,1.300000,77700
2018-06-12,1.290000,1.300000,1.240000,1.260000,1.260000,114100
2018-06-13,1.270000,1.270000,1.130000,1.190000,1.190000,297500
2018-06-14,1.220000,1.250000,1.200000,1.200000,1.200000,58800
2018-06-15,1.200000,1.210000,1.150000,1.180000,1.180000,111600
2018-06-18,1.160000,1.210000,1.130000,1.190000,1.190000,51900
2018-06-19,1.160000,1.230000,1.130000,1.150000,1.150000,99700
2018-06-20,1.130000,1.220000,1.130000,1.160000,1.160000,151500
2018-06-21,1.200000,1.200000,1.150000,1.150000,1.150000,46600
2018-06-22,1.180000,1.210000,1.120000,1.130000,1.130000,552200
2018-06-25,1.130000,1.150000,1.120000,1.130000,1.130000,27400
2018-06-26,1.140000,1.200000,1.130000,1.140000,1.140000,160500
2018-06-27,1.130000,1.180000,1.090000,1.130000,1.130000,119100
2018-06-28,1.100000,1.130000,1.080000,1.090000,1.090000,38300
2018-06-29,1.100000,1.150000,1.100000,1.100000,1.100000,48500
