Date,Open,High,Low,Close,Adj Close,Volume
2013-01-02,17.000000,17.459999,16.670000,16.889999,16.401501,107300
2013-01-03,16.930000,16.930000,16.219999,16.290001,15.818850,38400
2013-01-04,16.370001,16.580000,16.200001,16.270000,15.799429,84500
2013-01-07,16.219999,16.440001,16.150000,16.330000,15.857696,68100
2013-01-08,16.260000,16.360001,16.040001,16.219999,15.750875,50400
2013-01-09,16.320000,16.320000,15.940000,15.970000,15.508106,68800
2013-01-10,16.090000,16.260000,15.910000,16.120001,15.653769,39200
2013-01-11,16.150000,16.260000,15.920000,16.160000,15.692608,22800
2013-01-14,16.049999,16.049999,15.770000,15.870000,15.410997,16200
2013-01-15,15.780000,16.200001,15.780000,16.139999,15.673186,23600
2013-01-16,16.139999,16.150000,15.850000,16.090000,15.624636,80100
2013-01-17,16.200001,16.530001,16.080000,16.500000,16.022774,65100
2013-01-18,16.540001,16.540001,16.110001,16.270000,15.799429,81200
2013-01-22,16.320000,16.340000,15.960000,16.170000,15.702321,49700
2013-01-23,16.209999,16.360001,16.070000,16.270000,15.799429,50700
2013-01-24,16.250000,16.389999,16.120001,16.219999,15.750875,92800
2013-01-25,19.000000,19.000000,17.420000,17.480000,16.974430,164100
2013-01-28,17.590000,18.000000,17.530001,17.639999,17.129801,122700
2013-01-29,17.639999,18.299999,17.530001,18.150000,17.625055,161800
2013-01-30,18.090000,18.740000,18.090000,18.379999,17.848400,149100
2013-01-31,18.389999,19.000000,18.379999,18.920000,18.372784,176600
2013-02-01,19.090000,19.459999,19.059999,19.270000,18.712660,126400
2013-02-04,19.200001,19.330000,18.959999,19.080000,18.528152,95000
2013-02-05,19.010000,19.400000,19.010000,19.320000,18.761215,111000
2013-02-06,19.250000,19.559999,19.120001,19.500000,18.936012,61500
2013-02-07,19.549999,19.549999,19.170000,19.320000,18.761215,127800
2013-02-08,19.350000,19.900000,19.020000,19.709999,19.139936,115800
2013-02-11,19.639999,19.950001,19.540001,19.910000,19.334148,62700
2013-02-12,19.940001,20.180000,19.790001,20.080000,19.499235,65900
2013-02-13,20.070000,20.190001,19.910000,20.080000,19.499235,122000
2013-02-14,20.030001,20.219999,20.030001,20.100000,19.518654,66400
2013-02-15,20.260000,20.260000,20.000000,20.110001,19.528366,78200
2013-02-19,20.150000,20.490000,20.139999,20.379999,19.790556,118300
2013-02-20,20.420000,20.830000,20.240000,20.260000,19.674026,116600
2013-02-21,20.209999,20.209999,19.530001,19.660000,19.091381,78600
2013-02-22,19.809999,20.080000,19.180000,20.000000,19.421547,61500
2013-02-25,20.190001,20.219999,19.209999,19.260000,18.702950,63100
2013-02-26,19.360001,20.010000,19.299999,19.680000,19.110800,71100
2013-02-27,19.700001,19.820000,19.230000,19.270000,18.712660,76700
2013-02-28,19.299999,19.750000,18.990000,19.620001,19.052540,53000
2013-03-01,19.430000,20.030001,19.209999,19.879999,19.305016,62400
2013-03-04,19.879999,19.879999,19.320000,19.660000,19.091381,33500
2013-03-05,19.500000,20.100000,19.500000,20.080000,19.499235,51400
2013-03-06,20.110001,20.200001,19.799999,20.139999,19.557501,35700
2013-03-07,20.090000,20.170000,19.910000,20.170000,19.586630,37200
2013-03-08,20.360001,20.459999,20.010000,20.299999,19.712873,58200
2013-03-11,20.170000,20.370001,19.950001,20.129999,19.547783,63200
2013-03-12,20.059999,20.180000,19.740000,20.070000,19.489521,44900
2013-03-13,20.129999,20.230000,20.010000,20.059999,19.479809,58600
2013-03-14,20.059999,20.510000,20.049999,20.469999,19.877956,174600
2013-03-15,20.510000,20.750000,20.459999,20.750000,20.149857,73700
2013-03-18,20.430000,20.620001,19.930000,20.410000,19.819693,68900
2013-03-19,20.530001,20.650000,20.160000,20.450001,19.858538,103000
2013-03-20,20.490000,20.850000,20.490000,20.840000,20.237253,57800
2013-03-21,20.600000,20.840000,20.389999,20.770000,20.169279,71800
2013-03-22,20.820000,20.820000,20.620001,20.690001,20.091593,45400
2013-03-25,20.690001,20.780001,20.459999,20.540001,19.945929,129000
2013-03-26,20.580000,20.580000,19.660000,19.780001,19.207911,139000
2013-03-27,19.530001,19.530001,19.160000,19.379999,18.819481,156700
2013-03-28,19.440001,19.440001,19.040001,19.250000,18.693237,147700
2013-04-01,19.330000,19.400000,18.879999,19.219999,18.664108,132500
2013-04-02,19.350000,19.400000,18.969999,19.020000,18.469891,138200
2013-04-03,18.940001,19.120001,18.209999,18.340000,17.809557,77900
2013-04-04,18.410000,18.440001,18.160000,18.440001,17.906666,32100
2013-04-05,18.090000,18.500000,18.090000,18.500000,17.964930,44800
2013-04-08,18.500000,18.549999,17.780001,18.250000,17.722162,64400
2013-04-09,18.370001,18.420000,18.110001,18.160000,17.634768,54600
2013-04-10,18.190001,18.940001,18.190001,18.730000,18.188280,76400
2013-04-11,18.719999,18.930000,18.580000,18.900000,18.353365,80200
2013-04-12,18.740000,18.780001,18.440001,18.600000,18.062038,52500
2013-04-15,18.450001,18.450001,17.400000,17.590000,17.081251,140000
2013-04-16,17.790001,18.000000,17.500000,17.840000,17.324020,44500
2013-04-17,17.690001,18.070000,17.410000,17.730000,17.217201,58500
2013-04-18,17.809999,18.150000,17.370001,17.760000,17.246336,106700
2013-04-19,17.820000,18.400000,17.820000,18.090000,17.566788,228600
2013-04-22,18.180000,18.330000,17.570000,18.080000,17.557076,102000
2013-04-23,18.219999,18.480000,18.100000,18.469999,17.935795,25500
2013-04-24,18.500000,18.600000,18.250000,18.480000,17.945509,12400
2013-04-25,18.490000,18.820000,18.340000,18.520000,17.984358,20800
2013-04-26,18.389999,18.520000,18.040001,18.280001,17.751293,49500
2013-04-29,18.299999,18.709999,18.150000,18.570000,18.032906,29900
2013-04-30,18.500000,18.900000,18.340000,18.780001,18.236830,37700
2013-05-01,18.780001,18.780001,18.110001,18.290001,17.761011,95500
2013-05-02,18.350000,18.709999,18.309999,18.549999,18.013485,42000
2013-05-03,18.860001,19.549999,18.840000,18.980000,18.431047,60100
2013-05-06,19.040001,19.049999,18.799999,18.900000,18.353365,20500
2013-05-07,19.000000,19.110001,18.750000,18.990000,18.440756,40400
2013-05-08,18.920000,19.000000,18.840000,18.900000,18.353365,55100
2013-05-09,18.930000,18.959999,18.700001,18.780001,18.236830,93100
2013-05-10,18.850000,19.070000,18.620001,18.700001,18.159147,80300
2013-05-13,18.650000,18.780001,18.610001,18.700001,18.159147,94400
2013-05-14,18.139999,18.889999,18.139999,18.700001,18.159147,130500
2013-05-15,18.580000,18.799999,18.580000,18.700001,18.159147,67900
2013-05-16,18.690001,18.790001,18.600000,18.700001,18.159147,64000
2013-05-17,18.700001,19.139999,18.660000,19.000000,18.450468,338900
2013-05-20,18.920000,19.040001,18.860001,18.950001,18.401917,151000
2013-05-21,18.900000,19.180000,18.650000,18.990000,18.440756,209100
2013-05-22,18.990000,19.299999,18.629999,19.010000,18.460184,145500
2013-05-23,18.000000,19.120001,17.219999,18.940001,18.392204,125900
2013-05-24,18.920000,19.770000,18.920000,19.520000,18.955427,94000
2013-05-28,19.820000,21.200001,19.820000,21.110001,20.499443,118900
2013-05-29,20.930000,21.000000,20.260000,20.490000,19.897371,131300
2013-05-30,20.430000,21.400000,20.430000,21.209999,20.596548,87700
2013-05-31,20.990000,21.690001,20.760000,21.150000,20.538290,96000
2013-06-03,21.469999,21.969999,21.100000,21.719999,21.091799,216200
2013-06-04,21.690001,21.920000,21.020000,21.400000,20.781057,71100
2013-06-05,21.400000,21.549999,20.920000,21.160000,20.547997,86000
2013-06-06,21.110001,21.299999,20.559999,21.200001,20.586838,49100
2013-06-07,21.420000,21.440001,21.129999,21.219999,20.606262,34200
2013-06-10,21.260000,21.260000,20.879999,21.200001,20.586838,45800
2013-06-11,20.969999,21.200001,20.860001,20.990000,20.382914,22700
2013-06-12,21.209999,21.290001,20.870001,20.950001,20.344072,36400
2013-06-13,20.900000,21.139999,20.840000,21.129999,20.518866,99400
2013-06-14,21.150000,21.160000,20.900000,20.930000,20.324648,46500
2013-06-17,20.980000,21.150000,20.959999,21.129999,20.518866,33900
2013-06-18,21.110001,21.840000,21.020000,21.700001,21.072378,46200
2013-06-19,21.629999,21.770000,21.280001,21.280001,20.664530,41100
2013-06-20,20.980000,21.040001,20.629999,20.900000,20.295519,32300
2013-06-21,21.000000,21.139999,20.900000,20.969999,20.363493,108000
2013-06-24,20.709999,21.030001,20.500000,20.820000,20.217827,85300
2013-06-25,21.160000,22.000000,21.160000,21.870001,21.237465,89600
2013-06-26,22.040001,22.040001,21.170000,21.340000,20.722792,56300
2013-06-27,21.549999,22.049999,21.280001,21.969999,21.334570,58800
2013-06-28,21.840000,22.020000,21.280001,21.320000,20.703369,218500
2013-07-01,21.469999,22.230000,21.469999,21.930000,21.295725,53400
2013-07-02,21.850000,22.290001,21.510000,22.260000,21.616184,47600
2013-07-03,22.190001,22.540001,21.920000,22.350000,21.703579,18200
2013-07-05,22.799999,23.209999,22.440001,23.120001,22.451311,45500
2013-07-08,23.129999,23.150000,22.799999,22.889999,22.227961,77600
2013-07-09,23.000000,23.360001,22.780001,23.070000,22.402750,103900
2013-07-10,23.120001,23.490000,23.059999,23.230000,22.558126,48400
2013-07-11,23.490000,23.490000,23.059999,23.280001,22.606682,111700
2013-07-12,23.180000,24.120001,23.020000,23.879999,23.189327,79600
2013-07-15,23.830000,24.190001,23.629999,24.070000,23.373833,55600
2013-07-16,23.820000,24.170000,23.780001,24.020000,23.325277,48200
2013-07-17,24.180000,24.520000,23.969999,24.459999,23.752548,46300
2013-07-18,24.469999,25.389999,24.290001,25.230000,24.500277,42700
2013-07-19,25.200001,25.480000,24.740000,24.740000,24.024454,138300
2013-07-22,24.840000,25.110001,24.719999,24.820000,24.102139,44300
2013-07-23,25.000000,25.129999,24.420000,24.500000,23.791393,33200
2013-07-24,24.549999,24.740000,24.389999,24.570000,23.859371,61100
2013-07-25,24.580000,24.940001,24.280001,24.730000,24.014740,94800
2013-07-26,24.250000,24.350000,22.209999,22.280001,21.635605,197600
2013-07-29,22.290001,22.559999,21.750000,21.930000,21.295725,76600
2013-07-30,21.850000,22.209999,21.770000,22.080000,21.441387,76400
2013-07-31,22.100000,22.370001,22.010000,22.120001,21.480228,62100
2013-08-01,22.320000,22.780001,22.110001,22.510000,21.858953,44900
2013-08-02,22.299999,22.629999,22.250000,22.260000,21.616184,39000
2013-08-05,22.290001,22.500000,21.900000,21.990000,21.353992,106900
2013-08-06,21.719999,22.340000,21.690001,22.280001,21.635605,85300
2013-08-07,22.270000,22.850000,22.070000,22.180000,21.538496,39100
2013-08-08,22.320000,22.610001,22.059999,22.299999,21.655027,25600
2013-08-09,22.260000,22.400000,21.889999,22.200001,21.557919,65300
2013-08-12,21.910000,22.540001,21.700001,22.520000,21.868666,32500
2013-08-13,22.469999,22.480000,21.950001,22.100000,21.460810,71200
2013-08-14,22.030001,22.389999,21.990000,22.080000,21.441387,60600
2013-08-15,21.900000,22.180000,21.520000,21.700001,21.072378,72300
2013-08-16,21.600000,22.000000,21.600000,21.770000,21.140354,48000
2013-08-19,21.799999,22.040001,21.650000,21.690001,21.062670,35600
2013-08-20,21.660000,22.120001,21.660000,21.969999,21.334570,36900
2013-08-21,21.930000,22.250000,21.910000,22.070000,21.431677,58900
2013-08-22,22.209999,22.650000,22.000000,22.350000,21.703579,22700
2013-08-23,22.379999,22.629999,22.100000,22.290001,21.645317,42900
2013-08-26,22.430000,22.570000,22.120001,22.270000,21.625893,57900
2013-08-27,22.049999,22.309999,21.570000,21.959999,21.324862,57700
2013-08-28,21.910000,22.280001,21.870001,22.129999,21.489941,43800
2013-08-29,22.040001,22.330000,21.870001,22.139999,21.499655,45800
2013-08-30,22.049999,22.180000,21.250000,21.400000,20.781057,56800
2013-09-03,21.770000,22.280001,21.770000,22.090000,21.451099,53300
2013-09-04,22.059999,22.219999,21.969999,22.070000,21.431677,92400
2013-09-05,22.059999,22.389999,22.059999,22.280001,21.635605,49100
2013-09-06,22.440001,22.570000,21.990000,22.309999,21.664736,88600
2013-09-09,22.440001,22.799999,22.420000,22.780001,22.121143,77200
2013-09-10,22.889999,23.020000,22.459999,22.840000,22.179411,91200
2013-09-11,22.830000,23.070000,22.490000,22.760000,22.101723,87000
2013-09-12,22.809999,22.950001,22.660000,22.910000,22.247381,31600
2013-09-13,22.969999,23.230000,22.910000,23.100000,22.431887,19600
2013-09-16,23.350000,23.500000,23.180000,23.299999,22.626101,95500
2013-09-17,23.299999,23.610001,23.150000,23.540001,22.859163,21700
2013-09-18,23.540001,23.969999,23.280001,23.740000,23.053379,39600
2013-09-19,23.770000,24.030001,23.740000,23.870001,23.179617,31500
2013-09-20,23.950001,24.129999,23.660000,23.950001,23.257305,121700
2013-09-23,23.920000,24.430000,23.510000,23.980000,23.286438,44600
2013-09-24,23.920000,24.610001,23.920000,24.170000,23.470942,23800
2013-09-25,24.250000,24.670000,24.190001,24.320000,23.616600,44100
2013-09-26,24.389999,24.420000,24.230000,24.350000,23.645735,30000
2013-09-27,24.129999,24.400000,24.049999,24.200001,23.500076,97600
2013-09-30,23.990000,24.110001,23.500000,24.030001,23.334990,122300
2013-10-01,23.950001,24.570000,23.840000,24.370001,23.665154,60000
2013-10-02,24.990000,24.990000,23.770000,23.889999,23.199041,45300
2013-10-03,23.770000,24.129999,23.299999,23.750000,23.063087,32700
2013-10-04,23.690001,23.830000,23.559999,23.610001,22.927135,23100
2013-10-07,23.430000,23.430000,22.959999,23.139999,22.470730,28700
2013-10-08,23.070000,23.389999,22.850000,23.020000,22.354200,59800
2013-10-09,23.049999,23.490000,23.049999,23.139999,22.470730,38400
2013-10-10,23.510000,23.910000,23.219999,23.750000,23.063087,27900
2013-10-11,23.610001,24.490000,23.610001,24.480000,23.771975,27600
2013-10-14,24.270000,24.700001,24.250000,24.610001,23.898214,50200
2013-10-15,24.610001,25.320000,24.209999,24.799999,24.082718,55200
2013-10-16,24.910000,25.049999,24.530001,24.570000,23.859371,23000
2013-10-17,24.510000,25.100000,24.510000,25.000000,24.276936,36600
2013-10-18,25.219999,25.340000,24.870001,25.299999,24.568260,69500
2013-10-21,25.299999,25.650000,25.000000,25.379999,24.645943,32200
2013-10-22,25.430000,26.040001,25.330000,25.870001,25.121773,80300
2013-10-23,25.629999,25.969999,25.530001,25.670000,24.927557,36600
2013-10-24,25.900000,27.650000,25.790001,27.610001,26.811447,74900
2013-10-25,27.719999,27.879999,26.469999,26.940001,26.160826,67500
2013-10-28,26.770000,27.219999,26.629999,27.000000,26.219086,72400
2013-10-29,27.170000,27.440001,26.200001,26.410000,25.646152,92200
2013-10-30,26.500000,26.830000,25.750000,25.910000,25.160614,61900
2013-10-31,25.870001,26.379999,25.530001,26.010000,25.257729,99500
2013-11-01,25.959999,26.850000,25.709999,26.730000,25.956900,91900
2013-11-04,26.920000,27.330000,26.180000,26.450001,25.684996,107900
2013-11-05,27.340000,27.340000,25.410000,26.230000,25.471361,46000
2013-11-06,26.320000,26.730000,26.219999,26.480000,25.714130,36600
2013-11-07,26.540001,26.930000,25.520000,25.549999,24.811028,29900
2013-11-08,25.540001,27.000000,25.110001,26.930000,26.151117,76400
2013-11-11,26.959999,27.000000,26.480000,26.770000,25.995745,91500
2013-11-12,26.590000,26.820000,26.000000,26.260000,25.500496,27800
2013-11-13,26.209999,26.450001,25.850000,26.450001,25.684996,29200
2013-11-14,26.350000,26.650000,26.110001,26.250000,25.490782,22900
2013-11-15,26.209999,26.730000,25.969999,26.559999,25.791815,55900
2013-11-18,26.590000,26.910000,26.200001,26.340000,25.578176,53500
2013-11-19,26.230000,26.809999,25.580000,25.690001,24.946981,96700
2013-11-20,25.790001,25.830000,25.480000,25.820000,25.073217,56700
2013-11-21,25.980000,26.030001,25.469999,26.030001,25.277145,120300
2013-11-22,26.110001,26.240000,25.910000,26.170000,25.413097,67300
2013-11-25,26.150000,27.200001,26.150000,26.870001,26.092854,52600
2013-11-26,26.830000,27.309999,26.510000,27.100000,26.316196,62100
2013-11-27,27.139999,27.920000,26.990000,27.900000,27.093061,44000
2013-11-29,28.120001,28.120001,27.559999,27.700001,26.898844,30800
2013-12-02,27.719999,27.799999,26.410000,26.420000,25.655863,83100
2013-12-03,26.330000,26.950001,25.549999,26.870001,26.092854,67400
2013-12-04,26.700001,27.100000,26.660000,27.000000,26.219086,105300
2013-12-05,26.940001,27.139999,26.780001,27.010000,26.228800,39000
2013-12-06,27.350000,27.350000,26.830000,26.930000,26.151117,215100
2013-12-09,27.020000,27.200001,26.860001,27.040001,26.257933,63400
2013-12-10,26.900000,27.100000,26.610001,26.809999,26.034582,70000
2013-12-11,26.940001,27.020000,26.290001,26.420000,25.655863,81600
2013-12-12,26.389999,26.719999,26.190001,26.299999,25.539333,90500
2013-12-13,26.430000,26.760000,26.200001,26.559999,25.791815,102600
2013-12-16,26.600000,27.000000,26.590000,26.860001,26.083141,91800
2013-12-17,26.770000,26.959999,26.510000,26.879999,26.102556,36500
2013-12-18,26.860001,27.070000,26.410000,27.049999,26.267641,91300
2013-12-19,26.940001,27.330000,26.809999,27.080000,26.296778,125400
2013-12-20,27.209999,27.480000,27.000000,27.360001,26.568678,162000
2013-12-23,27.480000,27.719999,27.170000,27.459999,26.665779,80800
2013-12-24,27.580000,27.709999,27.260000,27.469999,26.675495,51800
2013-12-26,27.620001,28.350000,27.620001,28.070000,27.258139,45600
2013-12-27,28.190001,28.250000,27.280001,27.440001,26.646362,62400
2013-12-30,27.450001,27.540001,27.170000,27.190001,26.403591,34800
2013-12-31,27.250000,27.520000,27.080000,27.139999,26.355043,64500
2014-01-02,27.110001,27.139999,26.580000,26.680000,25.908346,48000
2014-01-03,26.730000,26.889999,26.389999,26.620001,25.850082,42400
2014-01-06,26.770000,26.830000,26.340000,26.709999,25.937479,86500
2014-01-07,26.860001,27.230000,26.680000,27.200001,26.413309,42500
2014-01-08,27.150000,27.410000,26.320000,26.389999,25.626732,49300
2014-01-09,26.559999,26.610001,25.740000,26.280001,25.519917,44200
2014-01-10,26.309999,26.629999,25.920000,26.070000,25.315987,59300
2014-01-13,26.059999,26.219999,25.420000,25.690001,24.946981,52100
2014-01-14,25.840000,26.440001,25.600000,25.719999,24.976110,61100
2014-01-15,25.709999,26.709999,25.600000,26.230000,25.471361,137100
2014-01-16,26.160000,26.190001,25.219999,26.000000,25.248014,70300
2014-01-17,26.040001,26.350000,25.900000,26.090000,25.335405,68800
2014-01-21,26.180000,26.420000,25.879999,26.250000,25.490782,57900
2014-01-22,26.180000,26.309999,25.930000,26.170000,25.413097,87800
2014-01-23,25.090000,26.110001,25.090000,26.059999,25.306276,231500
2014-01-24,25.870001,25.990000,25.000000,25.160000,24.432308,142500
2014-01-27,25.610001,25.610001,24.840000,25.040001,24.315779,149300
2014-01-28,24.990000,25.680000,24.980000,25.629999,24.888716,116800
2014-01-29,25.389999,26.110001,25.049999,25.150000,24.422596,122500
2014-01-30,25.340000,25.650000,25.049999,25.080000,24.354620,53000
2014-01-31,24.530001,25.080000,24.209999,24.719999,24.005033,128700
2014-02-03,24.530001,25.190001,24.340000,24.809999,24.092424,198000
2014-02-04,24.830000,25.129999,24.629999,25.000000,24.276936,100300
2014-02-05,24.930000,25.290001,24.680000,24.740000,24.024454,81700
2014-02-06,24.730000,25.040001,24.580000,24.940001,24.218674,51900
2014-02-07,24.930000,26.790001,24.500000,24.790001,24.073004,39900
2014-02-10,24.709999,25.030001,24.450001,24.809999,24.092424,52800
2014-02-11,24.740000,25.379999,24.670000,25.139999,24.412886,55300
2014-02-12,25.139999,25.730000,25.100000,25.600000,24.859581,59300
2014-02-13,25.400000,26.139999,25.299999,25.950001,25.199461,58900
2014-02-14,25.990000,26.260000,25.740000,26.000000,25.248014,78500
2014-02-18,25.969999,26.420000,25.860001,26.250000,25.490782,51000
2014-02-19,26.049999,26.389999,25.459999,25.809999,25.063505,72200
2014-02-20,25.760000,26.190001,25.350000,26.120001,25.364540,60600
2014-02-21,26.290001,26.370001,24.740000,24.840000,24.121561,135800
2014-02-24,24.910000,25.250000,24.750000,25.030001,24.306068,50700
2014-02-25,25.110001,25.370001,24.940001,25.299999,24.568260,45900
2014-02-26,25.370001,25.780001,25.309999,25.590000,24.849867,40600
2014-02-27,25.440001,25.850000,25.370001,25.830000,25.082928,43200
2014-02-28,25.879999,26.000000,25.410000,25.459999,24.723627,63000
2014-03-03,25.100000,25.570000,24.750000,25.250000,24.519705,99500
2014-03-04,25.600000,26.900000,24.910000,26.059999,25.306276,89200
2014-03-05,26.059999,26.370001,25.690001,25.990000,25.238306,84200
2014-03-06,26.139999,26.190001,25.850000,26.170000,25.413097,20600
2014-03-07,26.370001,26.410000,25.870001,26.049999,25.296564,47200
2014-03-10,26.070000,26.200001,25.660000,26.059999,25.306276,74000
2014-03-11,26.000000,26.430000,25.850000,26.240000,25.481068,78700
2014-03-12,26.170000,26.860001,26.110001,26.790001,26.015163,73000
2014-03-13,26.799999,26.969999,26.580000,26.780001,26.005451,61200
2014-03-14,26.610001,27.110001,26.000000,26.059999,25.306276,33000
2014-03-17,26.209999,26.209999,25.980000,26.139999,25.383963,31100
2014-03-18,26.139999,26.700001,26.030001,26.700001,25.927767,29100
2014-03-19,26.610001,26.840000,26.430000,26.770000,25.995745,40800
2014-03-20,26.670000,27.160000,26.370001,26.610001,25.840368,25600
2014-03-21,26.719999,27.200001,26.580000,26.850000,26.073431,65400
2014-03-24,27.000000,27.100000,26.680000,26.830000,26.054007,48000
2014-03-25,27.030001,27.200001,26.700001,26.889999,26.112272,29000
2014-03-26,27.040001,27.040001,26.400000,26.590000,25.820950,55100
2014-03-27,26.600000,26.950001,26.389999,26.590000,25.820950,79100
2014-03-28,26.549999,27.120001,26.120001,26.160000,25.403381,24800
2014-03-31,26.280001,26.930000,26.280001,26.790001,26.015163,55900
2014-04-01,26.830000,27.510000,26.780001,27.430000,26.636652,43100
2014-04-02,27.469999,27.750000,27.190001,27.719999,26.918266,29600
2014-04-03,27.809999,27.809999,27.330000,27.590000,26.792027,27000
2014-04-04,27.850000,27.930000,26.520000,27.020000,26.238508,52400
2014-04-07,26.820000,26.940001,26.020000,26.430000,25.665573,36900
2014-04-08,26.530001,27.020000,26.200001,26.660000,25.888920,36700
2014-04-09,26.719999,27.240000,26.530001,27.150000,26.364750,51300
2014-04-10,27.100000,27.100000,25.959999,26.080000,25.325693,48200
2014-04-11,25.809999,26.059999,25.639999,25.780001,25.034376,35600
2014-04-14,26.040001,26.040001,25.190001,25.690001,24.946981,23800
2014-04-15,25.719999,25.969999,25.100000,25.840000,25.092638,39900
2014-04-16,26.120001,26.299999,25.639999,25.969999,25.218878,29900
2014-04-17,25.830000,26.260000,25.700001,26.160000,25.403381,43700
2014-04-21,25.950001,26.309999,25.900000,26.190001,25.432518,42200
2014-04-22,26.200001,26.580000,25.990000,26.490000,25.723843,104300
2014-04-23,26.350000,26.680000,26.290001,26.299999,25.539333,32600
2014-04-24,26.549999,26.910000,26.299999,26.620001,25.850082,52300
2014-04-25,26.430000,27.049999,26.190001,26.459999,25.694706,73800
2014-04-28,26.639999,26.959999,26.459999,26.770000,25.995745,65300
2014-04-29,27.000000,27.059999,26.250000,26.340000,25.578176,47700
2014-04-30,26.370001,26.770000,26.000000,26.490000,25.723843,67500
2014-05-01,26.490000,26.490000,25.730000,26.129999,25.374252,70600
2014-05-02,26.100000,26.799999,25.959999,26.120001,25.364540,35400
2014-05-05,25.879999,26.190001,25.770000,26.049999,25.296564,34200
2014-05-06,25.900000,26.379999,25.650000,25.850000,25.102352,55600
2014-05-07,25.780001,25.920000,25.500000,25.870001,25.160702,75200
2014-05-08,25.650000,26.389999,25.650000,26.049999,25.335772,60500
2014-05-09,25.860001,26.559999,25.809999,26.549999,25.822060,36200
2014-05-12,26.700001,27.719999,26.129999,27.580000,26.823822,63700
2014-05-13,27.549999,27.680000,27.309999,27.410000,26.658484,75800
2014-05-14,27.350000,27.350000,26.680000,27.139999,26.395884,50300
2014-05-15,26.920000,27.010000,26.459999,26.790001,26.055485,45800
2014-05-16,26.730000,26.910000,26.469999,26.850000,26.113834,45800
2014-05-19,26.860001,27.480000,26.760000,27.400000,26.648754,104100
2014-05-20,27.240000,27.490000,26.850000,27.170000,26.425066,110600
2014-05-21,27.170000,27.750000,27.170000,27.559999,26.804367,122300
2014-05-22,27.719999,30.030001,27.719999,29.840000,29.021856,194700
2014-05-23,30.120001,30.980000,29.590000,30.299999,29.469246,170800
2014-05-27,30.500000,30.900000,29.590000,29.940001,29.119120,90200
2014-05-28,29.799999,30.250000,28.940001,29.040001,28.243795,116400
2014-05-29,29.059999,29.330000,28.139999,28.959999,28.165979,38200
2014-05-30,29.049999,29.080000,28.100000,28.160000,27.387917,110600
2014-06-02,28.170000,28.920000,27.700001,28.820000,28.029821,165700
2014-06-03,28.730000,29.000000,28.180000,28.230000,27.456001,98000
2014-06-04,28.170000,28.410000,27.950001,28.209999,27.436548,97300
2014-06-05,28.350000,29.139999,27.559999,28.889999,28.097904,92100
2014-06-06,29.139999,29.290001,28.910000,29.120001,28.321598,158600
2014-06-09,29.219999,30.000000,29.219999,29.730000,28.914875,82900
2014-06-10,29.719999,29.860001,29.129999,29.290001,28.486938,48200
2014-06-11,29.190001,29.190001,28.459999,28.660000,27.874208,41900
2014-06-12,28.600000,28.600000,28.000000,28.170000,27.397648,36300
2014-06-13,28.280001,28.280001,27.510000,27.660000,26.901628,46800
2014-06-16,27.530001,27.530001,27.230000,27.420000,26.668205,55500
2014-06-17,27.459999,28.280001,27.360001,28.209999,27.436548,102500
2014-06-18,28.270000,28.520000,27.959999,28.450001,27.669966,60100
2014-06-19,28.410000,28.750000,28.320000,28.500000,27.718596,35400
2014-06-20,28.650000,28.650000,28.000000,28.080000,27.310110,147400
2014-06-23,27.990000,27.990000,27.090000,27.430000,26.677931,76800
2014-06-24,27.480000,28.059999,27.100000,27.200001,26.454243,66000
2014-06-25,27.000000,27.650000,26.889999,27.320000,26.570948,74000
2014-06-26,27.350000,27.350000,26.799999,27.200001,26.454243,53200
2014-06-27,27.010000,27.299999,26.990000,27.059999,26.318079,131500
2014-06-30,27.059999,27.139999,26.900000,27.049999,26.308350,81600
2014-07-01,27.280001,28.330000,27.139999,28.150000,27.378195,113700
2014-07-02,28.209999,28.870001,27.299999,28.520000,27.738050,169900
2014-07-03,28.709999,29.049999,28.559999,28.660000,27.874208,33700
2014-07-07,28.520000,28.740000,28.059999,28.240000,27.465729,144900
2014-07-08,28.070000,28.150000,27.450001,27.799999,27.037786,85600
2014-07-09,27.870001,28.030001,27.340000,27.450001,26.697388,38800
2014-07-10,27.049999,27.370001,26.620001,26.930000,26.191645,56600
2014-07-11,26.799999,26.930000,26.650000,26.860001,26.123564,43000
2014-07-14,26.990000,27.100000,26.850000,27.049999,26.308350,60800
2014-07-15,27.049999,27.160000,26.740000,26.910000,26.172190,51100
2014-07-16,27.040001,27.190001,26.700001,26.790001,26.055485,47400
2014-07-17,26.629999,26.770000,26.090000,26.270000,25.549736,91100
2014-07-18,26.150000,26.709999,25.940001,26.580000,25.851240,80600
2014-07-21,26.440001,26.750000,26.120001,26.629999,25.899862,38500
2014-07-22,26.709999,27.049999,26.629999,26.650000,25.919323,40700
2014-07-23,26.650000,26.870001,26.360001,26.760000,26.026304,32900
2014-07-24,26.680000,27.120001,26.320000,26.500000,25.773430,52100
2014-07-25,26.209999,26.209999,25.620001,25.670000,24.966188,120100
2014-07-28,25.660000,25.660000,25.200001,25.480000,24.781393,41900
2014-07-29,25.440001,25.570000,25.250000,25.410000,24.713316,30300
2014-07-30,25.510000,25.920000,25.160000,25.660000,24.956467,51300
2014-07-31,24.250000,24.500000,22.559999,23.250000,22.612541,233800
2014-08-01,23.360001,23.570000,22.860001,23.160000,22.525009,130000
2014-08-04,23.200001,23.709999,23.180000,23.620001,22.972401,114000
2014-08-05,23.440001,23.900000,23.360001,23.879999,23.225266,102500
2014-08-06,23.730000,24.330000,23.680000,24.059999,23.439592,91500
2014-08-07,24.160000,24.430000,24.000000,24.360001,23.731857,82600
2014-08-08,24.340000,24.750000,24.240000,24.420000,23.790316,69500
2014-08-11,24.500000,24.950001,24.500000,24.680000,24.043606,33000
2014-08-12,24.500000,24.850000,24.450001,24.600000,23.965673,53500
2014-08-13,24.690001,24.900000,24.530001,24.770000,24.131287,30700
2014-08-14,24.690001,24.809999,24.559999,24.760000,24.121546,32700
2014-08-15,24.980000,24.980000,24.000000,24.530001,23.897474,58600
2014-08-18,24.860001,25.209999,24.820000,25.190001,24.540457,29900
2014-08-19,25.110001,25.260000,24.900000,25.000000,24.355356,28600
2014-08-20,24.930000,24.930000,24.570000,24.799999,24.160513,40300
2014-08-21,24.850000,25.090000,24.420000,24.990000,24.345613,66800
2014-08-22,24.900000,25.020000,23.850000,24.850000,24.209223,33000
2014-08-25,25.070000,25.160000,24.670000,25.049999,24.404064,58700
2014-08-26,25.080000,25.320000,24.930000,25.200001,24.550200,30800
2014-08-27,25.320000,26.100000,24.930000,25.850000,25.183441,105900
2014-08-28,25.799999,25.799999,25.250000,25.320000,24.667105,29100
2014-08-29,25.350000,25.370001,24.680000,25.059999,24.413811,64400
2014-09-02,25.219999,25.610001,25.040001,25.480000,24.822975,44000
2014-09-03,25.639999,25.820000,25.100000,25.180000,24.530714,28700
2014-09-04,25.290001,25.650000,25.219999,25.410000,24.754784,22300
2014-09-05,25.290001,25.450001,25.040001,25.280001,24.628134,19800
2014-09-08,25.190001,25.420000,25.049999,25.299999,24.647617,38700
2014-09-09,25.180000,25.370001,24.750000,25.150000,24.501484,72500
2014-09-10,25.080000,25.270000,24.930000,25.160000,24.511234,34000
2014-09-11,25.090000,25.459999,24.719999,25.440001,24.784010,55000
2014-09-12,25.500000,25.500000,24.510000,24.959999,24.316389,106100
2014-09-15,24.830000,24.940001,23.920000,24.110001,23.488308,137700
2014-09-16,24.120001,24.420000,24.000000,24.260000,23.634436,106300
2014-09-17,24.320000,24.360001,24.030001,24.150000,23.527269,82900
2014-09-18,24.200001,24.280001,23.990000,24.080000,23.459080,103000
2014-09-19,24.100000,24.320000,23.780001,24.030001,23.410372,150800
2014-09-22,23.940001,24.180000,23.790001,24.010000,23.390881,128800
2014-09-23,23.870001,24.250000,23.139999,23.219999,22.621254,138500
2014-09-24,23.320000,23.320000,22.469999,22.600000,22.017244,146100
2014-09-25,22.620001,22.850000,22.110001,22.459999,21.880850,115100
2014-09-26,22.490000,22.650000,22.389999,22.500000,21.919817,55300
2014-09-29,22.190001,22.520000,22.160000,22.450001,21.871111,47000
2014-09-30,22.410000,22.500000,21.990000,21.990000,21.422972,94500
2014-10-01,22.020000,22.070000,21.600000,21.650000,21.091742,82400
2014-10-02,21.660000,22.129999,21.660000,21.940001,21.374260,41500
2014-10-03,22.219999,22.219999,21.770000,21.860001,21.296322,75000
2014-10-06,21.830000,22.230000,21.370001,21.870001,21.306063,75500
2014-10-07,21.639999,21.639999,20.540001,20.590000,20.059071,81300
2014-10-08,20.530001,21.469999,20.260000,21.389999,20.838442,58400
2014-10-09,21.299999,21.299999,20.570000,20.600000,20.068815,82500
2014-10-10,20.459999,21.040001,20.309999,20.430000,19.903194,51000
2014-10-13,20.540001,20.830000,20.160000,20.469999,19.942163,115100
2014-10-14,20.709999,21.510000,20.610001,20.950001,20.409788,56700
2014-10-15,20.559999,21.030001,20.209999,20.770000,20.234428,81900
2014-10-16,20.440001,21.280001,20.440001,21.170000,20.624113,57700
2014-10-17,21.490000,21.490000,20.780001,21.010000,20.468239,51600
2014-10-20,20.860001,21.420000,20.660000,21.379999,20.828697,53100
2014-10-21,21.459999,22.709999,21.459999,21.809999,21.247610,43300
2014-10-22,21.840000,22.139999,21.799999,21.900000,21.335291,54800
2014-10-23,22.250000,22.459999,20.719999,22.299999,21.724977,98200
2014-10-24,26.500000,27.000000,24.600000,25.520000,24.861946,164500
2014-10-27,25.670000,27.299999,25.260000,27.040001,26.342756,137500
2014-10-28,27.290001,28.940001,26.860001,28.490000,27.755365,243800
2014-10-29,28.420000,28.760000,27.930000,28.090000,27.365679,92100
2014-10-30,27.900000,28.530001,25.520000,28.049999,27.326706,177500
2014-10-31,28.740000,28.750000,27.870001,28.450001,27.716393,150500
2014-11-03,28.450001,28.930000,28.219999,28.860001,28.115826,82900
2014-11-04,28.799999,29.170000,28.760000,29.139999,28.388603,46400
2014-11-05,29.240000,29.250000,28.650000,28.740000,28.037403,73900
2014-11-06,28.840000,29.330000,28.820000,29.280001,28.564203,50700
2014-11-07,29.180000,29.180000,28.490000,28.639999,27.939850,48900
2014-11-10,28.629999,29.209999,28.629999,29.190001,28.476402,37700
2014-11-11,29.209999,29.290001,28.910000,29.030001,28.320314,57100
2014-11-12,28.799999,29.690001,28.799999,29.559999,28.837357,59900
2014-11-13,29.510000,29.590000,28.469999,28.740000,28.037403,34000
2014-11-14,28.670000,29.129999,28.490000,28.910000,28.203247,49000
2014-11-17,28.959999,28.959999,28.250000,28.280001,27.588652,48900
2014-11-18,28.450001,29.000000,28.370001,28.490000,27.793518,71200
2014-11-19,28.500000,28.830000,27.110001,27.730000,27.052094,73100
2014-11-20,27.540001,28.340000,27.500000,28.280001,27.588652,64000
2014-11-21,28.790001,28.790001,27.540001,27.629999,26.954540,84500
2014-11-24,27.770000,28.150000,27.590000,28.129999,27.442316,62600
2014-11-25,28.110001,28.570000,27.889999,27.920000,27.237450,40400
2014-11-26,27.850000,28.020000,27.650000,27.750000,27.071609,48900
2014-11-28,27.680000,27.809999,26.600000,26.709999,26.057030,36500
2014-12-01,26.700001,26.700001,25.820000,26.030001,25.393658,52400
2014-12-02,26.080000,26.930000,25.570000,26.770000,26.115566,52700
2014-12-03,26.709999,27.600000,26.540001,27.459999,26.788691,53900
2014-12-04,27.299999,27.830000,27.070000,27.120001,26.457005,47700
2014-12-05,27.090000,27.990000,27.080000,27.570000,26.896008,35000
2014-12-08,27.570000,27.840000,26.480000,26.670000,26.018009,67800
2014-12-09,26.469999,27.450001,26.299999,27.360001,26.691137,85900
2014-12-10,27.170000,27.340000,26.110001,26.270000,25.627785,68100
2014-12-11,26.480000,26.709999,26.299999,26.370001,25.725342,47700
2014-12-12,25.930000,26.500000,25.379999,25.590000,24.964407,44600
2014-12-15,26.480000,26.480000,25.500000,25.549999,24.925386,31500
2014-12-16,25.559999,26.480000,25.559999,25.750000,25.120499,41100
2014-12-17,25.750000,26.830000,25.559999,26.750000,26.096054,49400
2014-12-18,27.209999,27.799999,26.900000,27.360001,26.691137,54800
2014-12-19,27.290001,27.490000,27.139999,27.400000,26.730160,150100
2014-12-22,27.430000,27.950001,26.889999,27.340000,26.671629,25200
2014-12-23,26.580000,28.180000,26.580000,27.840000,27.159410,30400
2014-12-24,27.850000,28.000000,27.230000,27.709999,27.032581,17800
2014-12-26,27.840000,28.299999,27.629999,28.090000,27.403296,16100
2014-12-29,28.020000,28.490000,27.900000,28.280001,27.588652,27600
2014-12-30,28.280001,28.280001,27.879999,28.150000,27.461828,20900
2014-12-31,28.180000,28.379999,27.840000,28.040001,27.354519,43100
2015-01-02,28.330000,28.330000,27.250000,27.790001,27.110630,33200
2015-01-05,27.790001,28.090000,26.820000,27.160000,26.496027,46100
2015-01-06,27.120001,27.120001,25.549999,25.750000,25.120499,72600
2015-01-07,25.889999,25.940001,25.110001,25.930000,25.296097,75300
2015-01-08,26.180000,26.459999,25.850000,26.290001,25.647301,46000
2015-01-09,26.389999,26.620001,25.920000,26.010000,25.374144,45700
2015-01-12,25.990000,26.330000,25.010000,25.559999,24.935143,43800
2015-01-13,25.900000,26.209999,24.820000,25.670000,25.042454,32800
2015-01-14,25.290001,25.430000,24.530001,25.200001,24.583946,17300
2015-01-15,25.330000,25.330000,24.540001,24.969999,24.359570,101600
2015-01-16,24.879999,25.860001,24.760000,25.650000,25.022943,124900
2015-01-20,25.770000,27.100000,25.490000,26.400000,25.754610,71000
2015-01-21,26.299999,26.730000,25.430000,25.879999,25.247318,41000
2015-01-22,26.200001,26.690001,25.690001,26.379999,25.735096,104100
2015-01-23,26.410000,26.660000,25.799999,26.230000,25.588760,57200
2015-01-26,26.500000,26.709999,26.030001,26.420000,25.774118,72300
2015-01-27,25.879999,26.250000,25.430000,25.770000,25.140007,81600
2015-01-28,25.980000,26.700001,25.299999,25.590000,24.964407,116500
2015-01-29,22.990000,26.299999,22.900000,25.770000,25.140007,69900
2015-01-30,25.629999,25.950001,24.740000,25.049999,24.437611,72400
2015-02-02,25.219999,26.040001,25.070000,25.760000,25.130257,53900
2015-02-03,26.010000,26.200001,25.610001,26.010000,25.374144,97700
2015-02-04,25.770000,26.110001,25.500000,25.629999,25.041945,38200
2015-02-05,25.930000,26.120001,25.799999,25.940001,25.344833,33600
2015-02-06,26.000000,26.410000,25.660000,25.750000,25.159189,74600
2015-02-09,25.740000,26.690001,25.670000,26.209999,25.608635,66500
2015-02-10,26.360001,26.360001,25.600000,25.889999,25.295977,27400
2015-02-11,25.860001,25.860001,25.330000,25.540001,24.954012,21300
2015-02-12,25.730000,25.980000,25.370001,25.889999,25.295977,35000
2015-02-13,25.959999,26.299999,25.760000,25.860001,25.266666,24500
2015-02-17,25.809999,25.850000,25.360001,25.570000,24.983316,42600
2015-02-18,25.370001,25.920000,25.370001,25.780001,25.188501,22200
2015-02-19,25.639999,25.910000,25.570000,25.790001,25.198273,19100
2015-02-20,25.700001,25.750000,25.139999,25.709999,25.120106,44600
2015-02-23,25.610001,26.250000,25.190001,25.830000,25.237354,45800
2015-02-24,26.040001,26.500000,26.040001,26.400000,25.794277,29500
2015-02-25,26.469999,26.650000,26.260000,26.600000,25.989689,44500
2015-02-26,26.639999,26.830000,26.500000,26.650000,26.038544,31100
2015-02-27,26.530001,26.790001,26.459999,26.559999,25.950607,56800
2015-03-02,26.610001,27.049999,26.530001,26.790001,26.175331,35600
2015-03-03,26.750000,26.860001,26.320000,26.459999,25.852901,43000
2015-03-04,26.260000,26.260000,25.830000,25.950001,25.354603,29900
2015-03-05,25.930000,25.940001,25.610001,25.860001,25.266666,35700
2015-03-06,25.549999,25.860001,25.100000,25.170000,24.592497,46700
2015-03-09,25.200001,25.490000,25.200001,25.350000,24.768368,36400
2015-03-10,25.320000,25.370001,24.520000,24.680000,24.113739,85300
2015-03-11,24.680000,24.680000,24.000000,24.180000,23.625212,70400
2015-03-12,24.440001,25.020000,24.250000,24.809999,24.240755,123300
2015-03-13,24.820000,25.879999,24.530001,25.680000,25.090796,40000
2015-03-16,25.910000,25.910000,23.730000,24.030001,23.478657,179500
2015-03-17,24.240000,24.780001,23.830000,24.680000,24.113739,46800
2015-03-18,24.700001,25.190001,24.299999,24.920000,24.348234,51600
2015-03-19,24.740000,24.799999,24.350000,24.510000,23.947643,43700
2015-03-20,24.700001,25.139999,24.600000,25.059999,24.485023,123200
2015-03-23,25.129999,27.010000,24.820000,26.110001,25.510931,75200
2015-03-24,26.000000,26.410000,25.629999,26.200001,25.598867,55400
2015-03-25,26.030001,26.480000,25.559999,25.570000,24.983316,41500
2015-03-26,25.590000,25.879999,25.559999,25.740000,25.149420,31500
2015-03-27,25.680000,26.240000,25.680000,26.190001,25.589092,32300
2015-03-30,26.230000,26.889999,26.030001,26.770000,26.155790,37000
2015-03-31,26.360001,27.030001,26.309999,26.940001,26.321886,32400
2015-04-01,26.770000,27.129999,26.469999,26.730000,26.116705,44000
2015-04-02,26.639999,27.080000,26.639999,26.730000,26.116705,21800
2015-04-06,26.600000,27.389999,26.600000,27.240000,26.615004,27400
2015-04-07,27.120001,27.549999,27.120001,27.299999,26.673626,38400
2015-04-08,27.200001,27.660000,27.080000,27.240000,26.615004,47400
2015-04-09,27.299999,27.299999,26.660000,26.860001,26.243725,58800
2015-04-10,26.940001,26.950001,26.209999,26.260000,25.657492,55400
2015-04-13,26.250000,26.270000,26.010000,26.100000,25.501162,20900
2015-04-14,26.100000,26.299999,25.930000,26.240000,25.637947,66800
2015-04-15,26.270000,27.480000,26.270000,27.360001,26.732248,26300
2015-04-16,26.959999,26.959999,25.850000,25.870001,25.276434,65000
2015-04-17,25.559999,26.420000,24.930000,25.080000,24.504560,39600
2015-04-20,25.230000,25.360001,24.750000,24.820000,24.250528,127500
2015-04-21,24.990000,25.240000,24.719999,24.850000,24.279840,29700
2015-04-22,24.760000,24.870001,24.440001,24.690001,24.123512,22700
2015-04-23,24.709999,24.760000,24.320000,24.430000,23.869474,23700
2015-04-24,24.379999,24.430000,23.969999,24.150000,23.595898,31300
2015-04-27,24.320000,24.490000,23.760000,24.139999,23.586130,73600
2015-04-28,24.230000,25.309999,23.959999,25.219999,24.641352,78900
2015-04-29,24.990000,25.469999,24.820000,25.200001,24.621811,44100
2015-04-30,24.940001,25.670000,24.889999,25.360001,24.778141,88100
2015-05-01,25.400000,25.660000,24.690001,25.410000,24.826992,41300
2015-05-04,25.340000,25.879999,25.020000,25.100000,24.524105,31700
2015-05-05,25.040001,25.500000,24.040001,24.230000,23.674063,46500
2015-05-06,24.299999,25.129999,23.940001,24.850000,24.319990,34200
2015-05-07,24.740000,24.840000,24.410000,24.709999,24.182976,21800
2015-05-08,25.080000,25.299999,24.900000,25.150000,24.613588,29900
2015-05-11,25.040001,25.180000,23.830000,23.930000,23.419613,74800
2015-05-12,23.900000,24.430000,23.660000,24.120001,23.605558,39800
2015-05-13,24.100000,24.299999,24.020000,24.070000,23.556623,13400
2015-05-14,24.219999,25.120001,24.180000,24.870001,24.339563,48900
2015-05-15,24.889999,24.889999,24.600000,24.760000,24.231911,55900
2015-05-18,24.799999,25.379999,24.500000,25.219999,24.682098,34900
2015-05-19,25.100000,25.100000,24.500000,24.580000,24.055748,20400
2015-05-20,24.760000,24.969999,24.379999,24.850000,24.319990,17000
2015-05-21,25.049999,25.160000,24.610001,24.940001,24.408072,18800
2015-05-22,24.820000,25.030001,24.590000,24.600000,24.075325,20600
2015-05-26,24.559999,24.559999,23.950001,24.070000,23.556623,44900
2015-05-27,24.200001,24.639999,23.980000,24.590000,24.065533,42200
2015-05-28,24.200001,24.200001,20.969999,23.500000,22.998783,86000
2015-05-29,23.389999,24.360001,22.209999,22.809999,22.323498,58700
2015-06-01,22.910000,22.990000,22.160000,22.549999,22.069042,63200
2015-06-02,22.410000,23.959999,22.410000,23.270000,22.773687,82700
2015-06-03,23.299999,24.209999,23.000000,23.860001,23.351105,83800
2015-06-04,23.650000,23.940001,23.350000,23.389999,22.891125,51300
2015-06-05,23.180000,24.270000,22.799999,24.150000,23.634916,42200
2015-06-08,24.150000,24.150000,23.709999,23.719999,23.214088,24400
2015-06-09,23.760000,24.250000,23.510000,23.750000,23.243450,34400
2015-06-10,23.959999,24.940001,23.959999,24.389999,23.869799,41400
2015-06-11,24.340000,24.520000,24.000000,24.160000,23.644705,35600
2015-06-12,24.139999,24.299999,23.790001,23.940001,23.429396,32300
2015-06-15,23.900000,24.320000,23.700001,23.980000,23.468544,62900
2015-06-16,23.799999,24.430000,23.660000,24.170000,23.654495,43500
2015-06-17,24.370001,24.389999,23.230000,23.639999,23.135796,30900
2015-06-18,23.790001,24.330000,23.639999,24.100000,23.585983,50300
2015-06-19,24.180000,24.360001,23.700001,23.700001,23.194515,87500
2015-06-22,23.950001,24.270000,23.629999,24.240000,23.722998,56900
2015-06-23,24.120001,24.950001,24.120001,24.900000,24.368923,39100
2015-06-24,24.950001,25.129999,24.850000,25.070000,24.535299,42400
2015-06-25,25.250000,25.389999,24.980000,25.190001,24.652737,46300
2015-06-26,25.340000,25.700001,25.080000,25.580000,25.034420,202200
2015-06-29,25.350000,25.750000,24.600000,24.660000,24.134043,71400
2015-06-30,24.950001,25.139999,24.780001,25.000000,24.466791,46200
2015-07-01,25.150000,25.420000,24.840000,25.100000,24.564657,34800
2015-07-02,25.110001,25.350000,24.860001,25.150000,24.613588,36300
2015-07-06,24.780001,25.320000,24.780001,25.070000,24.535299,65200
2015-07-07,24.990000,24.990000,24.139999,24.230000,23.713211,86500
2015-07-08,24.080000,24.080000,23.139999,23.150000,22.656246,73600
2015-07-09,23.549999,23.549999,22.790001,22.809999,22.323498,64000
2015-07-10,23.049999,23.250000,22.990000,23.150000,22.656246,43400
2015-07-13,23.230000,23.709999,23.230000,23.389999,22.891125,58900
2015-07-14,23.559999,23.900000,23.250000,23.719999,23.214088,66200
2015-07-15,23.850000,23.850000,23.219999,23.440001,22.940062,27200
2015-07-16,23.660000,24.500000,23.660000,24.250000,23.732784,75400
2015-07-17,24.340000,24.480000,23.850000,23.870001,23.360893,44600
2015-07-20,23.790001,23.969999,23.260000,23.510000,23.008572,67100
2015-07-21,23.610001,23.740000,23.440001,23.670000,23.165157,30500
2015-07-22,23.600000,23.820000,23.350000,23.620001,23.116228,50700
2015-07-23,23.610001,23.610001,22.809999,22.830000,22.343069,92400
2015-07-24,22.799999,22.799999,21.910000,22.110001,21.638428,128500
2015-07-27,21.879999,23.959999,21.440001,21.459999,21.002293,242700
2015-07-28,22.160000,22.549999,21.629999,22.420000,21.941818,329900
2015-07-29,22.500000,24.160000,21.559999,23.469999,22.969423,230800
2015-07-30,23.260000,24.320000,23.260000,23.440001,22.940062,144400
2015-07-31,23.240000,24.520000,22.940001,23.459999,22.959633,139400
2015-08-03,23.340000,23.530001,21.879999,22.010000,21.540562,81100
2015-08-04,22.110001,22.600000,21.850000,22.280001,21.804806,57000
2015-08-05,22.440001,22.600000,21.850000,21.920000,21.452480,70800
2015-08-06,21.969999,22.230000,21.780001,21.910000,21.442692,51500
2015-08-07,21.760000,22.160000,21.660000,21.900000,21.432907,213500
2015-08-10,22.100000,22.730000,21.760000,22.540001,22.059258,111400
2015-08-11,22.299999,22.600000,21.830000,22.459999,21.980961,65900
2015-08-12,22.260000,22.559999,21.910000,22.410000,21.971159,43500
2015-08-13,22.370001,22.510000,22.049999,22.049999,21.618208,32300
2015-08-14,22.049999,22.120001,21.920000,22.049999,21.618208,57600
2015-08-17,21.969999,22.160000,21.750000,21.900000,21.471146,42500
2015-08-18,21.840000,21.840000,21.309999,21.360001,20.941723,34800
2015-08-19,21.180000,21.240000,20.370001,20.400000,20.000517,60100
2015-08-20,20.020000,20.480000,19.600000,19.719999,19.333836,240600
2015-08-21,19.160000,19.799999,19.040001,19.420000,19.039709,161600
2015-08-24,18.410000,19.600000,18.180000,18.500000,18.137722,114300
2015-08-25,19.219999,19.219999,17.500000,17.600000,17.255350,66200
2015-08-26,18.020000,18.850000,17.709999,18.000000,17.647520,99300
2015-08-27,18.230000,18.610001,17.820000,18.379999,18.020077,104700
2015-08-28,18.360001,18.930000,18.360001,18.730000,18.363222,98700
2015-08-31,18.639999,19.070000,18.639999,19.010000,18.637743,54700
2015-09-01,18.670000,18.879999,18.299999,18.459999,18.098511,111300
2015-09-02,18.740000,19.459999,18.549999,18.920000,18.549505,82700
2015-09-03,18.920000,19.120001,18.780001,18.900000,18.529892,130600
2015-09-04,18.600000,18.990000,18.520000,18.770000,18.402441,42800
2015-09-08,18.980000,19.200001,18.900000,19.110001,18.735781,73900
2015-09-09,19.290001,19.490000,18.990000,19.020000,18.647543,79400
2015-09-10,19.000000,19.139999,18.670000,18.950001,18.578917,32400
2015-09-11,18.980000,19.070000,18.730000,18.920000,18.549505,40100
2015-09-14,18.930000,18.930000,18.650000,18.740000,18.373026,41100
2015-09-15,18.860001,19.250000,18.290001,19.090000,18.716171,48300
2015-09-16,19.170000,19.250000,18.930000,19.080000,18.706366,63900
2015-09-17,18.990000,19.080000,18.040001,18.959999,18.588718,62300
2015-09-18,18.620001,19.230000,18.379999,18.520000,18.157337,105800
2015-09-21,18.680000,18.740000,18.070000,18.420000,18.059294,42900
2015-09-22,18.230000,18.270000,17.840000,18.080000,17.725948,109100
2015-09-23,18.150000,18.150000,17.600000,17.629999,17.284763,88100
2015-09-24,17.410000,17.620001,17.000000,17.559999,17.216131,122000
2015-09-25,17.690001,17.719999,17.090000,17.490000,17.147505,76000
2015-09-28,17.260000,17.670000,16.750000,17.540001,17.196526,73100
2015-09-29,17.600000,18.160000,17.490000,18.040001,17.686733,100200
2015-09-30,18.150000,18.520000,18.040001,18.160000,17.804384,61500
2015-10-01,18.230000,18.250000,17.760000,17.990000,17.637711,49700
2015-10-02,17.790001,18.250000,17.660000,18.240000,17.882818,39900
2015-10-05,18.370001,19.410000,18.370001,19.290001,18.912258,36500
2015-10-06,19.330000,19.780001,19.059999,19.400000,19.020103,51600
2015-10-07,19.600000,20.219999,19.459999,19.639999,19.255402,44000
2015-10-08,19.360001,19.990000,19.360001,19.990000,19.598549,51400
2015-10-09,20.010000,20.280001,19.840000,19.950001,19.559334,58200
2015-10-12,19.930000,19.930000,19.420000,19.719999,19.333836,42400
2015-10-13,19.299999,20.100000,19.219999,19.690001,19.304424,77500
2015-10-14,19.629999,19.799999,19.450001,19.520000,19.137751,41800
2015-10-15,19.559999,19.559999,18.670000,19.469999,19.088732,86600
2015-10-16,19.549999,19.549999,18.750000,18.879999,18.510283,140000
2015-10-19,18.730000,18.780001,18.180000,18.600000,18.235767,89500
2015-10-20,18.580000,19.430000,18.520000,19.110001,18.735781,75300
2015-10-21,19.250000,19.250000,18.610001,18.650000,18.284788,43100
2015-10-22,18.780001,19.639999,18.780001,19.250000,18.873041,56400
2015-10-23,19.360001,19.840000,18.920000,19.740000,19.353445,50500
2015-10-26,19.510000,19.580000,19.160000,19.410000,19.029909,117800
2015-10-27,19.190001,19.340000,18.600000,19.020000,18.647543,101200
2015-10-28,19.059999,20.330000,18.799999,20.270000,19.873066,95000
2015-10-29,20.120001,20.680000,20.040001,20.330000,19.931890,71900
2015-10-30,17.520000,19.049999,17.520000,18.690001,18.324003,184400
2015-11-02,18.410000,18.410000,17.629999,17.709999,17.363197,206700
2015-11-03,17.559999,18.540001,17.559999,18.219999,17.863207,99400
2015-11-04,18.309999,18.780001,18.190001,18.510000,18.147530,107900
2015-11-05,18.510000,18.940001,18.410000,18.809999,18.441656,68000
2015-11-06,18.730000,19.350000,18.559999,19.160000,18.784803,54300
2015-11-09,19.120001,19.139999,18.360001,18.480000,18.118114,96300
2015-11-10,18.370001,18.660000,18.200001,18.490000,18.167244,58300
2015-11-11,18.490000,18.490000,17.879999,18.120001,17.803703,175900
2015-11-12,17.959999,18.150000,17.730000,17.980000,17.666149,91200
2015-11-13,17.830000,18.230000,17.740000,18.150000,17.833179,69500
2015-11-16,18.100000,18.559999,18.100000,18.520000,18.196722,47500
2015-11-17,18.580000,18.580000,18.219999,18.309999,17.990385,80200
2015-11-18,18.299999,18.860001,18.299999,18.799999,18.471830,33600
2015-11-19,18.709999,19.049999,18.709999,19.000000,18.668343,42800
2015-11-20,19.110001,19.440001,18.969999,19.120001,18.786249,52100
2015-11-23,19.010000,19.570000,19.000000,19.420000,19.081013,62700
2015-11-24,19.240000,20.059999,19.240000,20.040001,19.690191,48400
2015-11-25,19.990000,20.200001,19.840000,19.930000,19.582109,48000
2015-11-27,19.870001,20.250000,19.870001,20.110001,19.758965,15500
2015-11-30,20.110001,20.940001,20.020000,20.639999,20.279711,72000
2015-12-01,20.680000,20.969999,20.350000,20.780001,20.417273,56000
2015-12-02,20.730000,21.059999,20.500000,20.670000,20.309193,82400
2015-12-03,20.799999,21.090000,20.379999,20.709999,20.348492,83400
2015-12-04,20.700001,21.389999,20.629999,21.340000,20.967495,139300
2015-12-07,21.280001,21.629999,20.590000,20.860001,20.495876,81200
2015-12-08,20.650000,20.840000,19.959999,20.520000,20.161810,96800
2015-12-09,20.500000,20.740000,19.889999,19.930000,19.582109,95300
2015-12-10,19.889999,20.160000,19.500000,19.940001,19.591934,85800
2015-12-11,19.559999,19.650000,18.830000,18.959999,18.629042,106600
2015-12-14,19.010000,19.100000,18.559999,18.900000,18.570086,86600
2015-12-15,18.879999,19.059999,18.010000,18.389999,18.068991,74800
2015-12-16,18.389999,19.010000,18.030001,18.969999,18.638865,74300
2015-12-17,18.980000,19.700001,18.980000,19.360001,19.022060,85800
2015-12-18,19.209999,19.430000,18.700001,18.950001,18.619219,115800
2015-12-21,19.040001,19.450001,18.840000,19.100000,18.766598,56000
2015-12-22,19.150000,19.469999,18.870001,19.290001,18.953279,30100
2015-12-23,19.510000,19.850000,19.450001,19.639999,19.297171,39700
2015-12-24,19.580000,20.030001,19.549999,19.590000,19.248045,11000
2015-12-28,19.620001,20.129999,19.209999,19.719999,19.375774,68600
2015-12-29,19.809999,20.270000,19.500000,19.910000,19.562456,108300
2015-12-30,20.000000,20.000000,19.219999,19.250000,18.913980,70800
2015-12-31,19.299999,19.520000,18.879999,18.900000,18.570086,49100
2016-01-04,18.570000,18.570000,17.770000,18.340000,18.019867,70800
2016-01-05,18.459999,19.020000,17.690001,17.820000,17.508940,51500
2016-01-06,17.600000,18.020000,17.420000,17.700001,17.391037,49600
2016-01-07,17.410000,17.469999,17.049999,17.180000,16.880114,55600
2016-01-08,17.170000,17.750000,16.510000,16.570000,16.280760,68600
2016-01-11,16.719999,16.900000,16.430000,16.820000,16.526398,49300
2016-01-12,17.030001,17.030001,16.299999,16.639999,16.349541,73800
2016-01-13,16.750000,16.900000,15.750000,15.860000,15.583153,67700
2016-01-14,16.000000,16.139999,15.660000,15.710000,15.435772,75400
2016-01-15,15.220000,15.220000,14.400000,14.810000,14.551483,119400
2016-01-19,14.970000,14.970000,13.920000,14.070000,13.824399,85600
2016-01-20,13.820000,14.330000,12.810000,14.160000,13.912827,515600
2016-01-21,14.200000,14.580000,14.190000,14.210000,13.961956,351400
2016-01-22,14.640000,14.640000,14.030000,14.300000,14.050384,135000
2016-01-25,14.210000,14.210000,13.720000,14.050000,13.804749,230000
2016-01-26,14.110000,14.280000,13.660000,14.000000,13.755621,162200
2016-01-27,13.990000,14.070000,13.160000,14.010000,13.765447,157200
2016-01-28,13.310000,14.600000,12.620000,14.300000,14.050384,272500
2016-01-29,14.220000,14.450000,13.990000,14.300000,14.050384,174400
2016-02-01,14.190000,14.190000,13.760000,13.990000,13.745794,132600
2016-02-02,13.870000,13.870000,13.530000,13.720000,13.480509,84000
2016-02-03,13.870000,13.960000,13.450000,13.750000,13.509986,224200
2016-02-04,13.780000,14.290000,13.600000,13.990000,13.745794,141900
2016-02-05,13.980000,14.150000,13.660000,13.710000,13.470682,140300
2016-02-08,13.600000,13.930000,13.500000,13.770000,13.529636,100600
2016-02-09,13.600000,14.240000,13.580000,13.640000,13.401907,72000
2016-02-10,13.710000,13.890000,13.550000,13.650000,13.451178,141300
2016-02-11,13.390000,13.940000,13.360000,13.680000,13.480740,108500
2016-02-12,13.850000,14.550000,13.370000,13.610000,13.411759,119100
2016-02-16,13.770000,13.890000,13.630000,13.710000,13.510302,140400
2016-02-17,13.860000,14.270000,13.710000,14.170000,13.963603,146900
2016-02-18,14.200000,14.310000,14.040000,14.260000,14.052292,69400
2016-02-19,14.210000,14.290000,13.970000,14.210000,14.003020,68000
2016-02-22,14.290000,14.380000,13.600000,13.680000,13.480740,137800
2016-02-23,13.580000,14.190000,13.540000,13.580000,13.382195,52100
2016-02-24,13.380000,13.680000,13.190000,13.510000,13.313214,100400
2016-02-25,13.500000,13.840000,13.490000,13.820000,13.618700,53500
2016-02-26,13.920000,14.160000,13.780000,13.860000,13.658118,57800
2016-02-29,13.860000,14.130000,13.830000,13.850000,13.648264,52900
2016-03-01,13.970000,14.390000,13.780000,14.300000,14.091707,42100
2016-03-02,14.300000,14.600000,14.050000,14.470000,14.259233,100100
2016-03-03,14.480000,14.730000,14.480000,14.620000,14.407047,98900
2016-03-04,14.590000,14.870000,14.500000,14.630000,14.416903,67600
2016-03-07,14.590000,14.940000,14.520000,14.910000,14.692822,55200
2016-03-08,14.810000,14.810000,14.310000,14.530000,14.318358,140200
2016-03-09,14.620000,15.110000,14.620000,14.960000,14.742095,43000
2016-03-10,14.870000,15.010000,13.310000,14.540000,14.328214,67900
2016-03-11,14.650000,15.040000,14.580000,14.950000,14.732241,36300
2016-03-14,15.000000,15.110000,14.740000,14.990000,14.771657,83100
2016-03-15,14.880000,15.020000,14.420000,14.860000,14.643552,135200
2016-03-16,14.840000,15.230000,14.610000,15.130000,14.909619,49000
2016-03-17,15.130000,15.430000,14.980000,15.280000,15.057434,75200
2016-03-18,15.380000,15.510000,15.080000,15.300000,15.077142,257300
2016-03-21,15.270000,15.430000,15.050000,15.330000,15.106706,47200
2016-03-22,15.260000,15.520000,15.260000,15.390000,15.165833,60100
2016-03-23,15.300000,15.390000,14.960000,14.990000,14.771657,88200
2016-03-24,14.950000,15.210000,14.540000,15.060000,14.840639,48400
2016-03-28,15.170000,15.410000,14.870000,15.340000,15.116560,77600
2016-03-29,15.310000,15.800000,15.260000,15.750000,15.520587,76100
2016-03-30,15.860000,15.950000,15.370000,15.780000,15.550151,148800
2016-03-31,15.810000,16.010000,15.730000,15.760000,15.530443,56400
2016-04-01,15.690000,15.840000,15.030000,15.790000,15.560005,78100
2016-04-04,15.850000,15.990000,15.520000,15.720000,15.491024,53600
2016-04-05,15.570000,15.730000,15.240000,15.620000,15.392482,84500
2016-04-06,15.410000,15.760000,15.100000,15.540000,15.313647,40100
2016-04-07,15.400000,15.460000,15.060000,15.140000,14.919474,34100
2016-04-08,15.300000,15.460000,15.050000,15.230000,15.008163,31900
2016-04-11,15.350000,15.700000,15.120000,15.130000,14.909619,39200
2016-04-12,15.150000,15.660000,15.090000,15.540000,15.313647,39100
2016-04-13,15.660000,15.920000,15.510000,15.890000,15.658550,51200
2016-04-14,16.190001,16.190001,15.800000,16.030001,15.796511,37800
2016-04-15,15.930000,16.100000,15.740000,16.090000,15.855636,37900
2016-04-18,15.930000,16.280001,15.930000,16.250000,16.013304,43900
2016-04-19,16.270000,16.629999,15.950000,16.629999,16.387770,48900
2016-04-20,16.580000,17.049999,16.580000,16.910000,16.663694,66000
2016-04-21,17.180000,17.209999,16.559999,16.930000,16.683401,49100
2016-04-22,17.000000,17.190001,16.760000,17.049999,16.801651,40100
2016-04-25,17.160000,17.160000,16.370001,16.450001,16.210394,48800
2016-04-26,16.440001,16.730000,16.170000,16.709999,16.466602,68200
2016-04-27,18.139999,18.139999,16.520000,16.610001,16.368063,59900
2016-04-28,16.850000,16.850000,16.309999,16.320000,16.082285,50900
2016-04-29,16.350000,16.559999,16.049999,16.510000,16.269522,52700
2016-05-02,16.530001,16.570000,16.010000,16.530001,16.289228,56200
2016-05-03,16.340000,16.790001,15.660000,15.850000,15.619132,53300
2016-05-04,16.280001,16.280001,15.390000,15.580000,15.391909,72000
2016-05-05,15.720000,15.860000,15.250000,15.340000,15.154807,72200
2016-05-06,15.340000,15.910000,14.970000,15.350000,15.164685,92000
2016-05-09,15.290000,15.340000,14.810000,14.870000,14.690480,67000
2016-05-10,14.980000,15.330000,14.710000,15.280000,15.095531,150600
2016-05-11,15.240000,15.270000,14.810000,14.910000,14.729997,52700
2016-05-12,14.950000,15.080000,14.220000,14.230000,14.058207,62200
2016-05-13,14.190000,15.340000,14.000000,14.240000,14.068085,85100
2016-05-16,14.390000,15.010000,14.390000,14.570000,14.394100,48000
2016-05-17,14.580000,15.040000,14.320000,14.460000,14.285430,76000
2016-05-18,14.090000,14.910000,14.090000,14.520000,14.344707,44200
2016-05-19,14.720000,14.810000,14.160000,14.440000,14.265671,38500
2016-05-20,14.540000,14.960000,14.540000,14.810000,14.631206,50000
2016-05-23,14.890000,15.540000,14.770000,14.790000,14.611444,52900
2016-05-24,14.910000,15.130000,14.750000,15.040000,14.858426,42900
2016-05-25,15.120000,15.310000,15.060000,15.170000,14.986857,34400
2016-05-26,15.140000,15.210000,15.040000,15.140000,14.957220,26300
2016-05-27,15.030000,15.220000,15.010000,15.120000,14.937462,48800
2016-05-31,15.120000,15.170000,14.670000,14.980000,14.799151,72600
2016-06-01,15.000000,15.170000,14.600000,15.100000,14.917704,102100
2016-06-02,15.040000,15.730000,15.030000,15.500000,15.312875,97900
2016-06-03,15.550000,15.550000,15.120000,15.480000,15.293116,61100
2016-06-06,15.460000,15.680000,15.120000,15.550000,15.362270,68300
2016-06-07,15.570000,15.720000,14.790000,15.650000,15.461062,138600
2016-06-08,15.710000,15.910000,15.560000,15.870000,15.678407,204400
2016-06-09,15.760000,16.230000,15.650000,15.710000,15.520340,59100
2016-06-10,15.470000,15.490000,15.200000,15.420000,15.233840,63600
2016-06-13,15.410000,15.780000,15.290000,15.460000,15.273357,67900
2016-06-14,15.430000,15.710000,15.340000,15.680000,15.490703,36500
2016-06-15,15.750000,15.870000,15.450000,15.480000,15.293116,28200
2016-06-16,15.170000,15.480000,15.100000,15.430000,15.243719,27100
2016-06-17,15.470000,15.960000,15.300000,15.600000,15.411668,173400
2016-06-20,15.760000,16.010000,15.510000,15.530000,15.342510,109600
2016-06-21,15.530000,15.530000,15.250000,15.420000,15.233840,29600
2016-06-22,15.410000,15.530000,15.270000,15.380000,15.194323,75800
2016-06-23,15.500000,15.780000,15.470000,15.690000,15.500581,110500
2016-06-24,15.000000,15.300000,14.640000,15.210000,15.026376,222200
2016-06-27,14.930000,14.930000,14.100000,14.130000,13.959414,121500
2016-06-28,14.310000,14.380000,13.850000,13.930000,13.761829,81400
2016-06-29,13.830000,14.160000,13.800000,14.030000,13.860620,66400
2016-06-30,14.000000,14.160000,13.870000,14.150000,13.979173,61400
2016-07-01,14.100000,14.630000,14.100000,14.480000,14.305187,69200
2016-07-05,14.440000,14.580000,14.120000,14.340000,14.166880,64700
2016-07-06,14.230000,14.590000,14.140000,14.490000,14.315066,60900
2016-07-07,14.430000,14.600000,14.400000,14.480000,14.305187,50900
2016-07-08,14.650000,15.090000,14.650000,14.990000,14.809031,58300
2016-07-11,15.020000,15.410000,15.000000,15.390000,15.204203,46900
2016-07-12,15.440000,15.750000,15.320000,15.550000,15.362270,45600
2016-07-13,15.670000,15.670000,15.330000,15.370000,15.184444,120900
2016-07-14,15.540000,15.600000,15.240000,15.280000,15.095531,98500
2016-07-15,15.400000,15.660000,15.230000,15.460000,15.273357,48900
2016-07-18,15.480000,16.040001,15.430000,16.030001,15.836476,40400
2016-07-19,15.850000,15.850000,15.520000,15.650000,15.461062,30300
2016-07-20,15.580000,15.750000,15.350000,15.520000,15.332633,40300
2016-07-21,15.570000,15.750000,15.460000,15.660000,15.470942,71500
2016-07-22,15.710000,15.710000,15.470000,15.560000,15.372149,35600
2016-07-25,15.540000,15.800000,15.430000,15.750000,15.559855,31900
2016-07-26,15.750000,16.330000,15.750000,16.150000,15.955028,83700
2016-07-27,16.160000,16.959999,16.000000,16.059999,15.866113,46700
2016-07-28,16.540001,16.540001,15.470000,16.129999,15.935267,62100
2016-07-29,16.150000,16.780001,16.100000,16.590000,16.389717,86300
2016-08-01,16.620001,16.790001,16.350000,16.760000,16.557661,45200
2016-08-02,16.730000,16.900000,16.639999,16.709999,16.508266,39400
2016-08-03,16.580000,16.950001,16.580000,16.889999,16.686094,27700
2016-08-04,16.930000,17.120001,16.670000,16.730000,16.528027,31700
2016-08-05,16.820000,17.299999,16.650000,17.250000,17.041744,35000
2016-08-08,17.209999,17.290001,16.889999,16.940001,16.735491,19500
2016-08-09,16.980000,16.980000,16.770000,16.860001,16.656456,26200
2016-08-10,16.900000,16.900000,16.610001,16.780001,16.616846,29000
2016-08-11,16.889999,16.889999,16.590000,16.639999,16.478207,27800
2016-08-12,16.559999,16.670000,16.280001,16.400000,16.240540,30000
2016-08-15,16.549999,16.910000,16.549999,16.820000,16.656456,31200
2016-08-16,16.730000,16.930000,16.559999,16.680000,16.517818,27000
2016-08-17,16.680000,17.129999,16.410000,17.000000,16.834707,50300
2016-08-18,17.059999,17.200001,16.950001,17.040001,16.874319,23500
2016-08-19,17.040001,17.379999,16.980000,17.110001,16.943636,36600
2016-08-22,17.020000,17.230000,16.879999,17.010000,16.844610,27900
2016-08-23,17.139999,17.320000,17.040001,17.090000,16.923830,37000
2016-08-24,17.129999,17.379999,17.020000,17.360001,17.191210,30800
2016-08-25,17.230000,17.780001,17.230000,17.760000,17.587317,38500
2016-08-26,17.799999,17.980000,17.420000,17.450001,17.280329,34400
2016-08-29,17.450001,17.650000,17.070000,17.520000,17.349651,27900
2016-08-30,17.549999,17.680000,17.540001,17.610001,17.438774,12900
2016-08-31,17.530001,17.740000,17.430000,17.559999,17.389259,36300
2016-09-01,17.799999,17.799999,17.240000,17.570000,17.399164,39300
2016-09-02,17.680000,17.870001,17.610001,17.840000,17.666538,16200
2016-09-06,17.750000,17.969999,17.660000,17.879999,17.706146,22300
2016-09-07,17.920000,18.299999,17.900000,18.260000,18.082457,39700
2016-09-08,18.129999,18.559999,18.129999,18.540001,18.359734,25400
2016-09-09,18.440001,18.440001,17.940001,17.950001,17.775469,39400
2016-09-12,17.900000,18.080000,17.740000,18.049999,17.874496,31000
2016-09-13,17.820000,17.830000,17.500000,17.530001,17.359554,51300
2016-09-14,17.639999,17.639999,17.290001,17.350000,17.181301,29300
2016-09-15,17.420000,17.610001,17.400000,17.570000,17.399164,14100
2016-09-16,17.580000,17.870001,16.910000,17.139999,16.973343,113200
2016-09-19,17.160000,17.250000,17.139999,17.180000,17.012957,87900
2016-09-20,17.290001,17.480000,17.170000,17.270000,17.102083,15900
2016-09-21,17.430000,17.629999,17.170000,17.299999,17.131786,65700
2016-09-22,17.480000,17.500000,17.250000,17.360001,17.191210,110300
2016-09-23,17.260000,17.410000,17.150000,17.250000,17.082273,27200
2016-09-26,17.230000,17.490000,17.200001,17.360001,17.191210,32900
2016-09-27,17.340000,17.719999,17.190001,17.700001,17.527901,27200
2016-09-28,17.650000,17.780001,17.459999,17.700001,17.527901,25700
2016-09-29,17.600000,17.670000,17.190001,17.200001,17.032764,39100
2016-09-30,17.350000,18.000000,17.309999,17.840000,17.666538,56200
2016-10-03,17.700001,17.840000,17.610001,17.629999,17.458580,21000
2016-10-04,17.660000,17.719999,17.360001,17.450001,17.280329,40200
2016-10-05,17.670000,18.170000,17.639999,18.100000,17.924009,22700
2016-10-06,18.010000,18.250000,17.889999,18.070000,17.894302,16300
2016-10-07,18.010000,18.370001,17.580000,17.590000,17.418968,15800
2016-10-10,17.670000,17.850000,17.290001,17.480000,17.310040,42500
2016-10-11,17.410000,17.450001,17.250000,17.379999,17.211008,27700
2016-10-12,17.440001,17.750000,17.200001,17.660000,17.488289,18900
2016-10-13,17.480000,17.559999,17.270000,17.480000,17.310040,41100
2016-10-14,17.629999,18.000000,17.600000,17.900000,17.725952,19300
2016-10-17,18.100000,18.290001,17.730000,18.100000,17.924009,25100
2016-10-18,18.270000,18.270000,17.750000,17.790001,17.617025,27500
2016-10-19,17.799999,18.350000,17.690001,18.160000,17.983429,28900
2016-10-20,18.049999,18.180000,17.799999,17.900000,17.725952,31700
2016-10-21,17.680000,17.900000,17.549999,17.680000,17.508093,22600
2016-10-24,17.879999,18.020000,17.540001,17.620001,17.448679,18800
2016-10-25,17.559999,18.160000,17.340000,17.450001,17.280329,35900
2016-10-26,17.420000,17.750000,17.340000,17.370001,17.201109,34800
2016-10-27,17.440001,17.480000,17.160000,17.180000,17.012957,31500
2016-10-28,17.129999,18.090000,16.860001,17.870001,17.696247,70300
2016-10-31,18.090000,19.730000,18.080000,19.490000,19.300495,109800
2016-11-01,19.709999,19.719999,18.700001,19.150000,18.963799,52600
2016-11-02,19.030001,19.059999,18.690001,18.980000,18.795454,52100
2016-11-03,19.040001,19.520000,19.020000,19.389999,19.201466,102100
2016-11-04,19.530001,20.200001,19.520000,19.889999,19.696606,51200
2016-11-07,20.219999,20.650000,19.980000,20.280001,20.082811,58500
2016-11-08,20.290001,20.709999,20.129999,20.540001,20.380484,47500
2016-11-09,20.200001,22.180000,20.200001,22.170000,21.997826,105100
2016-11-10,22.250000,23.120001,22.040001,22.870001,22.692389,122000
2016-11-11,22.870001,24.530001,22.870001,23.730000,23.545708,132900
2016-11-14,24.200001,25.100000,23.900000,24.680000,24.488331,160500
2016-11-15,24.770000,24.850000,23.100000,24.750000,24.557787,63100
2016-11-16,24.700001,24.750000,24.209999,24.230000,24.041824,151400
2016-11-17,24.120001,24.700001,23.770000,23.850000,23.664774,95600
2016-11-18,23.959999,24.340000,23.400000,23.740000,23.555632,109700
2016-11-21,23.889999,24.270000,23.780001,24.020000,23.833458,124800
2016-11-22,24.030001,24.570000,23.690001,24.530001,24.339497,145400
2016-11-23,24.370001,26.230000,24.360001,26.040001,25.837769,98700
2016-11-25,26.209999,26.360001,25.910000,26.160000,25.956837,26200
2016-11-28,26.049999,26.160000,25.450001,25.580000,25.381342,85900
2016-11-29,25.740000,26.129999,25.559999,25.980000,25.778234,56200
2016-11-30,26.010000,26.590000,26.010000,26.320000,26.115593,75600
2016-12-01,26.959999,26.959999,26.010000,26.350000,26.145363,57700
2016-12-02,26.350000,26.500000,25.879999,25.980000,25.778234,37300
2016-12-05,26.190001,26.770000,26.190001,26.520000,26.314043,51800
2016-12-06,26.670000,27.730000,26.370001,27.590000,27.375732,63500
2016-12-07,27.600000,27.879999,25.799999,26.000000,25.798082,165000
2016-12-08,25.330000,26.240000,25.030001,26.030001,25.827847,134000
2016-12-09,26.320000,27.170000,26.320000,26.950001,26.740702,94900
2016-12-12,26.750000,27.020000,26.629999,26.700001,26.492647,81700
2016-12-13,26.910000,26.910000,25.790001,26.420000,26.214817,127700
2016-12-14,26.450001,26.450001,25.680000,25.750000,25.550022,130000
2016-12-15,25.690001,26.639999,25.440001,25.910000,25.708776,261100
2016-12-16,25.969999,26.230000,25.650000,25.900000,25.698858,280500
2016-12-19,26.100000,26.370001,25.500000,25.959999,25.758389,168200
2016-12-20,26.200001,26.790001,26.129999,26.660000,26.452953,230700
2016-12-21,26.549999,27.000000,26.190001,26.700001,26.492647,127700
2016-12-22,26.650000,26.740000,25.770000,26.090000,25.887383,104200
2016-12-23,26.030001,26.500000,25.620001,26.250000,26.046141,178200
2016-12-27,26.260000,27.200001,26.250000,27.160000,26.949074,123500
2016-12-28,27.160000,27.340000,26.820000,26.969999,26.760548,134000
2016-12-29,27.080000,27.270000,26.680000,26.820000,26.611712,100100
2016-12-30,26.910000,27.139999,26.500000,27.040001,26.830006,102400
2017-01-03,27.500000,27.530001,26.930000,27.469999,27.256662,108500
2017-01-04,27.559999,28.120001,27.559999,27.889999,27.673403,119800
2017-01-05,27.760000,27.969999,27.020000,27.200001,26.988762,108600
2017-01-06,27.299999,27.590000,26.510000,26.920000,26.710936,42800
2017-01-09,26.740000,26.959999,26.360001,26.510000,26.304121,155500
2017-01-10,26.540001,27.559999,26.540001,27.240000,27.028448,89700
2017-01-11,26.879999,27.790001,26.879999,27.719999,27.504723,58700
2017-01-12,27.510000,27.510000,26.049999,27.450001,27.236818,165000
2017-01-13,27.290001,27.809999,27.110001,27.139999,26.929226,191800
2017-01-17,27.139999,27.139999,26.360001,26.379999,26.175131,107600
2017-01-18,26.580000,26.650000,26.070000,26.440001,26.234661,72600
2017-01-19,26.440001,26.600000,25.950001,26.260000,26.056063,71000
2017-01-20,26.280001,26.719999,25.940001,26.190001,25.986607,169600
2017-01-23,27.379999,27.500000,26.670000,26.920000,26.710936,257800
2017-01-24,27.000000,28.350000,26.930000,28.230000,28.010761,291000
2017-01-25,28.410000,29.230000,28.219999,28.629999,28.407652,235800
2017-01-26,27.049999,27.650000,22.879999,27.350000,27.137596,915200
2017-01-27,27.200001,27.629999,25.090000,27.030001,26.820084,217200
2017-01-30,26.700001,27.809999,26.280001,27.530001,27.316200,167900
2017-01-31,27.639999,27.709999,26.870001,27.490000,27.276508,198900
2017-02-01,27.430000,27.629999,26.940001,27.340000,27.127672,111300
2017-02-02,27.150000,27.400000,26.709999,26.790001,26.581945,88900
2017-02-03,26.870001,27.250000,26.790001,27.129999,26.919304,95500
2017-02-06,27.110001,27.459999,26.889999,27.379999,27.167362,89500
2017-02-07,27.450001,27.770000,25.730000,27.490000,27.276508,156900
2017-02-08,27.400000,27.400000,26.490000,26.889999,26.720047,75400
2017-02-09,27.090000,28.090000,27.090000,27.980000,27.803158,182700
2017-02-10,28.070000,28.070000,27.389999,27.480000,27.306320,88500
2017-02-13,27.480000,27.730000,26.809999,26.920000,26.749861,60700
2017-02-14,26.670000,27.250000,26.549999,26.910000,26.739922,115500
2017-02-15,26.870001,27.190001,26.590000,27.139999,26.968466,70500
2017-02-16,27.129999,27.209999,26.879999,27.000000,26.829351,70500
2017-02-17,26.940001,27.260000,26.740000,26.930000,26.759794,72000
2017-02-21,27.180000,27.320000,26.850000,26.950001,26.779669,61400
2017-02-22,26.799999,26.889999,26.629999,26.740000,26.570995,50100
2017-02-23,26.719999,26.719999,25.540001,25.600000,25.438202,81100
2017-02-24,25.350000,25.930000,25.350000,25.910000,25.746241,94000
2017-02-27,26.180000,26.480000,25.799999,26.020000,25.855547,74400
2017-02-28,26.020000,26.330000,25.500000,25.809999,25.646875,146600
2017-03-01,26.219999,27.209999,26.059999,27.070000,26.898909,131200
2017-03-02,27.129999,27.250000,26.170000,26.260000,26.094030,51800
2017-03-03,26.209999,26.930000,26.209999,26.480000,26.312639,62500
2017-03-06,26.760000,26.760000,26.000000,26.010000,25.845612,37200
2017-03-07,26.370001,26.370001,25.570000,25.610001,25.448141,71400
2017-03-08,25.809999,25.809999,25.100000,25.160000,25.000984,49700
2017-03-09,24.770000,25.240000,24.420000,24.490000,24.335217,58100
2017-03-10,24.760000,24.990000,24.410000,24.709999,24.553827,80900
2017-03-13,24.700001,25.020000,24.459999,24.660000,24.504141,54100
2017-03-14,24.540001,25.049999,24.209999,24.860001,24.702877,63600
2017-03-15,24.620001,25.379999,24.600000,25.230000,25.070539,67500
2017-03-16,25.030001,25.510000,25.030001,25.370001,25.209656,45600
2017-03-17,25.309999,25.639999,25.240000,25.350000,25.189781,179900
2017-03-20,25.350000,25.580000,25.090000,25.170000,25.010918,47300
2017-03-21,25.250000,25.309999,23.950001,24.280001,24.126543,156300
2017-03-22,24.260000,24.340000,23.129999,24.049999,23.897997,61700
2017-03-23,24.020000,24.740000,23.959999,24.559999,24.404774,133500
2017-03-24,24.620001,24.889999,24.209999,24.290001,24.136480,50800
2017-03-27,23.799999,24.510000,23.570000,24.320000,24.166290,66700
2017-03-28,24.160000,24.740000,23.799999,24.559999,24.404774,82600
2017-03-29,24.389999,24.950001,24.309999,24.520000,24.365026,134700
2017-03-30,24.400000,25.080000,24.400000,24.940001,24.782373,116400
2017-03-31,24.980000,25.120001,24.670000,24.820000,24.663130,83500
2017-04-03,24.830000,26.370001,24.660000,24.969999,24.812181,208700
2017-04-04,25.030001,25.059999,24.590000,25.059999,24.901611,68300
2017-04-05,25.049999,25.549999,24.959999,25.209999,25.050665,120100
2017-04-06,25.200001,26.160000,25.200001,26.100000,25.935041,123000
2017-04-07,26.150000,26.510000,25.889999,26.430000,26.262955,114900
2017-04-10,26.350000,26.540001,25.680000,25.700001,25.537571,109500
2017-04-11,25.690001,25.770000,25.400000,25.670000,25.507759,53700
2017-04-12,25.590000,25.700001,25.080000,25.290001,25.130161,68100
2017-04-13,25.160000,25.190001,24.379999,24.650000,24.494205,110200
2017-04-17,24.690001,24.809999,24.490000,24.780001,24.623384,49900
2017-04-18,24.570000,25.160000,24.570000,25.070000,24.911551,65900
2017-04-19,24.930000,25.520000,24.930000,25.129999,24.971170,83000
2017-04-20,25.129999,25.700001,25.129999,25.559999,25.398455,76700
2017-04-21,25.530001,25.600000,25.139999,25.440001,25.279213,88600
2017-04-24,25.750000,26.459999,25.700001,26.230000,26.064220,78600
2017-04-25,26.510000,27.530001,26.139999,27.180000,27.008215,87900
2017-04-26,27.090000,27.660000,27.030001,27.260000,27.087709,81100
2017-04-27,27.290001,27.299999,26.670000,26.850000,26.680300,32200
2017-04-28,26.850000,26.850000,26.090000,26.129999,25.964851,49700
2017-05-01,26.340000,26.430000,25.790001,26.030001,25.865484,46100
2017-05-02,26.040001,26.600000,25.760000,25.799999,25.636936,113300
2017-05-03,25.680000,25.750000,25.020000,25.219999,25.099516,116600
2017-05-04,25.260000,25.410000,24.830000,25.000000,24.880569,77300
2017-05-05,25.150000,25.150000,24.510000,24.809999,24.691475,143000
2017-05-08,24.650000,25.270000,24.650000,25.260000,25.139326,65100
2017-05-09,25.280001,25.680000,25.240000,25.370001,25.248800,136400
2017-05-10,25.309999,25.820000,24.570000,25.120001,24.999996,83200
2017-05-11,25.040001,25.469999,24.790001,24.860001,24.741236,97000
2017-05-12,24.809999,25.139999,24.520000,24.750000,24.631762,66900
2017-05-15,24.830000,25.030001,24.500000,24.799999,24.681522,103000
2017-05-16,24.760000,25.110001,24.660000,24.780001,24.661619,162800
2017-05-17,24.330000,24.670000,23.639999,23.650000,23.537014,59100
2017-05-18,23.559999,24.080000,23.190001,23.860001,23.746016,100700
2017-05-19,24.059999,24.510000,23.670000,24.379999,24.263529,120100
2017-05-22,24.469999,24.580000,24.070000,24.459999,24.343145,74400
2017-05-23,24.590000,25.040001,24.059999,24.780001,24.661619,179900
2017-05-24,24.820000,25.120001,24.309999,24.360001,24.243628,53000
2017-05-25,24.610001,24.610001,23.959999,24.450001,24.333197,146000
2017-05-26,24.230000,25.209999,23.719999,25.160000,25.039804,134200
2017-05-30,24.920000,24.930000,23.910000,24.389999,24.273481,212800
2017-05-31,26.219999,28.299999,26.070000,27.940001,27.806524,533800
2017-06-01,28.150000,28.150000,26.370001,26.700001,26.572449,270500
2017-06-02,26.690001,27.750000,26.660000,27.309999,27.179531,185600
2017-06-05,27.209999,27.830000,27.049999,27.799999,27.667189,177400
2017-06-06,27.730000,27.910000,27.629999,27.770000,27.637337,131300
2017-06-07,27.910000,28.100000,27.510000,27.870001,27.736856,146700
2017-06-08,27.889999,28.680000,27.760000,28.660000,28.523083,182900
2017-06-09,28.709999,29.650000,28.590000,29.120001,28.980886,280500
2017-06-12,29.240000,29.250000,27.760000,28.120001,27.985664,239000
2017-06-13,28.170000,28.770000,27.770000,27.910000,27.776665,145300
2017-06-14,27.930000,28.000000,27.389999,27.830000,27.697046,88300
2017-06-15,27.580000,28.129999,27.520000,27.620001,27.488050,64800
2017-06-16,27.480000,27.700001,27.170000,27.240000,27.109865,148700
2017-06-19,27.320000,27.959999,27.059999,27.730000,27.597523,131800
2017-06-20,27.660000,27.660000,27.100000,27.160000,27.030249,69700
2017-06-21,27.209999,27.219999,26.150000,26.200001,26.074835,60300
2017-06-22,26.180000,26.740000,25.900000,26.180000,26.054932,55900
2017-06-23,26.180000,26.469999,25.120001,25.629999,25.507557,216200
2017-06-26,25.750000,26.030001,25.160000,25.299999,25.179132,71900
2017-06-27,25.290001,25.520000,24.920000,24.959999,24.840759,109300
2017-06-28,25.010000,25.469999,24.629999,25.209999,25.089563,111600
2017-06-29,25.139999,25.450001,24.680000,25.379999,25.258751,114600
2017-06-30,25.379999,25.680000,25.240000,25.420000,25.298561,91800
2017-07-03,25.610001,26.290001,25.500000,25.969999,25.845934,54500
2017-07-05,25.980000,26.020000,25.120001,25.280001,25.159231,163300
2017-07-06,25.230000,25.299999,24.430000,24.719999,24.601904,200000
2017-07-07,24.780001,24.920000,24.200001,24.240000,24.124199,321400
2017-07-10,24.139999,25.129999,24.139999,24.809999,24.691475,180800
2017-07-11,24.799999,25.070000,24.459999,24.750000,24.631762,127100
2017-07-12,24.840000,25.180000,24.719999,24.910000,24.790998,110100
2017-07-13,24.860001,25.129999,24.559999,25.070000,24.950233,207700
2017-07-14,25.000000,25.780001,25.000000,25.360001,25.238850,105200
2017-07-17,25.400000,26.070000,25.000000,25.620001,25.497606,330300
2017-07-18,25.510000,25.860001,25.330000,25.620001,25.497606,223000
2017-07-19,25.670000,26.049999,25.510000,25.629999,25.507557,193200
2017-07-20,25.719999,25.920000,25.549999,25.700001,25.577225,125200
2017-07-21,25.809999,25.820000,25.370001,25.420000,25.298561,121500
2017-07-24,25.430000,25.430000,24.969999,25.270000,25.149277,64300
2017-07-25,25.389999,26.480000,25.290001,26.410000,26.283831,114600
2017-07-26,26.500000,26.709999,25.830000,25.910000,25.786219,174100
2017-07-27,26.030001,26.059999,25.469999,25.629999,25.507557,127300
2017-07-28,25.650000,26.280001,25.650000,26.219999,26.094738,108300
2017-07-31,26.370001,26.370001,25.610001,25.799999,25.676744,120800
2017-08-01,27.000000,31.870001,27.000000,31.420000,31.269897,783600
2017-08-02,31.160000,32.220001,30.590000,31.770000,31.618225,328200
2017-08-03,31.820000,32.689999,31.780001,32.220001,32.066078,268600
2017-08-04,32.310001,32.500000,31.790001,32.060001,31.906841,101000
2017-08-07,32.340000,32.820000,31.950001,32.389999,32.235264,163200
2017-08-08,32.529999,33.119999,32.330002,32.540001,32.384548,233500
2017-08-09,32.480000,32.639999,31.520000,31.860001,31.746820,159300
2017-08-10,31.559999,31.860001,31.379999,31.590000,31.477777,115400
2017-08-11,31.719999,31.990000,30.330000,31.639999,31.527599,86700
2017-08-14,31.950001,32.290001,31.580000,32.110001,31.995932,48500
2017-08-15,32.299999,32.320000,31.400000,31.450001,31.338278,131400
2017-08-16,31.469999,31.959999,31.360001,31.490000,31.378134,66500
2017-08-17,31.440001,31.530001,30.799999,30.820000,30.710514,70200
2017-08-18,30.629999,31.160000,30.299999,30.830000,30.720476,68200
2017-08-21,30.719999,30.809999,30.430000,30.540001,30.431509,63800
2017-08-22,30.740000,31.139999,30.530001,31.139999,31.029377,60900
2017-08-23,30.850000,31.139999,30.639999,30.889999,30.780266,72300
2017-08-24,30.969999,31.920000,30.780001,31.750000,31.637209,110600
2017-08-25,31.990000,32.070000,31.379999,31.980000,31.866394,128500
2017-08-28,32.150002,32.439999,31.969999,32.349998,32.235077,86400
2017-08-29,32.160000,32.540001,31.910000,32.340000,32.225113,65200
2017-08-30,32.459999,32.459999,31.920000,32.400002,32.284904,61100
2017-08-31,32.570000,33.200001,32.279999,33.029999,32.912663,153000
2017-09-01,33.189999,33.220001,32.340000,32.799999,32.683483,83000
2017-09-05,32.810001,33.070000,32.080002,32.099998,31.985964,80100
2017-09-06,32.349998,32.419998,31.920000,32.279999,32.165329,75100
2017-09-07,32.430000,33.029999,31.840000,32.810001,32.693447,106200
2017-09-08,32.910000,33.060001,32.520000,32.700001,32.583839,84700
2017-09-11,33.080002,33.250000,32.570000,33.009998,32.892735,56900
2017-09-12,33.189999,34.049999,32.980000,33.380001,33.261421,152800
2017-09-13,33.400002,33.470001,32.970001,33.029999,32.912663,78900
2017-09-14,32.799999,33.099998,32.720001,32.990002,32.872807,61700
2017-09-15,33.000000,33.529999,32.650002,33.119999,33.002342,370000
2017-09-18,33.169998,34.810001,33.110001,34.740002,34.616589,129600
2017-09-19,34.730000,34.959999,34.279999,34.880001,34.756096,110400
2017-09-20,34.990002,35.099998,34.599998,34.700001,34.576729,83600
2017-09-21,34.599998,34.630001,34.220001,34.259998,34.138294,46100
2017-09-22,34.410000,34.730000,34.240002,34.439999,34.317654,42900
2017-09-25,34.570000,35.450001,34.410000,35.439999,35.314098,149800
2017-09-26,35.400002,35.840000,34.020000,35.520000,35.393818,101800
2017-09-27,35.660000,37.500000,35.590000,37.250000,37.117672,183300
2017-09-28,37.029999,37.599998,36.910000,37.560001,37.426575,93900
2017-09-29,37.700001,38.040001,37.509998,37.869999,37.735466,235900
2017-10-02,37.950001,38.119999,37.750000,38.040001,37.904865,93700
2017-10-03,38.099998,38.639999,37.939999,38.380001,38.243660,123800
2017-10-04,38.549999,38.619999,38.099998,38.310001,38.173912,81600
2017-10-05,38.439999,38.490002,37.790001,37.970001,37.835117,160900
2017-10-06,38.020000,38.450001,37.759998,38.130001,37.994549,147000
2017-10-09,38.049999,38.320000,37.680000,37.980000,37.845078,51200
2017-10-10,38.200001,38.400002,37.759998,37.980000,37.845078,98700
2017-10-11,38.130001,38.209999,37.639999,37.799999,37.665718,94600
2017-10-12,37.790001,37.790001,37.419998,37.490002,37.356823,137500
2017-10-13,37.599998,37.810001,37.139999,37.610001,37.476391,117300
2017-10-16,37.759998,38.180000,37.380001,37.669998,37.536179,68000
2017-10-17,37.599998,37.650002,36.889999,37.150002,37.018028,72300
2017-10-18,37.310001,37.619999,37.119999,37.240002,37.107712,96100
2017-10-19,37.080002,37.080002,36.570000,36.799999,36.669270,76700
2017-10-20,37.150002,37.150002,36.750000,36.910000,36.778881,125900
2017-10-23,36.910000,37.090000,36.660000,37.080002,36.948280,60200
2017-10-24,37.209999,37.900002,36.900002,37.590000,37.456467,162300
2017-10-25,37.490002,37.490002,36.549999,37.080002,36.948280,81700
2017-10-26,37.320000,37.549999,36.900002,37.139999,37.008060,45000
2017-10-27,37.099998,37.279999,36.770000,37.189999,37.057884,71100
2017-10-30,37.299999,37.299999,36.099998,36.310001,36.181011,126800
2017-10-31,36.980000,41.500000,36.599998,39.560001,39.419468,573700
2017-11-01,39.889999,39.889999,36.840000,37.110001,36.978168,268500
2017-11-02,37.590000,39.230000,37.230000,38.360001,38.223728,162400
2017-11-03,38.500000,38.709999,37.880001,38.270000,38.134045,154300
2017-11-06,38.320000,38.419998,37.529999,38.320000,38.183872,105800
2017-11-07,38.500000,38.500000,37.849998,38.209999,38.074265,113600
2017-11-08,38.220001,39.000000,37.980000,38.490002,38.353268,196800
2017-11-09,37.970001,38.349998,37.480000,37.750000,37.655029,103200
2017-11-10,37.740002,38.029999,37.119999,37.139999,37.046558,221300
2017-11-13,36.990002,37.070000,35.840000,36.770000,36.677494,130400
2017-11-14,36.599998,37.160000,36.500000,37.090000,36.996689,64800
2017-11-15,36.779999,37.000000,36.369999,36.630001,36.537846,85700
2017-11-16,36.860001,38.470001,36.860001,38.200001,38.103897,128000
2017-11-17,38.230000,38.790001,37.869999,38.610001,38.512863,76400
2017-11-20,38.750000,39.500000,38.599998,39.439999,39.340775,72300
2017-11-21,39.790001,40.480000,39.279999,39.820000,39.719818,113600
2017-11-22,39.840000,40.099998,39.110001,39.150002,39.051506,58900
2017-11-24,39.160000,39.259998,38.730000,39.209999,39.111351,25000
2017-11-27,39.209999,39.430000,38.540001,38.619999,38.522839,145900
2017-11-28,38.860001,40.250000,38.759998,40.189999,40.088886,94700
2017-11-29,40.230000,40.669998,39.820000,40.000000,39.899368,52000
2017-11-30,40.330002,40.330002,39.580002,39.939999,39.839516,74800
2017-12-01,40.000000,40.189999,38.000000,39.590000,39.490398,96400
2017-12-04,40.169998,40.520000,39.660000,39.730000,39.630043,77700
2017-12-05,39.709999,39.799999,36.570000,39.160000,39.061481,60200
2017-12-06,39.080002,39.630001,38.869999,39.450001,39.350750,74100
2017-12-07,39.520000,39.790001,38.520000,38.580002,38.482941,98200
2017-12-08,38.820000,38.840000,37.430000,37.459999,37.365757,109200
2017-12-11,37.410000,38.480000,37.270000,37.639999,37.545303,202400
2017-12-12,37.770000,38.090000,37.009998,37.150002,37.056538,63700
2017-12-13,37.119999,38.250000,36.520000,37.900002,37.804649,88900
2017-12-14,37.980000,38.450001,37.290001,37.889999,37.794674,81000
2017-12-15,37.980000,38.650002,37.750000,37.770000,37.674976,264200
2017-12-18,38.090000,39.130001,37.900002,38.580002,38.482941,91400
2017-12-19,38.580002,38.869999,38.099998,38.259998,38.163742,196000
2017-12-20,38.480000,39.480000,38.400002,38.799999,38.702385,69500
2017-12-21,39.060001,39.430000,38.580002,39.160000,39.061481,121300
2017-12-22,39.220001,40.389999,38.970001,40.040001,39.939266,136100
2017-12-26,40.130001,40.360001,39.389999,40.139999,40.039013,103000
2017-12-27,40.139999,40.410000,39.790001,40.259998,40.158710,73300
2017-12-28,40.340000,40.560001,39.860001,40.299999,40.198608,58900
2017-12-29,40.500000,40.880001,39.930000,39.980000,39.879414,86700
2018-01-02,39.849998,41.349998,39.849998,41.150002,41.046474,122200
2018-01-03,41.169998,41.360001,40.349998,40.810001,40.707329,176700
2018-01-04,40.810001,41.200001,40.360001,40.660000,40.557709,103200
2018-01-05,40.750000,40.750000,39.849998,40.279999,40.178661,90300
2018-01-08,40.270000,41.520000,39.980000,41.380001,41.275894,211500
2018-01-09,41.369999,43.689999,41.369999,43.540001,43.430462,279900
2018-01-10,43.599998,43.599998,42.279999,42.599998,42.492825,232300
2018-01-11,42.709999,43.230000,42.400002,43.000000,42.891819,189700
2018-01-12,43.340000,43.340000,42.570000,42.910000,42.802048,173400
2018-01-16,43.330002,44.330002,42.169998,42.470001,42.363152,166400
2018-01-17,42.599998,42.950001,41.950001,42.820000,42.712273,140600
2018-01-18,42.700001,42.959999,42.380001,42.790001,42.682346,125100
2018-01-19,42.709999,44.439999,42.150002,44.419998,44.308247,191900
2018-01-22,44.459999,44.549999,43.430000,44.250000,44.138676,193800
2018-01-23,44.230000,44.230000,43.090000,43.169998,43.061390,101100
2018-01-24,43.360001,43.570000,42.369999,42.570000,42.462902,114400
2018-01-25,42.560001,44.169998,41.860001,42.439999,42.333225,165700
2018-01-26,42.490002,42.490002,41.610001,42.049999,41.944206,79300
2018-01-29,41.910000,42.049999,41.480000,41.810001,41.704811,98700
2018-01-30,41.410000,41.950001,40.860001,41.410000,41.305820,96300
2018-01-31,41.660000,41.680000,40.799999,40.950001,40.846977,125000
2018-02-01,40.639999,41.400002,40.029999,41.369999,41.265919,121500
2018-02-02,41.130001,41.130001,39.439999,39.470001,39.370701,144100
2018-02-05,39.220001,39.590000,37.270000,37.570000,37.475479,212100
2018-02-06,36.500000,38.470001,35.200001,38.060001,37.964249,511400
2018-02-07,37.689999,37.930000,35.810001,36.410000,36.318398,591500
2018-02-08,36.349998,36.779999,34.650002,34.650002,34.600838,254200
2018-02-09,35.189999,36.130001,34.619999,35.590000,35.539505,300800
2018-02-12,35.759998,35.759998,34.700001,35.070000,35.020241,221200
2018-02-13,34.779999,35.900002,34.779999,35.290001,35.239929,204300
2018-02-14,34.919998,35.590000,34.759998,34.950001,34.900414,161000
2018-02-15,35.160000,35.380001,34.549999,35.209999,35.160042,100900
2018-02-16,35.000000,35.770000,35.000000,35.599998,35.549488,149500
2018-02-20,35.349998,36.340000,35.279999,35.480000,35.429661,190800
2018-02-21,35.490002,36.419998,35.230000,35.389999,35.339787,435400
2018-02-22,35.549999,36.650002,35.209999,35.529999,35.479588,175900
2018-02-23,35.830002,36.240002,35.000000,36.009998,35.958908,246800
2018-02-26,36.279999,36.709999,35.810001,36.570000,36.518112,97900
2018-02-27,36.650002,37.110001,35.959999,36.500000,36.448212,159200
2018-02-28,36.730000,37.779999,35.470001,35.500000,35.449631,209000
2018-03-01,35.619999,36.040001,34.970001,35.480000,35.429661,211100
2018-03-02,35.279999,36.549999,34.980000,36.130001,36.078739,228700
2018-03-05,35.959999,36.119999,35.180000,35.330002,35.279873,212200
2018-03-06,35.490002,36.759998,35.230000,36.639999,36.588013,187500
2018-03-07,36.369999,37.040001,36.349998,36.860001,36.807701,118700
2018-03-08,36.959999,37.049999,36.470001,36.689999,36.637943,75100
2018-03-09,36.990002,37.650002,36.820000,37.450001,37.396866,103100
2018-03-12,37.459999,37.660000,37.040001,37.139999,37.087303,114100
2018-03-13,37.430000,37.680000,36.639999,36.750000,36.697857,111600
2018-03-14,36.880001,36.880001,36.009998,36.529999,36.478168,107100
2018-03-15,36.720001,36.970001,36.200001,36.950001,36.897575,161500
2018-03-16,36.750000,37.580002,36.700001,37.270000,37.217121,162100
2018-03-19,37.099998,37.099998,35.720001,36.189999,36.138653,131500
2018-03-20,36.480000,36.950001,36.220001,36.220001,36.168610,94300
2018-03-21,36.209999,36.860001,35.049999,36.540001,36.488155,81400
2018-03-22,36.230000,36.869999,35.779999,35.849998,35.799133,136600
2018-03-23,35.910000,36.250000,34.880001,35.099998,35.050198,217000
2018-03-26,35.669998,36.910000,34.820000,35.790001,35.739220,92900
2018-03-27,35.990002,36.990002,35.490002,35.759998,35.709263,140500
2018-03-28,35.939999,35.939999,34.790001,35.509998,35.459614,133700
2018-03-29,35.599998,36.330002,35.599998,35.840000,35.789150,110400
2018-04-02,35.830002,35.830002,34.400002,34.869999,34.820526,100000
2018-04-03,35.150002,35.680000,34.730000,35.189999,35.140072,136000
2018-04-04,34.730000,35.689999,34.730000,35.299999,35.249916,181100
2018-04-05,35.520000,35.790001,35.279999,35.389999,35.339787,143000
2018-04-06,35.169998,35.439999,34.189999,34.590000,34.540924,137700
2018-04-09,34.799999,35.250000,34.450001,34.650002,34.600838,248900
2018-04-10,35.009998,35.730000,34.849998,35.410000,35.359760,129900
2018-04-11,35.060001,35.419998,35.000000,35.220001,35.170029,88600
2018-04-12,35.410000,36.160000,35.220001,35.790001,35.739220,75700
2018-04-13,36.090000,36.090000,35.230000,35.400002,35.349773,43600
2018-04-16,35.599998,36.590000,35.540001,36.529999,36.478168,178600
2018-04-17,36.799999,37.020000,36.430000,36.720001,36.667900,60900
2018-04-18,36.720001,37.480000,36.590000,37.200001,37.147221,100200
2018-04-19,37.150002,38.049999,35.779999,38.009998,37.956070,222200
2018-04-20,38.009998,38.139999,37.549999,37.790001,37.736382,117100
2018-04-23,37.880001,38.619999,37.430000,37.730000,37.676468,103100
2018-04-24,37.910000,38.060001,36.360001,37.209999,37.157204,293500
2018-04-25,37.200001,37.490002,36.750000,37.310001,37.257065,192100
2018-04-26,37.419998,37.419998,36.759998,37.070000,37.017403,129000
2018-04-27,37.160000,37.490002,36.669998,36.930000,36.877602,85600
2018-04-30,36.950001,37.500000,35.820000,35.880001,35.829094,134500
2018-05-01,35.880001,36.439999,34.790001,35.320000,35.269886,143100
2018-05-02,35.270000,35.900002,35.139999,35.240002,35.190002,135700
2018-05-03,35.110001,35.570000,34.349998,35.290001,35.290001,151200
2018-05-04,35.130001,35.669998,35.060001,35.310001,35.310001,104600
2018-05-07,35.299999,35.610001,35.060001,35.480000,35.480000,122400
2018-05-08,35.459999,36.360001,35.459999,36.299999,36.299999,111000
2018-05-09,36.450001,36.669998,35.939999,36.400002,36.400002,130400
2018-05-10,36.459999,36.730000,36.139999,36.259998,36.259998,79300
2018-05-11,36.250000,36.700001,35.959999,36.189999,36.189999,64500
2018-05-14,37.500000,37.500000,36.080002,36.509998,36.509998,344600
2018-05-15,36.360001,36.500000,35.349998,35.430000,35.430000,151300
2018-05-16,35.610001,36.520000,35.610001,36.240002,36.240002,209900
2018-05-17,36.410000,37.150002,36.410000,36.720001,36.720001,144200
2018-05-18,36.950001,37.470001,36.880001,37.419998,37.419998,110100
2018-05-21,37.419998,38.650002,37.160000,38.619999,38.619999,126500
2018-05-22,38.630001,38.970001,38.430000,38.650002,38.650002,130600
2018-05-23,38.560001,38.560001,38.090000,38.410000,38.410000,108800
2018-05-24,38.419998,38.900002,38.180000,38.689999,38.689999,111700
2018-05-25,38.639999,38.639999,37.599998,37.750000,37.750000,62300
2018-05-29,37.529999,38.279999,37.110001,37.869999,37.869999,130400
2018-05-30,39.820000,42.000000,38.380001,41.750000,41.750000,358900
2018-05-31,41.830002,43.020000,40.939999,41.430000,41.430000,347800
2018-06-01,42.150002,42.980000,41.500000,42.540001,42.540001,207600
2018-06-04,42.599998,43.820000,42.029999,42.400002,42.400002,203900
2018-06-05,42.400002,42.779999,42.279999,42.520000,42.520000,108300
2018-06-06,42.570000,42.970001,42.070000,42.599998,42.599998,117300
2018-06-07,42.650002,42.939999,42.139999,42.400002,42.400002,110600
2018-06-08,42.230000,43.070000,41.570000,42.970001,42.970001,102600
2018-06-11,42.959999,43.380001,42.490002,42.740002,42.740002,62000
2018-06-12,42.919998,43.139999,42.150002,43.029999,43.029999,79400
2018-06-13,43.130001,43.130001,42.340000,42.340000,42.340000,54300
2018-06-14,42.610001,42.709999,42.060001,42.369999,42.369999,116800
2018-06-15,42.099998,42.470001,41.939999,42.160000,42.160000,115600
2018-06-18,42.040001,43.360001,42.040001,43.200001,43.200001,127400
2018-06-19,42.919998,43.250000,42.520000,42.790001,42.790001,137900
2018-06-20,42.959999,44.080002,42.740002,43.599998,43.599998,140100
2018-06-21,43.570000,44.060001,42.910000,43.110001,43.110001,224000
2018-06-22,43.169998,43.689999,42.860001,43.580002,43.580002,552200
2018-06-25,43.590000,43.660000,42.220001,43.439999,43.439999,129600
2018-06-26,43.470001,44.700001,40.509998,44.450001,44.450001,155400
2018-06-27,44.549999,44.990002,43.439999,43.520000,43.520000,143500
2018-06-28,43.500000,43.590000,42.840000,42.980000,42.980000,124600
2018-06-29,43.209999,43.830002,43.110001,43.360001,43.360001,153600
