Date,Open,High,Low,Close,Adj Close,Volume
2013-01-02,6.400000,7.150000,6.400000,6.800000,6.800000,6900
2013-01-03,6.650000,6.900000,6.500000,6.750000,6.750000,10400
2013-01-04,6.550000,6.850000,6.550000,6.700000,6.700000,6800
2013-01-07,6.550000,7.050000,6.550000,7.050000,7.050000,14100
2013-01-08,7.000000,7.000000,6.400000,6.600000,6.600000,13200
2013-01-09,6.500000,7.100000,6.500000,6.650000,6.650000,19800
2013-01-10,6.850000,6.850000,6.550000,6.800000,6.800000,13800
2013-01-11,6.500000,6.750000,6.500000,6.650000,6.650000,5400
2013-01-14,6.750000,6.900000,6.600000,6.800000,6.800000,15400
2013-01-15,6.800000,6.900000,6.800000,6.900000,6.900000,6400
2013-01-16,6.750000,6.900000,6.650000,6.650000,6.650000,4000
2013-01-17,6.700000,6.900000,6.650000,6.800000,6.800000,9700
2013-01-18,6.850000,7.350000,6.850000,6.850000,6.850000,53400
2013-01-22,6.800000,6.900000,6.650000,6.800000,6.800000,9200
2013-01-23,6.650000,6.750000,6.650000,6.650000,6.650000,7500
2013-01-24,6.600000,6.600000,6.450000,6.450000,6.450000,14900
2013-01-25,6.400000,6.500000,6.250000,6.250000,6.250000,24400
2013-01-28,6.250000,6.450000,6.100000,6.200000,6.200000,9500
2013-01-29,6.350000,7.100000,6.350000,6.650000,6.650000,67900
2013-01-30,6.700000,6.700000,6.150000,6.250000,6.250000,14500
2013-01-31,6.250000,6.300000,5.750000,5.900000,5.900000,28300
2013-02-01,5.950000,6.000000,5.800000,5.900000,5.900000,14400
2013-02-04,5.950000,6.100000,5.850000,5.950000,5.950000,12800
2013-02-05,5.800000,6.050000,5.800000,5.900000,5.900000,9000
2013-02-06,6.200000,6.200000,6.050000,6.100000,6.100000,11700
2013-02-07,6.200000,6.200000,5.900000,5.950000,5.950000,6900
2013-02-08,5.900000,6.050000,5.900000,5.900000,5.900000,1600
2013-02-11,5.800000,6.100000,5.800000,5.900000,5.900000,9600
2013-02-12,6.000000,6.050000,5.850000,5.900000,5.900000,2500
2013-02-13,5.850000,6.000000,5.750000,5.950000,5.950000,9800
2013-02-14,5.950000,6.150000,5.900000,6.000000,6.000000,9400
2013-02-15,6.100000,6.100000,5.750000,5.950000,5.950000,19200
2013-02-19,6.100000,6.100000,5.950000,6.100000,6.100000,3500
2013-02-20,6.050000,6.100000,5.850000,6.100000,6.100000,9600
2013-02-21,6.000000,6.150000,5.750000,5.900000,5.900000,6200
2013-02-22,6.050000,6.100000,5.850000,6.050000,6.050000,11400
2013-02-25,6.050000,6.100000,5.900000,6.000000,6.000000,3800
2013-02-26,6.150000,6.150000,5.900000,6.000000,6.000000,3900
2013-02-27,6.000000,6.050000,5.950000,5.950000,5.950000,4900
2013-02-28,5.950000,6.100000,5.900000,5.900000,5.900000,3700
2013-03-01,5.950000,6.300000,5.950000,6.250000,6.250000,17300
2013-03-04,6.250000,6.450000,6.050000,6.050000,6.050000,8300
2013-03-05,6.050000,6.400000,6.050000,6.400000,6.400000,12100
2013-03-06,6.300000,6.700000,6.200000,6.400000,6.400000,16300
2013-03-07,6.350000,6.450000,6.150000,6.200000,6.200000,7500
2013-03-08,6.300000,6.450000,6.250000,6.350000,6.350000,10900
2013-03-11,6.250000,6.500000,6.150000,6.450000,6.450000,12100
2013-03-12,6.200000,6.200000,5.850000,5.950000,5.950000,103400
2013-03-13,5.900000,5.900000,5.500000,5.700000,5.700000,33900
2013-03-14,5.550000,5.700000,5.500000,5.600000,5.600000,14800
2013-03-15,5.650000,5.700000,5.000000,5.050000,5.050000,54400
2013-03-18,5.050000,5.350000,5.050000,5.300000,5.300000,20300
2013-03-19,5.250000,5.450000,5.250000,5.450000,5.450000,24000
2013-03-20,5.450000,5.500000,5.300000,5.450000,5.450000,13700
2013-03-21,5.350000,5.500000,5.300000,5.350000,5.350000,3800
2013-03-22,5.250000,5.450000,5.200000,5.300000,5.300000,7000
2013-03-25,5.150000,5.550000,5.150000,5.150000,5.150000,17400
2013-03-26,5.150000,5.300000,5.100000,5.300000,5.300000,9100
2013-03-27,5.300000,5.300000,5.150000,5.250000,5.250000,18900
2013-03-28,5.150000,5.200000,4.900000,5.000000,5.000000,36700
2013-04-01,5.000000,5.150000,5.000000,5.000000,5.000000,10100
2013-04-02,5.000000,5.100000,4.800000,5.000000,5.000000,21500
2013-04-03,5.000000,5.100000,4.750000,4.850000,4.850000,19600
2013-04-04,4.750000,5.200000,4.750000,4.850000,4.850000,25200
2013-04-05,4.850000,5.100000,4.850000,4.950000,4.950000,18600
2013-04-08,4.750000,5.100000,4.750000,5.000000,5.000000,7100
2013-04-09,5.000000,5.000000,4.800000,4.900000,4.900000,16400
2013-04-10,4.800000,5.000000,4.800000,4.900000,4.900000,7900
2013-04-11,5.000000,5.100000,4.800000,4.800000,4.800000,29800
2013-04-12,4.800000,5.050000,4.800000,5.000000,5.000000,7800
2013-04-15,4.900000,5.000000,4.850000,5.000000,5.000000,7700
2013-04-16,5.000000,5.000000,4.750000,4.900000,4.900000,30000
2013-04-17,4.900000,5.000000,4.750000,4.850000,4.850000,5500
2013-04-18,4.800000,5.100000,4.800000,5.000000,5.000000,7400
2013-04-19,5.100000,5.100000,4.750000,4.850000,4.850000,11000
2013-04-22,4.850000,5.100000,4.800000,4.950000,4.950000,12400
2013-04-23,4.800000,4.900000,4.800000,4.850000,4.850000,16300
2013-04-24,4.750000,4.900000,4.750000,4.850000,4.850000,12900
2013-04-25,4.950000,4.950000,4.750000,4.750000,4.750000,40900
2013-04-26,4.800000,4.900000,4.750000,4.850000,4.850000,30800
2013-04-29,4.900000,4.950000,4.800000,4.800000,4.800000,38100
2013-04-30,4.900000,4.950000,4.750000,4.750000,4.750000,16300
2013-05-01,4.800000,4.900000,4.800000,4.900000,4.900000,2000
2013-05-02,4.800000,5.000000,4.800000,5.000000,5.000000,19500
2013-05-03,4.950000,5.150000,4.950000,5.000000,5.000000,15500
2013-05-06,5.200000,5.200000,5.000000,5.100000,5.100000,5300
2013-05-07,5.000000,5.150000,5.000000,5.000000,5.000000,8400
2013-05-08,5.050000,5.150000,5.000000,5.100000,5.100000,6100
2013-05-09,5.150000,5.350000,5.100000,5.100000,5.100000,34200
2013-05-10,5.100000,5.350000,5.050000,5.200000,5.200000,7300
2013-05-13,5.100000,5.200000,5.100000,5.200000,5.200000,3300
2013-05-14,5.250000,5.350000,5.100000,5.100000,5.100000,6300
2013-05-15,5.200000,5.250000,5.000000,5.050000,5.050000,4100
2013-05-16,4.950000,5.200000,4.900000,4.950000,4.950000,19200
2013-05-17,4.950000,5.150000,4.950000,5.050000,5.050000,15900
2013-05-20,4.950000,5.250000,4.900000,5.100000,5.100000,6500
2013-05-21,5.000000,5.350000,5.000000,5.250000,5.250000,18900
2013-05-22,5.200000,5.700000,5.200000,5.400000,5.400000,47800
2013-05-23,5.350000,5.500000,5.300000,5.300000,5.300000,22400
2013-05-24,5.300000,5.300000,5.200000,5.300000,5.300000,13400
2013-05-28,5.250000,5.350000,5.000000,5.100000,5.100000,52400
2013-05-29,5.000000,5.200000,5.000000,5.100000,5.100000,24800
2013-05-30,5.150000,5.350000,5.050000,5.300000,5.300000,18300
2013-05-31,5.250000,5.450000,5.250000,5.450000,5.450000,16400
2013-06-03,5.450000,5.450000,5.050000,5.300000,5.300000,20000
2013-06-04,5.350000,5.450000,5.300000,5.300000,5.300000,6400
2013-06-05,5.350000,5.350000,5.200000,5.200000,5.200000,17900
2013-06-06,5.200000,5.350000,5.200000,5.350000,5.350000,12100
2013-06-07,5.300000,5.400000,5.200000,5.400000,5.400000,14700
2013-06-10,5.200000,5.350000,5.150000,5.350000,5.350000,6400
2013-06-11,5.200000,5.400000,5.200000,5.350000,5.350000,7000
2013-06-12,5.200000,5.300000,5.150000,5.200000,5.200000,12600
2013-06-13,5.250000,5.300000,5.250000,5.250000,5.250000,4100
2013-06-14,5.200000,5.300000,5.200000,5.200000,5.200000,4600
2013-06-17,5.200000,5.350000,5.200000,5.200000,5.200000,25400
2013-06-18,5.250000,5.600000,5.200000,5.500000,5.500000,51300
2013-06-19,5.550000,5.650000,5.350000,5.450000,5.450000,12600
2013-06-20,5.350000,5.350000,5.150000,5.300000,5.300000,16200
2013-06-21,5.200000,5.350000,5.200000,5.300000,5.300000,6500
2013-06-24,5.250000,5.250000,5.000000,5.050000,5.050000,26000
2013-06-25,5.100000,5.250000,5.050000,5.050000,5.050000,8400
2013-06-26,5.050000,5.150000,5.000000,5.000000,5.000000,16500
2013-06-27,5.050000,5.250000,4.950000,5.150000,5.150000,25600
2013-06-28,5.150000,5.150000,4.950000,5.100000,5.100000,10600
2013-07-01,5.000000,5.250000,5.000000,5.200000,5.200000,7400
2013-07-02,5.150000,5.250000,5.000000,5.000000,5.000000,2600
2013-07-03,5.150000,5.200000,5.050000,5.050000,5.050000,2600
2013-07-05,5.000000,5.250000,5.000000,5.100000,5.100000,1800
2013-07-08,5.100000,5.250000,5.050000,5.050000,5.050000,7600
2013-07-09,5.050000,5.250000,5.050000,5.050000,5.050000,8500
2013-07-10,5.150000,5.200000,5.050000,5.050000,5.050000,3400
2013-07-11,5.100000,5.150000,5.050000,5.050000,5.050000,8500
2013-07-12,5.050000,5.150000,5.050000,5.150000,5.150000,4600
2013-07-15,5.100000,5.150000,5.050000,5.100000,5.100000,2100
2013-07-16,5.050000,5.150000,4.950000,5.000000,5.000000,20400
2013-07-17,5.150000,5.250000,5.050000,5.250000,5.250000,14200
2013-07-18,5.250000,5.250000,5.100000,5.200000,5.200000,9100
2013-07-19,5.150000,5.300000,5.100000,5.300000,5.300000,13100
2013-07-22,5.300000,5.350000,5.200000,5.350000,5.350000,3300
2013-07-23,5.350000,5.400000,5.250000,5.250000,5.250000,10200
2013-07-24,5.350000,5.350000,5.100000,5.100000,5.100000,31000
2013-07-25,5.300000,5.300000,5.050000,5.200000,5.200000,8400
2013-07-26,5.200000,5.200000,5.050000,5.050000,5.050000,1700
2013-07-29,5.050000,5.200000,5.000000,5.000000,5.000000,9800
2013-07-30,5.200000,5.200000,5.050000,5.050000,5.050000,14100
2013-07-31,5.150000,5.200000,5.100000,5.200000,5.200000,4500
2013-08-01,5.000000,5.150000,5.000000,5.150000,5.150000,12600
2013-08-02,5.100000,6.100000,5.100000,5.900000,5.900000,146700
2013-08-05,6.250000,7.300000,5.800000,6.950000,6.950000,260300
2013-08-06,7.200000,7.450000,6.400000,6.700000,6.700000,151700
2013-08-07,6.550000,6.550000,6.050000,6.250000,6.250000,102800
2013-08-08,6.150000,6.900000,6.150000,6.500000,6.500000,54100
2013-08-09,7.000000,7.100000,6.600000,6.650000,6.650000,63400
2013-08-12,6.550000,6.700000,6.200000,6.500000,6.500000,34600
2013-08-13,6.550000,7.800000,6.500000,7.500000,7.500000,204800
2013-08-14,7.550000,9.700000,7.200000,8.350000,8.350000,544100
2013-08-15,7.800000,8.450000,7.000000,7.250000,7.250000,166100
2013-08-16,7.400000,7.400000,7.050000,7.100000,7.100000,51900
2013-08-19,7.200000,7.300000,6.500000,7.050000,7.050000,53100
2013-08-20,6.650000,7.350000,6.000000,6.100000,6.100000,224300
2013-08-21,6.100000,6.400000,5.850000,6.100000,6.100000,34100
2013-08-22,6.050000,6.300000,6.050000,6.150000,6.150000,22000
2013-08-23,6.100000,6.250000,6.100000,6.250000,6.250000,23200
2013-08-26,6.250000,6.250000,5.650000,5.800000,5.800000,46400
2013-08-27,5.750000,5.800000,5.550000,5.750000,5.750000,42300
2013-08-28,5.750000,5.950000,5.700000,5.950000,5.950000,10200
2013-08-29,5.950000,6.100000,5.850000,5.950000,5.950000,9100
2013-08-30,5.900000,6.600000,5.900000,6.000000,6.000000,38900
2013-09-03,6.000000,6.650000,6.000000,6.450000,6.450000,33900
2013-09-04,6.150000,6.650000,6.150000,6.450000,6.450000,21200
2013-09-05,6.250000,6.450000,6.250000,6.450000,6.450000,11800
2013-09-06,6.350000,6.400000,6.100000,6.300000,6.300000,24100
2013-09-09,6.300000,6.450000,6.200000,6.200000,6.200000,8300
2013-09-10,6.250000,6.850000,6.250000,6.600000,6.600000,56600
2013-09-11,6.600000,6.650000,6.350000,6.400000,6.400000,14500
2013-09-12,6.400000,6.450000,6.250000,6.350000,6.350000,11300
2013-09-13,6.300000,6.400000,6.100000,6.100000,6.100000,2600
2013-09-16,6.150000,6.900000,6.150000,6.150000,6.150000,26600
2013-09-17,6.250000,6.300000,6.050000,6.050000,6.050000,6500
2013-09-18,6.050000,6.200000,6.000000,6.050000,6.050000,20300
2013-09-19,6.000000,6.200000,6.000000,6.150000,6.150000,7300
2013-09-20,6.150000,6.150000,6.050000,6.050000,6.050000,5200
2013-09-23,6.000000,6.050000,5.950000,5.950000,5.950000,9500
2013-09-24,6.000000,6.050000,5.900000,6.000000,6.000000,11300
2013-09-25,5.900000,6.150000,5.900000,6.150000,6.150000,11400
2013-09-26,6.150000,6.400000,5.900000,6.250000,6.250000,10100
2013-09-27,6.250000,7.700000,6.250000,7.050000,7.050000,294200
2013-09-30,6.900000,7.600000,6.900000,7.200000,7.200000,211400
2013-10-01,7.200000,7.250000,6.650000,7.050000,7.050000,64800
2013-10-02,7.100000,7.450000,6.900000,7.200000,7.200000,25800
2013-10-03,7.350000,7.900000,7.250000,7.250000,7.250000,71300
2013-10-04,7.400000,7.650000,7.100000,7.250000,7.250000,26400
2013-10-07,7.100000,7.650000,7.050000,7.550000,7.550000,92800
2013-10-08,7.500000,7.500000,6.800000,6.850000,6.850000,70900
2013-10-09,7.050000,7.050000,6.450000,6.900000,6.900000,34600
2013-10-10,6.850000,6.950000,6.750000,6.950000,6.950000,33500
2013-10-11,6.900000,7.100000,6.900000,7.000000,7.000000,14500
2013-10-14,6.850000,7.150000,6.800000,6.950000,6.950000,12500
2013-10-15,7.000000,8.100000,7.000000,8.100000,8.100000,330100
2013-10-16,9.300000,10.400000,8.600000,9.100000,9.100000,900500
2013-10-17,9.200000,9.250000,8.150000,8.650000,8.650000,185100
2013-10-18,8.750000,8.750000,8.150000,8.200000,8.200000,74800
2013-10-21,8.350000,9.000000,8.150000,8.600000,8.600000,82200
2013-10-22,8.750000,8.750000,8.100000,8.150000,8.150000,53900
2013-10-23,8.200000,8.200000,7.600000,7.650000,7.650000,51600
2013-10-24,7.750000,7.950000,7.150000,7.300000,7.300000,77500
2013-10-25,7.250000,7.250000,6.850000,7.000000,7.000000,62200
2013-10-28,7.000000,7.400000,6.800000,6.800000,6.800000,70100
2013-10-29,6.750000,7.150000,6.750000,7.100000,7.100000,38300
2013-10-30,7.100000,7.300000,6.800000,6.850000,6.850000,32000
2013-10-31,6.900000,6.950000,6.650000,6.950000,6.950000,35500
2013-11-01,7.100000,7.150000,6.750000,6.900000,6.900000,10800
2013-11-04,6.800000,7.050000,6.750000,6.900000,6.900000,27600
2013-11-05,6.850000,7.100000,6.800000,6.900000,6.900000,19300
2013-11-06,6.800000,6.900000,6.750000,6.850000,6.850000,19800
2013-11-07,6.700000,6.850000,6.400000,6.600000,6.600000,41300
2013-11-08,6.700000,6.750000,6.500000,6.700000,6.700000,14600
2013-11-11,6.550000,7.200000,6.550000,7.000000,7.000000,29900
2013-11-12,7.050000,7.250000,6.900000,7.050000,7.050000,7000
2013-11-13,6.950000,7.150000,6.950000,7.050000,7.050000,12800
2013-11-14,7.100000,7.100000,6.900000,6.950000,6.950000,10200
2013-11-15,6.950000,7.500000,6.850000,7.200000,7.200000,27200
2013-11-18,7.100000,8.000000,7.100000,7.450000,7.450000,104900
2013-11-19,7.800000,7.800000,7.150000,7.350000,7.350000,27400
2013-11-20,7.400000,7.750000,7.050000,7.350000,7.350000,43100
2013-11-21,7.400000,7.700000,7.400000,7.550000,7.550000,18400
2013-11-22,7.500000,7.750000,7.350000,7.750000,7.750000,34500
2013-11-25,7.700000,7.700000,7.150000,7.250000,7.250000,38300
2013-11-26,7.100000,7.200000,6.950000,7.000000,7.000000,12900
2013-11-27,7.000000,7.450000,7.000000,7.200000,7.200000,12100
2013-11-29,7.100000,7.450000,7.100000,7.450000,7.450000,21800
2013-12-02,7.400000,7.700000,7.100000,7.400000,7.400000,24400
2013-12-03,7.250000,7.400000,7.250000,7.300000,7.300000,8200
2013-12-04,7.350000,7.450000,7.300000,7.450000,7.450000,7500
2013-12-05,7.250000,7.450000,7.150000,7.400000,7.400000,12400
2013-12-06,7.250000,7.600000,7.200000,7.500000,7.500000,38500
2013-12-09,7.500000,7.500000,7.150000,7.150000,7.150000,12600
2013-12-10,7.150000,7.350000,7.050000,7.250000,7.250000,18200
2013-12-11,7.350000,7.350000,7.000000,7.050000,7.050000,3600
2013-12-12,7.000000,7.100000,6.850000,6.850000,6.850000,16000
2013-12-13,6.850000,6.950000,6.700000,6.900000,6.900000,26300
2013-12-16,6.800000,6.850000,6.600000,6.800000,6.800000,18200
2013-12-17,6.600000,7.000000,6.600000,7.000000,7.000000,13500
2013-12-18,7.000000,7.150000,6.800000,7.100000,7.100000,19400
2013-12-19,7.100000,7.750000,7.050000,7.650000,7.650000,110600
2013-12-20,7.700000,7.950000,7.500000,7.600000,7.600000,55500
2013-12-23,7.700000,8.250000,7.650000,7.850000,7.850000,102200
2013-12-24,7.950000,8.100000,7.850000,7.900000,7.900000,26900
2013-12-26,7.900000,8.200000,7.900000,8.000000,8.000000,56500
2013-12-27,8.200000,8.600000,8.100000,8.500000,8.500000,148100
2013-12-30,8.650000,8.750000,8.250000,8.500000,8.500000,63400
2013-12-31,8.600000,8.600000,8.350000,8.350000,8.350000,21800
2014-01-02,8.350000,8.700000,8.100000,8.500000,8.500000,49000
2014-01-03,8.550000,9.650000,8.400000,9.450000,9.450000,196800
2014-01-06,9.600000,10.150000,9.200000,9.450000,9.450000,166800
2014-01-07,9.450000,9.450000,8.950000,9.050000,9.050000,68600
2014-01-08,8.950000,9.300000,8.850000,9.300000,9.300000,43400
2014-01-09,9.250000,9.650000,8.900000,9.500000,9.500000,55700
2014-01-10,9.550000,11.200000,9.500000,10.800000,10.800000,654700
2014-01-13,11.000000,11.250000,9.850000,10.000000,10.000000,448400
2014-01-14,10.050000,10.400000,9.100000,9.900000,9.900000,104300
2014-01-15,10.100000,10.650000,9.900000,9.950000,9.950000,100100
2014-01-16,10.000000,10.100000,9.800000,10.000000,10.000000,47000
2014-01-17,10.250000,10.250000,9.600000,9.800000,9.800000,70100
2014-01-21,9.950000,9.950000,9.500000,9.500000,9.500000,46800
2014-01-22,9.500000,9.750000,9.400000,9.500000,9.500000,55800
2014-01-23,9.400000,9.650000,9.050000,9.050000,9.050000,71500
2014-01-24,8.950000,9.100000,8.550000,8.600000,8.600000,74700
2014-01-27,8.750000,8.900000,8.300000,8.850000,8.850000,60400
2014-01-28,8.900000,10.300000,8.900000,9.950000,9.950000,145800
2014-01-29,9.900000,10.000000,9.650000,9.800000,9.800000,31000
2014-01-30,9.900000,10.050000,9.750000,9.850000,9.850000,21400
2014-01-31,9.850000,9.850000,9.350000,9.450000,9.450000,34100
2014-02-03,9.450000,9.600000,9.050000,9.150000,9.150000,27300
2014-02-04,9.050000,9.400000,8.850000,9.300000,9.300000,30900
2014-02-05,9.400000,9.400000,8.950000,9.350000,9.350000,21500
2014-02-06,9.400000,9.750000,9.200000,9.550000,9.550000,23000
2014-02-07,9.550000,9.900000,9.500000,9.800000,9.800000,17500
2014-02-10,9.900000,10.450000,9.750000,10.250000,10.250000,68600
2014-02-11,10.450000,10.900000,10.200000,10.250000,10.250000,85100
2014-02-12,10.500000,10.500000,9.200000,9.950000,9.950000,113500
2014-02-13,9.850000,10.100000,9.650000,9.650000,9.650000,35500
2014-02-14,9.800000,10.400000,9.600000,10.100000,10.100000,42500
2014-02-18,10.000000,10.150000,9.850000,10.000000,10.000000,32800
2014-02-19,10.050000,11.750000,10.050000,11.000000,11.000000,247200
2014-02-20,11.150000,11.300000,10.800000,10.900000,10.900000,74500
2014-02-21,10.800000,11.200000,10.500000,10.950000,10.950000,76400
2014-02-24,11.000000,11.450000,10.750000,11.100000,11.100000,77100
2014-02-25,11.050000,11.200000,10.800000,10.850000,10.850000,56800
2014-02-26,10.900000,12.350000,10.850000,11.800000,11.800000,282300
2014-02-27,12.000000,12.700000,11.800000,12.450000,12.450000,174500
2014-02-28,12.600000,13.300000,12.550000,12.700000,12.700000,192300
2014-03-03,12.600000,12.600000,11.500000,11.900000,11.900000,133900
2014-03-04,11.950000,12.350000,11.950000,12.200000,12.200000,51400
2014-03-05,12.250000,13.300000,12.250000,13.250000,13.250000,141900
2014-03-06,13.700000,15.050000,13.300000,14.350000,14.350000,294200
2014-03-07,14.950000,15.000000,13.650000,13.800000,13.800000,159300
2014-03-10,13.900000,13.900000,12.650000,13.250000,13.250000,111400
2014-03-11,13.000000,14.750000,12.550000,13.700000,13.700000,203500
2014-03-12,10.500000,12.000000,10.400000,11.350000,11.350000,392700
2014-03-13,11.250000,11.350000,8.900000,9.050000,9.050000,433300
2014-03-14,9.850000,9.850000,9.100000,9.150000,9.150000,115900
2014-03-17,9.300000,9.450000,8.850000,9.250000,9.250000,59200
2014-03-18,9.250000,9.800000,9.150000,9.550000,9.550000,50100
2014-03-19,9.750000,9.850000,9.550000,9.650000,9.650000,58000
2014-03-20,9.500000,9.850000,9.300000,9.350000,9.350000,52700
2014-03-21,9.500000,10.100000,9.350000,10.100000,10.100000,130700
2014-03-24,10.150000,10.250000,9.550000,9.800000,9.800000,82900
2014-03-25,9.950000,10.200000,9.650000,9.700000,9.700000,23500
2014-03-26,9.700000,9.850000,9.150000,9.300000,9.300000,39800
2014-03-27,9.300000,9.500000,9.050000,9.350000,9.350000,78000
2014-03-28,9.500000,9.500000,9.100000,9.300000,9.300000,19300
2014-03-31,9.250000,9.500000,9.100000,9.350000,9.350000,21200
2014-04-01,9.100000,9.600000,9.100000,9.550000,9.550000,30500
2014-04-02,9.450000,9.600000,9.300000,9.550000,9.550000,27000
2014-04-03,9.450000,9.550000,9.350000,9.450000,9.450000,14000
2014-04-04,9.450000,9.900000,9.050000,9.350000,9.350000,55300
2014-04-07,9.300000,9.300000,8.500000,8.650000,8.650000,108500
2014-04-08,8.650000,8.950000,8.600000,8.750000,8.750000,51700
2014-04-09,8.850000,9.250000,8.700000,9.150000,9.150000,17500
2014-04-10,9.050000,9.350000,8.700000,8.900000,8.900000,12500
2014-04-11,8.700000,8.800000,8.600000,8.600000,8.600000,25000
2014-04-14,8.600000,8.800000,8.500000,8.750000,8.750000,24700
2014-04-15,8.700000,8.750000,8.050000,8.400000,8.400000,43100
2014-04-16,8.400000,8.500000,8.050000,8.300000,8.300000,31400
2014-04-17,8.300000,9.000000,8.300000,8.750000,8.750000,23600
2014-04-21,8.900000,8.900000,8.700000,8.900000,8.900000,6000
2014-04-22,8.800000,8.950000,8.750000,8.750000,8.750000,6500
2014-04-23,8.750000,8.850000,8.600000,8.750000,8.750000,8000
2014-04-24,8.550000,9.550000,8.550000,9.550000,9.550000,56600
2014-04-25,9.550000,9.650000,9.250000,9.350000,9.350000,34700
2014-04-28,9.250000,9.300000,8.850000,8.950000,8.950000,13400
2014-04-29,8.950000,9.200000,8.850000,8.950000,8.950000,22600
2014-04-30,8.950000,8.950000,8.500000,8.800000,8.800000,40000
2014-05-01,8.950000,9.150000,8.600000,8.850000,8.850000,12900
2014-05-02,8.750000,8.950000,8.550000,8.800000,8.800000,11000
2014-05-05,8.650000,8.750000,8.300000,8.500000,8.500000,17600
2014-05-06,8.550000,8.750000,8.450000,8.450000,8.450000,11900
2014-05-07,8.300000,8.500000,7.600000,7.950000,7.950000,50900
2014-05-08,7.950000,8.400000,7.850000,7.950000,7.950000,13300
2014-05-09,7.950000,8.300000,7.900000,8.150000,8.150000,9600
2014-05-12,8.200000,8.550000,8.150000,8.450000,8.450000,8000
2014-05-13,8.450000,8.750000,8.450000,8.650000,8.650000,5500
2014-05-14,8.750000,8.750000,8.250000,8.250000,8.250000,16600
2014-05-15,8.200000,8.300000,8.000000,8.200000,8.200000,12500
2014-05-16,8.000000,8.200000,8.000000,8.100000,8.100000,6700
2014-05-19,8.050000,8.550000,8.050000,8.500000,8.500000,16200
2014-05-20,7.450000,7.900000,7.250000,7.850000,7.850000,109200
2014-05-21,7.800000,7.800000,6.500000,6.700000,6.700000,131800
2014-05-22,6.500000,6.950000,6.050000,6.750000,6.750000,134900
2014-05-23,6.650000,7.350000,6.550000,7.300000,7.300000,13900
2014-05-27,7.000000,7.200000,6.300000,6.450000,6.450000,120600
2014-05-28,6.450000,6.850000,6.250000,6.650000,6.650000,44900
2014-05-29,6.650000,6.850000,6.500000,6.650000,6.650000,35500
2014-05-30,6.550000,6.750000,6.300000,6.450000,6.450000,67500
2014-06-02,6.400000,6.550000,6.250000,6.400000,6.400000,33600
2014-06-03,6.250000,6.500000,5.900000,6.500000,6.500000,34900
2014-06-04,6.550000,6.550000,5.900000,6.350000,6.350000,17300
2014-06-05,6.500000,6.850000,6.250000,6.850000,6.850000,28500
2014-06-06,6.750000,6.850000,6.600000,6.800000,6.800000,39200
2014-06-09,6.750000,6.850000,6.500000,6.700000,6.700000,6900
2014-06-10,6.750000,7.250000,6.750000,7.000000,7.000000,26100
2014-06-11,7.050000,7.200000,6.800000,6.900000,6.900000,18500
2014-06-12,6.800000,6.900000,6.700000,6.900000,6.900000,3700
2014-06-13,6.800000,7.250000,6.800000,7.200000,7.200000,22800
2014-06-16,7.050000,7.400000,7.050000,7.150000,7.150000,21500
2014-06-17,7.300000,7.300000,7.200000,7.250000,7.250000,6900
2014-06-18,7.150000,7.400000,7.150000,7.250000,7.250000,10500
2014-06-19,7.150000,7.350000,7.150000,7.150000,7.150000,8900
2014-06-20,7.200000,7.200000,7.000000,7.000000,7.000000,11900
2014-06-23,7.250000,7.250000,6.900000,6.950000,6.950000,13400
2014-06-24,7.000000,7.000000,6.500000,6.650000,6.650000,23700
2014-06-25,6.650000,6.850000,6.500000,6.750000,6.750000,6300
2014-06-26,6.750000,6.950000,6.650000,6.800000,6.800000,7800
2014-06-27,6.650000,6.900000,6.050000,6.450000,6.450000,19000
2014-06-30,6.200000,6.600000,6.200000,6.450000,6.450000,6600
2014-07-01,6.500000,6.750000,6.400000,6.650000,6.650000,6500
2014-07-02,6.750000,7.000000,6.650000,6.850000,6.850000,6700
2014-07-03,7.100000,7.250000,7.000000,7.250000,7.250000,8600
2014-07-07,7.250000,7.400000,6.950000,6.950000,6.950000,23300
2014-07-08,6.850000,7.000000,6.750000,6.750000,6.750000,15800
2014-07-09,6.750000,6.900000,6.750000,6.800000,6.800000,1700
2014-07-10,6.750000,6.800000,6.650000,6.800000,6.800000,4500
2014-07-11,6.800000,7.000000,6.500000,7.000000,7.000000,7200
2014-07-14,7.000000,7.150000,6.650000,6.750000,6.750000,9100
2014-07-15,6.750000,6.900000,6.600000,6.800000,6.800000,5000
2014-07-16,6.800000,7.000000,6.700000,6.800000,6.800000,4000
2014-07-17,6.800000,6.850000,6.550000,6.650000,6.650000,4900
2014-07-18,6.600000,7.250000,6.600000,6.900000,6.900000,15000
2014-07-21,6.800000,7.200000,6.800000,7.200000,7.200000,5600
2014-07-22,7.100000,7.900000,7.100000,7.500000,7.500000,60900
2014-07-23,7.500000,7.600000,7.300000,7.350000,7.350000,4300
2014-07-24,7.300000,7.600000,7.300000,7.550000,7.550000,14200
2014-07-25,7.550000,7.650000,7.450000,7.450000,7.450000,4300
2014-07-28,7.600000,7.600000,7.250000,7.300000,7.300000,5900
2014-07-29,7.400000,7.850000,7.350000,7.500000,7.500000,15500
2014-07-30,7.550000,7.600000,7.350000,7.550000,7.550000,3200
2014-07-31,7.500000,7.550000,7.150000,7.150000,7.150000,9500
2014-08-01,7.100000,7.400000,6.950000,7.100000,7.100000,5700
2014-08-04,7.000000,7.450000,7.000000,7.050000,7.050000,13600
2014-08-05,7.000000,7.150000,7.000000,7.000000,7.000000,9300
2014-08-06,7.050000,7.300000,6.900000,6.950000,6.950000,6200
2014-08-07,6.900000,7.150000,6.900000,6.900000,6.900000,5200
2014-08-08,6.900000,7.150000,6.700000,6.800000,6.800000,7100
2014-08-11,6.800000,6.850000,6.500000,6.850000,6.850000,11600
2014-08-12,6.600000,6.950000,6.600000,6.950000,6.950000,3100
2014-08-13,7.050000,7.050000,6.650000,6.850000,6.850000,3400
2014-08-14,6.700000,6.950000,6.700000,6.800000,6.800000,1900
2014-08-15,6.750000,6.800000,6.750000,6.750000,6.750000,6700
2014-08-18,6.800000,7.250000,6.700000,7.000000,7.000000,27200
2014-08-19,7.150000,7.150000,6.700000,6.700000,6.700000,10700
2014-08-20,6.700000,7.350000,6.700000,7.300000,7.300000,55500
2014-08-21,7.250000,7.700000,7.050000,7.100000,7.100000,41500
2014-08-22,7.150000,7.300000,7.100000,7.150000,7.150000,13400
2014-08-25,7.300000,7.350000,7.100000,7.200000,7.200000,5600
2014-08-26,7.100000,7.200000,7.050000,7.050000,7.050000,7500
2014-08-27,7.000000,7.350000,7.000000,7.000000,7.000000,1300
2014-08-28,7.000000,7.150000,6.900000,6.900000,6.900000,8700
2014-08-29,6.850000,7.000000,6.550000,6.650000,6.650000,11700
2014-09-02,6.550000,6.850000,6.550000,6.750000,6.750000,11300
2014-09-03,6.750000,6.900000,6.600000,6.750000,6.750000,9700
2014-09-04,6.950000,6.950000,6.600000,6.700000,6.700000,8800
2014-09-05,6.850000,6.950000,6.650000,6.950000,6.950000,11400
2014-09-08,6.950000,7.050000,6.650000,6.900000,6.900000,17200
2014-09-09,6.950000,7.900000,6.850000,7.400000,7.400000,144700
2014-09-10,7.300000,7.300000,6.900000,6.950000,6.950000,39100
2014-09-11,6.900000,7.300000,6.900000,7.100000,7.100000,15800
2014-09-12,7.150000,7.200000,7.050000,7.050000,7.050000,4000
2014-09-15,6.850000,7.050000,6.800000,6.850000,6.850000,10000
2014-09-16,7.000000,7.500000,6.650000,6.950000,6.950000,53600
2014-09-17,7.050000,7.100000,6.650000,6.750000,6.750000,17400
2014-09-18,6.650000,6.950000,6.650000,6.800000,6.800000,4900
2014-09-19,6.700000,6.850000,6.500000,6.500000,6.500000,21800
2014-09-22,6.500000,6.650000,6.250000,6.300000,6.300000,22500
2014-09-23,6.400000,6.500000,6.250000,6.350000,6.350000,9100
2014-09-24,6.350000,6.500000,6.300000,6.450000,6.450000,11700
2014-09-25,6.450000,6.600000,6.300000,6.550000,6.550000,4400
2014-09-26,6.400000,6.600000,6.250000,6.600000,6.600000,9100
2014-09-29,6.550000,6.750000,6.500000,6.650000,6.650000,9400
2014-09-30,6.700000,6.900000,6.400000,6.700000,6.700000,29600
2014-10-01,6.550000,6.650000,6.450000,6.500000,6.500000,15000
2014-10-02,6.550000,6.800000,6.450000,6.500000,6.500000,3300
2014-10-03,6.450000,6.650000,6.400000,6.550000,6.550000,7100
2014-10-06,6.550000,6.550000,6.400000,6.500000,6.500000,6400
2014-10-07,6.500000,6.600000,6.300000,6.400000,6.400000,7800
2014-10-08,6.400000,6.900000,6.300000,6.700000,6.700000,15500
2014-10-09,6.850000,6.850000,6.350000,6.450000,6.450000,4100
2014-10-10,6.450000,6.500000,5.750000,6.450000,6.450000,47300
2014-10-13,6.500000,6.500000,5.850000,6.250000,6.250000,15300
2014-10-14,5.900000,6.700000,5.850000,6.200000,6.200000,23500
2014-10-15,5.950000,6.300000,5.900000,6.250000,6.250000,30500
2014-10-16,6.450000,6.450000,5.950000,6.300000,6.300000,1500
2014-10-17,6.200000,6.450000,6.200000,6.300000,6.300000,2400
2014-10-20,6.200000,6.450000,6.000000,6.050000,6.050000,6800
2014-10-21,6.000000,6.450000,6.000000,6.400000,6.400000,2300
2014-10-22,6.500000,6.500000,6.100000,6.200000,6.200000,2800
2014-10-23,6.150000,6.350000,6.050000,6.050000,6.050000,7600
2014-10-24,6.050000,6.250000,6.050000,6.050000,6.050000,27000
2014-10-27,6.050000,6.250000,6.050000,6.200000,6.200000,4800
2014-10-28,6.100000,6.250000,5.950000,6.200000,6.200000,9700
2014-10-29,6.050000,6.250000,6.000000,6.250000,6.250000,4100
2014-10-30,6.150000,6.400000,6.000000,6.000000,6.000000,5000
2014-10-31,6.000000,6.200000,5.850000,6.100000,6.100000,28000
2014-11-03,6.050000,6.350000,6.000000,6.050000,6.050000,4400
2014-11-04,6.300000,6.350000,5.950000,6.250000,6.250000,18200
2014-11-05,6.250000,7.150000,6.250000,6.850000,6.850000,161200
2014-11-06,7.050000,7.200000,6.650000,6.950000,6.950000,35600
2014-11-07,6.800000,7.250000,6.450000,7.000000,7.000000,21600
2014-11-10,6.950000,6.950000,6.500000,6.500000,6.500000,8400
2014-11-11,6.750000,6.950000,6.550000,6.800000,6.800000,10300
2014-11-12,6.900000,6.950000,6.550000,6.750000,6.750000,21300
2014-11-13,6.600000,6.850000,6.500000,6.650000,6.650000,12800
2014-11-14,6.600000,6.950000,6.600000,6.750000,6.750000,15000
2014-11-17,6.700000,6.900000,6.600000,6.850000,6.850000,11900
2014-11-18,6.750000,6.900000,6.450000,6.750000,6.750000,14200
2014-11-19,6.550000,6.750000,6.550000,6.750000,6.750000,1100
2014-11-20,6.750000,7.150000,6.750000,7.050000,7.050000,18400
2014-11-21,7.000000,7.050000,6.800000,6.900000,6.900000,19100
2014-11-24,6.800000,6.900000,6.750000,6.750000,6.750000,15700
2014-11-25,6.400000,6.750000,6.300000,6.350000,6.350000,25900
2014-11-26,6.400000,6.500000,6.350000,6.350000,6.350000,2700
2014-11-28,6.650000,6.650000,6.200000,6.350000,6.350000,12000
2014-12-01,6.450000,6.700000,6.350000,6.450000,6.450000,3700
2014-12-02,6.500000,6.500000,6.300000,6.400000,6.400000,7600
2014-12-03,6.500000,6.500000,6.400000,6.500000,6.500000,8500
2014-12-04,6.350000,6.500000,6.350000,6.450000,6.450000,11200
2014-12-05,6.450000,7.050000,6.450000,6.850000,6.850000,90900
2014-12-08,6.600000,7.000000,6.400000,6.650000,6.650000,21500
2014-12-09,6.500000,6.750000,6.450000,6.550000,6.550000,11300
2014-12-10,6.500000,6.500000,6.300000,6.350000,6.350000,9400
2014-12-11,6.250000,6.450000,6.250000,6.250000,6.250000,5500
2014-12-12,6.250000,6.350000,6.000000,6.050000,6.050000,9000
2014-12-15,6.200000,6.300000,5.850000,5.950000,5.950000,26200
2014-12-16,5.800000,6.000000,5.400000,5.600000,5.600000,20900
2014-12-17,5.550000,5.800000,5.500000,5.750000,5.750000,22700
2014-12-18,5.650000,5.950000,5.550000,5.850000,5.850000,7900
2014-12-19,5.700000,5.950000,5.400000,5.550000,5.550000,40400
2014-12-22,5.500000,5.750000,5.500000,5.500000,5.500000,17800
2014-12-23,5.500000,5.700000,5.500000,5.500000,5.500000,10800
2014-12-24,5.800000,6.250000,5.750000,5.850000,5.850000,37400
2014-12-26,6.000000,6.200000,5.650000,6.000000,6.000000,11000
2014-12-29,5.950000,6.200000,5.300000,5.600000,5.600000,49300
2014-12-30,5.600000,5.800000,5.600000,5.600000,5.600000,11700
2014-12-31,5.600000,5.700000,5.600000,5.600000,5.600000,18000
2015-01-02,5.650000,5.750000,5.500000,5.500000,5.500000,27300
2015-01-05,5.550000,5.550000,5.400000,5.500000,5.500000,15800
2015-01-06,5.550000,5.600000,5.400000,5.500000,5.500000,98600
2015-01-07,5.500000,5.700000,5.400000,5.700000,5.700000,28700
2015-01-08,5.600000,5.700000,5.600000,5.650000,5.650000,24400
2015-01-09,5.700000,5.750000,5.450000,5.500000,5.500000,23800
2015-01-12,5.700000,5.700000,5.450000,5.600000,5.600000,42200
2015-01-13,5.800000,5.800000,5.350000,5.400000,5.400000,123200
2015-01-14,5.200000,5.500000,5.150000,5.300000,5.300000,33700
2015-01-15,5.150000,5.300000,5.150000,5.200000,5.200000,69500
2015-01-16,5.300000,5.400000,5.200000,5.350000,5.350000,37300
2015-01-20,5.250000,5.350000,5.100000,5.200000,5.200000,43000
2015-01-21,5.200000,5.500000,5.100000,5.150000,5.150000,125700
2015-01-22,5.400000,5.550000,5.100000,5.150000,5.150000,27300
2015-01-23,5.150000,5.400000,5.150000,5.150000,5.150000,35700
2015-01-26,5.150000,5.400000,5.150000,5.200000,5.200000,107600
2015-01-27,5.200000,5.450000,5.150000,5.350000,5.350000,36700
2015-01-28,5.350000,5.400000,5.150000,5.350000,5.350000,47400
2015-01-29,5.250000,5.250000,4.850000,5.250000,5.250000,124800
2015-01-30,5.150000,5.350000,4.950000,4.950000,4.950000,103300
2015-02-02,4.900000,5.100000,4.750000,4.850000,4.850000,133500
2015-02-03,5.050000,5.250000,4.750000,4.750000,4.750000,122800
2015-02-04,4.950000,5.150000,4.850000,5.100000,5.100000,46700
2015-02-05,4.900000,5.150000,4.900000,5.000000,5.000000,38000
2015-02-06,5.100000,5.100000,4.850000,4.950000,4.950000,40200
2015-02-09,4.850000,5.050000,4.800000,4.800000,4.800000,157900
2015-02-10,4.750000,4.950000,4.750000,4.800000,4.800000,98400
2015-02-11,4.850000,5.050000,4.800000,4.850000,4.850000,74400
2015-02-12,4.850000,5.100000,4.850000,5.000000,5.000000,54800
2015-02-13,5.100000,5.400000,5.100000,5.400000,5.400000,94400
2015-02-17,5.400000,5.400000,5.100000,5.350000,5.350000,48100
2015-02-18,5.150000,5.350000,5.000000,5.100000,5.100000,89000
2015-02-19,5.050000,5.250000,5.050000,5.100000,5.100000,1800
2015-02-20,5.100000,5.150000,5.000000,5.100000,5.100000,87300
2015-02-23,5.150000,5.200000,5.000000,5.050000,5.050000,80800
2015-02-24,5.000000,5.050000,4.950000,5.000000,5.000000,48700
2015-02-25,5.000000,5.100000,4.950000,5.050000,5.050000,29700
2015-02-26,5.000000,5.250000,5.000000,5.150000,5.150000,302400
2015-02-27,5.150000,6.100000,5.150000,5.350000,5.350000,464000
2015-03-02,5.600000,5.600000,5.300000,5.400000,5.400000,85800
2015-03-03,5.350000,5.600000,5.150000,5.250000,5.250000,64500
2015-03-04,5.400000,5.400000,5.000000,5.050000,5.050000,191400
2015-03-05,5.200000,5.250000,5.000000,5.050000,5.050000,93800
2015-03-06,5.000000,5.100000,5.000000,5.050000,5.050000,37700
2015-03-09,5.150000,5.150000,5.000000,5.000000,5.000000,74600
2015-03-10,5.000000,5.100000,4.950000,4.950000,4.950000,126600
2015-03-11,5.100000,5.300000,4.900000,5.100000,5.100000,73900
2015-03-12,5.150000,5.150000,4.950000,4.950000,4.950000,85900
2015-03-13,5.000000,5.050000,4.950000,4.950000,4.950000,92600
2015-03-16,5.000000,5.050000,4.950000,5.000000,5.000000,60000
2015-03-17,4.950000,5.050000,4.900000,4.950000,4.950000,44500
2015-03-18,5.000000,5.050000,4.900000,5.050000,5.050000,35400
2015-03-19,4.900000,5.050000,4.900000,4.950000,4.950000,5000
2015-03-20,5.050000,5.050000,4.750000,4.750000,4.750000,75400
2015-03-23,4.900000,5.000000,4.750000,4.950000,4.950000,63500
2015-03-24,4.950000,5.050000,4.850000,5.000000,5.000000,25100
2015-03-25,5.000000,5.000000,4.850000,4.900000,4.900000,29300
2015-03-26,4.900000,5.050000,4.800000,5.000000,5.000000,50000
2015-03-27,5.000000,5.000000,4.800000,4.850000,4.850000,103300
2015-03-30,4.900000,4.950000,4.800000,4.850000,4.850000,70200
2015-03-31,4.800000,4.950000,4.800000,4.850000,4.850000,67700
2015-04-01,4.900000,5.050000,4.850000,4.850000,4.850000,66500
2015-04-02,4.850000,4.950000,4.850000,4.850000,4.850000,51200
2015-04-06,4.950000,4.950000,4.800000,4.950000,4.950000,15600
2015-04-07,4.950000,5.000000,4.800000,4.900000,4.900000,118600
2015-04-08,4.950000,5.350000,4.800000,5.050000,5.050000,323900
2015-04-09,5.150000,5.750000,5.000000,5.200000,5.200000,331100
2015-04-10,5.250000,5.500000,5.000000,5.100000,5.100000,314700
2015-04-13,5.250000,5.400000,5.050000,5.150000,5.150000,114100
2015-04-14,5.150000,5.250000,5.100000,5.150000,5.150000,111700
2015-04-15,5.150000,5.150000,5.100000,5.100000,5.100000,18300
2015-04-16,5.100000,5.200000,5.000000,5.200000,5.200000,18900
2015-04-17,5.000000,5.150000,5.000000,5.000000,5.000000,81700
2015-04-20,4.950000,5.150000,4.850000,5.000000,5.000000,67600
2015-04-21,4.900000,5.050000,4.900000,4.900000,4.900000,34500
2015-04-22,4.900000,5.100000,4.800000,4.950000,4.950000,31100
2015-04-23,5.000000,5.200000,4.950000,5.200000,5.200000,121600
2015-04-24,5.200000,5.350000,5.050000,5.150000,5.150000,313600
2015-04-27,5.150000,5.550000,5.150000,5.250000,5.250000,524700
2015-04-28,5.250000,5.450000,5.200000,5.250000,5.250000,152000
2015-04-29,5.200000,6.000000,5.200000,5.750000,5.750000,1292800
2015-04-30,5.850000,5.950000,5.300000,5.450000,5.450000,513300
2015-05-01,5.500000,5.700000,5.250000,5.450000,5.450000,279400
2015-05-04,5.500000,5.750000,5.250000,5.650000,5.650000,224400
2015-05-05,5.500000,5.550000,5.200000,5.250000,5.250000,193200
2015-05-06,5.200000,5.300000,5.100000,5.200000,5.200000,215400
2015-05-07,5.050000,5.450000,5.050000,5.200000,5.200000,241100
2015-05-08,5.150000,5.400000,5.150000,5.150000,5.150000,199100
2015-05-11,5.150000,5.650000,5.150000,5.350000,5.350000,332300
2015-05-12,5.450000,5.750000,5.300000,5.650000,5.650000,82400
2015-05-13,5.400000,5.800000,5.400000,5.550000,5.550000,169800
2015-05-14,5.450000,6.200000,5.450000,6.150000,6.150000,383100
2015-05-15,6.000000,6.550000,6.000000,6.350000,6.350000,407200
2015-05-18,6.350000,6.550000,6.250000,6.350000,6.350000,150100
2015-05-19,6.400000,6.400000,5.900000,6.350000,6.350000,38700
2015-05-20,6.150000,6.300000,6.000000,6.250000,6.250000,95300
2015-05-21,6.150000,6.250000,6.000000,6.050000,6.050000,38300
2015-05-22,6.050000,6.250000,5.850000,6.050000,6.050000,166100
2015-05-26,5.900000,5.950000,5.750000,5.850000,5.850000,73900
2015-05-27,6.250000,6.250000,5.850000,5.950000,5.950000,147100
2015-05-28,6.050000,6.050000,5.600000,5.950000,5.950000,148000
2015-05-29,6.100000,6.100000,5.750000,5.850000,5.850000,39200
2015-06-01,5.850000,5.950000,5.500000,5.700000,5.700000,19700
2015-06-02,5.750000,6.000000,5.550000,5.750000,5.750000,86200
2015-06-03,5.600000,6.100000,5.600000,5.800000,5.800000,14500
2015-06-04,5.750000,5.950000,5.650000,5.650000,5.650000,29800
2015-06-05,5.700000,6.000000,5.650000,5.700000,5.700000,61700
2015-06-08,5.650000,5.950000,5.650000,5.750000,5.750000,158700
2015-06-09,5.900000,5.900000,5.650000,5.750000,5.750000,223100
2015-06-10,5.600000,5.900000,5.600000,5.650000,5.650000,84200
2015-06-11,5.750000,6.150000,5.650000,5.650000,5.650000,267300
2015-06-12,5.700000,6.200000,5.700000,5.900000,5.900000,388000
2015-06-15,5.800000,6.150000,5.800000,6.000000,6.000000,189200
2015-06-16,6.050000,7.050000,6.050000,6.500000,6.500000,1224800
2015-06-17,6.350000,7.400000,6.350000,6.500000,6.500000,831900
2015-06-18,6.550000,7.250000,6.500000,7.150000,7.150000,905700
2015-06-19,7.300000,7.600000,6.600000,6.750000,6.750000,1206000
2015-06-22,6.850000,6.950000,6.600000,6.800000,6.800000,267700
2015-06-23,6.900000,7.150000,6.550000,6.700000,6.700000,187000
2015-06-24,6.550000,7.500000,6.450000,7.150000,7.150000,1656000
2015-06-25,7.100000,7.400000,6.800000,6.900000,6.900000,195200
2015-06-26,6.750000,6.950000,6.450000,6.550000,6.550000,446800
2015-06-29,6.600000,6.600000,6.050000,6.050000,6.050000,214600
2015-06-30,6.200000,6.400000,6.100000,6.150000,6.150000,156200
2015-07-01,6.200000,6.350000,6.100000,6.100000,6.100000,60700
2015-07-02,6.100000,6.200000,6.050000,6.100000,6.100000,222100
2015-07-06,6.050000,6.100000,5.600000,5.600000,5.600000,578300
2015-07-07,5.650000,5.650000,4.700000,5.150000,5.150000,758300
2015-07-08,4.950000,5.150000,4.800000,5.000000,5.000000,465100
2015-07-09,5.250000,5.300000,5.000000,5.000000,5.000000,398900
2015-07-10,5.000000,5.100000,4.900000,5.000000,5.000000,276300
2015-07-13,5.200000,5.200000,4.850000,5.100000,5.100000,126900
2015-07-14,5.050000,5.400000,4.900000,5.200000,5.200000,280400
2015-07-15,5.150000,5.150000,4.800000,4.850000,4.850000,283600
2015-07-16,4.900000,5.100000,4.850000,4.850000,4.850000,107200
2015-07-17,4.950000,5.000000,4.350000,4.750000,4.750000,467900
2015-07-20,4.500000,4.700000,4.400000,4.500000,4.500000,115800
2015-07-21,4.600000,4.950000,4.600000,4.800000,4.800000,145100
2015-07-22,4.850000,5.150000,4.750000,5.000000,5.000000,395700
2015-07-23,5.100000,5.150000,4.750000,4.800000,4.800000,169500
2015-07-24,5.000000,5.000000,4.500000,4.600000,4.600000,108100
2015-07-27,4.450000,4.600000,4.300000,4.550000,4.550000,77600
2015-07-28,4.750000,5.200000,4.650000,5.150000,5.150000,496100
2015-07-29,5.100000,5.100000,4.850000,5.000000,5.000000,90900
2015-07-30,4.950000,4.950000,4.550000,4.850000,4.850000,83700
2015-07-31,4.750000,4.950000,4.650000,4.650000,4.650000,43100
2015-08-03,4.750000,4.800000,4.700000,4.700000,4.700000,25600
2015-08-04,4.950000,4.950000,4.650000,4.850000,4.850000,99500
2015-08-05,4.700000,4.850000,4.700000,4.850000,4.850000,63300
2015-08-06,4.700000,4.750000,4.650000,4.750000,4.750000,131800
2015-08-07,4.650000,4.950000,4.600000,4.800000,4.800000,70000
2015-08-10,4.750000,5.000000,4.700000,4.850000,4.850000,193900
2015-08-11,4.850000,4.950000,4.650000,4.950000,4.950000,148400
2015-08-12,4.650000,5.150000,4.650000,5.000000,5.000000,33300
2015-08-13,4.600000,4.900000,4.600000,4.600000,4.600000,79200
2015-08-14,4.650000,4.750000,4.600000,4.700000,4.700000,35900
2015-08-17,4.650000,4.750000,4.600000,4.600000,4.600000,8900
2015-08-18,4.650000,4.900000,4.650000,4.650000,4.650000,74100
2015-08-19,4.850000,4.950000,4.600000,4.600000,4.600000,101800
2015-08-20,4.650000,4.750000,4.250000,4.450000,4.450000,279300
2015-08-21,4.550000,4.600000,4.250000,4.350000,4.350000,136900
2015-08-24,4.250000,4.300000,2.500000,3.900000,3.900000,287500
2015-08-25,3.900000,4.300000,3.900000,4.000000,4.000000,77800
2015-08-26,4.200000,4.200000,3.750000,3.800000,3.800000,83400
2015-08-27,3.750000,4.300000,3.750000,4.200000,4.200000,242200
2015-08-28,4.200000,4.300000,3.900000,4.050000,4.050000,130600
2015-08-31,4.050000,4.250000,3.950000,4.250000,4.250000,85500
2015-09-01,4.100000,4.200000,3.900000,4.100000,4.100000,12900
2015-09-02,4.100000,4.200000,4.000000,4.000000,4.000000,5600
2015-09-03,4.200000,4.200000,3.700000,3.900000,3.900000,28600
2015-09-04,4.150000,4.150000,3.800000,3.950000,3.950000,26500
2015-09-08,4.050000,4.050000,3.900000,4.000000,4.000000,28600
2015-09-09,4.000000,4.100000,3.950000,3.950000,3.950000,73500
2015-09-10,3.950000,4.000000,3.700000,4.000000,4.000000,32700
2015-09-11,3.850000,4.000000,3.750000,3.750000,3.750000,6800
2015-09-14,3.950000,3.950000,3.700000,3.700000,3.700000,10800
2015-09-15,3.900000,3.950000,3.650000,3.700000,3.700000,32900
2015-09-16,3.750000,3.800000,3.550000,3.750000,3.750000,16200
2015-09-17,3.750000,3.750000,3.550000,3.700000,3.700000,18400
2015-09-18,3.550000,3.800000,3.550000,3.700000,3.700000,75400
2015-09-21,3.950000,3.950000,3.700000,3.850000,3.850000,15600
2015-09-22,3.950000,3.950000,3.650000,3.950000,3.950000,60200
2015-09-23,3.950000,4.100000,3.750000,4.100000,4.100000,61300
2015-09-24,3.800000,3.800000,2.850000,3.050000,3.050000,675100
2015-09-25,3.300000,3.300000,2.750000,2.800000,2.800000,161900
2015-09-28,2.850000,3.050000,2.650000,2.750000,2.750000,105900
2015-09-29,2.650000,2.800000,2.550000,2.600000,2.600000,170400
2015-09-30,2.550000,2.950000,2.500000,2.800000,2.800000,123500
2015-10-01,2.950000,3.000000,2.700000,2.750000,2.750000,21500
2015-10-02,2.800000,2.800000,2.550000,2.650000,2.650000,63300
2015-10-05,2.700000,3.100000,2.700000,3.000000,3.000000,14800
2015-10-06,3.000000,3.000000,2.950000,2.950000,2.950000,10600
2015-10-07,2.950000,3.150000,2.950000,3.050000,3.050000,15800
2015-10-08,3.100000,3.450000,3.000000,3.450000,3.450000,27800
2015-10-09,3.500000,3.550000,3.250000,3.500000,3.500000,45500
2015-10-12,3.600000,3.600000,3.350000,3.500000,3.500000,12800
2015-10-13,3.400000,3.550000,3.400000,3.500000,3.500000,6300
2015-10-14,3.500000,3.500000,3.250000,3.400000,3.400000,21300
2015-10-15,3.400000,3.800000,3.400000,3.700000,3.700000,27600
2015-10-16,3.750000,4.000000,3.700000,4.000000,4.000000,20200
2015-10-19,4.000000,4.100000,3.900000,4.100000,4.100000,16400
2015-10-20,4.200000,4.200000,3.900000,4.100000,4.100000,15800
2015-10-21,4.150000,4.150000,3.950000,3.950000,3.950000,8200
2015-10-22,4.150000,4.150000,3.950000,4.150000,4.150000,12300
2015-10-23,4.150000,4.150000,3.950000,4.150000,4.150000,11500
2015-10-26,4.050000,4.150000,4.050000,4.100000,4.100000,38800
2015-10-27,4.100000,4.150000,4.000000,4.000000,4.000000,24800
2015-10-28,4.000000,4.050000,3.750000,3.900000,3.900000,144000
2015-10-29,3.850000,3.850000,3.600000,3.650000,3.650000,116300
2015-10-30,3.700000,3.850000,3.650000,3.850000,3.850000,13500
2015-11-02,3.900000,3.950000,3.750000,3.800000,3.800000,15300
2015-11-03,3.800000,4.050000,3.800000,4.050000,4.050000,2700
2015-11-04,3.850000,4.050000,3.800000,3.950000,3.950000,144400
2015-11-05,3.950000,3.950000,3.750000,3.950000,3.950000,16600
2015-11-06,3.950000,4.100000,3.750000,3.950000,3.950000,25400
2015-11-09,3.750000,4.000000,3.750000,3.900000,3.900000,10400
2015-11-10,3.800000,4.000000,3.750000,3.750000,3.750000,9600
2015-11-11,3.950000,3.950000,3.750000,3.750000,3.750000,3600
2015-11-12,3.750000,3.800000,3.650000,3.700000,3.700000,7000
2015-11-13,3.750000,3.800000,3.500000,3.500000,3.500000,27700
2015-11-16,3.500000,3.600000,3.500000,3.500000,3.500000,13600
2015-11-17,3.500000,3.750000,3.500000,3.650000,3.650000,19900
2015-11-18,3.600000,3.650000,3.500000,3.550000,3.550000,11200
2015-11-19,3.500000,3.750000,3.100000,3.500000,3.500000,22900
2015-11-20,3.500000,3.600000,3.500000,3.550000,3.550000,14600
2015-11-23,3.450000,3.600000,3.400000,3.400000,3.400000,8300
2015-11-24,3.450000,3.800000,3.450000,3.800000,3.800000,25400
2015-11-25,3.450000,3.600000,3.350000,3.550000,3.550000,15300
2015-11-27,3.500000,3.750000,3.500000,3.500000,3.500000,2500
2015-11-30,3.550000,3.700000,3.500000,3.550000,3.550000,11800
2015-12-01,3.700000,4.250000,3.600000,3.850000,3.850000,126100
2015-12-02,3.850000,4.100000,3.750000,3.800000,3.800000,39700
2015-12-03,3.750000,3.850000,3.650000,3.700000,3.700000,12800
2015-12-04,3.650000,3.800000,3.600000,3.600000,3.600000,11300
2015-12-07,3.650000,3.800000,3.550000,3.650000,3.650000,9100
2015-12-08,3.750000,4.000000,3.550000,3.750000,3.750000,27400
2015-12-09,3.950000,4.100000,3.700000,4.000000,4.000000,33000
2015-12-10,4.000000,4.050000,3.750000,4.000000,4.000000,11500
2015-12-11,3.850000,4.100000,3.850000,3.850000,3.850000,7800
2015-12-14,4.000000,4.000000,3.800000,3.800000,3.800000,12300
2015-12-15,3.950000,4.000000,3.750000,3.900000,3.900000,17200
2015-12-16,4.050000,4.050000,3.850000,4.050000,4.050000,15300
2015-12-17,3.950000,4.000000,3.850000,3.900000,3.900000,13400
2015-12-18,3.800000,4.000000,3.800000,3.950000,3.950000,16000
2015-12-21,3.900000,4.000000,3.750000,3.850000,3.850000,126500
2015-12-22,3.800000,3.900000,3.600000,3.800000,3.800000,131000
2015-12-23,3.800000,4.000000,3.800000,3.900000,3.900000,20700
2015-12-24,3.900000,3.900000,3.750000,3.750000,3.750000,40800
2015-12-28,3.700000,3.850000,3.700000,3.750000,3.750000,85200
2015-12-29,3.750000,3.800000,3.600000,3.700000,3.700000,34400
2015-12-30,3.700000,3.800000,3.650000,3.750000,3.750000,21700
2015-12-31,3.650000,3.750000,3.650000,3.700000,3.700000,36200
2016-01-04,3.600000,3.650000,3.450000,3.550000,3.550000,72400
2016-01-05,3.650000,3.650000,3.650000,3.650000,3.650000,25200
2016-01-06,3.650000,3.650000,3.500000,3.650000,3.650000,60400
2016-01-07,3.550000,3.600000,3.400000,3.400000,3.400000,22700
2016-01-08,3.400000,3.650000,3.400000,3.550000,3.550000,10700
2016-01-11,3.700000,3.700000,3.350000,3.350000,3.350000,46100
2016-01-12,3.400000,3.400000,2.600000,2.850000,2.850000,31200
2016-01-13,2.850000,3.000000,2.650000,2.650000,2.650000,28000
2016-01-14,3.150000,3.150000,2.600000,2.700000,2.700000,7800
2016-01-15,2.750000,3.050000,2.750000,2.800000,2.800000,4400
2016-01-19,2.800000,3.150000,2.800000,3.000000,3.000000,43600
2016-01-20,3.000000,3.000000,2.800000,3.000000,3.000000,87600
2016-01-21,2.950000,3.250000,2.800000,3.250000,3.250000,41400
2016-01-22,3.100000,3.250000,2.950000,3.150000,3.150000,47500
2016-01-25,3.350000,3.750000,3.300000,3.300000,3.300000,113600
2016-01-26,3.550000,3.750000,3.400000,3.450000,3.450000,76700
2016-01-27,3.500000,3.700000,3.450000,3.700000,3.700000,4900
2016-01-28,3.700000,3.750000,3.450000,3.550000,3.550000,16100
2016-01-29,3.550000,3.750000,3.550000,3.750000,3.750000,10600
2016-02-01,3.750000,3.750000,3.550000,3.550000,3.550000,17800
2016-02-02,3.550000,3.650000,3.500000,3.650000,3.650000,22400
2016-02-03,3.750000,3.750000,3.400000,3.550000,3.550000,70400
2016-02-04,3.750000,3.750000,3.450000,3.550000,3.550000,18600
2016-02-05,3.700000,3.700000,3.500000,3.650000,3.650000,600
2016-02-08,3.500000,3.750000,3.500000,3.550000,3.550000,25800
2016-02-09,3.500000,3.600000,3.450000,3.500000,3.500000,28200
2016-02-10,3.700000,3.750000,3.400000,3.400000,3.400000,13500
2016-02-11,3.400000,3.650000,3.350000,3.550000,3.550000,9300
2016-02-12,3.500000,3.500000,2.650000,2.950000,2.950000,44100
2016-02-16,3.000000,3.250000,3.000000,3.250000,3.250000,68000
2016-02-17,3.300000,3.300000,3.000000,3.150000,3.150000,48900
2016-02-18,3.150000,3.300000,3.000000,3.250000,3.250000,46300
2016-02-19,3.200000,3.500000,3.150000,3.200000,3.200000,32100
2016-02-22,3.250000,3.600000,3.250000,3.350000,3.350000,66500
2016-02-23,3.300000,3.400000,3.300000,3.350000,3.350000,2100
2016-02-24,3.300000,3.400000,3.300000,3.400000,3.400000,37300
2016-02-25,3.600000,3.600000,3.200000,3.250000,3.250000,19100
2016-02-26,3.250000,3.300000,3.200000,3.250000,3.250000,2500
2016-02-29,3.300000,3.300000,3.000000,3.150000,3.150000,85900
2016-03-01,3.100000,3.700000,2.900000,2.960000,2.960000,28400
2016-03-02,2.960000,3.410000,2.850000,3.350000,3.350000,57800
2016-03-03,3.130000,4.270000,3.100000,4.110000,4.110000,139300
2016-03-04,4.120000,4.190000,3.800000,4.060000,4.060000,81400
2016-03-07,3.950000,4.000000,3.830000,4.000000,4.000000,31300
2016-03-08,3.920000,3.980000,3.920000,3.950000,3.950000,2700
2016-03-09,3.940000,4.310000,3.930000,4.270000,4.270000,58200
2016-03-10,4.250000,4.450000,3.960000,4.380000,4.380000,87400
2016-03-11,4.090000,4.620000,4.090000,4.400000,4.400000,63100
2016-03-14,4.400000,4.400000,4.120000,4.340000,4.340000,37700
2016-03-15,4.300000,4.300000,4.050000,4.060000,4.060000,26600
2016-03-16,4.060000,4.270000,3.900000,4.200000,4.200000,47800
2016-03-17,4.200000,4.340000,4.070000,4.230000,4.230000,44200
2016-03-18,4.270000,4.320000,4.130000,4.140000,4.140000,18400
2016-03-21,4.150000,4.440000,4.120000,4.260000,4.260000,95400
2016-03-22,4.280000,4.400000,4.170000,4.330000,4.330000,18200
2016-03-23,4.280000,4.340000,3.840000,4.070000,4.070000,47800
2016-03-24,4.000000,4.130000,3.800000,4.050000,4.050000,23400
2016-03-28,3.970000,4.180000,3.820000,4.060000,4.060000,29800
2016-03-29,4.040000,4.210000,4.020000,4.120000,4.120000,27000
2016-03-30,4.200000,4.210000,3.990000,4.180000,4.180000,32200
2016-03-31,4.180000,4.290000,4.110000,4.250000,4.250000,20200
2016-04-01,4.180000,4.350000,4.160000,4.290000,4.290000,4000
2016-04-04,4.240000,4.270000,4.060000,4.130000,4.130000,18500
2016-04-05,4.220000,4.380000,4.220000,4.330000,4.330000,15000
2016-04-06,4.320000,4.320000,4.220000,4.290000,4.290000,3000
2016-04-07,4.200000,4.350000,4.200000,4.200000,4.200000,11800
2016-04-08,4.350000,4.350000,4.130000,4.130000,4.130000,8400
2016-04-11,4.350000,4.350000,4.070000,4.150000,4.150000,49600
2016-04-12,4.220000,4.240000,4.030000,4.120000,4.120000,20000
2016-04-13,4.140000,4.290000,4.140000,4.270000,4.270000,11700
2016-04-14,4.070000,4.210000,4.070000,4.200000,4.200000,700
2016-04-15,4.080000,4.080000,4.060000,4.060000,4.060000,200
2016-04-18,4.080000,4.160000,4.030000,4.130000,4.130000,5200
2016-04-19,4.190000,4.190000,4.080000,4.120000,4.120000,3700
2016-04-20,4.130000,4.160000,4.030000,4.160000,4.160000,19000
2016-04-21,4.040000,4.160000,3.930000,4.150000,4.150000,20900
2016-04-22,4.050000,4.140000,4.050000,4.130000,4.130000,1300
2016-04-25,4.060000,4.150000,4.060000,4.140000,4.140000,1300
2016-04-26,4.130000,4.160000,4.050000,4.150000,4.150000,13800
2016-04-27,4.080000,4.170000,4.080000,4.110000,4.110000,1400
2016-04-28,4.170000,4.180000,4.070000,4.140000,4.140000,11400
2016-04-29,4.190000,4.190000,4.000000,4.010000,4.010000,12300
2016-05-02,4.000000,4.150000,4.000000,4.000000,4.000000,8100
2016-05-03,3.960000,3.960000,3.910000,3.930000,3.930000,3400
2016-05-04,3.960000,3.960000,3.520000,3.520000,3.520000,14300
2016-05-05,3.560000,3.900000,3.560000,3.830000,3.830000,15000
2016-05-06,3.850000,3.970000,3.730000,3.770000,3.770000,12700
2016-05-09,3.810000,3.810000,3.570000,3.720000,3.720000,14000
2016-05-10,3.830000,3.830000,3.520000,3.520000,3.520000,6000
2016-05-11,3.670000,3.670000,3.570000,3.600000,3.600000,9700
2016-05-12,3.590000,3.600000,2.960000,3.000000,3.000000,65100
2016-05-13,2.970000,3.250000,2.970000,3.100000,3.100000,25800
2016-05-16,3.000000,3.250000,2.830000,2.880000,2.880000,41300
2016-05-17,2.740000,2.980000,2.250000,2.390000,2.390000,131400
2016-05-18,2.400000,2.840000,2.400000,2.580000,2.580000,63500
2016-05-19,2.500000,2.580000,2.360000,2.360000,2.360000,7900
2016-05-20,2.340000,2.550000,2.030000,2.370000,2.370000,62700
2016-05-23,2.240000,2.460000,2.240000,2.420000,2.420000,20200
2016-05-24,2.360000,2.400000,2.010000,2.010000,2.010000,69200
2016-05-25,2.070000,2.290000,2.070000,2.270000,2.270000,35100
2016-05-26,2.270000,2.370000,2.200000,2.210000,2.210000,48200
2016-05-27,2.340000,2.340000,2.200000,2.240000,2.240000,18600
2016-05-31,2.250000,2.350000,2.200000,2.200000,2.200000,47100
2016-06-01,2.220000,2.280000,2.110000,2.170000,2.170000,11800
2016-06-02,2.190000,2.210000,2.110000,2.110000,2.110000,20300
2016-06-03,2.100000,2.240000,2.100000,2.190000,2.190000,27900
2016-06-06,2.190000,2.370000,2.100000,2.200000,2.200000,38100
2016-06-07,2.320000,2.460000,2.210000,2.250000,2.250000,50600
2016-06-08,2.250000,2.300000,2.110000,2.270000,2.270000,23600
2016-06-09,2.290000,2.320000,2.110000,2.190000,2.190000,23300
2016-06-10,2.160000,2.210000,2.110000,2.110000,2.110000,18500
2016-06-13,2.140000,2.140000,1.860000,1.940000,1.940000,82000
2016-06-14,1.920000,1.980000,1.770000,1.800000,1.800000,14300
2016-06-15,1.780000,1.880000,1.740000,1.740000,1.740000,10600
2016-06-16,1.750000,1.870000,1.750000,1.790000,1.790000,5400
2016-06-17,1.860000,1.860000,1.750000,1.760000,1.760000,8500
2016-06-20,1.780000,1.810000,1.720000,1.770000,1.770000,19700
2016-06-21,1.730000,1.870000,1.730000,1.860000,1.860000,33100
2016-06-22,1.850000,1.870000,1.750000,1.760000,1.760000,10700
2016-06-23,1.800000,1.860000,1.760000,1.830000,1.830000,16200
2016-06-24,1.750000,1.860000,1.720000,1.750000,1.750000,25800
2016-06-27,1.720000,1.720000,1.560000,1.610000,1.610000,29300
2016-06-28,1.620000,1.700000,1.600000,1.610000,1.610000,5900
2016-06-29,1.680000,1.680000,1.600000,1.600000,1.600000,5300
2016-06-30,1.690000,1.820000,1.610000,1.640000,1.640000,19100
2016-07-01,1.650000,1.870000,1.650000,1.770000,1.770000,20800
2016-07-05,1.790000,1.790000,1.660000,1.750000,1.750000,10000
2016-07-06,1.740000,1.750000,1.590000,1.630000,1.630000,19900
2016-07-07,1.680000,1.790000,1.670000,1.790000,1.790000,18400
2016-07-08,1.820000,1.910000,1.680000,1.770000,1.770000,22200
2016-07-11,1.980000,1.980000,1.640000,1.810000,1.810000,8900
2016-07-12,1.740000,1.830000,1.680000,1.700000,1.700000,4400
2016-07-13,1.710000,1.780000,1.660000,1.710000,1.710000,17800
2016-07-14,1.740000,1.990000,1.670000,1.810000,1.810000,90200
2016-07-15,1.800000,1.810000,1.650000,1.700000,1.700000,16500
2016-07-18,1.720000,1.780000,1.690000,1.780000,1.780000,15500
2016-07-19,1.790000,1.820000,1.770000,1.800000,1.800000,6600
2016-07-20,1.800000,1.830000,1.760000,1.790000,1.790000,3600
2016-07-21,1.880000,3.200000,1.810000,2.660000,2.660000,2600900
2016-07-22,2.930000,2.930000,2.370000,2.510000,2.510000,393100
2016-07-25,2.530000,2.600000,2.300000,2.550000,2.550000,124300
2016-07-26,2.560000,2.850000,2.220000,2.700000,2.700000,318300
2016-07-27,2.700000,2.700000,2.350000,2.380000,2.380000,82700
2016-07-28,2.360000,2.380000,2.210000,2.230000,2.230000,54500
2016-07-29,2.230000,2.240000,2.120000,2.180000,2.180000,18700
2016-08-01,2.160000,2.470000,2.160000,2.350000,2.350000,56200
2016-08-02,2.300000,2.390000,2.210000,2.250000,2.250000,46700
2016-08-03,2.190000,2.200000,2.100000,2.200000,2.200000,40600
2016-08-04,2.180000,2.320000,2.100000,2.190000,2.190000,52100
2016-08-05,2.420000,2.420000,2.200000,2.230000,2.230000,3700
2016-08-08,2.260000,2.350000,2.260000,2.270000,2.270000,5400
2016-08-09,2.180000,2.300000,2.180000,2.300000,2.300000,13000
2016-08-10,2.300000,2.390000,2.300000,2.340000,2.340000,35900
2016-08-11,2.380000,2.380000,2.240000,2.310000,2.310000,21200
2016-08-12,2.310000,2.550000,2.310000,2.400000,2.400000,145400
2016-08-15,2.360000,2.470000,2.330000,2.400000,2.400000,39900
2016-08-16,2.420000,2.460000,2.300000,2.440000,2.440000,9500
2016-08-17,2.430000,2.430000,2.330000,2.390000,2.390000,27900
2016-08-18,2.400000,2.440000,2.330000,2.420000,2.420000,18800
2016-08-19,2.470000,2.480000,2.300000,2.380000,2.380000,9300
2016-08-22,2.380000,2.430000,2.330000,2.370000,2.370000,25500
2016-08-23,2.540000,2.900000,2.390000,2.830000,2.830000,219600
2016-08-24,2.890000,3.600000,2.800000,2.950000,2.950000,683600
2016-08-25,2.820000,3.060000,2.780000,2.940000,2.940000,122400
2016-08-26,2.810000,2.980000,2.760000,2.870000,2.870000,26900
2016-08-29,2.790000,2.850000,2.620000,2.820000,2.820000,16600
2016-08-30,2.680000,2.840000,2.650000,2.820000,2.820000,14100
2016-08-31,2.830000,2.830000,2.710000,2.750000,2.750000,19400
2016-09-01,2.780000,2.960000,2.750000,2.800000,2.800000,9300
2016-09-02,2.650000,2.750000,2.650000,2.720000,2.720000,1200
2016-09-06,2.700000,2.840000,2.700000,2.820000,2.820000,60300
2016-09-07,2.710000,2.940000,2.700000,2.890000,2.890000,18600
2016-09-08,2.740000,2.850000,2.710000,2.800000,2.800000,32100
2016-09-09,2.810000,2.850000,2.690000,2.690000,2.690000,15700
2016-09-12,2.830000,2.830000,2.680000,2.800000,2.800000,3800
2016-09-13,2.850000,2.850000,2.700000,2.700000,2.700000,3500
2016-09-14,2.700000,2.760000,2.600000,2.660000,2.660000,82000
2016-09-15,2.680000,2.700000,2.640000,2.660000,2.660000,15300
2016-09-16,2.620000,2.650000,2.610000,2.640000,2.640000,5700
2016-09-19,2.610000,2.700000,2.610000,2.690000,2.690000,12000
2016-09-20,2.660000,2.790000,2.640000,2.790000,2.790000,6100
2016-09-21,2.700000,3.030000,2.690000,2.720000,2.720000,229200
2016-09-22,2.700000,2.860000,2.680000,2.710000,2.710000,33800
2016-09-23,2.710000,2.800000,2.650000,2.650000,2.650000,29100
2016-09-26,2.610000,2.620000,2.610000,2.620000,2.620000,700
2016-09-27,2.620000,2.700000,2.520000,2.700000,2.700000,21200
2016-09-28,2.560000,2.680000,2.400000,2.670000,2.670000,48400
2016-09-29,2.650000,2.670000,2.450000,2.660000,2.660000,126300
2016-09-30,2.500000,2.700000,2.500000,2.700000,2.700000,24100
2016-10-03,2.600000,2.660000,2.600000,2.610000,2.610000,7000
2016-10-04,2.530000,2.650000,2.510000,2.550000,2.550000,7300
2016-10-05,2.510000,2.560000,2.510000,2.550000,2.550000,21500
2016-10-06,2.520000,2.550000,2.510000,2.550000,2.550000,12800
2016-10-07,2.520000,2.650000,2.520000,2.550000,2.550000,29700
2016-10-10,2.570000,2.630000,2.550000,2.550000,2.550000,600
2016-10-11,2.520000,2.520000,2.500000,2.500000,2.500000,1800
2016-10-12,2.470000,2.470000,2.440000,2.460000,2.460000,1100
2016-10-13,2.470000,2.530000,2.430000,2.450000,2.450000,23500
2016-10-14,2.420000,2.500000,2.420000,2.430000,2.430000,5100
2016-10-17,2.430000,2.430000,2.240000,2.240000,2.240000,6100
2016-10-18,2.290000,2.370000,2.240000,2.370000,2.370000,15400
2016-10-19,2.330000,2.330000,2.330000,2.330000,2.330000,500
2016-10-20,2.300000,2.480000,2.250000,2.420000,2.420000,11300
2016-10-21,2.400000,2.400000,2.350000,2.400000,2.400000,4800
2016-10-24,2.460000,2.460000,2.300000,2.400000,2.400000,3600
2016-10-25,2.320000,2.340000,2.280000,2.340000,2.340000,3300
2016-10-26,2.450000,2.450000,2.320000,2.370000,2.370000,1200
2016-10-27,2.310000,2.470000,2.310000,2.470000,2.470000,9000
2016-10-28,2.340000,2.350000,2.310000,2.320000,2.320000,6800
2016-10-31,2.350000,2.370000,2.350000,2.370000,2.370000,8200
2016-11-01,2.370000,2.410000,2.370000,2.370000,2.370000,5500
2016-11-02,2.370000,2.370000,2.300000,2.360000,2.360000,3900
2016-11-03,2.360000,2.470000,2.300000,2.470000,2.470000,5100
2016-11-04,2.350000,2.350000,2.300000,2.340000,2.340000,4400
2016-11-07,2.470000,2.470000,2.470000,2.470000,2.470000,200
2016-11-08,2.390000,2.420000,2.250000,2.420000,2.420000,67200
2016-11-09,2.420000,2.450000,2.350000,2.380000,2.380000,78700
2016-11-10,2.240000,2.430000,2.240000,2.380000,2.380000,64800
2016-11-11,2.390000,2.390000,2.070000,2.180000,2.180000,47300
2016-11-14,2.300000,2.400000,2.100000,2.150000,2.150000,40600
2016-11-15,2.150000,2.200000,2.020000,2.100000,2.100000,27800
2016-11-16,2.110000,2.230000,2.090000,2.090000,2.090000,43100
2016-11-17,2.080000,2.730000,2.010000,2.050000,2.050000,680400
2016-11-18,2.160000,2.190000,2.040000,2.060000,2.060000,50800
2016-11-21,2.060000,2.180000,2.060000,2.070000,2.070000,11200
2016-11-22,2.070000,2.120000,2.070000,2.070000,2.070000,2800
2016-11-23,2.070000,2.190000,2.070000,2.100000,2.100000,16700
2016-11-25,2.170000,2.170000,2.110000,2.110000,2.110000,500
2016-11-28,2.150000,2.170000,2.090000,2.150000,2.150000,1700
2016-11-29,2.100000,2.150000,2.020000,2.040000,2.040000,44400
2016-11-30,2.070000,2.280000,2.040000,2.280000,2.280000,29500
2016-12-01,2.270000,2.270000,2.030000,2.090000,2.090000,29700
2016-12-02,2.130000,2.230000,2.060000,2.060000,2.060000,47600
2016-12-05,2.080000,2.080000,1.920000,1.980000,1.980000,99200
2016-12-06,2.100000,2.100000,1.950000,1.980000,1.980000,33800
2016-12-07,2.270000,2.270000,1.970000,1.970000,1.970000,21000
2016-12-08,1.980000,2.110000,1.910000,1.920000,1.920000,21500
2016-12-09,1.910000,2.070000,1.910000,1.930000,1.930000,2800
2016-12-12,1.910000,1.970000,1.910000,1.940000,1.940000,8600
2016-12-13,1.920000,2.000000,1.880000,1.950000,1.950000,25100
2016-12-14,1.940000,2.050000,1.880000,1.880000,1.880000,21100
2016-12-15,1.880000,1.900000,1.630000,1.760000,1.760000,86600
2016-12-16,1.690000,1.830000,1.690000,1.830000,1.830000,21800
2016-12-19,1.820000,1.820000,1.770000,1.780000,1.780000,29100
2016-12-20,1.780000,1.860000,1.780000,1.800000,1.800000,11800
2016-12-21,1.740000,1.760000,1.740000,1.740000,1.740000,14000
2016-12-22,1.740000,1.780000,1.700000,1.730000,1.730000,27700
2016-12-23,1.670000,1.710000,1.670000,1.670000,1.670000,3500
2016-12-27,1.670000,1.710000,1.580000,1.600000,1.600000,56200
2016-12-28,1.600000,1.990000,1.600000,1.990000,1.990000,128200
2016-12-29,1.890000,2.050000,1.850000,1.860000,1.860000,59500
2016-12-30,1.890000,1.920000,1.650000,1.850000,1.850000,37600
2017-01-03,1.850000,2.040000,1.780000,1.980000,1.980000,82500
2017-01-04,1.810000,2.000000,1.810000,2.000000,2.000000,38600
2017-01-05,1.950000,2.050000,1.900000,1.930000,1.930000,8300
2017-01-06,1.810000,2.000000,1.810000,1.910000,1.910000,35600
2017-01-09,2.040000,2.040000,1.940000,2.040000,2.040000,56100
2017-01-10,2.010000,2.010000,1.870000,1.870000,1.870000,4200
2017-01-11,2.040000,2.180000,1.820000,2.180000,2.180000,126700
2017-01-12,2.180000,2.370000,1.990000,2.000000,2.000000,134200
2017-01-13,2.040000,2.040000,1.940000,1.950000,1.950000,6800
2017-01-17,1.930000,2.000000,1.870000,1.940000,1.940000,27100
2017-01-18,1.960000,1.970000,1.860000,1.930000,1.930000,27300
2017-01-19,1.930000,2.290000,1.920000,2.070000,2.070000,51200
2017-01-20,2.080000,2.240000,1.960000,2.240000,2.240000,13200
2017-01-23,2.230000,2.350000,2.050000,2.050000,2.050000,53000
2017-01-24,2.060000,2.070000,2.050000,2.050000,2.050000,5300
2017-01-25,2.020000,2.080000,2.020000,2.020000,2.020000,1000
2017-01-26,2.030000,2.070000,1.940000,1.950000,1.950000,12900
2017-01-27,2.040000,2.040000,1.840000,1.880000,1.880000,86000
2017-01-30,1.900000,1.900000,1.780000,1.790000,1.790000,18100
2017-01-31,1.780000,2.020000,1.780000,1.840000,1.840000,123100
2017-02-01,1.810000,1.890000,1.810000,1.850000,1.850000,9600
2017-02-02,1.900000,1.900000,1.860000,1.890000,1.890000,6700
2017-02-03,1.860000,1.890000,1.860000,1.890000,1.890000,300
2017-02-06,1.890000,1.890000,1.890000,1.890000,1.890000,0
2017-02-07,1.850000,1.900000,1.800000,1.800000,1.800000,58400
2017-02-08,1.850000,1.850000,1.820000,1.840000,1.840000,22900
2017-02-09,1.810000,1.840000,1.810000,1.840000,1.840000,3500
2017-02-10,1.850000,1.880000,1.810000,1.860000,1.860000,20000
2017-02-13,1.840000,1.880000,1.830000,1.840000,1.840000,12400
2017-02-14,1.940000,1.940000,1.790000,1.870000,1.870000,30800
2017-02-15,1.850000,1.870000,1.820000,1.860000,1.860000,2400
2017-02-16,1.840000,1.840000,1.760000,1.780000,1.780000,19900
2017-02-17,1.780000,1.800000,1.760000,1.800000,1.800000,11400
2017-02-21,1.800000,1.800000,1.740000,1.780000,1.780000,32000
2017-02-22,1.800000,1.850000,1.780000,1.800000,1.800000,13400
2017-02-23,1.800000,1.800000,1.710000,1.730000,1.730000,38900
2017-02-24,1.710000,1.780000,1.700000,1.720000,1.720000,97600
2017-02-27,1.730000,1.740000,1.720000,1.740000,1.740000,5900
2017-02-28,1.830000,1.850000,1.750000,1.850000,1.850000,30500
2017-03-01,1.820000,1.910000,1.770000,1.840000,1.840000,41900
2017-03-02,1.770000,1.820000,1.710000,1.730000,1.730000,72500
2017-03-03,1.750000,1.820000,1.520000,1.590000,1.590000,199000
2017-03-06,1.540000,1.620000,1.540000,1.590000,1.590000,35100
2017-03-07,1.640000,1.640000,1.530000,1.580000,1.580000,20100
2017-03-08,1.450000,1.550000,1.450000,1.540000,1.540000,14000
2017-03-09,1.780000,1.780000,1.490000,1.610000,1.610000,46100
2017-03-10,1.720000,2.110000,1.570000,2.110000,2.110000,114600
2017-03-13,2.080000,2.100000,1.870000,2.000000,2.000000,31300
2017-03-14,2.000000,2.030000,1.900000,2.010000,2.010000,13300
2017-03-15,1.880000,1.880000,1.860000,1.860000,1.860000,400
2017-03-16,1.900000,2.040000,1.900000,2.000000,2.000000,55600
2017-03-17,2.040000,2.110000,2.000000,2.100000,2.100000,45100
2017-03-20,2.050000,2.060000,2.020000,2.020000,2.020000,2900
2017-03-21,2.000000,2.000000,1.840000,1.840000,1.840000,5100
2017-03-22,1.840000,1.860000,1.810000,1.830000,1.830000,10300
2017-03-23,1.840000,1.910000,1.810000,1.840000,1.840000,9500
2017-03-24,1.960000,1.960000,1.840000,1.860000,1.860000,2100
2017-03-27,2.080000,2.080000,1.890000,1.900000,1.900000,8800
2017-03-28,1.860000,1.950000,1.840000,1.940000,1.940000,23500
2017-03-29,1.980000,2.100000,1.830000,1.860000,1.860000,14100
2017-03-30,1.950000,2.050000,1.880000,2.040000,2.040000,34900
2017-03-31,2.040000,2.080000,1.900000,1.990000,1.990000,39900
2017-04-03,1.890000,1.990000,1.850000,1.940000,1.940000,46000
2017-04-04,1.930000,2.100000,1.850000,1.960000,1.960000,66000
2017-04-05,2.030000,2.040000,1.950000,2.000000,2.000000,40500
2017-04-06,2.000000,2.200000,2.000000,2.160000,2.160000,71400
2017-04-07,2.150000,2.330000,1.960000,1.970000,1.970000,278900
2017-04-10,2.030000,2.190000,2.000000,2.050000,2.050000,21800
2017-04-11,2.030000,2.050000,1.850000,1.910000,1.910000,110400
2017-04-12,3.100000,3.450000,2.620000,2.790000,2.790000,4066700
2017-04-13,2.540000,2.850000,2.370000,2.410000,2.410000,443100
2017-04-17,2.580000,2.580000,2.360000,2.440000,2.440000,69400
2017-04-18,2.350000,2.540000,2.350000,2.460000,2.460000,46700
2017-04-19,2.520000,2.540000,2.400000,2.490000,2.490000,48300
2017-04-20,2.460000,2.490000,2.410000,2.430000,2.430000,33600
2017-04-21,2.420000,2.520000,2.180000,2.220000,2.220000,79600
2017-04-24,2.210000,2.590000,2.140000,2.330000,2.330000,67200
2017-04-25,2.330000,2.400000,2.310000,2.360000,2.360000,96100
2017-04-26,2.370000,2.410000,2.300000,2.360000,2.360000,24400
2017-04-27,2.330000,2.380000,2.220000,2.320000,2.320000,34500
2017-04-28,2.410000,2.540000,2.330000,2.460000,2.460000,57500
2017-05-01,2.300000,2.490000,2.300000,2.440000,2.440000,80400
2017-05-02,2.440000,2.440000,2.300000,2.330000,2.330000,14200
2017-05-03,2.360000,2.530000,2.360000,2.400000,2.400000,8500
2017-05-04,2.420000,2.450000,2.400000,2.410000,2.410000,11500
2017-05-05,2.400000,2.420000,2.370000,2.410000,2.410000,25400
2017-05-08,2.380000,2.460000,2.370000,2.380000,2.380000,700
2017-05-09,2.480000,2.480000,2.410000,2.420000,2.420000,9600
2017-05-10,2.450000,2.460000,2.370000,2.380000,2.380000,6100
2017-05-11,2.360000,2.410000,2.360000,2.380000,2.380000,16900
2017-05-12,2.460000,2.460000,2.350000,2.380000,2.380000,9300
2017-05-15,2.330000,2.450000,2.330000,2.350000,2.350000,7700
2017-05-16,2.340000,2.450000,2.340000,2.390000,2.390000,31300
2017-05-17,2.440000,2.440000,2.310000,2.310000,2.310000,25600
2017-05-18,2.310000,2.310000,2.180000,2.200000,2.200000,10300
2017-05-19,2.180000,2.250000,2.180000,2.250000,2.250000,11600
2017-05-22,2.280000,2.280000,2.210000,2.270000,2.270000,5600
2017-05-23,2.250000,2.270000,2.230000,2.250000,2.250000,7500
2017-05-24,2.250000,2.300000,2.250000,2.250000,2.250000,3200
2017-05-25,2.250000,2.250000,2.180000,2.180000,2.180000,10800
2017-05-26,2.240000,2.350000,2.230000,2.230000,2.230000,47000
2017-05-30,2.250000,2.360000,2.190000,2.360000,2.360000,30900
2017-05-31,2.340000,2.390000,2.200000,2.260000,2.260000,128500
2017-06-01,2.400000,2.400000,2.260000,2.290000,2.290000,12400
2017-06-02,2.310000,2.310000,2.250000,2.260000,2.260000,6700
2017-06-05,2.270000,2.560000,2.260000,2.560000,2.560000,165200
2017-06-06,2.560000,2.800000,2.560000,2.620000,2.620000,86700
2017-06-07,2.770000,2.770000,2.590000,2.680000,2.680000,17300
2017-06-08,2.610000,2.730000,2.590000,2.710000,2.710000,24800
2017-06-09,2.750000,2.950000,2.680000,2.850000,2.850000,70600
2017-06-12,2.860000,3.300000,2.860000,3.300000,3.300000,217200
2017-06-13,3.390000,3.600000,3.220000,3.380000,3.380000,117600
2017-06-14,3.400000,3.540000,3.110000,3.330000,3.330000,69900
2017-06-15,3.320000,3.360000,3.120000,3.180000,3.180000,40800
2017-06-16,3.180000,3.220000,3.020000,3.080000,3.080000,27800
2017-06-19,3.050000,3.370000,3.050000,3.350000,3.350000,18700
2017-06-20,3.350000,3.490000,3.200000,3.200000,3.200000,29200
2017-06-21,3.230000,3.440000,3.230000,3.350000,3.350000,33200
2017-06-22,3.290000,3.330000,3.200000,3.310000,3.310000,11000
2017-06-23,3.280000,3.390000,3.240000,3.350000,3.350000,9800
2017-06-26,3.280000,3.320000,3.100000,3.120000,3.120000,10200
2017-06-27,3.210000,3.330000,3.150000,3.200000,3.200000,5100
2017-06-28,3.200000,3.280000,3.200000,3.210000,3.210000,10600
2017-06-29,3.170000,3.240000,2.790000,3.120000,3.120000,75000
2017-06-30,3.090000,3.260000,2.870000,2.950000,2.950000,83300
2017-07-03,2.830000,3.000000,2.830000,2.850000,2.850000,24000
2017-07-05,2.900000,2.980000,2.740000,2.960000,2.960000,46900
2017-07-06,2.990000,3.100000,2.850000,3.010000,3.010000,40800
2017-07-07,3.020000,3.100000,2.880000,2.890000,2.890000,96800
2017-07-10,2.910000,3.000000,2.860000,2.920000,2.920000,25700
2017-07-11,2.980000,3.020000,2.930000,2.990000,2.990000,40700
2017-07-12,2.990000,3.030000,2.900000,2.980000,2.980000,7100
2017-07-13,2.950000,2.950000,2.810000,2.810000,2.810000,5700
2017-07-14,2.860000,2.940000,2.780000,2.790000,2.790000,44000
2017-07-17,2.850000,2.980000,2.830000,2.860000,2.860000,46000
2017-07-18,2.970000,2.970000,2.820000,2.890000,2.890000,43200
2017-07-19,2.880000,2.940000,2.820000,2.820000,2.820000,1600
2017-07-20,2.820000,2.900000,2.820000,2.870000,2.870000,2000
2017-07-21,2.830000,2.830000,2.800000,2.800000,2.800000,2400
2017-07-24,2.820000,2.880000,2.760000,2.830000,2.830000,3900
2017-07-25,2.820000,2.820000,2.720000,2.730000,2.730000,9400
2017-07-26,2.820000,2.850000,2.730000,2.730000,2.730000,35000
2017-07-27,2.750000,2.760000,2.630000,2.630000,2.630000,40200
2017-07-28,2.700000,2.700000,2.610000,2.620000,2.620000,41500
2017-07-31,2.620000,2.710000,2.610000,2.680000,2.680000,20000
2017-08-01,2.660000,2.770000,2.620000,2.770000,2.770000,26500
2017-08-02,2.700000,2.710000,2.580000,2.590000,2.590000,90400
2017-08-03,2.600000,2.660000,2.510000,2.510000,2.510000,22900
2017-08-04,2.560000,2.610000,2.560000,2.610000,2.610000,6400
2017-08-07,2.630000,2.780000,2.630000,2.780000,2.780000,2100
2017-08-08,2.770000,2.780000,2.610000,2.620000,2.620000,6700
2017-08-09,2.570000,2.650000,2.520000,2.570000,2.570000,4500
2017-08-10,2.500000,2.600000,2.380000,2.380000,2.380000,30900
2017-08-11,2.390000,2.500000,2.390000,2.430000,2.430000,22800
2017-08-14,2.410000,2.540000,2.400000,2.480000,2.480000,32100
2017-08-15,2.620000,2.690000,2.390000,2.410000,2.410000,43100
2017-08-16,2.480000,2.650000,2.390000,2.580000,2.580000,48000
2017-08-17,2.650000,2.730000,2.400000,2.400000,2.400000,47800
2017-08-18,2.420000,2.660000,2.420000,2.520000,2.520000,43600
2017-08-21,2.510000,2.530000,2.490000,2.520000,2.520000,5900
2017-08-22,2.500000,2.680000,2.440000,2.680000,2.680000,2700
2017-08-23,2.660000,2.660000,2.260000,2.290000,2.290000,68800
2017-08-24,2.340000,2.510000,2.270000,2.400000,2.400000,57400
2017-08-25,2.400000,2.400000,2.300000,2.310000,2.310000,7700
2017-08-28,2.290000,2.390000,2.270000,2.390000,2.390000,7600
2017-08-29,2.330000,2.370000,2.300000,2.300000,2.300000,8600
2017-08-30,2.310000,2.380000,2.180000,2.360000,2.360000,40300
2017-08-31,2.360000,2.400000,2.320000,2.370000,2.370000,26100
2017-09-01,2.300000,2.390000,2.300000,2.390000,2.390000,2400
2017-09-05,2.390000,2.390000,2.350000,2.380000,2.380000,9400
2017-09-06,2.360000,2.380000,2.360000,2.370000,2.370000,4700
2017-09-07,2.330000,2.370000,2.300000,2.370000,2.370000,22200
2017-09-08,2.300000,2.390000,2.300000,2.390000,2.390000,6200
2017-09-11,2.380000,2.500000,2.340000,2.490000,2.490000,27400
2017-09-12,2.450000,2.450000,2.350000,2.430000,2.430000,27500
2017-09-13,2.400000,2.450000,2.310000,2.440000,2.440000,78500
2017-09-14,2.350000,2.390000,2.300000,2.300000,2.300000,26300
2017-09-15,2.390000,2.450000,2.220000,2.400000,2.400000,87600
2017-09-18,2.350000,2.490000,2.340000,2.400000,2.400000,39500
2017-09-19,2.450000,2.500000,2.450000,2.460000,2.460000,20100
2017-09-20,2.470000,2.500000,2.310000,2.500000,2.500000,24100
2017-09-21,2.480000,2.480000,2.400000,2.410000,2.410000,4400
2017-09-22,2.380000,2.470000,2.370000,2.470000,2.470000,12600
2017-09-25,2.440000,2.490000,2.290000,2.410000,2.410000,13300
2017-09-26,2.380000,2.390000,2.320000,2.350000,2.350000,59100
2017-09-27,2.330000,2.350000,2.290000,2.310000,2.310000,57200
2017-09-28,2.270000,2.270000,2.230000,2.270000,2.270000,5700
2017-09-29,2.270000,2.500000,2.270000,2.500000,2.500000,69800
2017-10-02,2.500000,2.500000,2.390000,2.440000,2.440000,8400
2017-10-03,2.270000,2.450000,2.270000,2.360000,2.360000,2900
2017-10-04,2.400000,2.460000,2.320000,2.460000,2.460000,5700
2017-10-05,2.450000,2.460000,2.330000,2.370000,2.370000,19700
2017-10-06,2.350000,2.550000,2.310000,2.330000,2.330000,157100
2017-10-09,2.420000,2.530000,2.330000,2.500000,2.500000,27100
2017-10-10,2.490000,2.490000,2.310000,2.340000,2.340000,47500
2017-10-11,2.350000,2.420000,2.250000,2.330000,2.330000,31300
2017-10-12,2.310000,2.420000,2.260000,2.280000,2.280000,31500
2017-10-13,2.350000,2.390000,2.280000,2.340000,2.340000,18800
2017-10-16,2.380000,2.450000,2.310000,2.310000,2.310000,20600
2017-10-17,2.270000,2.320000,2.270000,2.280000,2.280000,7100
2017-10-18,2.310000,2.330000,2.210000,2.240000,2.240000,37300
2017-10-19,2.280000,2.290000,2.250000,2.290000,2.290000,4600
2017-10-20,2.290000,2.340000,2.180000,2.340000,2.340000,28400
2017-10-23,2.320000,2.480000,2.280000,2.370000,2.370000,35600
2017-10-24,2.360000,2.360000,2.220000,2.250000,2.250000,6700
2017-10-25,2.230000,2.330000,2.150000,2.330000,2.330000,49900
2017-10-26,2.240000,2.290000,2.120000,2.160000,2.160000,4600
2017-10-27,2.180000,2.260000,2.100000,2.230000,2.230000,14200
2017-10-30,2.240000,2.240000,2.100000,2.160000,2.160000,10800
2017-10-31,2.160000,2.330000,2.160000,2.230000,2.230000,73900
2017-11-01,2.220000,2.240000,2.190000,2.210000,2.210000,1800
2017-11-02,2.190000,2.200000,2.170000,2.180000,2.180000,4600
2017-11-03,2.190000,2.200000,2.160000,2.190000,2.190000,14000
2017-11-06,2.190000,2.250000,2.190000,2.250000,2.250000,10100
2017-11-07,2.180000,2.180000,2.110000,2.130000,2.130000,45000
2017-11-08,2.130000,2.480000,2.060000,2.210000,2.210000,216800
2017-11-09,2.240000,2.500000,2.190000,2.270000,2.270000,72300
2017-11-10,2.210000,2.710000,2.150000,2.680000,2.680000,283700
2017-11-13,2.670000,2.690000,2.300000,2.300000,2.300000,102200
2017-11-14,2.360000,2.600000,2.340000,2.400000,2.400000,206900
2017-11-15,2.400000,2.650000,2.260000,2.470000,2.470000,156000
2017-11-16,2.500000,2.850000,2.500000,2.550000,2.550000,279200
2017-11-17,2.550000,2.730000,2.500000,2.560000,2.560000,82700
2017-11-20,2.580000,2.800000,2.510000,2.630000,2.630000,116100
2017-11-21,2.710000,2.790000,2.630000,2.690000,2.690000,31500
2017-11-22,2.760000,2.880000,2.700000,2.810000,2.810000,57400
2017-11-24,2.750000,2.880000,2.750000,2.770000,2.770000,27500
2017-11-27,2.940000,2.940000,2.790000,2.830000,2.830000,80600
2017-11-28,2.810000,3.120000,2.800000,3.010000,3.010000,186700
2017-11-29,3.000000,3.100000,2.900000,2.900000,2.900000,82000
2017-11-30,2.850000,2.980000,2.810000,2.870000,2.870000,23400
2017-12-01,2.880000,2.880000,2.590000,2.600000,2.600000,102400
2017-12-04,2.630000,2.680000,2.580000,2.650000,2.650000,30300
2017-12-05,2.590000,2.680000,2.560000,2.570000,2.570000,25800
2017-12-06,2.560000,2.590000,2.400000,2.400000,2.400000,25300
2017-12-07,2.400000,2.550000,2.370000,2.390000,2.390000,27600
2017-12-08,2.410000,2.560000,2.400000,2.400000,2.400000,12500
2017-12-11,2.400000,2.500000,2.400000,2.500000,2.500000,4900
2017-12-12,2.450000,2.590000,2.400000,2.430000,2.430000,14100
2017-12-13,2.500000,2.510000,2.410000,2.430000,2.430000,5900
2017-12-14,2.420000,2.480000,2.410000,2.410000,2.410000,700
2017-12-15,2.380000,2.460000,2.380000,2.430000,2.430000,7100
2017-12-18,2.500000,2.500000,2.420000,2.440000,2.440000,7000
2017-12-19,2.500000,2.590000,2.410000,2.440000,2.440000,22600
2017-12-20,2.500000,2.880000,2.490000,2.660000,2.660000,232800
2017-12-21,2.710000,2.730000,2.560000,2.610000,2.610000,50900
2017-12-22,2.620000,2.680000,2.580000,2.630000,2.630000,27600
2017-12-26,2.660000,2.750000,2.580000,2.730000,2.730000,31500
2017-12-27,2.730000,2.820000,2.660000,2.740000,2.740000,28900
2017-12-28,2.680000,2.740000,2.590000,2.600000,2.600000,22800
2017-12-29,2.590000,2.650000,2.560000,2.590000,2.590000,34200
2018-01-02,2.660000,2.770000,2.620000,2.620000,2.620000,49000
2018-01-03,2.690000,3.000000,2.650000,2.770000,2.770000,365700
2018-01-04,2.990000,2.990000,2.690000,2.770000,2.770000,56700
2018-01-05,2.850000,3.400000,2.850000,2.990000,2.990000,766300
2018-01-08,2.930000,3.100000,2.850000,2.890000,2.890000,76700
2018-01-09,2.890000,2.970000,2.620000,2.680000,2.680000,111500
2018-01-10,2.590000,2.720000,2.510000,2.720000,2.720000,31100
2018-01-11,2.620000,2.840000,2.610000,2.710000,2.710000,27400
2018-01-12,2.770000,2.770000,2.660000,2.770000,2.770000,26200
2018-01-16,2.570000,2.820000,2.570000,2.580000,2.580000,77600
2018-01-17,2.630000,2.630000,2.430000,2.520000,2.520000,65100
2018-01-18,2.550000,3.150000,2.550000,3.080000,3.080000,276300
2018-01-19,3.060000,3.060000,2.850000,3.000000,3.000000,79600
2018-01-22,3.000000,3.210000,2.940000,2.950000,2.950000,44900
2018-01-23,2.870000,3.050000,2.720000,2.720000,2.720000,95300
2018-01-24,2.750000,2.860000,2.660000,2.750000,2.750000,49800
2018-01-25,2.750000,2.980000,2.750000,2.810000,2.810000,20800
2018-01-26,2.850000,2.970000,2.710000,2.960000,2.960000,46600
2018-01-29,2.970000,2.980000,2.720000,2.900000,2.900000,42300
2018-01-30,2.780000,2.860000,2.720000,2.760000,2.760000,10800
2018-01-31,2.820000,2.850000,2.720000,2.760000,2.760000,29800
2018-02-01,2.890000,2.890000,2.730000,2.890000,2.890000,11300
2018-02-02,2.810000,2.810000,2.680000,2.700000,2.700000,24200
2018-02-05,2.680000,2.710000,2.590000,2.590000,2.590000,34500
2018-02-06,2.580000,2.740000,2.580000,2.580000,2.580000,30400
2018-02-07,2.650000,2.660000,2.570000,2.580000,2.580000,5300
2018-02-08,2.600000,2.650000,2.410000,2.510000,2.510000,69600
2018-02-09,2.490000,2.620000,2.390000,2.430000,2.430000,33200
2018-02-12,2.430000,2.630000,2.430000,2.580000,2.580000,38200
2018-02-13,2.600000,2.700000,2.450000,2.500000,2.500000,40200
2018-02-14,2.640000,2.680000,2.530000,2.570000,2.570000,18000
2018-02-15,2.580000,2.580000,2.510000,2.510000,2.510000,13700
2018-02-16,2.550000,2.550000,2.500000,2.510000,2.510000,1000
2018-02-20,2.430000,2.520000,2.410000,2.430000,2.430000,13800
2018-02-21,2.470000,2.500000,2.450000,2.450000,2.450000,6900
2018-02-22,2.450000,2.500000,2.450000,2.480000,2.480000,3000
2018-02-23,2.570000,2.570000,2.480000,2.500000,2.500000,3200
2018-02-26,2.480000,2.490000,2.480000,2.480000,2.480000,900
2018-02-27,2.480000,2.500000,2.430000,2.500000,2.500000,11000
2018-02-28,2.570000,2.580000,2.440000,2.440000,2.440000,2400
2018-03-01,2.440000,2.500000,2.320000,2.330000,2.330000,22500
2018-03-02,2.320000,2.400000,2.260000,2.400000,2.400000,4100
2018-03-05,2.360000,2.480000,2.280000,2.480000,2.480000,9500
2018-03-06,2.450000,2.450000,2.350000,2.350000,2.350000,600
2018-03-07,2.350000,2.490000,2.350000,2.490000,2.490000,1000
2018-03-08,2.480000,2.480000,2.340000,2.340000,2.340000,700
2018-03-09,2.360000,2.420000,2.290000,2.310000,2.310000,12200
2018-03-12,2.280000,2.470000,2.280000,2.430000,2.430000,10600
2018-03-13,2.430000,2.470000,2.290000,2.440000,2.440000,16400
2018-03-14,2.430000,2.430000,2.180000,2.220000,2.220000,47900
2018-03-15,2.220000,2.300000,2.220000,2.240000,2.240000,21000
2018-03-16,2.200000,2.260000,2.200000,2.240000,2.240000,15400
2018-03-19,2.250000,2.250000,2.130000,2.130000,2.130000,48000
2018-03-20,2.190000,2.330000,2.130000,2.260000,2.260000,14700
2018-03-21,2.260000,2.340000,2.200000,2.200000,2.200000,10100
2018-03-22,2.200000,2.280000,2.200000,2.200000,2.200000,7500
2018-03-23,2.210000,2.230000,2.150000,2.230000,2.230000,3900
2018-03-26,2.230000,2.340000,2.130000,2.340000,2.340000,12000
2018-03-27,2.260000,2.260000,2.170000,2.180000,2.180000,3000
2018-03-28,2.160000,2.180000,2.130000,2.180000,2.180000,11400
2018-03-29,2.170000,2.190000,2.130000,2.130000,2.130000,3700
2018-04-02,2.140000,2.170000,2.110000,2.110000,2.110000,12100
2018-04-03,2.120000,2.120000,2.080000,2.100000,2.100000,17200
2018-04-04,2.090000,2.100000,2.080000,2.100000,2.100000,2600
2018-04-05,2.100000,2.350000,2.100000,2.190000,2.190000,54600
2018-04-06,2.230000,2.230000,2.120000,2.180000,2.180000,7800
2018-04-09,2.160000,2.220000,2.140000,2.220000,2.220000,5100
2018-04-10,2.170000,2.470000,2.170000,2.330000,2.330000,90100
2018-04-11,2.340000,2.450000,2.270000,2.390000,2.390000,54100
2018-04-12,2.410000,2.410000,2.260000,2.260000,2.260000,1500
2018-04-13,2.340000,2.340000,2.280000,2.320000,2.320000,5000
2018-04-16,2.310000,2.430000,2.240000,2.420000,2.420000,34700
2018-04-17,2.420000,2.420000,2.270000,2.270000,2.270000,2900
2018-04-18,2.260000,2.360000,2.250000,2.250000,2.250000,2800
2018-04-19,2.230000,2.270000,2.160000,2.170000,2.170000,24800
2018-04-20,2.180000,2.250000,2.180000,2.250000,2.250000,10900
2018-04-23,2.250000,2.280000,2.180000,2.180000,2.180000,2100
2018-04-24,2.210000,2.400000,2.210000,2.400000,2.400000,2400
2018-04-25,2.380000,2.380000,2.220000,2.220000,2.220000,1900
2018-04-26,2.330000,2.340000,2.250000,2.280000,2.280000,2000
2018-04-27,2.240000,2.240000,2.120000,2.160000,2.160000,11100
2018-04-30,2.160000,2.160000,2.020000,2.040000,2.040000,37400
2018-05-01,2.030000,2.060000,2.030000,2.050000,2.050000,6700
2018-05-02,2.050000,2.110000,2.040000,2.040000,2.040000,4300
2018-05-03,2.100000,2.190000,2.060000,2.070000,2.070000,13700
2018-05-04,2.070000,2.180000,2.070000,2.130000,2.130000,1600
2018-05-07,2.200000,2.200000,2.060000,2.180000,2.180000,12300
2018-05-08,2.120000,2.250000,2.120000,2.150000,2.150000,10300
2018-05-09,2.120000,2.230000,2.080000,2.230000,2.230000,15600
2018-05-10,2.150000,2.180000,2.110000,2.110000,2.110000,1400
2018-05-11,2.180000,2.190000,2.120000,2.120000,2.120000,3800
2018-05-14,2.140000,2.150000,2.140000,2.140000,2.140000,400
2018-05-15,2.140000,2.140000,2.140000,2.140000,2.140000,2200
2018-05-16,2.140000,2.150000,2.070000,2.120000,2.120000,7600
2018-05-17,2.120000,2.120000,2.120000,2.120000,2.120000,0
2018-05-18,2.090000,2.140000,1.750000,2.050000,2.050000,33200
2018-05-21,2.080000,2.080000,1.870000,2.000000,2.000000,33900
2018-05-22,2.000000,2.010000,1.950000,2.010000,2.010000,1900
2018-05-23,1.910000,2.000000,1.910000,2.000000,2.000000,4100
2018-05-24,2.010000,2.120000,2.010000,2.010000,2.010000,600
2018-05-25,2.010000,2.020000,2.010000,2.020000,2.020000,8100
2018-05-29,1.990000,1.990000,1.960000,1.970000,1.970000,1300
2018-05-30,2.010000,2.010000,1.940000,1.940000,1.940000,200
2018-05-31,2.000000,2.020000,1.960000,2.020000,2.020000,9900
2018-06-01,2.010000,2.340000,1.930000,2.000000,2.000000,452500
2018-06-04,2.010000,2.080000,2.000000,2.010000,2.010000,8200
2018-06-05,1.940000,1.950000,1.800000,1.850000,1.850000,13100
2018-06-06,1.870000,1.930000,1.870000,1.910000,1.910000,11200
2018-06-07,1.910000,1.940000,1.870000,1.930000,1.930000,5900
2018-06-08,1.990000,1.990000,1.820000,1.880000,1.880000,11100
2018-06-11,1.900000,1.960000,1.900000,1.960000,1.960000,1000
2018-06-12,1.820000,1.880000,1.820000,1.880000,1.880000,5000
2018-06-13,1.890000,1.890000,1.880000,1.880000,1.880000,1600
2018-06-14,1.830000,1.920000,1.810000,1.920000,1.920000,11500
2018-06-15,1.920000,1.920000,1.920000,1.920000,1.920000,0
2018-06-18,1.940000,1.940000,1.850000,1.860000,1.860000,3600
2018-06-19,1.840000,1.890000,1.840000,1.890000,1.890000,400
2018-06-20,1.930000,2.010000,1.810000,1.840000,1.840000,15100
2018-06-21,1.960000,1.960000,1.960000,1.960000,1.960000,100
2018-06-22,1.880000,1.880000,1.880000,1.880000,1.880000,1000
2018-06-25,1.840000,1.900000,1.840000,1.900000,1.900000,600
2018-06-26,1.830000,2.000000,1.820000,1.930000,1.930000,36100
2018-06-27,1.830000,1.850000,1.820000,1.820000,1.820000,5700
2018-06-28,1.800000,1.910000,1.800000,1.830000,1.830000,6800
2018-06-29,1.780000,1.900000,1.780000,1.870000,1.870000,8400
