Date,Open,High,Low,Close,Adj Close,Volume
2013-01-02,9.100000,9.110000,8.810000,9.000000,9.000000,29000
2013-01-03,8.890000,9.080000,8.520000,8.950000,8.950000,51200
2013-01-04,9.000000,9.060000,8.950000,8.980000,8.980000,42500
2013-01-07,8.880000,9.000000,8.730000,8.990000,8.990000,26300
2013-01-08,9.010000,9.220000,8.830000,9.150000,9.150000,55000
2013-01-09,9.110000,9.420000,9.110000,9.280000,9.280000,37900
2013-01-10,9.360000,9.390000,9.240000,9.240000,9.240000,41300
2013-01-11,9.260000,9.360000,9.100000,9.300000,9.300000,38300
2013-01-14,9.320000,9.440000,9.280000,9.280000,9.280000,236000
2013-01-15,9.250000,9.790000,9.250000,9.750000,9.750000,463700
2013-01-16,9.710000,9.810000,9.640000,9.750000,9.750000,97100
2013-01-17,9.780000,9.780000,9.530000,9.680000,9.680000,45100
2013-01-18,9.680000,9.760000,9.590000,9.700000,9.700000,56800
2013-01-22,9.710000,10.210000,9.710000,10.140000,10.140000,93300
2013-01-23,10.180000,10.970000,10.170000,10.500000,10.500000,92100
2013-01-24,10.470000,10.870000,10.440000,10.490000,10.490000,112900
2013-01-25,10.500000,10.500000,10.350000,10.500000,10.500000,39200
2013-01-28,10.530000,10.590000,10.370000,10.420000,10.420000,72400
2013-01-29,10.460000,10.970000,10.460000,10.940000,10.940000,91900
2013-01-30,10.930000,10.930000,10.660000,10.890000,10.890000,19400
2013-01-31,9.770000,11.340000,9.740000,11.000000,11.000000,58900
2013-02-01,11.020000,11.150000,10.920000,11.010000,11.010000,47200
2013-02-04,11.040000,11.040000,10.850000,10.890000,10.890000,41000
2013-02-05,10.880000,11.140000,10.850000,11.070000,11.070000,57800
2013-02-06,11.050000,11.180000,10.970000,11.010000,11.010000,30700
2013-02-07,11.040000,11.040000,10.540000,10.980000,10.980000,82900
2013-02-08,11.020000,11.190000,10.880000,11.170000,11.170000,53200
2013-02-11,11.200000,11.600000,11.030000,11.350000,11.350000,80800
2013-02-12,11.600000,12.400000,11.600000,12.100000,12.100000,1109000
2013-02-13,12.210000,12.400000,11.570000,12.350000,12.350000,318600
2013-02-14,12.020000,12.240000,11.560000,11.840000,11.840000,287200
2013-02-15,11.870000,11.980000,11.340000,11.590000,11.590000,287200
2013-02-19,11.590000,12.870000,11.570000,12.700000,12.700000,421600
2013-02-20,12.830000,13.160000,12.710000,12.900000,12.900000,382000
2013-02-21,12.900000,12.910000,12.470000,12.810000,12.810000,201200
2013-02-22,12.830000,13.130000,12.440000,12.990000,12.990000,252900
2013-02-25,12.950000,13.250000,12.710000,12.750000,12.750000,78700
2013-02-26,12.810000,12.830000,12.100000,12.370000,12.370000,117100
2013-02-27,12.360000,12.970000,12.360000,12.760000,12.760000,105400
2013-02-28,12.790000,13.040000,12.790000,12.900000,12.900000,116400
2013-03-01,12.010000,12.830000,12.000000,12.740000,12.740000,98200
2013-03-04,12.810000,13.240000,12.810000,13.030000,13.030000,174400
2013-03-05,12.950000,13.160000,12.480000,12.640000,12.640000,96700
2013-03-06,12.600000,12.860000,12.520000,12.740000,12.740000,99900
2013-03-07,12.780000,12.850000,12.480000,12.520000,12.520000,93000
2013-03-08,12.560000,12.780000,12.350000,12.400000,12.400000,158900
2013-03-11,12.400000,12.490000,12.240000,12.410000,12.410000,70300
2013-03-12,12.440000,12.780000,12.260000,12.430000,12.430000,100900
2013-03-13,12.510000,13.000000,12.360000,13.000000,13.000000,80000
2013-03-14,13.000000,13.050000,12.650000,12.740000,12.740000,52500
2013-03-15,12.390000,12.670000,12.060000,12.220000,12.220000,128800
2013-03-18,12.200000,12.700000,12.050000,12.390000,12.390000,37500
2013-03-19,12.420000,12.570000,12.160000,12.560000,12.560000,51100
2013-03-20,12.600000,13.000000,12.500000,12.890000,12.890000,56400
2013-03-21,12.770000,12.960000,12.600000,12.610000,12.610000,32100
2013-03-22,12.650000,12.750000,12.210000,12.250000,12.250000,43000
2013-03-25,12.290000,12.490000,12.250000,12.420000,12.420000,43200
2013-03-26,12.420000,12.980000,12.300000,12.750000,12.750000,82000
2013-03-27,12.780000,12.780000,12.470000,12.710000,12.710000,19300
2013-03-28,12.040000,13.050000,12.040000,13.000000,13.000000,77500
2013-04-01,13.000000,13.100000,12.790000,13.060000,13.060000,69000
2013-04-02,13.100000,14.140000,13.060000,13.700000,13.700000,251900
2013-04-03,13.730000,13.860000,13.040000,13.340000,13.340000,135100
2013-04-04,13.310000,13.470000,13.310000,13.380000,13.380000,99200
2013-04-05,13.240000,13.410000,13.150000,13.220000,13.220000,96100
2013-04-08,13.290000,13.330000,13.040000,13.100000,13.100000,89300
2013-04-09,13.170000,13.260000,13.000000,13.100000,13.100000,64500
2013-04-10,13.120000,13.200000,12.930000,13.120000,13.120000,49600
2013-04-11,13.090000,13.200000,12.870000,12.900000,12.900000,28100
2013-04-12,12.910000,13.000000,12.310000,12.480000,12.480000,55900
2013-04-15,12.370000,12.470000,11.470000,11.700000,11.700000,136200
2013-04-16,11.700000,12.230000,11.700000,12.130000,12.130000,115100
2013-04-17,12.030000,12.040000,11.600000,11.680000,11.680000,47200
2013-04-18,11.600000,11.600000,10.930000,11.020000,11.020000,108100
2013-04-19,11.030000,11.260000,10.470000,11.150000,11.150000,178200
2013-04-22,11.360000,11.360000,10.990000,11.090000,11.090000,134300
2013-04-23,11.080000,11.480000,10.770000,10.960000,10.960000,98900
2013-04-24,10.910000,11.240000,10.910000,11.110000,11.110000,76200
2013-04-25,11.130000,11.410000,11.010000,11.050000,11.050000,56700
2013-04-26,11.010000,11.110000,10.860000,10.900000,10.900000,66500
2013-04-29,10.980000,11.150000,10.960000,11.010000,11.010000,61000
2013-04-30,10.930000,11.160000,10.860000,11.110000,11.110000,77100
2013-05-01,11.150000,11.220000,10.850000,10.900000,10.900000,42800
2013-05-02,10.880000,12.190000,10.880000,11.700000,11.700000,100500
2013-05-03,11.830000,11.960000,11.610000,11.740000,11.740000,122600
2013-05-06,11.770000,11.900000,11.110000,11.230000,11.230000,131000
2013-05-07,9.000000,9.190000,8.560000,8.860000,8.860000,1520700
2013-05-08,8.750000,9.260000,8.740000,9.140000,9.140000,301500
2013-05-09,9.160000,9.510000,9.150000,9.470000,9.470000,192100
2013-05-10,9.470000,9.630000,9.400000,9.600000,9.600000,147400
2013-05-13,9.480000,9.770000,9.470000,9.700000,9.700000,100100
2013-05-14,9.700000,9.900000,9.610000,9.770000,9.770000,139300
2013-05-15,9.790000,10.250000,9.720000,10.150000,10.150000,189700
2013-05-16,10.160000,10.300000,9.140000,9.220000,9.220000,368600
2013-05-17,9.260000,9.600000,9.170000,9.200000,9.200000,151700
2013-05-20,9.090000,9.340000,9.030000,9.130000,9.130000,85700
2013-05-21,9.100000,9.150000,8.950000,9.060000,9.060000,146100
2013-05-22,9.180000,9.450000,9.000000,9.080000,9.080000,113500
2013-05-23,9.000000,9.520000,8.960000,9.480000,9.480000,115900
2013-05-24,9.430000,9.730000,9.330000,9.610000,9.610000,50000
2013-05-28,9.670000,9.900000,9.410000,9.600000,9.600000,110500
2013-05-29,9.540000,9.600000,9.380000,9.380000,9.380000,26200
2013-05-30,9.450000,9.650000,9.210000,9.260000,9.260000,91900
2013-05-31,9.280000,9.480000,9.190000,9.410000,9.410000,44700
2013-06-03,9.410000,9.410000,9.000000,9.150000,9.150000,90300
2013-06-04,9.100000,9.250000,8.910000,8.960000,8.960000,65400
2013-06-05,8.940000,9.130000,8.820000,8.950000,8.950000,40700
2013-06-06,8.980000,9.040000,8.810000,8.940000,8.940000,46800
2013-06-07,9.070000,9.100000,8.850000,8.970000,8.970000,76400
2013-06-10,9.190000,9.260000,8.810000,8.910000,8.910000,53500
2013-06-11,8.900000,9.110000,8.820000,9.030000,9.030000,53900
2013-06-12,9.050000,9.230000,8.680000,8.840000,8.840000,46300
2013-06-13,8.820000,9.260000,8.700000,9.110000,9.110000,133300
2013-06-14,9.050000,9.110000,8.970000,9.060000,9.060000,65300
2013-06-17,9.070000,9.200000,9.030000,9.140000,9.140000,135000
2013-06-18,9.100000,9.170000,8.920000,9.090000,9.090000,156800
2013-06-19,9.040000,9.070000,8.820000,8.850000,8.850000,91600
2013-06-20,8.790000,8.870000,8.570000,8.620000,8.620000,78200
2013-06-21,8.600000,8.740000,8.290000,8.640000,8.640000,753700
2013-06-24,8.560000,8.820000,8.250000,8.800000,8.800000,117900
2013-06-25,8.860000,8.880000,8.770000,8.840000,8.840000,62300
2013-06-26,8.880000,9.000000,8.690000,8.820000,8.820000,97000
2013-06-27,8.840000,8.870000,8.640000,8.730000,8.730000,129600
2013-06-28,8.740000,8.990000,8.450000,8.800000,8.800000,1892300
2013-07-01,8.840000,8.910000,8.670000,8.900000,8.900000,170800
2013-07-02,8.920000,9.230000,8.920000,9.150000,9.150000,102500
2013-07-03,9.100000,9.240000,9.100000,9.170000,9.170000,16000
2013-07-05,9.240000,9.370000,9.150000,9.350000,9.350000,70400
2013-07-08,9.380000,9.560000,9.380000,9.450000,9.450000,67500
2013-07-09,9.510000,9.550000,9.420000,9.470000,9.470000,57700
2013-07-10,9.430000,9.550000,9.270000,9.550000,9.550000,77200
2013-07-11,9.600000,9.700000,9.370000,9.610000,9.610000,67000
2013-07-12,9.610000,9.700000,9.350000,9.590000,9.590000,52100
2013-07-15,9.630000,9.730000,9.430000,9.480000,9.480000,73800
2013-07-16,9.460000,9.680000,9.440000,9.550000,9.550000,56100
2013-07-17,9.590000,9.720000,9.290000,9.420000,9.420000,35000
2013-07-18,9.420000,9.670000,9.120000,9.400000,9.400000,62500
2013-07-19,9.340000,9.500000,9.310000,9.390000,9.390000,36400
2013-07-22,9.350000,9.700000,9.350000,9.660000,9.660000,83900
2013-07-23,9.650000,9.720000,9.610000,9.640000,9.640000,136700
2013-07-24,9.640000,9.750000,9.440000,9.460000,9.460000,64100
2013-07-25,9.460000,9.690000,9.420000,9.670000,9.670000,78400
2013-07-26,9.610000,9.650000,9.320000,9.630000,9.630000,45400
2013-07-29,9.630000,9.660000,9.440000,9.520000,9.520000,73600
2013-07-30,9.510000,9.510000,9.320000,9.400000,9.400000,26500
2013-07-31,9.400000,9.650000,9.400000,9.550000,9.550000,323200
2013-08-01,9.660000,10.200000,9.660000,10.180000,10.180000,79700
2013-08-02,10.130000,10.260000,9.870000,9.990000,9.990000,55700
2013-08-05,9.990000,10.260000,9.970000,10.050000,10.050000,97800
2013-08-06,9.740000,9.800000,9.060000,9.160000,9.160000,804100
2013-08-07,9.140000,9.200000,8.870000,9.070000,9.070000,215300
2013-08-08,9.050000,9.250000,9.040000,9.080000,9.080000,210600
2013-08-09,9.090000,9.240000,9.000000,9.010000,9.010000,91900
2013-08-12,9.000000,9.390000,9.000000,9.290000,9.290000,159800
2013-08-13,9.500000,9.940000,9.360000,9.650000,9.650000,180400
2013-08-14,9.700000,9.750000,9.340000,9.420000,9.420000,107500
2013-08-15,9.320000,9.570000,9.270000,9.480000,9.480000,76700
2013-08-16,9.430000,9.780000,9.430000,9.630000,9.630000,101100
2013-08-19,9.570000,9.830000,9.400000,9.430000,9.430000,72500
2013-08-20,9.420000,9.540000,9.400000,9.500000,9.500000,78500
2013-08-21,9.430000,9.530000,9.280000,9.310000,9.310000,81300
2013-08-22,9.350000,9.520000,9.290000,9.450000,9.450000,44200
2013-08-23,9.450000,9.520000,9.300000,9.490000,9.490000,61500
2013-08-26,9.490000,9.520000,9.320000,9.400000,9.400000,105800
2013-08-27,9.300000,9.500000,9.180000,9.230000,9.230000,77700
2013-08-28,9.220000,9.500000,9.200000,9.370000,9.370000,82200
2013-08-29,9.330000,9.590000,9.330000,9.490000,9.490000,142100
2013-08-30,9.480000,9.520000,9.260000,9.350000,9.350000,117400
2013-09-03,9.410000,9.510000,9.380000,9.490000,9.490000,69500
2013-09-04,9.470000,9.580000,9.450000,9.570000,9.570000,129800
2013-09-05,9.560000,9.750000,9.560000,9.600000,9.600000,61000
2013-09-06,9.630000,9.720000,9.550000,9.650000,9.650000,77000
2013-09-09,9.700000,9.960000,9.680000,9.940000,9.940000,125400
2013-09-10,9.920000,9.990000,9.770000,9.900000,9.900000,123700
2013-09-11,9.860000,9.920000,9.620000,9.780000,9.780000,290100
2013-09-12,9.760000,9.880000,9.720000,9.770000,9.770000,105600
2013-09-13,9.740000,9.870000,9.650000,9.750000,9.750000,88400
2013-09-16,9.870000,9.870000,9.660000,9.690000,9.690000,173400
2013-09-17,9.700000,9.900000,9.630000,9.670000,9.670000,134200
2013-09-18,9.680000,9.730000,9.430000,9.580000,9.580000,90700
2013-09-19,9.620000,9.630000,9.220000,9.270000,9.270000,66100
2013-09-20,9.300000,9.310000,9.120000,9.160000,9.160000,66600
2013-09-23,9.160000,9.160000,8.760000,8.890000,8.890000,67600
2013-09-24,8.890000,9.050000,8.790000,9.000000,9.000000,56600
2013-09-25,9.020000,9.150000,8.870000,9.010000,9.010000,52700
2013-09-26,9.050000,9.050000,8.890000,9.020000,9.020000,54600
2013-09-27,8.990000,9.070000,8.930000,8.970000,8.970000,18800
2013-09-30,8.890000,9.050000,8.850000,8.900000,8.900000,62300
2013-10-01,8.920000,9.090000,8.870000,9.070000,9.070000,37100
2013-10-02,9.000000,9.120000,8.980000,9.090000,9.090000,49900
2013-10-03,9.050000,9.050000,8.780000,8.910000,8.910000,32400
2013-10-04,8.880000,8.980000,8.840000,8.930000,8.930000,27500
2013-10-07,8.900000,9.090000,8.770000,9.050000,9.050000,41700
2013-10-08,9.040000,9.100000,8.850000,8.950000,8.950000,92100
2013-10-09,9.000000,9.060000,8.950000,8.980000,8.980000,45600
2013-10-10,9.090000,9.100000,8.970000,9.000000,9.000000,42400
2013-10-11,8.950000,9.310000,8.950000,9.070000,9.070000,41600
2013-10-14,9.000000,9.150000,8.980000,9.040000,9.040000,102900
2013-10-15,9.040000,9.070000,8.970000,8.980000,8.980000,105900
2013-10-16,9.070000,9.410000,9.070000,9.370000,9.370000,24400
2013-10-17,9.340000,9.590000,9.310000,9.550000,9.550000,34800
2013-10-18,9.640000,10.430000,9.580000,10.240000,10.240000,145500
2013-10-21,10.270000,10.270000,10.130000,10.170000,10.170000,49000
2013-10-22,10.120000,10.190000,10.090000,10.090000,10.090000,34800
2013-10-23,10.050000,10.180000,9.680000,10.120000,10.120000,44500
2013-10-24,10.140000,10.200000,10.060000,10.140000,10.140000,35700
2013-10-25,10.180000,10.230000,10.120000,10.210000,10.210000,36900
2013-10-28,10.200000,10.360000,10.150000,10.310000,10.310000,40400
2013-10-29,10.310000,10.610000,10.100000,10.560000,10.560000,32200
2013-10-30,10.550000,10.550000,10.350000,10.370000,10.370000,47100
2013-10-31,10.340000,10.340000,10.020000,10.050000,10.050000,83800
2013-11-01,10.030000,10.030000,9.760000,9.830000,9.830000,80500
2013-11-04,9.840000,9.950000,9.660000,9.870000,9.870000,70200
2013-11-05,8.650000,8.890000,8.360000,8.650000,8.650000,550900
2013-11-06,8.720000,8.920000,8.550000,8.600000,8.600000,133700
2013-11-07,8.590000,8.710000,8.410000,8.490000,8.490000,240400
2013-11-08,8.480000,8.600000,8.300000,8.450000,8.450000,107000
2013-11-11,8.470000,8.600000,8.360000,8.390000,8.390000,105800
2013-11-12,8.400000,8.590000,8.270000,8.490000,8.490000,161500
2013-11-13,8.460000,9.050000,8.400000,9.000000,9.000000,523900
2013-11-14,9.020000,9.330000,9.020000,9.270000,9.270000,87900
2013-11-15,9.250000,9.480000,9.250000,9.290000,9.290000,77900
2013-11-18,9.280000,9.410000,9.220000,9.290000,9.290000,43500
2013-11-19,9.270000,9.430000,9.200000,9.320000,9.320000,42900
2013-11-20,9.350000,9.620000,9.310000,9.440000,9.440000,77100
2013-11-21,9.490000,9.800000,9.350000,9.610000,9.610000,74800
2013-11-22,9.640000,9.770000,9.590000,9.640000,9.640000,42500
2013-11-25,9.640000,9.640000,9.370000,9.390000,9.390000,38000
2013-11-26,9.260000,9.340000,9.100000,9.150000,9.150000,36100
2013-11-27,9.200000,9.460000,9.090000,9.430000,9.430000,46300
2013-11-29,9.500000,9.500000,9.370000,9.450000,9.450000,12800
2013-12-02,9.470000,9.510000,9.160000,9.250000,9.250000,27600
2013-12-03,9.180000,9.410000,9.150000,9.230000,9.230000,58500
2013-12-04,9.240000,9.240000,8.820000,8.860000,8.860000,98800
2013-12-05,8.850000,8.930000,8.730000,8.780000,8.780000,34100
2013-12-06,8.850000,9.090000,8.750000,9.050000,9.050000,102600
2013-12-09,9.030000,9.030000,8.860000,8.920000,8.920000,25600
2013-12-10,8.940000,9.050000,8.770000,8.880000,8.880000,48200
2013-12-11,8.840000,8.860000,8.480000,8.550000,8.550000,29600
2013-12-12,8.580000,8.650000,8.490000,8.560000,8.560000,19900
2013-12-13,8.600000,8.700000,8.570000,8.640000,8.640000,35900
2013-12-16,8.720000,9.500000,8.720000,9.500000,9.500000,292900
2013-12-17,9.510000,9.570000,9.200000,9.510000,9.510000,241100
2013-12-18,9.550000,9.620000,9.470000,9.550000,9.550000,72500
2013-12-19,9.420000,10.000000,9.420000,9.650000,9.650000,117800
2013-12-20,9.640000,10.130000,9.640000,10.020000,10.020000,145500
2013-12-23,10.090000,10.150000,9.850000,10.010000,10.010000,49100
2013-12-24,10.040000,10.530000,10.040000,10.480000,10.480000,47300
2013-12-26,10.480000,10.540000,10.240000,10.270000,10.270000,36900
2013-12-27,10.310000,10.310000,9.940000,10.150000,10.150000,39500
2013-12-30,10.110000,10.170000,9.950000,10.080000,10.080000,27800
2013-12-31,10.100000,10.200000,10.020000,10.180000,10.180000,29200
2014-01-02,10.100000,10.270000,9.900000,10.200000,10.200000,35700
2014-01-03,10.200000,10.420000,10.020000,10.320000,10.320000,40600
2014-01-06,10.350000,10.430000,10.260000,10.330000,10.330000,26700
2014-01-07,10.340000,10.360000,10.120000,10.240000,10.240000,53200
2014-01-08,10.200000,10.200000,9.980000,10.010000,10.010000,34800
2014-01-09,10.050000,10.050000,9.840000,9.880000,9.880000,27600
2014-01-10,9.920000,10.100000,9.590000,10.070000,10.070000,51700
2014-01-13,10.010000,10.030000,9.660000,9.750000,9.750000,48600
2014-01-14,9.750000,9.790000,9.670000,9.740000,9.740000,74000
2014-01-15,9.730000,9.820000,9.590000,9.720000,9.720000,37400
2014-01-16,9.720000,9.750000,9.500000,9.610000,9.610000,52000
2014-01-17,9.550000,9.650000,9.470000,9.500000,9.500000,125500
2014-01-21,9.530000,9.530000,9.410000,9.450000,9.450000,136100
2014-01-22,9.420000,9.550000,9.410000,9.440000,9.440000,49000
2014-01-23,9.440000,9.490000,9.310000,9.440000,9.440000,29800
2014-01-24,9.360000,9.430000,9.280000,9.380000,9.380000,46400
2014-01-27,9.370000,9.500000,9.300000,9.330000,9.330000,35800
2014-01-28,9.350000,9.540000,9.260000,9.490000,9.490000,73500
2014-01-29,9.490000,9.490000,9.350000,9.380000,9.380000,48300
2014-01-30,9.490000,9.770000,9.380000,9.630000,9.630000,66600
2014-01-31,9.460000,9.650000,9.390000,9.500000,9.500000,52500
2014-02-03,9.410000,9.410000,8.950000,9.000000,9.000000,108200
2014-02-04,9.070000,9.120000,8.940000,9.020000,9.020000,70700
2014-02-05,8.940000,9.050000,8.800000,9.010000,9.010000,63100
2014-02-06,9.010000,9.090000,8.950000,9.020000,9.020000,61600
2014-02-07,9.020000,9.180000,8.900000,9.110000,9.110000,195200
2014-02-10,9.150000,9.340000,9.030000,9.070000,9.070000,79000
2014-02-11,8.920000,9.240000,8.920000,9.210000,9.210000,85200
2014-02-12,9.610000,10.190000,9.510000,10.000000,10.000000,433100
2014-02-13,9.880000,10.270000,9.770000,10.100000,10.100000,129300
2014-02-14,10.110000,10.230000,9.860000,10.080000,10.080000,59500
2014-02-18,10.030000,10.420000,10.030000,10.300000,10.300000,94900
2014-02-19,10.230000,10.400000,10.130000,10.330000,10.330000,68500
2014-02-20,10.260000,10.610000,10.260000,10.580000,10.580000,65100
2014-02-21,10.610000,10.880000,10.540000,10.840000,10.840000,136400
2014-02-24,10.910000,11.100000,10.830000,11.050000,11.050000,151000
2014-02-25,11.020000,11.080000,10.860000,10.950000,10.950000,141100
2014-02-26,10.900000,11.080000,10.900000,10.960000,10.960000,99000
2014-02-27,10.890000,11.050000,10.840000,10.970000,10.970000,80700
2014-02-28,10.910000,11.000000,10.670000,10.700000,10.700000,81300
2014-03-03,10.570000,10.860000,10.190000,10.800000,10.800000,161700
2014-03-04,10.860000,11.000000,10.690000,10.930000,10.930000,137900
2014-03-05,10.890000,10.950000,10.800000,10.840000,10.840000,70200
2014-03-06,10.830000,10.870000,10.540000,10.660000,10.660000,54600
2014-03-07,10.650000,10.650000,10.280000,10.330000,10.330000,64200
2014-03-10,10.390000,10.410000,10.260000,10.410000,10.410000,31000
2014-03-11,10.360000,10.610000,10.150000,10.360000,10.360000,51100
2014-03-12,10.270000,10.290000,10.010000,10.080000,10.080000,56100
2014-03-13,10.080000,10.250000,9.850000,10.200000,10.200000,107600
2014-03-14,10.200000,10.830000,10.200000,10.380000,10.380000,43700
2014-03-17,10.390000,10.800000,10.390000,10.770000,10.770000,78700
2014-03-18,10.740000,11.050000,10.740000,11.020000,11.020000,129000
2014-03-19,11.000000,11.200000,10.950000,11.130000,11.130000,104700
2014-03-20,11.150000,11.250000,11.050000,11.150000,11.150000,48800
2014-03-21,11.150000,11.220000,10.850000,10.900000,10.900000,63500
2014-03-24,10.890000,10.890000,10.580000,10.740000,10.740000,53100
2014-03-25,10.810000,10.990000,10.700000,10.950000,10.950000,77600
2014-03-26,11.040000,11.270000,11.000000,11.240000,11.240000,122000
2014-03-27,11.240000,11.240000,11.010000,11.070000,11.070000,73100
2014-03-28,11.050000,11.170000,10.940000,11.050000,11.050000,50700
2014-03-31,11.080000,11.320000,11.000000,11.190000,11.190000,80200
2014-04-01,11.280000,11.530000,11.240000,11.500000,11.500000,79300
2014-04-02,11.500000,11.710000,11.430000,11.680000,11.680000,49500
2014-04-03,11.650000,11.800000,11.620000,11.730000,11.730000,73300
2014-04-04,11.750000,11.820000,11.340000,11.500000,11.500000,90500
2014-04-07,11.460000,11.480000,11.140000,11.290000,11.290000,88000
2014-04-08,11.260000,11.490000,11.230000,11.410000,11.410000,114100
2014-04-09,11.440000,11.440000,11.180000,11.300000,11.300000,75900
2014-04-10,11.280000,11.380000,10.730000,10.830000,10.830000,96800
2014-04-11,10.720000,11.000000,10.720000,10.950000,10.950000,45400
2014-04-14,11.080000,11.140000,10.940000,11.050000,11.050000,88900
2014-04-15,11.270000,11.270000,10.900000,11.050000,11.050000,68400
2014-04-16,11.100000,11.100000,10.940000,11.010000,11.010000,40600
2014-04-17,10.960000,11.000000,10.690000,10.790000,10.790000,78300
2014-04-21,10.750000,10.790000,10.570000,10.730000,10.730000,57100
2014-04-22,10.640000,10.870000,10.640000,10.820000,10.820000,41500
2014-04-23,10.840000,10.840000,10.380000,10.420000,10.420000,113500
2014-04-24,10.520000,10.520000,10.330000,10.510000,10.510000,44600
2014-04-25,10.430000,10.440000,10.250000,10.320000,10.320000,60300
2014-04-28,10.440000,10.440000,9.990000,10.200000,10.200000,80500
2014-04-29,10.280000,10.580000,10.160000,10.190000,10.190000,58200
2014-04-30,10.150000,10.330000,9.880000,10.310000,10.310000,133100
2014-05-01,10.270000,10.340000,10.120000,10.260000,10.260000,132700
2014-05-02,10.310000,10.310000,10.110000,10.180000,10.180000,40300
2014-05-05,10.070000,10.330000,10.070000,10.230000,10.230000,106800
2014-05-06,10.150000,10.270000,9.890000,9.900000,9.900000,60800
2014-05-07,9.940000,9.940000,9.640000,9.770000,9.770000,80900
2014-05-08,9.800000,10.050000,9.770000,9.780000,9.780000,216600
2014-05-09,8.060000,10.310000,8.060000,10.290000,10.290000,235300
2014-05-12,10.300000,10.760000,10.090000,10.700000,10.700000,121100
2014-05-13,10.600000,10.640000,10.340000,10.360000,10.360000,133700
2014-05-14,10.360000,10.380000,9.960000,9.960000,9.960000,122500
2014-05-15,9.870000,10.000000,9.690000,9.840000,9.840000,126600
2014-05-16,9.810000,9.870000,9.550000,9.820000,9.820000,122000
2014-05-19,9.800000,10.000000,9.650000,9.740000,9.740000,88200
2014-05-20,9.690000,9.890000,9.550000,9.690000,9.690000,126700
2014-05-21,9.730000,9.850000,9.560000,9.620000,9.620000,97800
2014-05-22,9.740000,9.910000,9.650000,9.790000,9.790000,157100
2014-05-23,9.820000,9.820000,9.590000,9.730000,9.730000,47800
2014-05-27,9.810000,10.000000,9.750000,9.990000,9.990000,47400
2014-05-28,9.940000,10.160000,9.870000,9.920000,9.920000,40000
2014-05-29,9.930000,10.000000,9.870000,9.920000,9.920000,55900
2014-05-30,9.900000,10.120000,9.800000,9.870000,9.870000,50100
2014-06-02,9.920000,9.920000,9.650000,9.670000,9.670000,66400
2014-06-03,9.590000,9.740000,9.330000,9.390000,9.390000,108100
2014-06-04,9.320000,9.690000,9.320000,9.680000,9.680000,167300
2014-06-05,9.610000,9.850000,9.370000,9.670000,9.670000,68300
2014-06-06,9.760000,9.790000,9.440000,9.530000,9.530000,76200
2014-06-09,9.370000,9.760000,9.370000,9.660000,9.660000,61200
2014-06-10,9.660000,9.660000,9.480000,9.550000,9.550000,40300
2014-06-11,9.500000,9.650000,9.430000,9.500000,9.500000,58300
2014-06-12,9.510000,9.550000,9.440000,9.480000,9.480000,87800
2014-06-13,9.480000,9.480000,9.300000,9.400000,9.400000,59500
2014-06-16,9.420000,9.480000,9.290000,9.360000,9.360000,72300
2014-06-17,9.280000,9.480000,9.280000,9.360000,9.360000,72900
2014-06-18,9.390000,9.390000,9.210000,9.310000,9.310000,117400
2014-06-19,9.370000,9.400000,9.200000,9.250000,9.250000,43800
2014-06-20,9.310000,9.360000,9.150000,9.340000,9.340000,123200
2014-06-23,9.390000,9.540000,9.230000,9.370000,9.370000,103500
2014-06-24,9.360000,9.700000,9.310000,9.350000,9.350000,81000
2014-06-25,9.300000,9.620000,9.300000,9.610000,9.610000,65400
2014-06-26,9.670000,9.780000,9.480000,9.570000,9.570000,71400
2014-06-27,9.480000,10.380000,9.420000,10.250000,10.250000,2052700
2014-06-30,10.170000,10.540000,9.780000,10.390000,10.390000,256800
2014-07-01,10.460000,10.890000,10.460000,10.680000,10.680000,147500
2014-07-02,10.680000,10.830000,10.610000,10.750000,10.750000,74700
2014-07-03,10.750000,10.820000,10.660000,10.690000,10.690000,31300
2014-07-07,10.670000,10.680000,10.200000,10.290000,10.290000,73100
2014-07-08,10.280000,10.300000,10.060000,10.150000,10.150000,38500
2014-07-09,10.160000,10.320000,10.000000,10.140000,10.140000,26000
2014-07-10,9.960000,10.170000,9.840000,10.040000,10.040000,62000
2014-07-11,9.940000,10.160000,9.930000,9.940000,9.940000,21800
2014-07-14,10.040000,10.040000,9.790000,9.950000,9.950000,37000
2014-07-15,9.950000,10.000000,9.780000,9.870000,9.870000,42100
2014-07-16,9.940000,9.950000,9.720000,9.850000,9.850000,40300
2014-07-17,9.710000,9.880000,9.690000,9.690000,9.690000,66500
2014-07-18,9.720000,9.940000,9.690000,9.940000,9.940000,40200
2014-07-21,9.840000,9.970000,9.720000,9.910000,9.910000,63500
2014-07-22,9.940000,10.230000,9.630000,9.950000,9.950000,93100
2014-07-23,9.930000,10.050000,9.910000,10.020000,10.020000,22800
2014-07-24,10.020000,10.080000,9.450000,10.070000,10.070000,51400
2014-07-25,9.980000,10.030000,9.870000,9.970000,9.970000,24200
2014-07-28,9.980000,10.070000,9.820000,10.030000,10.030000,55600
2014-07-29,10.030000,10.030000,9.670000,9.920000,9.920000,45000
2014-07-30,10.020000,10.220000,9.930000,10.050000,10.050000,29700
2014-07-31,9.920000,9.940000,9.680000,9.850000,9.850000,35500
2014-08-01,9.730000,9.880000,9.410000,9.490000,9.490000,58400
2014-08-04,9.470000,9.900000,9.470000,9.710000,9.710000,40100
2014-08-05,8.800000,9.500000,8.800000,9.270000,9.270000,118100
2014-08-06,9.280000,9.500000,9.120000,9.340000,9.340000,62600
2014-08-07,9.220000,9.630000,9.220000,9.370000,9.370000,62100
2014-08-08,9.060000,9.410000,9.060000,9.320000,9.320000,74200
2014-08-11,9.330000,9.570000,9.270000,9.490000,9.490000,57400
2014-08-12,9.600000,9.730000,9.500000,9.630000,9.630000,51600
2014-08-13,9.620000,9.710000,9.540000,9.660000,9.660000,31600
2014-08-14,9.710000,9.980000,9.640000,9.880000,9.880000,102600
2014-08-15,9.940000,9.940000,9.420000,9.790000,9.790000,57100
2014-08-18,9.630000,9.820000,9.260000,9.700000,9.700000,19000
2014-08-19,9.750000,9.910000,9.640000,9.790000,9.790000,23500
2014-08-20,9.770000,9.790000,9.520000,9.730000,9.730000,36100
2014-08-21,9.700000,9.720000,9.600000,9.690000,9.690000,15200
2014-08-22,9.650000,9.650000,9.400000,9.600000,9.600000,36000
2014-08-25,9.600000,9.670000,9.200000,9.480000,9.480000,11700
2014-08-26,9.450000,9.670000,9.390000,9.560000,9.560000,38900
2014-08-27,9.560000,9.670000,9.550000,9.650000,9.650000,53800
2014-08-28,9.580000,9.700000,9.550000,9.650000,9.650000,43200
2014-08-29,9.620000,9.770000,9.580000,9.700000,9.700000,14900
2014-09-02,9.700000,9.920000,9.700000,9.840000,9.840000,22600
2014-09-03,9.840000,9.980000,9.840000,9.910000,9.910000,31100
2014-09-04,9.890000,9.940000,9.800000,9.890000,9.890000,21800
2014-09-05,9.840000,9.980000,9.770000,9.860000,9.860000,18400
2014-09-08,9.860000,10.200000,9.850000,10.130000,10.130000,46200
2014-09-09,10.130000,10.180000,9.980000,10.100000,10.100000,34000
2014-09-10,10.100000,10.160000,10.070000,10.160000,10.160000,19800
2014-09-11,10.120000,10.250000,10.060000,10.200000,10.200000,43500
2014-09-12,10.090000,10.230000,10.050000,10.230000,10.230000,38900
2014-09-15,10.150000,10.190000,9.890000,10.050000,10.050000,99700
2014-09-16,9.990000,10.240000,9.900000,10.180000,10.180000,30000
2014-09-17,10.390000,10.390000,9.850000,10.040000,10.040000,136100
2014-09-18,9.850000,10.250000,9.850000,10.200000,10.200000,18800
2014-09-19,10.190000,10.440000,10.050000,10.440000,10.440000,52100
2014-09-22,10.350000,10.500000,10.200000,10.310000,10.310000,20500
2014-09-23,10.350000,10.350000,10.070000,10.110000,10.110000,22600
2014-09-24,10.130000,10.250000,10.100000,10.170000,10.170000,15700
2014-09-25,10.100000,10.160000,9.990000,10.010000,10.010000,36000
2014-09-26,10.060000,10.140000,9.980000,10.060000,10.060000,49300
2014-09-29,10.030000,10.310000,9.990000,10.260000,10.260000,13700
2014-09-30,10.210000,10.280000,10.030000,10.100000,10.100000,21400
2014-10-01,10.200000,10.200000,9.990000,10.050000,10.050000,29900
2014-10-02,10.030000,10.130000,10.010000,10.100000,10.100000,10900
2014-10-03,10.110000,10.280000,10.080000,10.130000,10.130000,14900
2014-10-06,10.040000,10.300000,9.920000,10.210000,10.210000,28800
2014-10-07,10.080000,10.170000,10.010000,10.060000,10.060000,29100
2014-10-08,9.970000,10.060000,9.970000,10.030000,10.030000,32700
2014-10-09,9.990000,10.840000,9.910000,10.120000,10.120000,66100
2014-10-10,10.070000,10.480000,10.070000,10.420000,10.420000,58800
2014-10-13,10.440000,10.490000,10.260000,10.310000,10.310000,11700
2014-10-14,10.390000,10.390000,9.990000,10.040000,10.040000,35800
2014-10-15,9.640000,10.210000,9.640000,10.160000,10.160000,21800
2014-10-16,10.000000,10.210000,9.900000,9.950000,9.950000,27900
2014-10-17,10.030000,10.160000,9.940000,10.080000,10.080000,5800
2014-10-20,10.140000,10.140000,9.960000,9.980000,9.980000,5000
2014-10-21,10.040000,10.040000,9.910000,9.920000,9.920000,20000
2014-10-22,9.790000,9.820000,9.660000,9.660000,9.660000,6400
2014-10-23,9.780000,9.870000,9.510000,9.850000,9.850000,33400
2014-10-24,9.750000,10.040000,9.750000,10.030000,10.030000,29000
2014-10-27,9.950000,10.270000,9.690000,10.270000,10.270000,67100
2014-10-28,10.250000,10.500000,9.990000,10.500000,10.500000,90700
2014-10-29,10.400000,10.800000,10.390000,10.750000,10.750000,22300
2014-10-30,10.750000,10.890000,10.650000,10.750000,10.750000,73900
2014-10-31,10.870000,11.170000,10.500000,10.500000,10.500000,32000
2014-11-03,10.510000,10.690000,10.420000,10.680000,10.680000,24000
2014-11-04,11.010000,11.060000,10.640000,11.000000,11.000000,85800
2014-11-05,11.010000,11.340000,10.910000,11.040000,11.040000,14000
2014-11-06,10.990000,11.100000,10.810000,10.930000,10.930000,59100
2014-11-07,10.940000,10.940000,10.600000,10.690000,10.690000,14700
2014-11-10,10.250000,10.790000,9.830000,10.790000,10.790000,27800
2014-11-11,10.810000,10.870000,10.560000,10.630000,10.630000,46100
2014-11-12,10.550000,10.600000,10.220000,10.400000,10.400000,29200
2014-11-13,10.350000,10.450000,10.220000,10.340000,10.340000,7200
2014-11-14,10.320000,10.570000,10.190000,10.530000,10.530000,38000
2014-11-17,10.550000,10.700000,10.430000,10.610000,10.610000,57000
2014-11-18,10.540000,10.540000,10.200000,10.320000,10.320000,28800
2014-11-19,10.290000,10.290000,10.040000,10.080000,10.080000,11800
2014-11-20,10.040000,10.140000,9.950000,10.060000,10.060000,7600
2014-11-21,10.170000,10.170000,9.890000,9.890000,9.890000,5200
2014-11-24,9.970000,10.100000,9.860000,10.010000,10.010000,8600
2014-11-25,10.020000,10.150000,9.950000,10.000000,10.000000,15500
2014-11-26,10.120000,10.180000,10.050000,10.180000,10.180000,20900
2014-11-28,9.990000,10.150000,9.990000,10.140000,10.140000,9200
2014-12-01,10.040000,10.250000,9.970000,10.190000,10.190000,18400
2014-12-02,10.220000,10.220000,10.100000,10.190000,10.190000,19600
2014-12-03,10.130000,10.190000,10.090000,10.180000,10.180000,36900
2014-12-04,10.090000,10.230000,10.050000,10.140000,10.140000,23800
2014-12-05,10.150000,10.250000,10.130000,10.180000,10.180000,20700
2014-12-08,10.190000,10.250000,10.190000,10.190000,10.190000,20000
2014-12-09,10.190000,10.380000,10.140000,10.340000,10.340000,58500
2014-12-10,10.250000,10.360000,9.840000,9.980000,9.980000,54900
2014-12-11,10.180000,10.180000,9.640000,9.830000,9.830000,46500
2014-12-12,9.850000,9.970000,9.750000,9.750000,9.750000,17300
2014-12-15,9.790000,9.870000,9.720000,9.720000,9.720000,13300
2014-12-16,9.630000,9.790000,9.620000,9.740000,9.740000,55700
2014-12-17,9.790000,9.790000,9.640000,9.690000,9.690000,6600
2014-12-18,9.800000,9.840000,9.740000,9.810000,9.810000,12400
2014-12-19,9.720000,10.130000,9.720000,9.800000,9.800000,131100
2014-12-22,9.890000,10.550000,9.890000,10.060000,10.060000,13900
2014-12-23,10.050000,10.070000,9.870000,9.990000,9.990000,12600
2014-12-24,9.930000,10.090000,9.930000,9.980000,9.980000,3900
2014-12-26,10.050000,10.170000,9.900000,9.900000,9.900000,9500
2014-12-29,9.870000,10.060000,9.790000,10.040000,10.040000,66200
2014-12-30,9.960000,10.430000,9.850000,9.960000,9.960000,38400
2014-12-31,9.940000,10.710000,9.940000,10.680000,10.680000,102500
2015-01-02,11.450000,11.490000,10.590000,10.860000,10.860000,107900
2015-01-05,11.140000,11.490000,11.140000,11.480000,11.480000,51500
2015-01-06,11.530000,12.000000,11.530000,11.980000,11.980000,62400
2015-01-07,12.120000,12.640000,12.120000,12.480000,12.480000,71400
2015-01-08,12.690000,12.760000,12.460000,12.570000,12.570000,57200
2015-01-09,12.270000,12.990000,12.270000,12.830000,12.830000,85400
2015-01-12,13.030000,13.250000,12.640000,13.120000,13.120000,58100
2015-01-13,13.210000,13.500000,13.130000,13.500000,13.500000,111300
2015-01-14,13.500000,13.710000,13.080000,13.180000,13.180000,86500
2015-01-15,13.230000,13.230000,12.850000,12.870000,12.870000,39700
2015-01-16,12.850000,13.350000,12.780000,13.150000,13.150000,94000
2015-01-20,13.200000,13.200000,12.960000,13.010000,13.010000,41200
2015-01-21,12.750000,13.040000,12.750000,12.830000,12.830000,67100
2015-01-22,12.880000,12.930000,12.780000,12.850000,12.850000,59900
2015-01-23,13.370000,13.370000,12.780000,12.990000,12.990000,37500
2015-01-26,12.990000,13.000000,12.810000,12.950000,12.950000,55400
2015-01-27,12.900000,13.620000,12.890000,13.500000,13.500000,55000
2015-01-28,13.540000,13.610000,13.250000,13.440000,13.440000,14400
2015-01-29,13.500000,13.620000,13.170000,13.610000,13.610000,20900
2015-01-30,13.520000,13.600000,13.210000,13.300000,13.300000,26500
2015-02-02,13.300000,13.730000,13.130000,13.540000,13.540000,45700
2015-02-03,13.440000,13.740000,13.420000,13.740000,13.740000,28400
2015-02-04,13.640000,13.850000,13.380000,13.840000,13.840000,33300
2015-02-05,13.650000,13.820000,13.600000,13.730000,13.730000,48300
2015-02-06,13.580000,13.660000,12.610000,13.370000,13.370000,75600
2015-02-09,13.150000,13.150000,12.050000,12.260000,12.260000,83900
2015-02-10,11.770000,12.220000,11.490000,12.180000,12.180000,78400
2015-02-11,12.180000,12.460000,12.000000,12.340000,12.340000,25000
2015-02-12,12.340000,12.340000,11.800000,12.150000,12.150000,50400
2015-02-13,12.050000,12.050000,11.870000,11.940000,11.940000,28600
2015-02-17,11.950000,11.980000,11.660000,11.890000,11.890000,60800
2015-02-18,11.900000,12.580000,11.820000,12.500000,12.500000,78300
2015-02-19,12.470000,12.620000,12.410000,12.560000,12.560000,35200
2015-02-20,12.550000,12.600000,12.450000,12.580000,12.580000,22600
2015-02-23,12.390000,12.750000,12.330000,12.670000,12.670000,54100
2015-02-24,12.600000,12.920000,12.350000,12.880000,12.880000,57700
2015-02-25,12.410000,13.000000,12.410000,12.830000,12.830000,53400
2015-02-26,11.740000,12.980000,11.740000,12.760000,12.760000,62800
2015-02-27,12.530000,13.150000,12.530000,12.850000,12.850000,78100
2015-03-02,12.850000,13.490000,12.850000,13.310000,13.310000,125000
2015-03-03,13.150000,13.450000,12.950000,13.390000,13.390000,60500
2015-03-04,13.310000,13.490000,13.150000,13.300000,13.300000,75800
2015-03-05,13.270000,13.600000,13.270000,13.460000,13.460000,59000
2015-03-06,13.480000,13.500000,12.910000,13.090000,13.090000,126500
2015-03-09,13.000000,13.210000,12.800000,12.900000,12.900000,59800
2015-03-10,12.970000,13.390000,12.910000,13.210000,13.210000,44100
2015-03-11,13.050000,13.550000,13.050000,13.380000,13.380000,78000
2015-03-12,13.220000,13.520000,13.220000,13.470000,13.470000,63300
2015-03-13,13.300000,13.500000,13.300000,13.500000,13.500000,56500
2015-03-16,13.700000,13.880000,13.620000,13.740000,13.740000,67000
2015-03-17,13.760000,14.240000,13.470000,14.120000,14.120000,58000
2015-03-18,14.090000,14.540000,14.030000,14.260000,14.260000,49600
2015-03-19,14.930000,14.930000,14.050000,14.210000,14.210000,57200
2015-03-20,14.200000,14.340000,14.010000,14.040000,14.040000,97300
2015-03-23,14.000000,14.200000,12.810000,13.740000,13.740000,74700
2015-03-24,13.760000,14.070000,13.620000,13.710000,13.710000,76200
2015-03-25,13.720000,13.720000,13.010000,13.070000,13.070000,63800
2015-03-26,13.020000,13.450000,12.640000,13.300000,13.300000,48000
2015-03-27,13.310000,13.310000,13.080000,13.230000,13.230000,129100
2015-03-30,13.200000,13.300000,12.900000,12.970000,12.970000,52200
2015-03-31,12.970000,13.120000,12.820000,12.920000,12.920000,69000
2015-04-01,12.970000,13.000000,12.690000,12.900000,12.900000,44900
2015-04-02,12.950000,13.250000,12.950000,13.150000,13.150000,47600
2015-04-06,13.170000,13.270000,13.010000,13.020000,13.020000,52700
2015-04-07,13.100000,13.140000,12.840000,12.870000,12.870000,52000
2015-04-08,12.990000,13.160000,12.960000,13.010000,13.010000,41300
2015-04-09,13.010000,13.100000,12.940000,12.980000,12.980000,33200
2015-04-10,13.010000,13.640000,13.000000,13.270000,13.270000,88500
2015-04-13,13.230000,13.690000,13.180000,13.680000,13.680000,62900
2015-04-14,13.630000,14.130000,13.630000,13.770000,13.770000,44400
2015-04-15,13.770000,14.000000,13.590000,13.870000,13.870000,72300
2015-04-16,13.870000,14.050000,13.870000,13.930000,13.930000,29500
2015-04-17,13.900000,13.970000,13.820000,13.970000,13.970000,26400
2015-04-20,14.000000,14.000000,13.760000,13.930000,13.930000,42900
2015-04-21,14.000000,14.000000,13.830000,13.990000,13.990000,18200
2015-04-22,13.980000,14.000000,13.880000,13.980000,13.980000,60700
2015-04-23,13.950000,14.050000,13.910000,13.910000,13.910000,31900
2015-04-24,13.890000,14.330000,13.860000,14.040000,14.040000,41300
2015-04-27,14.010000,14.020000,13.430000,13.510000,13.510000,57600
2015-04-28,13.450000,14.060000,13.410000,13.910000,13.910000,58100
2015-04-29,13.880000,14.090000,13.790000,13.940000,13.940000,35200
2015-04-30,13.840000,14.040000,13.490000,13.620000,13.620000,43800
2015-05-01,13.530000,13.970000,13.530000,13.880000,13.880000,34500
2015-05-04,13.970000,14.070000,13.730000,13.930000,13.930000,55300
2015-05-05,13.950000,14.100000,13.660000,14.000000,14.000000,100700
2015-05-06,14.060000,14.120000,13.850000,13.880000,13.880000,132500
2015-05-07,13.880000,14.290000,13.700000,14.090000,14.090000,76100
2015-05-08,15.690000,15.690000,14.460000,14.540000,14.540000,114500
2015-05-11,14.620000,15.000000,14.500000,14.940000,14.940000,77600
2015-05-12,13.670000,14.710000,13.670000,14.260000,14.260000,106600
2015-05-13,14.250000,14.690000,14.080000,14.590000,14.590000,51200
2015-05-14,14.410000,14.620000,14.120000,14.140000,14.140000,74300
2015-05-15,14.150000,14.540000,14.140000,14.250000,14.250000,96700
2015-05-18,14.140000,14.500000,14.140000,14.320000,14.320000,79800
2015-05-19,14.420000,14.490000,14.290000,14.340000,14.340000,62900
2015-05-20,14.380000,14.390000,14.270000,14.320000,14.320000,54800
2015-05-21,14.290000,14.640000,14.270000,14.510000,14.510000,147500
2015-05-22,14.540000,14.540000,14.290000,14.360000,14.360000,46600
2015-05-26,14.380000,14.410000,14.200000,14.260000,14.260000,52600
2015-05-27,14.250000,14.400000,14.250000,14.350000,14.350000,71800
2015-05-28,14.290000,14.520000,14.270000,14.460000,14.460000,61000
2015-05-29,14.490000,14.920000,14.440000,14.830000,14.830000,133000
2015-06-01,14.850000,15.080000,14.690000,14.900000,14.900000,184600
2015-06-02,14.850000,15.000000,14.670000,14.820000,14.820000,110400
2015-06-03,14.680000,15.120000,14.680000,15.000000,15.000000,131100
2015-06-04,14.970000,15.070000,14.830000,14.970000,14.970000,49300
2015-06-05,14.930000,15.080000,14.830000,14.890000,14.890000,56800
2015-06-08,14.760000,15.170000,14.760000,14.870000,14.870000,59000
2015-06-09,14.920000,15.010000,14.740000,14.980000,14.980000,53700
2015-06-10,15.000000,15.030000,14.800000,14.850000,14.850000,62400
2015-06-11,14.870000,14.920000,14.510000,14.530000,14.530000,48100
2015-06-12,14.580000,14.750000,14.370000,14.430000,14.430000,60800
2015-06-15,14.470000,14.620000,14.110000,14.210000,14.210000,98800
2015-06-16,14.880000,14.880000,14.310000,14.380000,14.380000,48100
2015-06-17,14.420000,14.660000,14.170000,14.270000,14.270000,59700
2015-06-18,14.410000,14.670000,14.380000,14.430000,14.430000,114800
2015-06-19,14.490000,14.710000,14.350000,14.640000,14.640000,146400
2015-06-22,14.730000,15.140000,14.700000,14.910000,14.910000,134400
2015-06-23,14.980000,15.130000,14.930000,15.110000,15.110000,128300
2015-06-24,15.060000,15.840000,15.030000,15.640000,15.640000,170000
2015-06-25,15.780000,16.000000,15.530000,15.950000,15.950000,150500
2015-06-26,16.030001,16.030001,15.440000,15.630000,15.630000,1839100
2015-06-29,15.630000,16.370001,15.610000,15.980000,15.980000,242600
2015-06-30,16.059999,16.219999,15.260000,15.480000,15.480000,110300
2015-07-01,15.630000,15.630000,14.950000,15.100000,15.100000,96600
2015-07-02,15.110000,15.130000,14.950000,15.050000,15.050000,69200
2015-07-06,15.050000,15.190000,14.820000,15.080000,15.080000,155700
2015-07-07,15.130000,15.240000,14.900000,15.060000,15.060000,50600
2015-07-08,14.990000,15.100000,14.770000,14.880000,14.880000,100600
2015-07-09,15.000000,15.380000,14.960000,15.020000,15.020000,206500
2015-07-10,15.120000,15.340000,15.110000,15.320000,15.320000,36500
2015-07-13,15.400000,15.630000,15.250000,15.310000,15.310000,85900
2015-07-14,15.320000,15.510000,15.260000,15.380000,15.380000,39500
2015-07-15,15.390000,15.530000,15.270000,15.330000,15.330000,33500
2015-07-16,15.400000,15.590000,15.320000,15.450000,15.450000,44900
2015-07-17,15.470000,15.510000,15.280000,15.450000,15.450000,50700
2015-07-20,15.490000,15.490000,15.190000,15.280000,15.280000,37300
2015-07-21,15.310000,15.660000,15.250000,15.470000,15.470000,81100
2015-07-22,15.450000,15.660000,15.400000,15.460000,15.460000,40100
2015-07-23,15.530000,15.650000,15.370000,15.600000,15.600000,112900
2015-07-24,15.540000,15.650000,15.250000,15.320000,15.320000,47600
2015-07-27,15.300000,15.310000,15.100000,15.190000,15.190000,45300
2015-07-28,15.300000,15.300000,14.820000,15.040000,15.040000,79400
2015-07-29,15.070000,15.360000,14.940000,14.970000,14.970000,37000
2015-07-30,15.000000,15.180000,14.870000,15.020000,15.020000,59500
2015-07-31,15.070000,15.400000,14.930000,15.180000,15.180000,43100
2015-08-03,15.210000,15.320000,14.950000,15.070000,15.070000,59000
2015-08-04,15.100000,15.300000,14.750000,15.160000,15.160000,27300
2015-08-05,15.240000,15.430000,14.930000,14.990000,14.990000,36900
2015-08-06,15.200000,15.520000,14.790000,14.900000,14.900000,112100
2015-08-07,14.900000,15.020000,14.670000,14.720000,14.720000,78800
2015-08-10,14.730000,15.110000,14.730000,14.910000,14.910000,87900
2015-08-11,14.840000,15.090000,14.770000,15.000000,15.000000,70300
2015-08-12,14.980000,15.030000,14.820000,14.920000,14.920000,78300
2015-08-13,14.880000,15.300000,14.820000,14.960000,14.960000,94800
2015-08-14,14.890000,15.090000,14.800000,15.060000,15.060000,35300
2015-08-17,14.960000,15.150000,14.910000,15.050000,15.050000,45700
2015-08-18,15.090000,15.090000,14.880000,14.920000,14.920000,45600
2015-08-19,14.840000,14.960000,14.600000,14.740000,14.740000,45800
2015-08-20,14.700000,14.830000,14.140000,14.150000,14.150000,47900
2015-08-21,13.920000,14.520000,13.860000,14.400000,14.400000,63300
2015-08-24,13.900000,13.900000,13.380000,13.500000,13.500000,322000
2015-08-25,13.920000,14.250000,13.600000,14.110000,14.110000,78500
2015-08-26,14.350000,14.400000,14.060000,14.250000,14.250000,82100
2015-08-27,14.310000,14.460000,14.190000,14.330000,14.330000,90700
2015-08-28,14.240000,14.530000,14.240000,14.460000,14.460000,50400
2015-08-31,14.370000,14.900000,14.000000,14.630000,14.630000,667600
2015-09-01,14.440000,14.980000,14.440000,14.690000,14.690000,99000
2015-09-02,14.820000,15.000000,14.610000,15.000000,15.000000,60000
2015-09-03,15.000000,15.010000,14.910000,14.920000,14.920000,85300
2015-09-04,14.800000,15.070000,14.800000,14.930000,14.930000,64000
2015-09-08,15.110000,15.260000,14.940000,15.150000,15.150000,38400
2015-09-09,15.200000,15.220000,14.940000,15.010000,15.010000,53000
2015-09-10,14.990000,15.300000,14.890000,15.260000,15.260000,51300
2015-09-11,15.170000,15.290000,14.940000,15.250000,15.250000,47300
2015-09-14,15.240000,15.290000,14.990000,15.220000,15.220000,34500
2015-09-15,15.140000,15.340000,15.030000,15.080000,15.080000,51300
2015-09-16,15.120000,15.160000,14.810000,15.000000,15.000000,39300
2015-09-17,14.880000,15.220000,14.880000,15.180000,15.180000,79500
2015-09-18,15.000000,15.450000,14.670000,14.840000,14.840000,104900
2015-09-21,14.920000,15.090000,14.780000,15.030000,15.030000,34800
2015-09-22,14.920000,15.060000,14.380000,14.740000,14.740000,66500
2015-09-23,14.790000,15.030000,14.690000,14.750000,14.750000,55800
2015-09-24,14.660000,14.770000,14.370000,14.400000,14.400000,66400
2015-09-25,14.490000,14.510000,13.360000,13.400000,13.400000,83900
2015-09-28,13.390000,13.500000,13.070000,13.180000,13.180000,64000
2015-09-29,13.200000,13.520000,12.890000,13.070000,13.070000,45900
2015-09-30,13.110000,13.330000,12.930000,13.080000,13.080000,61600
2015-10-01,13.120000,13.180000,12.510000,12.730000,12.730000,49300
2015-10-02,12.650000,13.170000,12.640000,13.130000,13.130000,55900
2015-10-05,13.210000,13.670000,13.200000,13.620000,13.620000,42500
2015-10-06,14.120000,14.290000,12.960000,14.150000,14.150000,87300
2015-10-07,14.120000,14.140000,13.520000,13.820000,13.820000,52000
2015-10-08,13.710000,13.830000,13.180000,13.320000,13.320000,60200
2015-10-09,13.350000,14.020000,13.350000,13.600000,13.600000,35600
2015-10-12,13.650000,13.970000,13.500000,13.820000,13.820000,38700
2015-10-13,13.730000,14.110000,13.590000,13.660000,13.660000,36800
2015-10-14,13.650000,13.760000,13.500000,13.500000,13.500000,42900
2015-10-15,13.510000,14.170000,13.510000,14.160000,14.160000,38200
2015-10-16,14.220000,14.290000,14.020000,14.200000,14.200000,40900
2015-10-19,14.090000,14.370000,14.060000,14.320000,14.320000,36500
2015-10-20,14.330000,14.490000,14.050000,14.290000,14.290000,29800
2015-10-21,14.320000,14.350000,14.010000,14.210000,14.210000,22600
2015-10-22,14.210000,14.210000,13.750000,13.880000,13.880000,24300
2015-10-23,13.960000,14.260000,13.800000,14.220000,14.220000,20800
2015-10-26,14.140000,14.140000,13.470000,13.520000,13.520000,22300
2015-10-27,13.500000,13.660000,13.470000,13.570000,13.570000,76400
2015-10-28,13.580000,14.360000,13.500000,14.350000,14.350000,57300
2015-10-29,14.260000,14.400000,13.770000,13.900000,13.900000,20000
2015-10-30,13.910000,13.950000,13.480000,13.570000,13.570000,53100
2015-11-02,13.600000,13.960000,13.570000,13.910000,13.910000,22500
2015-11-03,14.630000,15.100000,14.370000,14.440000,14.440000,63800
2015-11-04,14.560000,14.740000,14.450000,14.520000,14.520000,65100
2015-11-05,14.370000,14.500000,14.210000,14.440000,14.440000,30500
2015-11-06,14.370000,14.490000,13.740000,14.310000,14.310000,55900
2015-11-09,14.310000,14.310000,13.770000,13.990000,13.990000,50900
2015-11-10,14.010000,14.140000,13.180000,14.010000,14.010000,12600
2015-11-11,14.010000,14.010000,12.880000,13.650000,13.650000,28600
2015-11-12,13.640000,13.710000,13.370000,13.370000,13.370000,32700
2015-11-13,13.290000,13.540000,13.290000,13.340000,13.340000,67800
2015-11-16,13.370000,13.500000,13.170000,13.320000,13.320000,26800
2015-11-17,13.300000,13.480000,13.100000,13.150000,13.150000,31200
2015-11-18,13.220000,13.220000,12.880000,13.100000,13.100000,55200
2015-11-19,13.080000,13.170000,12.960000,13.070000,13.070000,50500
2015-11-20,13.140000,13.280000,12.920000,13.040000,13.040000,47500
2015-11-23,13.100000,13.330000,12.930000,13.310000,13.310000,91300
2015-11-24,13.170000,14.120000,13.170000,14.070000,14.070000,34200
2015-11-25,14.040000,14.500000,13.980000,14.470000,14.470000,27300
2015-11-27,14.440000,14.470000,13.980000,14.410000,14.410000,19500
2015-11-30,14.420000,14.420000,14.030000,14.220000,14.220000,48900
2015-12-01,14.240000,14.500000,14.140000,14.480000,14.480000,12300
2015-12-02,14.420000,14.500000,14.180000,14.220000,14.220000,25800
2015-12-03,14.230000,14.330000,13.950000,14.190000,14.190000,34000
2015-12-04,14.190000,14.250000,13.960000,14.230000,14.230000,26100
2015-12-07,14.160000,14.160000,13.520000,13.610000,13.610000,23800
2015-12-08,13.450000,13.780000,13.430000,13.650000,13.650000,23600
2015-12-09,13.560000,13.690000,13.160000,13.220000,13.220000,18300
2015-12-10,13.040000,13.370000,12.500000,12.530000,12.530000,105800
2015-12-11,12.240000,12.570000,11.940000,11.990000,11.990000,110900
2015-12-14,12.080000,12.490000,11.810000,12.340000,12.340000,110900
2015-12-15,12.590000,13.420000,12.370000,12.690000,12.690000,74700
2015-12-16,12.750000,13.090000,12.500000,12.950000,12.950000,43500
2015-12-17,12.950000,13.080000,12.520000,12.690000,12.690000,60100
2015-12-18,12.610000,12.780000,12.390000,12.550000,12.550000,258500
2015-12-21,12.670000,12.830000,12.490000,12.740000,12.740000,35300
2015-12-22,12.780000,12.780000,12.440000,12.560000,12.560000,34200
2015-12-23,12.530000,12.610000,12.320000,12.590000,12.590000,32900
2015-12-24,12.590000,12.920000,12.590000,12.710000,12.710000,12200
2015-12-28,12.730000,12.890000,12.310000,12.650000,12.650000,52400
2015-12-29,12.780000,12.910000,12.660000,12.860000,12.860000,58900
2015-12-30,12.810000,12.850000,12.520000,12.610000,12.610000,56000
2015-12-31,12.620000,13.000000,12.520000,12.790000,12.790000,64000
2016-01-04,12.500000,12.620000,12.210000,12.250000,12.250000,53600
2016-01-05,12.330000,12.510000,12.050000,12.090000,12.090000,44800
2016-01-06,12.050000,12.360000,12.050000,12.330000,12.330000,33400
2016-01-07,12.080000,12.370000,11.800000,11.870000,11.870000,54400
2016-01-08,11.860000,11.960000,11.550000,11.700000,11.700000,90500
2016-01-11,11.560000,11.940000,11.230000,11.440000,11.440000,48300
2016-01-12,11.510000,11.550000,11.170000,11.240000,11.240000,49600
2016-01-13,10.910000,11.650000,10.900000,11.020000,11.020000,53300
2016-01-14,11.120000,11.380000,10.920000,11.270000,11.270000,83200
2016-01-15,10.930000,11.090000,10.590000,11.050000,11.050000,65000
2016-01-19,11.110000,11.120000,10.600000,10.830000,10.830000,46300
2016-01-20,10.620000,10.930000,10.250000,10.840000,10.840000,51400
2016-01-21,10.840000,10.960000,10.550000,10.650000,10.650000,44100
2016-01-22,10.850000,10.850000,10.600000,10.760000,10.760000,79300
2016-01-25,10.700000,11.080000,10.690000,11.050000,11.050000,69900
2016-01-26,11.000000,11.000000,10.450000,10.730000,10.730000,82400
2016-01-27,10.710000,11.110000,10.640000,10.850000,10.850000,48300
2016-01-28,10.920000,10.920000,10.680000,10.800000,10.800000,36600
2016-01-29,10.810000,11.260000,10.810000,11.240000,11.240000,44000
2016-02-01,11.220000,11.300000,11.150000,11.200000,11.200000,41000
2016-02-02,11.040000,11.040000,10.710000,11.020000,11.020000,20000
2016-02-03,11.040000,11.040000,10.550000,10.620000,10.620000,24900
2016-02-04,10.640000,10.770000,10.490000,10.530000,10.530000,21900
2016-02-05,10.410000,11.060000,10.410000,10.470000,10.470000,63400
2016-02-08,10.450000,10.610000,10.210000,10.500000,10.500000,46500
2016-02-09,11.250000,11.530000,10.770000,11.050000,11.050000,236500
2016-02-10,11.100000,11.580000,10.190000,10.430000,10.430000,94400
2016-02-11,10.430000,10.990000,10.120000,10.900000,10.900000,42600
2016-02-12,10.840000,10.870000,10.700000,10.840000,10.840000,51300
2016-02-16,10.990000,10.990000,10.690000,10.750000,10.750000,44600
2016-02-17,10.860000,10.960000,10.770000,10.860000,10.860000,55700
2016-02-18,10.810000,11.330000,10.810000,11.220000,11.220000,98800
2016-02-19,11.200000,11.380000,11.150000,11.260000,11.260000,26400
2016-02-22,11.300000,11.700000,11.210000,11.630000,11.630000,33100
2016-02-23,11.700000,11.700000,11.260000,11.270000,11.270000,23900
2016-02-24,11.280000,11.660000,10.980000,11.620000,11.620000,15700
2016-02-25,11.590000,11.800000,11.590000,11.760000,11.760000,20900
2016-02-26,11.780000,11.880000,11.710000,11.820000,11.820000,37300
2016-02-29,11.860000,11.980000,11.720000,11.830000,11.830000,41500
2016-03-01,11.850000,12.100000,11.740000,12.000000,12.000000,64300
2016-03-02,12.020000,12.020000,11.750000,11.970000,11.970000,31600
2016-03-03,11.970000,12.150000,11.840000,12.000000,12.000000,40000
2016-03-04,11.820000,12.250000,11.820000,12.090000,12.090000,84200
2016-03-07,12.110000,12.960000,12.000000,12.870000,12.870000,104400
2016-03-08,12.750000,12.800000,12.070000,12.100000,12.100000,48700
2016-03-09,12.060000,12.710000,12.040000,12.630000,12.630000,69800
2016-03-10,12.660000,12.690000,12.170000,12.260000,12.260000,39700
2016-03-11,12.350000,12.680000,12.350000,12.660000,12.660000,57100
2016-03-14,12.750000,12.790000,12.080000,12.110000,12.110000,26100
2016-03-15,11.940000,12.030000,11.410000,11.410000,11.410000,48700
2016-03-16,11.460000,11.700000,11.100000,11.450000,11.450000,104900
2016-03-17,11.440000,11.680000,10.410000,11.420000,11.420000,119100
2016-03-18,11.570000,11.610000,11.220000,11.340000,11.340000,88100
2016-03-21,11.330000,11.410000,11.130000,11.170000,11.170000,55700
2016-03-22,11.060000,11.170000,10.980000,11.000000,11.000000,34700
2016-03-23,10.980000,11.050000,10.730000,10.750000,10.750000,56500
2016-03-24,10.700000,11.010000,10.650000,10.870000,10.870000,180700
2016-03-28,10.940000,11.030000,10.740000,11.030000,11.030000,68100
2016-03-29,11.040000,11.860000,10.990000,11.460000,11.460000,150800
2016-03-30,11.510000,11.690000,11.090000,11.120000,11.120000,60500
2016-03-31,11.200000,11.620000,10.980000,11.250000,11.250000,110800
2016-04-01,11.220000,11.490000,11.110000,11.320000,11.320000,77700
2016-04-04,11.300000,11.520000,11.130000,11.160000,11.160000,41400
2016-04-05,11.110000,11.110000,10.700000,10.880000,10.880000,72500
2016-04-06,10.980000,11.460000,10.740000,11.420000,11.420000,50500
2016-04-07,11.330000,11.420000,11.150000,11.340000,11.340000,19600
2016-04-08,11.210000,11.240000,11.040000,11.110000,11.110000,46800
2016-04-11,11.260000,11.430000,11.140000,11.400000,11.400000,31500
2016-04-12,11.440000,11.680000,11.440000,11.530000,11.530000,32800
2016-04-13,11.700000,12.110000,11.340000,11.750000,11.750000,31100
2016-04-14,12.070000,12.070000,11.680000,11.890000,11.890000,21300
2016-04-15,11.820000,12.030000,11.820000,11.960000,11.960000,41100
2016-04-18,11.830000,11.950000,11.560000,11.870000,11.870000,33000
2016-04-19,12.170000,12.470000,11.570000,11.590000,11.590000,21300
2016-04-20,11.610000,11.800000,11.490000,11.730000,11.730000,32300
2016-04-21,11.670000,11.940000,11.660000,11.750000,11.750000,40200
2016-04-22,11.780000,11.950000,11.540000,11.670000,11.670000,40200
2016-04-25,11.830000,11.830000,11.520000,11.720000,11.720000,64800
2016-04-26,11.770000,12.230000,11.710000,12.150000,12.150000,82100
2016-04-27,12.020000,12.310000,11.850000,12.020000,12.020000,103000
2016-04-28,12.420000,12.420000,11.720000,11.880000,11.880000,73900
2016-04-29,11.850000,11.880000,11.340000,11.660000,11.660000,26900
2016-05-02,11.610000,11.680000,11.100000,11.300000,11.300000,109800
2016-05-03,10.700000,11.800000,10.700000,11.490000,11.490000,153200
2016-05-04,11.490000,11.650000,11.220000,11.520000,11.520000,58000
2016-05-05,11.510000,11.720000,11.340000,11.390000,11.390000,21800
2016-05-06,11.540000,11.560000,11.240000,11.260000,11.260000,28300
2016-05-09,11.210000,11.370000,10.990000,11.030000,11.030000,34100
2016-05-10,11.020000,11.040000,10.760000,11.030000,11.030000,86300
2016-05-11,11.130000,11.130000,10.610000,10.660000,10.660000,38700
2016-05-12,10.680000,10.690000,10.390000,10.430000,10.430000,58600
2016-05-13,10.510000,10.620000,10.220000,10.290000,10.290000,40400
2016-05-16,10.310000,10.460000,10.050000,10.150000,10.150000,148600
2016-05-17,10.060000,10.260000,9.900000,10.020000,10.020000,71800
2016-05-18,9.930000,10.220000,9.930000,10.080000,10.080000,21800
2016-05-19,10.040000,10.140000,9.830000,10.000000,10.000000,84400
2016-05-20,10.000000,10.330000,9.970000,10.030000,10.030000,118900
2016-05-23,10.050000,10.280000,9.990000,10.090000,10.090000,89400
2016-05-24,10.100000,10.430000,10.060000,10.370000,10.370000,58900
2016-05-25,10.380000,10.630000,10.370000,10.440000,10.440000,24800
2016-05-26,10.170000,10.510000,10.100000,10.370000,10.370000,26700
2016-05-27,10.300000,10.690000,10.100000,10.570000,10.570000,22500
2016-05-31,10.540000,10.910000,10.450000,10.480000,10.480000,29800
2016-06-01,10.480000,10.680000,10.400000,10.600000,10.600000,52800
2016-06-02,10.550000,10.670000,10.490000,10.560000,10.560000,36200
2016-06-03,10.500000,10.570000,10.220000,10.270000,10.270000,42100
2016-06-06,10.240000,10.460000,10.240000,10.310000,10.310000,37400
2016-06-07,10.250000,10.450000,10.150000,10.170000,10.170000,37700
2016-06-08,10.140000,10.870000,10.130000,10.750000,10.750000,43100
2016-06-09,10.660000,10.710000,10.450000,10.540000,10.540000,35600
2016-06-10,10.410000,10.760000,10.170000,10.260000,10.260000,25600
2016-06-13,10.140000,10.440000,10.140000,10.320000,10.320000,26000
2016-06-14,10.350000,10.770000,10.310000,10.660000,10.660000,32900
2016-06-15,10.660000,10.970000,10.440000,10.810000,10.810000,32400
2016-06-16,10.780000,11.260000,10.640000,11.080000,11.080000,40300
2016-06-17,11.120000,11.220000,11.010000,11.080000,11.080000,81000
2016-06-20,11.170000,11.290000,10.950000,10.970000,10.970000,55700
2016-06-21,11.330000,11.330000,10.750000,10.770000,10.770000,28400
2016-06-22,10.830000,11.070000,10.620000,10.680000,10.680000,37800
2016-06-23,10.820000,10.920000,10.480000,10.860000,10.860000,52400
2016-06-24,10.420000,11.090000,10.420000,11.090000,11.090000,247500
2016-06-27,10.860000,11.390000,10.500000,10.510000,10.510000,54500
2016-06-28,10.510000,10.940000,10.510000,10.830000,10.830000,41000
2016-06-29,10.890000,11.070000,10.800000,10.990000,10.990000,25500
2016-06-30,10.930000,11.250000,10.910000,11.210000,11.210000,33000
2016-07-01,11.240000,11.250000,11.110000,11.190000,11.190000,24300
2016-07-05,11.080000,11.140000,11.000000,11.030000,11.030000,14000
2016-07-06,11.050000,11.190000,11.000000,11.090000,11.090000,14900
2016-07-07,11.090000,11.090000,10.880000,11.000000,11.000000,17600
2016-07-08,11.070000,11.200000,11.000000,11.090000,11.090000,21000
2016-07-11,11.170000,11.170000,10.960000,10.990000,10.990000,43900
2016-07-12,11.020000,11.120000,10.960000,10.980000,10.980000,31100
2016-07-13,11.000000,11.080000,10.950000,11.000000,11.000000,36000
2016-07-14,11.010000,11.010000,10.830000,10.870000,10.870000,24000
2016-07-15,10.960000,11.080000,10.630000,10.840000,10.840000,22800
2016-07-18,10.820000,10.840000,10.730000,10.780000,10.780000,32100
2016-07-19,10.810000,10.870000,10.770000,10.770000,10.770000,18500
2016-07-20,10.880000,10.880000,10.680000,10.730000,10.730000,16600
2016-07-21,10.740000,10.860000,10.520000,10.520000,10.520000,14800
2016-07-22,10.600000,10.990000,10.520000,10.850000,10.850000,44800
2016-07-25,10.800000,10.820000,10.630000,10.640000,10.640000,17100
2016-07-26,10.650000,10.850000,10.650000,10.720000,10.720000,34900
2016-07-27,10.690000,10.900000,10.640000,10.870000,10.870000,32300
2016-07-28,10.940000,10.940000,10.710000,10.770000,10.770000,12800
2016-07-29,10.730000,10.970000,10.710000,10.790000,10.790000,44100
2016-08-01,10.850000,11.000000,10.590000,10.690000,10.690000,62800
2016-08-02,10.670000,11.000000,10.430000,10.890000,10.890000,196200
2016-08-03,10.960000,11.330000,10.830000,10.990000,10.990000,85600
2016-08-04,11.000000,11.050000,10.940000,11.000000,11.000000,30200
2016-08-05,11.000000,11.530000,10.930000,11.460000,11.460000,95900
2016-08-08,11.480000,11.810000,11.420000,11.520000,11.520000,41000
2016-08-09,11.600000,11.740000,11.560000,11.590000,11.590000,18800
2016-08-10,11.840000,11.840000,11.200000,11.270000,11.270000,22700
2016-08-11,11.320000,11.890000,11.210000,11.350000,11.350000,17200
2016-08-12,11.340000,11.510000,11.210000,11.400000,11.400000,18000
2016-08-15,11.510000,11.790000,11.450000,11.520000,11.520000,14100
2016-08-16,11.560000,11.730000,10.770000,11.100000,11.100000,65500
2016-08-17,11.150000,11.390000,10.710000,10.770000,10.770000,35500
2016-08-18,10.750000,11.030000,10.750000,10.890000,10.890000,26900
2016-08-19,10.910000,11.090000,10.680000,11.010000,11.010000,62900
2016-08-22,11.030000,11.190000,10.910000,10.960000,10.960000,24500
2016-08-23,11.050000,11.070000,10.850000,10.930000,10.930000,15800
2016-08-24,10.990000,10.990000,10.790000,10.870000,10.870000,35500
2016-08-25,10.800000,10.980000,10.580000,10.880000,10.880000,27400
2016-08-26,10.930000,10.930000,10.770000,10.840000,10.840000,15900
2016-08-29,10.800000,10.950000,10.710000,10.770000,10.770000,20300
2016-08-30,10.780000,10.930000,10.780000,10.850000,10.850000,17300
2016-08-31,10.880000,11.140000,10.740000,10.900000,10.900000,49800
2016-09-01,10.880000,10.960000,10.790000,10.910000,10.910000,29100
2016-09-02,10.900000,11.060000,10.900000,11.000000,11.000000,60200
2016-09-06,10.990000,10.990000,10.870000,10.880000,10.880000,19900
2016-09-07,11.000000,11.000000,10.830000,10.850000,10.850000,16800
2016-09-08,10.880000,10.900000,10.750000,10.870000,10.870000,14200
2016-09-09,10.840000,10.900000,10.800000,10.800000,10.800000,30100
2016-09-12,10.770000,10.940000,10.770000,10.850000,10.850000,21900
2016-09-13,10.630000,10.770000,10.540000,10.680000,10.680000,38000
2016-09-14,10.700000,11.060000,10.700000,10.770000,10.770000,20600
2016-09-15,10.770000,11.060000,10.770000,10.990000,10.990000,30100
2016-09-16,11.050000,11.500000,10.920000,11.400000,11.400000,106900
2016-09-19,11.390000,11.580000,11.040000,11.230000,11.230000,104900
2016-09-20,11.260000,11.650000,11.260000,11.490000,11.490000,161500
2016-09-21,11.500000,12.410000,11.500000,11.860000,11.860000,70600
2016-09-22,11.960000,12.360000,11.950000,12.250000,12.250000,71800
2016-09-23,12.330000,12.350000,11.850000,12.000000,12.000000,32000
2016-09-26,11.990000,12.190000,11.920000,12.040000,12.040000,23300
2016-09-27,12.060000,12.390000,11.940000,11.980000,11.980000,18200
2016-09-28,12.090000,12.110000,11.940000,12.050000,12.050000,23600
2016-09-29,12.080000,12.120000,11.680000,11.750000,11.750000,16500
2016-09-30,11.780000,11.990000,11.780000,11.920000,11.920000,24700
2016-10-03,11.960000,12.000000,11.840000,11.940000,11.940000,25300
2016-10-04,11.900000,12.260000,11.890000,12.130000,12.130000,60900
2016-10-05,12.570000,13.050000,12.440000,12.670000,12.670000,38400
2016-10-06,12.680000,12.770000,12.490000,12.690000,12.690000,39700
2016-10-07,12.660000,12.810000,12.560000,12.770000,12.770000,26700
2016-10-10,12.890000,13.470000,12.890000,13.410000,13.410000,32400
2016-10-11,13.700000,14.240000,13.540000,13.630000,13.630000,101000
2016-10-12,13.700000,14.000000,13.490000,13.820000,13.820000,80500
2016-10-13,13.850000,14.370000,13.780000,14.200000,14.200000,119100
2016-10-14,14.260000,14.370000,14.190000,14.240000,14.240000,72800
2016-10-17,14.300000,14.400000,14.060000,14.350000,14.350000,20100
2016-10-18,14.500000,14.500000,14.400000,14.450000,14.450000,18000
2016-10-19,14.500000,14.550000,14.150000,14.450000,14.450000,21200
2016-10-20,14.500000,14.500000,14.400000,14.500000,14.500000,25100
2016-10-21,14.400000,14.500000,14.000000,14.300000,14.300000,33300
2016-10-24,14.250000,14.500000,14.100000,14.200000,14.200000,37200
2016-10-25,14.250000,14.250000,13.200000,13.450000,13.450000,44300
2016-10-26,13.500000,13.530000,12.750000,12.750000,12.750000,63800
2016-10-27,12.850000,13.750000,12.800000,13.650000,13.650000,96700
2016-10-28,13.600000,13.850000,13.250000,13.400000,13.400000,39100
2016-10-31,13.400000,13.400000,13.050000,13.100000,13.100000,30600
2016-11-01,13.050000,13.400000,13.050000,13.400000,13.400000,40600
2016-11-02,13.550000,13.550000,13.050000,13.100000,13.100000,19100
2016-11-03,13.150000,13.250000,12.800000,12.800000,12.800000,23500
2016-11-04,12.850000,12.950000,12.450000,12.550000,12.550000,51000
2016-11-07,12.800000,13.350000,12.600000,13.100000,13.100000,59300
2016-11-08,13.650000,14.950000,13.350000,13.700000,13.700000,99800
2016-11-09,13.800000,14.500000,13.100000,14.450000,14.450000,50600
2016-11-10,14.500000,14.500000,13.550000,14.000000,14.000000,83500
2016-11-11,14.000000,14.150000,13.800000,14.000000,14.000000,83700
2016-11-14,14.150000,14.150000,14.000000,14.100000,14.100000,77000
2016-11-15,14.150000,14.200000,13.700000,13.950000,13.950000,94500
2016-11-16,13.950000,14.350000,13.950000,14.300000,14.300000,122500
2016-11-17,14.200000,14.800000,14.050000,14.700000,14.700000,86000
2016-11-18,14.650000,14.900000,14.450000,14.650000,14.650000,80300
2016-11-21,14.700000,15.500000,14.610000,15.500000,15.500000,140900
2016-11-22,15.500000,15.500000,14.780000,15.250000,15.250000,61300
2016-11-23,15.200000,15.450000,15.050000,15.200000,15.200000,103400
2016-11-25,15.450000,15.750000,15.300000,15.600000,15.600000,53100
2016-11-28,15.400000,16.900000,15.400000,16.650000,16.650000,197900
2016-11-29,16.650000,17.200001,16.100000,16.900000,16.900000,183800
2016-11-30,17.049999,17.049999,16.299999,16.350000,16.350000,88200
2016-12-01,16.450001,16.700001,16.150000,16.500000,16.500000,79700
2016-12-02,16.450001,16.500000,15.940000,16.000000,16.000000,31100
2016-12-05,16.000000,16.450001,16.000000,16.299999,16.299999,44100
2016-12-06,16.400000,16.450001,16.150000,16.350000,16.350000,42900
2016-12-07,16.250000,17.000000,15.900000,16.500000,16.500000,118800
2016-12-08,16.549999,17.000000,16.250000,17.000000,17.000000,114500
2016-12-09,16.900000,17.549999,16.900000,17.049999,17.049999,138000
2016-12-12,17.200001,17.299999,16.879999,17.000000,17.000000,50200
2016-12-13,17.200001,17.450001,16.910000,17.100000,17.100000,56300
2016-12-14,17.000000,17.049999,16.700001,16.850000,16.850000,32500
2016-12-15,16.750000,17.049999,16.600000,16.799999,16.799999,59000
2016-12-16,16.850000,16.950001,16.549999,16.650000,16.650000,82400
2016-12-19,16.700001,17.200001,16.700001,17.000000,17.000000,185400
2016-12-20,17.250000,17.450001,16.850000,16.950001,16.950001,83900
2016-12-21,17.049999,17.049999,16.799999,16.850000,16.850000,31500
2016-12-22,16.850000,17.200001,16.820000,17.049999,17.049999,68200
2016-12-23,17.100000,17.330000,16.900000,17.200001,17.200001,33700
2016-12-27,17.200001,17.500000,16.650000,16.750000,16.750000,53000
2016-12-28,16.750000,17.299999,16.750000,17.200001,17.200001,96100
2016-12-29,17.299999,17.950001,17.200001,17.500000,17.500000,64700
2016-12-30,17.450001,17.450001,17.219999,17.350000,17.350000,63700
2017-01-03,17.350000,17.549999,17.200001,17.450001,17.450001,94600
2017-01-04,17.500000,17.930000,17.400000,17.850000,17.850000,136500
2017-01-05,17.650000,17.750000,17.500000,17.600000,17.600000,99400
2017-01-06,17.549999,17.600000,17.500000,17.549999,17.549999,47600
2017-01-09,17.500000,18.150000,17.480000,17.900000,17.900000,127100
2017-01-10,18.049999,19.049999,17.700001,19.000000,19.000000,187500
2017-01-11,19.000000,19.100000,18.650000,18.950001,18.950001,157700
2017-01-12,18.930000,19.200001,18.600000,18.750000,18.750000,80800
2017-01-13,18.900000,19.309999,18.650000,19.200001,19.200001,86900
2017-01-17,19.299999,19.299999,18.549999,18.650000,18.650000,166900
2017-01-18,18.700001,18.799999,18.530001,18.750000,18.750000,80300
2017-01-19,18.850000,18.850000,18.400000,18.549999,18.549999,68600
2017-01-20,18.500000,18.650000,18.200001,18.500000,18.500000,59500
2017-01-23,18.450001,18.700001,18.450001,18.500000,18.500000,62800
2017-01-24,18.600000,18.700001,18.150000,18.500000,18.500000,56900
2017-01-25,18.700001,18.700001,18.150000,18.250000,18.250000,65000
2017-01-26,18.200001,18.450001,18.000000,18.299999,18.299999,107300
2017-01-27,18.400000,18.650000,18.270000,18.549999,18.549999,35100
2017-01-30,18.549999,18.600000,18.200001,18.400000,18.400000,158400
2017-01-31,18.350000,18.600000,18.200001,18.500000,18.500000,96500
2017-02-01,18.700001,19.350000,18.700001,19.049999,19.049999,98000
2017-02-02,19.049999,19.250000,18.900000,19.049999,19.049999,23900
2017-02-03,19.150000,19.500000,19.049999,19.450001,19.450001,48600
2017-02-06,19.500000,19.700001,19.150000,19.200001,19.200001,51900
2017-02-07,19.250000,19.400000,19.100000,19.150000,19.150000,33800
2017-02-08,19.049999,19.049999,18.500000,18.900000,18.900000,36800
2017-02-09,18.900000,19.500000,18.900000,19.400000,19.400000,61500
2017-02-10,19.549999,19.750000,19.350000,19.549999,19.549999,50600
2017-02-13,19.650000,19.850000,19.250000,19.600000,19.600000,93600
2017-02-14,20.400000,22.959999,19.760000,21.000000,21.000000,395500
2017-02-15,20.950001,21.500000,20.750000,21.150000,21.150000,95100
2017-02-16,21.000000,21.299999,20.400000,20.799999,20.799999,109100
2017-02-17,20.600000,20.900000,20.600000,20.850000,20.850000,68400
2017-02-21,20.850000,22.299999,20.850000,21.900000,21.900000,219700
2017-02-22,21.700001,21.700001,20.549999,21.200001,21.200001,126300
2017-02-23,21.250000,21.299999,20.600000,20.900000,20.900000,83500
2017-02-24,20.850000,21.150000,20.500000,20.500000,20.500000,53000
2017-02-27,20.450001,21.350000,20.400000,21.150000,21.150000,76000
2017-02-28,21.350000,21.350000,20.299999,20.400000,20.400000,53700
2017-03-01,20.799999,21.150000,20.500000,20.850000,20.850000,93000
2017-03-02,20.850000,21.100000,20.600000,20.600000,20.600000,119400
2017-03-03,20.650000,20.900000,20.309999,20.549999,20.549999,117700
2017-03-06,20.350000,20.549999,20.150000,20.299999,20.299999,82400
2017-03-07,20.200001,20.500000,20.160000,20.299999,20.299999,81300
2017-03-08,20.500000,21.070000,20.500000,20.950001,20.950001,67400
2017-03-09,21.049999,21.480000,20.730000,21.049999,21.049999,76800
2017-03-10,21.150000,21.150000,20.700001,20.950001,20.950001,58100
2017-03-13,20.900000,21.299999,20.600000,20.650000,20.650000,34100
2017-03-14,20.500000,20.700001,20.200001,20.450001,20.450001,52200
2017-03-15,20.549999,20.700001,20.450001,20.450001,20.450001,88600
2017-03-16,20.500000,20.900000,20.350000,20.900000,20.900000,71100
2017-03-17,20.799999,20.850000,20.549999,20.600000,20.600000,94900
2017-03-20,20.600000,20.900000,20.549999,20.750000,20.750000,69100
2017-03-21,20.600000,20.850000,19.950001,20.000000,20.000000,41500
2017-03-22,20.049999,20.549999,20.049999,20.299999,20.299999,53300
2017-03-23,20.250000,20.450001,20.000000,20.250000,20.250000,43900
2017-03-24,20.299999,20.480000,20.150000,20.150000,20.150000,56200
2017-03-27,20.049999,20.350000,20.000000,20.250000,20.250000,106500
2017-03-28,20.250000,20.400000,20.000000,20.049999,20.049999,57700
2017-03-29,19.950001,20.450001,19.950001,20.450001,20.450001,109600
2017-03-30,20.450001,20.750000,20.450001,20.700001,20.700001,76800
2017-03-31,20.600000,20.799999,20.450001,20.700001,20.700001,72100
2017-04-03,20.750000,20.900000,20.549999,20.549999,20.549999,126600
2017-04-04,20.650000,20.650000,19.450001,19.850000,19.850000,103700
2017-04-05,19.900000,19.900000,19.150000,19.200001,19.200001,115700
2017-04-06,19.150000,19.400000,18.780001,19.299999,19.299999,94600
2017-04-07,19.250000,19.950001,19.020000,19.900000,19.900000,79400
2017-04-10,19.900000,20.090000,19.900000,20.000000,20.000000,71200
2017-04-11,20.049999,20.799999,19.850000,20.700001,20.700001,107300
2017-04-12,20.700001,21.250000,20.549999,21.100000,21.100000,131500
2017-04-13,21.100000,21.100000,20.309999,20.600000,20.600000,67900
2017-04-17,20.650000,20.650000,20.049999,20.100000,20.100000,66500
2017-04-18,19.850000,20.250000,19.850000,20.150000,20.150000,74600
2017-04-19,20.250000,20.500000,19.900000,20.000000,20.000000,58200
2017-04-20,20.049999,21.129999,19.000000,20.900000,20.900000,88500
2017-04-21,20.850000,20.980000,20.200001,20.299999,20.299999,62900
2017-04-24,20.650000,21.350000,20.400000,20.450001,20.450001,198300
2017-04-25,20.600000,21.299999,20.450001,20.500000,20.500000,132400
2017-04-26,20.450001,20.900000,20.450001,20.600000,20.600000,89500
2017-04-27,20.650000,20.700001,19.850000,19.850000,19.850000,49000
2017-04-28,19.900000,19.950001,19.230000,19.549999,19.549999,145900
2017-05-01,19.500000,20.549999,19.500000,20.500000,20.500000,155700
2017-05-02,19.600000,20.500000,18.500000,19.950001,19.950001,433600
2017-05-03,20.000000,20.250000,19.400000,20.000000,20.000000,155200
2017-05-04,20.049999,20.350000,20.000000,20.049999,20.049999,132900
2017-05-05,20.000000,20.200001,19.799999,20.000000,20.000000,106000
2017-05-08,19.950001,20.020000,19.750000,19.750000,19.750000,105300
2017-05-09,19.750000,20.100000,19.600000,20.000000,20.000000,175900
2017-05-10,20.000000,20.049999,19.500000,19.750000,19.750000,101600
2017-05-11,19.650000,20.150000,19.450001,20.000000,20.000000,79000
2017-05-12,19.950001,20.000000,19.750000,19.750000,19.750000,110200
2017-05-15,19.750000,19.950001,19.650000,19.850000,19.850000,100800
2017-05-16,19.900000,20.480000,19.900000,20.450001,20.450001,112600
2017-05-17,20.200001,20.230000,19.950001,20.049999,20.049999,80500
2017-05-18,20.049999,20.150000,19.950001,20.000000,20.000000,60700
2017-05-19,20.049999,20.350000,20.049999,20.200001,20.200001,89000
2017-05-22,20.250000,20.850000,20.250000,20.850000,20.850000,93000
2017-05-23,20.900000,22.400000,20.900000,22.299999,22.299999,219600
2017-05-24,22.299999,22.450001,22.200001,22.299999,22.299999,282100
2017-05-25,22.350000,24.150000,22.350000,23.500000,23.500000,224800
2017-05-26,23.600000,23.900000,22.549999,22.750000,22.750000,192300
2017-05-30,22.850000,23.299999,21.900000,22.150000,22.150000,131400
2017-05-31,22.200001,22.900000,22.150000,22.799999,22.799999,136000
2017-06-01,22.799999,23.000000,22.600000,22.950001,22.950001,121000
2017-06-02,23.049999,23.469999,23.049999,23.150000,23.150000,126000
2017-06-05,23.150000,23.350000,22.900000,23.049999,23.049999,102300
2017-06-06,23.000000,23.799999,23.000000,23.400000,23.400000,103200
2017-06-07,23.450001,24.000000,23.299999,23.950001,23.950001,101000
2017-06-08,23.950001,24.150000,23.600000,23.700001,23.700001,85100
2017-06-09,23.750000,24.650000,23.650000,23.750000,23.750000,103600
2017-06-12,23.750000,24.780001,23.150000,24.400000,24.400000,172400
2017-06-13,24.549999,24.549999,23.299999,23.450001,23.450001,130200
2017-06-14,23.400000,24.200001,23.200001,23.950001,23.950001,96100
2017-06-15,23.650000,23.650000,22.650000,22.950001,22.950001,141000
2017-06-16,22.799999,23.650000,22.799999,23.350000,23.350000,145800
2017-06-19,23.400000,24.950001,23.350000,24.950001,24.950001,160100
2017-06-20,24.799999,24.900000,23.850000,23.850000,23.850000,117000
2017-06-21,24.049999,24.799999,23.950001,24.500000,24.500000,121700
2017-06-22,24.450001,24.900000,24.340000,24.700001,24.700001,181100
2017-06-23,24.700001,24.700001,24.150000,24.500000,24.500000,336700
2017-06-26,24.900000,26.049999,24.809999,25.900000,25.900000,224800
2017-06-27,26.000000,26.000000,25.350000,25.549999,25.549999,111700
2017-06-28,25.799999,26.750000,25.100000,26.549999,26.549999,194400
2017-06-29,27.299999,29.250000,25.450001,25.900000,25.900000,203400
2017-06-30,26.049999,26.250000,25.700001,25.900000,25.900000,117400
2017-07-03,26.100000,26.100000,25.500000,25.549999,25.549999,58800
2017-07-05,25.549999,25.799999,25.150000,25.600000,25.600000,114900
2017-07-06,25.650000,27.200001,25.500000,26.350000,26.350000,409700
2017-07-07,26.850000,27.520000,26.549999,26.950001,26.950001,181700
2017-07-10,27.100000,27.150000,26.549999,26.850000,26.850000,133700
2017-07-11,26.950001,27.000000,26.799999,27.000000,27.000000,112700
2017-07-12,27.150000,27.600000,27.000000,27.049999,27.049999,136600
2017-07-13,27.200001,27.350000,26.549999,26.950001,26.950001,136700
2017-07-14,26.900000,27.100000,26.700001,27.000000,27.000000,63100
2017-07-17,27.150000,27.200001,26.650000,27.000000,27.000000,129700
2017-07-18,26.950001,27.200001,26.549999,27.000000,27.000000,82300
2017-07-19,27.049999,27.350000,26.600000,26.799999,26.799999,100400
2017-07-20,26.799999,26.900000,26.450001,26.600000,26.600000,64000
2017-07-21,26.650000,26.900000,26.540001,26.900000,26.900000,157300
2017-07-24,26.700001,27.100000,26.200001,27.000000,27.000000,115600
2017-07-25,27.250000,27.530001,27.150000,27.150000,27.150000,118700
2017-07-26,27.200001,27.500000,26.650000,26.700001,26.700001,46100
2017-07-27,26.750000,26.750000,26.000000,26.250000,26.250000,97000
2017-07-28,26.200001,26.549999,26.150000,26.400000,26.400000,47800
2017-07-31,26.450001,26.450001,25.750000,26.049999,26.049999,61100
2017-08-01,26.200001,26.900000,25.799999,26.150000,26.150000,63400
2017-08-02,26.250000,26.299999,25.250000,25.799999,25.799999,62100
2017-08-03,25.750000,25.950001,25.400000,25.700001,25.700001,87000
2017-08-04,25.750000,26.100000,25.299999,25.650000,25.650000,91100
2017-08-07,25.450001,26.799999,25.350000,26.650000,26.650000,186500
2017-08-08,31.000000,34.000000,30.010000,32.250000,32.250000,672100
2017-08-09,32.250000,33.400002,32.000000,33.049999,33.049999,306600
2017-08-10,32.549999,34.200001,32.500000,33.750000,33.750000,308700
2017-08-11,33.950001,34.910000,33.599998,34.099998,34.099998,192000
2017-08-14,34.200001,34.880001,34.009998,34.450001,34.450001,179500
2017-08-15,34.450001,34.650002,32.799999,33.200001,33.200001,227000
2017-08-16,33.250000,34.500000,33.200001,34.000000,34.000000,215900
2017-08-17,34.200001,34.450001,33.500000,33.750000,33.750000,164700
2017-08-18,33.400002,33.980000,33.400002,33.750000,33.750000,76600
2017-08-21,33.900002,34.000000,33.250000,33.950001,33.950001,184400
2017-08-22,33.750000,35.299999,33.700001,34.950001,34.950001,214300
2017-08-23,34.799999,35.450001,34.750000,34.900002,34.900002,121100
2017-08-24,34.950001,35.310001,34.750000,35.150002,35.150002,91100
2017-08-25,35.400002,35.750000,34.900002,35.700001,35.700001,158200
2017-08-28,36.200001,36.549999,35.490002,35.849998,35.849998,106300
2017-08-29,35.750000,35.849998,34.750000,34.950001,34.950001,137900
2017-08-30,35.099998,37.150002,35.099998,36.750000,36.750000,222100
2017-08-31,36.900002,37.349998,36.500000,37.150002,37.150002,184600
2017-09-01,37.349998,38.599998,37.049999,38.450001,38.450001,149900
2017-09-05,38.450001,39.049999,37.200001,37.599998,37.599998,163900
2017-09-06,37.750000,38.270000,37.450001,38.250000,38.250000,123200
2017-09-07,38.150002,38.990002,38.049999,38.750000,38.750000,125500
2017-09-08,38.799999,39.990002,38.750000,39.549999,39.549999,137100
2017-09-11,40.000000,40.150002,39.410000,39.849998,39.849998,182500
2017-09-12,40.400002,41.150002,40.150002,40.500000,40.500000,274300
2017-09-13,40.700001,40.750000,39.099998,39.450001,39.450001,239600
2017-09-14,39.150002,39.650002,37.150002,37.450001,37.450001,315500
2017-09-15,37.250000,39.299999,36.900002,38.549999,38.549999,356400
2017-09-18,38.500000,40.400002,38.450001,40.250000,40.250000,207200
2017-09-19,40.049999,40.849998,40.000000,40.349998,40.349998,206500
2017-09-20,40.450001,41.099998,39.919998,40.500000,40.500000,210600
2017-09-21,40.450001,40.650002,39.599998,39.900002,39.900002,89700
2017-09-22,39.750000,40.099998,39.250000,39.849998,39.849998,78100
2017-09-25,39.849998,40.380001,38.950001,39.650002,39.650002,141400
2017-09-26,39.650002,40.200001,39.549999,39.650002,39.650002,129300
2017-09-27,39.750000,40.500000,39.450001,40.450001,40.450001,145900
2017-09-28,40.599998,42.799999,40.450001,41.150002,41.150002,280500
2017-09-29,41.150002,42.080002,40.900002,41.349998,41.349998,172700
2017-10-02,41.150002,43.099998,40.500000,43.000000,43.000000,186600
2017-10-03,43.349998,44.400002,42.450001,42.750000,42.750000,216600
2017-10-04,42.700001,43.150002,42.400002,43.099998,43.099998,152600
2017-10-05,43.200001,44.299999,42.900002,43.950001,43.950001,157900
2017-10-06,44.150002,44.400002,42.900002,43.750000,43.750000,130400
2017-10-09,43.900002,43.950001,43.299999,43.599998,43.599998,161200
2017-10-10,43.799999,43.799999,43.299999,43.400002,43.400002,109600
2017-10-11,43.400002,44.200001,42.750000,43.349998,43.349998,114800
2017-10-12,43.150002,43.549999,41.900002,42.349998,42.349998,126600
2017-10-13,42.400002,42.400002,40.549999,40.849998,40.849998,152400
2017-10-16,40.500000,41.000000,38.700001,40.000000,40.000000,266300
2017-10-17,39.900002,40.299999,39.599998,39.950001,39.950001,117100
2017-10-18,39.900002,40.099998,39.700001,39.750000,39.750000,97700
2017-10-19,39.900002,39.900002,36.650002,37.599998,37.599998,282600
2017-10-20,37.900002,39.650002,37.900002,39.200001,39.200001,198600
2017-10-23,39.099998,39.490002,37.500000,38.150002,38.150002,174800
2017-10-24,38.150002,38.560001,37.099998,37.349998,37.349998,173100
2017-10-25,37.450001,38.230000,36.799999,37.650002,37.650002,149300
2017-10-26,37.799999,39.049999,37.490002,38.150002,38.150002,156800
2017-10-27,38.250000,39.200001,37.900002,39.000000,39.000000,98500
2017-10-30,38.700001,38.700001,37.450001,37.849998,37.849998,101500
2017-10-31,37.950001,39.599998,37.900002,39.299999,39.299999,120300
2017-11-01,39.400002,39.400002,37.799999,39.049999,39.049999,147300
2017-11-02,39.000000,40.750000,38.830002,39.349998,39.349998,167900
2017-11-03,39.200001,40.950001,39.049999,40.299999,40.299999,128000
2017-11-06,40.799999,41.849998,39.900002,40.000000,40.000000,172800
2017-11-07,39.950001,40.250000,38.299999,38.950001,38.950001,207600
2017-11-08,41.500000,43.500000,37.950001,40.650002,40.650002,419900
2017-11-09,40.450001,41.700001,39.700001,41.599998,41.599998,179900
2017-11-10,41.299999,42.950001,40.900002,42.450001,42.450001,317200
2017-11-13,42.450001,43.049999,40.099998,42.650002,42.650002,325400
2017-11-14,42.500000,43.849998,41.599998,43.700001,43.700001,326300
2017-11-15,43.450001,46.150002,42.709999,45.299999,45.299999,310200
2017-11-16,45.450001,47.150002,42.400002,42.450001,42.450001,866000
2017-11-17,42.549999,43.650002,40.599998,42.500000,42.500000,340100
2017-11-20,42.549999,42.549999,40.639999,41.000000,41.000000,387300
2017-11-21,41.099998,42.150002,40.400002,40.799999,40.799999,224300
2017-11-22,40.700001,41.750000,40.500000,40.750000,40.750000,170200
2017-11-24,40.950001,42.750000,40.799999,42.750000,42.750000,141100
2017-11-27,43.000000,43.250000,41.349998,41.549999,41.549999,178700
2017-11-28,41.849998,42.750000,41.029999,41.099998,41.099998,205400
2017-11-29,41.200001,41.500000,39.849998,40.450001,40.450001,152900
2017-11-30,40.900002,41.349998,39.880001,41.049999,41.049999,263100
2017-12-01,41.099998,42.400002,40.849998,41.950001,41.950001,208000
2017-12-04,42.000000,43.220001,38.700001,38.750000,38.750000,145100
2017-12-05,38.799999,39.849998,38.299999,39.099998,39.099998,121500
2017-12-06,39.049999,39.799999,38.450001,39.500000,39.500000,131000
2017-12-07,39.450001,40.849998,39.450001,40.599998,40.599998,218500
2017-12-08,43.299999,45.450001,43.160000,44.549999,44.549999,656300
2017-12-11,44.700001,45.599998,44.330002,44.900002,44.900002,449600
2017-12-12,44.950001,47.400002,44.900002,47.000000,47.000000,627700
2017-12-13,47.150002,48.950001,46.849998,48.500000,48.500000,475800
2017-12-14,48.599998,48.900002,46.549999,47.200001,47.200001,2466000
2017-12-15,47.000000,48.349998,46.950001,47.400002,47.400002,645000
2017-12-18,47.400002,48.400002,46.150002,46.349998,46.349998,341500
2017-12-19,46.200001,46.799999,45.349998,46.099998,46.099998,327600
2017-12-20,46.049999,47.750000,45.400002,46.450001,46.450001,260500
2017-12-21,46.500000,47.099998,45.200001,45.900002,45.900002,161700
2017-12-22,45.900002,46.250000,45.049999,46.200001,46.200001,173000
2017-12-26,46.799999,46.799999,45.799999,45.849998,45.849998,172300
2017-12-27,46.049999,47.799999,45.799999,46.950001,46.950001,150100
2017-12-28,46.900002,47.900002,46.049999,46.599998,46.599998,110300
2017-12-29,48.000000,48.000000,45.250000,45.349998,45.349998,215500
2018-01-02,45.849998,46.450001,44.599998,45.299999,45.299999,258000
2018-01-03,45.200001,46.000000,44.380001,45.349998,45.349998,186500
2018-01-04,45.250000,45.430000,44.000000,44.250000,44.250000,222700
2018-01-05,44.349998,44.500000,43.450001,44.349998,44.349998,158900
2018-01-08,44.400002,47.150002,44.060001,46.400002,46.400002,190800
2018-01-09,46.400002,48.049999,45.700001,46.750000,46.750000,191900
2018-01-10,46.400002,46.700001,45.580002,46.400002,46.400002,80500
2018-01-11,46.549999,49.450001,46.450001,49.349998,49.349998,401500
2018-01-12,49.400002,50.500000,48.549999,50.349998,50.349998,273900
2018-01-16,50.599998,52.900002,48.750000,49.150002,49.150002,351500
2018-01-17,49.549999,50.099998,48.900002,49.000000,49.000000,208700
2018-01-18,49.049999,50.150002,48.299999,49.549999,49.549999,118000
2018-01-19,49.549999,51.299999,49.500000,51.099998,51.099998,151200
2018-01-22,51.200001,51.259998,49.650002,49.900002,49.900002,97700
2018-01-23,49.650002,49.950001,49.400002,49.500000,49.500000,80900
2018-01-24,49.799999,50.500000,49.200001,49.799999,49.799999,124000
2018-01-25,50.250000,51.000000,49.599998,50.549999,50.549999,207700
2018-01-26,50.750000,51.900002,50.549999,51.400002,51.400002,96800
2018-01-29,51.049999,51.400002,50.349998,50.400002,50.400002,131100
2018-01-30,49.700001,50.650002,48.970001,49.549999,49.549999,165400
2018-01-31,49.799999,51.650002,49.299999,49.599998,49.599998,117500
2018-02-01,49.400002,51.549999,48.650002,50.750000,50.750000,169100
2018-02-02,50.150002,50.950001,49.200001,49.900002,49.900002,81200
2018-02-05,49.250000,50.400002,48.799999,49.099998,49.099998,144500
2018-02-06,48.049999,49.299999,46.500000,47.799999,47.799999,198200
2018-02-07,47.799999,48.099998,46.650002,47.299999,47.299999,92400
2018-02-08,47.349998,47.799999,43.400002,44.950001,44.950001,309800
2018-02-09,45.099998,45.400002,43.750000,44.900002,44.900002,144200
2018-02-12,45.000000,46.349998,42.060001,46.099998,46.099998,154300
2018-02-13,45.650002,46.750000,44.880001,45.950001,45.950001,108800
2018-02-14,45.799999,46.950001,44.900002,46.650002,46.650002,171200
2018-02-15,47.500000,52.500000,47.500000,50.500000,50.500000,464100
2018-02-16,50.200001,50.779999,47.599998,48.400002,48.400002,242800
2018-02-20,48.150002,48.200001,45.950001,46.200001,46.200001,172000
2018-02-21,46.400002,48.200001,45.919998,46.750000,46.750000,149700
2018-02-22,46.799999,47.330002,44.950001,45.099998,45.099998,139400
2018-02-23,45.349998,46.200001,44.400002,45.250000,45.250000,168900
2018-02-26,45.400002,46.200001,44.410000,45.450001,45.450001,153000
2018-02-27,44.849998,46.200001,44.750000,45.650002,45.650002,180200
2018-02-28,45.900002,46.549999,44.950001,45.049999,45.049999,182100
2018-03-01,45.200001,46.000000,44.450001,45.900002,45.900002,184500
2018-03-02,45.349998,47.250000,44.700001,47.099998,47.099998,157600
2018-03-05,46.950001,47.900002,46.369999,47.849998,47.849998,179600
2018-03-06,47.799999,48.599998,46.700001,47.849998,47.849998,159300
2018-03-07,47.349998,49.200001,46.599998,48.950001,48.950001,183900
2018-03-08,49.049999,49.799999,48.599998,49.650002,49.650002,110400
2018-03-09,49.750000,50.750000,49.150002,50.450001,50.450001,178200
2018-03-12,50.599998,51.599998,50.099998,50.599998,50.599998,107600
2018-03-13,51.849998,54.250000,51.110001,53.299999,53.299999,412400
2018-03-14,53.049999,54.150002,52.200001,52.599998,52.599998,160100
2018-03-15,52.250000,54.700001,52.200001,53.900002,53.900002,160500
2018-03-16,54.049999,54.849998,52.900002,54.599998,54.599998,246700
2018-03-19,55.000000,55.000000,52.500000,53.349998,53.349998,133800
2018-03-20,53.349998,54.349998,51.549999,54.150002,54.150002,109600
2018-03-21,54.349998,54.950001,53.299999,53.549999,53.549999,83100
2018-03-22,53.150002,53.349998,52.299999,52.549999,52.549999,118900
2018-03-23,52.650002,53.400002,51.799999,51.950001,51.950001,127300
2018-03-26,52.549999,52.549999,48.910000,51.700001,51.700001,430600
2018-03-27,51.700001,52.450001,49.700001,50.200001,50.200001,128000
2018-03-28,50.299999,50.599998,48.700001,48.799999,48.799999,181500
2018-03-29,49.049999,51.150002,48.549999,50.250000,50.250000,151200
2018-04-02,50.250000,50.500000,48.849998,49.250000,49.250000,91300
2018-04-03,49.450001,50.150002,48.849998,49.900002,49.900002,200600
2018-04-04,49.200001,51.750000,48.900002,51.549999,51.549999,159000
2018-04-05,51.700001,53.950001,51.299999,53.400002,53.400002,228200
2018-04-06,52.950001,53.599998,50.700001,51.400002,51.400002,216700
2018-04-09,51.700001,52.150002,50.000000,50.150002,50.150002,227100
2018-04-10,50.549999,52.150002,50.450001,51.650002,51.650002,123100
2018-04-11,51.400002,52.450001,50.900002,52.450001,52.450001,116500
2018-04-12,52.700001,53.049999,51.799999,52.250000,52.250000,76200
2018-04-13,52.500000,53.400002,52.049999,52.700001,52.700001,98500
2018-04-16,53.200001,54.950001,53.200001,54.599998,54.599998,144700
2018-04-17,54.900002,54.950001,52.299999,52.849998,52.849998,211800
2018-04-18,53.000000,53.099998,51.000000,51.299999,51.299999,205700
2018-04-19,51.200001,51.680000,50.500000,51.299999,51.299999,109000
2018-04-20,51.200001,52.000000,51.099998,51.299999,51.299999,122700
2018-04-23,51.750000,52.299999,50.900002,52.200001,52.200001,154700
2018-04-24,52.400002,52.450001,50.509998,51.500000,51.500000,173600
2018-04-25,51.250000,51.849998,50.700001,51.000000,51.000000,73800
2018-04-26,51.049999,51.299999,49.650002,49.900002,49.900002,228400
2018-04-27,49.900002,50.180000,48.950001,49.900002,49.900002,103800
2018-04-30,50.150002,51.000000,49.200001,50.150002,50.150002,146400
2018-05-01,50.099998,50.650002,49.349998,50.450001,50.450001,180700
2018-05-02,50.150002,51.900002,50.150002,51.700001,51.700001,119600
2018-05-03,51.500000,52.900002,50.799999,52.500000,52.500000,186200
2018-05-04,52.250000,53.200001,51.250000,52.900002,52.900002,131000
2018-05-07,53.049999,54.549999,52.900002,54.299999,54.299999,164300
2018-05-08,54.200001,56.049999,53.849998,55.849998,55.849998,316900
2018-05-09,49.450001,49.950001,38.529999,39.029999,39.029999,1627100
2018-05-10,39.450001,39.799999,34.830002,35.450001,35.450001,1009700
2018-05-11,35.599998,37.599998,34.759998,37.450001,37.450001,659300
2018-05-14,38.299999,39.450001,36.599998,37.450001,37.450001,436000
2018-05-15,37.400002,38.400002,36.599998,37.950001,37.950001,226000
2018-05-16,37.700001,38.500000,37.450001,38.150002,38.150002,313500
2018-05-17,38.250000,40.200001,38.250000,40.000000,40.000000,341000
2018-05-18,40.200001,41.299999,40.099998,41.150002,41.150002,243900
2018-05-21,41.200001,41.599998,40.509998,40.750000,40.750000,249300
2018-05-22,40.650002,40.650002,39.599998,39.700001,39.700001,216800
2018-05-23,39.500000,40.250000,39.349998,39.650002,39.650002,171000
2018-05-24,39.599998,40.049999,39.150002,39.650002,39.650002,147200
2018-05-25,39.700001,40.130001,39.299999,39.700001,39.700001,177600
2018-05-29,39.599998,41.200001,39.400002,41.099998,41.099998,245100
2018-05-30,41.099998,41.700001,40.750000,40.799999,40.799999,233500
2018-05-31,40.650002,42.099998,39.310001,42.000000,42.000000,187800
2018-06-01,42.250000,44.450001,40.169998,44.200001,44.200001,495400
2018-06-04,44.000000,46.150002,43.450001,46.000000,46.000000,352300
2018-06-05,46.150002,48.700001,45.730000,48.549999,48.549999,566600
2018-06-06,48.500000,48.849998,46.750000,47.349998,47.349998,338000
2018-06-07,47.700001,47.700001,45.799999,46.099998,46.099998,254300
2018-06-08,46.049999,46.750000,44.950001,45.549999,45.549999,430800
2018-06-11,45.700001,46.500000,45.500000,46.400002,46.400002,204500
2018-06-12,46.450001,46.849998,44.759998,45.950001,45.950001,270500
2018-06-13,46.099998,46.630001,45.680000,46.200001,46.200001,257400
2018-06-14,46.299999,46.549999,43.700001,44.799999,44.799999,436400
2018-06-15,44.549999,44.549999,43.049999,43.400002,43.400002,409600
2018-06-18,43.250000,44.900002,43.200001,44.400002,44.400002,196600
2018-06-19,43.950001,44.400002,42.349998,43.049999,43.049999,198100
2018-06-20,43.150002,43.700001,42.150002,43.650002,43.650002,173300
2018-06-21,43.700001,43.849998,42.799999,43.349998,43.349998,211800
2018-06-22,43.299999,43.599998,41.750000,41.750000,41.750000,395400
2018-06-25,41.700001,41.700001,40.450001,40.500000,40.500000,154300
2018-06-26,40.549999,41.500000,40.299999,40.599998,40.599998,141900
2018-06-27,40.500000,41.090000,37.599998,38.099998,38.099998,324700
2018-06-28,37.799999,39.349998,37.400002,39.250000,39.250000,223000
2018-06-29,39.299999,40.400002,38.830002,40.299999,40.299999,237800
