Date,Open,High,Low,Close,Adj Close,Volume
2013-01-02,16.219999,16.700001,16.030001,16.370001,14.414521,24500
2013-01-03,15.820000,16.549999,15.820000,16.290001,14.344078,6800
2013-01-04,16.330000,16.330000,15.810000,15.980000,14.071107,11500
2013-01-07,15.850000,16.090000,15.850000,15.930000,14.027080,5100
2013-01-08,15.870000,15.980000,15.620000,15.860000,13.965441,5700
2013-01-09,16.030001,16.230000,15.400000,15.890000,13.991859,21800
2013-01-10,15.880000,16.150000,15.710000,16.150000,14.220800,9400
2013-01-11,16.160000,16.200001,15.770000,15.900000,14.000664,9100
2013-01-14,15.920000,15.990000,15.450000,15.740000,13.859779,5900
2013-01-15,15.830000,16.020000,15.630000,16.010000,14.097525,3000
2013-01-16,15.920000,16.190001,15.890000,15.890000,13.991859,3700
2013-01-17,16.000000,16.360001,15.670000,16.209999,14.273633,4400
2013-01-18,16.120001,16.500000,16.059999,16.430000,14.467355,8200
2013-01-22,16.469999,16.500000,16.170000,16.260000,14.317663,19500
2013-01-23,16.299999,16.490000,16.250000,16.250000,14.308853,3700
2013-01-24,16.360001,16.440001,15.970000,16.059999,14.141548,21000
2013-01-25,16.080000,16.080000,15.370000,15.790000,13.903803,20700
2013-01-28,15.810000,16.150000,15.800000,16.139999,14.211993,3500
2013-01-29,16.309999,16.500000,15.980000,16.230000,14.291243,8100
2013-01-30,15.990000,16.090000,15.700000,15.720000,13.842165,5400
2013-01-31,15.770000,15.970000,15.360000,15.640000,13.771725,8700
2013-02-01,15.700000,16.500000,15.700000,16.440001,14.476156,15800
2013-02-04,16.330000,16.330000,16.000000,16.059999,14.141548,4600
2013-02-05,16.070000,16.340000,16.070000,16.340000,14.388103,1600
2013-02-06,16.260000,16.260000,16.049999,16.150000,14.220800,6000
2013-02-07,16.090000,16.180000,16.049999,16.100000,14.176772,6600
2013-02-08,16.030001,16.190001,15.630000,16.170000,14.238413,12000
2013-02-11,16.209999,16.290001,16.129999,16.129999,14.203189,2900
2013-02-12,16.219999,16.389999,16.110001,16.240000,14.300052,6900
2013-02-13,16.200001,16.330000,16.160000,16.190001,14.256021,5900
2013-02-14,16.170000,16.200001,16.010000,16.070000,14.150358,2400
2013-02-15,16.219999,16.340000,15.900000,16.080000,14.247823,30000
2013-02-19,16.000000,16.500000,15.980000,16.370001,14.504780,10200
2013-02-20,16.330000,16.410000,16.150000,16.250000,14.398452,11000
2013-02-21,16.309999,16.490000,16.260000,16.340000,14.478197,2100
2013-02-22,16.500000,16.500000,16.480000,16.490000,14.611104,2700
2013-02-25,16.549999,16.750000,16.320000,16.320000,14.460475,4300
2013-02-26,16.459999,16.750000,15.970000,16.559999,14.673128,14500
2013-02-27,16.740000,16.990000,16.719999,16.830000,14.912371,17400
2013-02-28,16.730000,16.730000,16.280001,16.629999,14.735156,7000
2013-03-01,16.389999,16.500000,16.080000,16.430000,14.557943,4200
2013-03-04,16.480000,16.820000,16.059999,16.360001,14.495921,24800
2013-03-05,16.280001,16.690001,16.170000,16.350000,14.487059,7000
2013-03-06,16.420000,16.510000,16.420000,16.430000,14.557943,1100
2013-03-07,16.450001,16.450001,16.350000,16.389999,14.522501,2300
2013-03-08,16.450001,17.270000,16.240000,17.150000,15.195907,18400
2013-03-11,17.080000,17.080000,16.559999,16.870001,14.947808,8500
2013-03-12,16.830000,18.639999,16.830000,17.840000,15.807281,33600
2013-03-13,17.910000,20.000000,17.049999,18.600000,16.480692,69100
2013-03-14,18.690001,19.090000,18.299999,18.469999,16.365501,7000
2013-03-15,18.450001,18.450001,17.700001,17.750000,15.727542,29000
2013-03-18,17.549999,17.570000,17.160000,17.160000,15.204767,5200
2013-03-19,17.170000,17.450001,17.100000,17.340000,15.364257,5000
2013-03-20,17.559999,17.940001,17.260000,17.799999,15.771843,13800
2013-03-21,17.580000,17.580000,17.400000,17.469999,15.479445,2800
2013-03-22,17.590000,18.129999,17.549999,17.830000,15.798428,8700
2013-03-25,17.860001,18.160000,17.860001,18.030001,15.975636,1900
2013-03-26,18.200001,18.340000,17.799999,17.889999,15.851590,8000
2013-03-27,17.730000,18.170000,17.629999,18.030001,15.975636,6200
2013-03-28,18.090000,18.200001,17.469999,17.540001,15.541471,12400
2013-04-01,17.459999,18.250000,17.350000,17.370001,15.390839,8000
2013-04-02,17.500000,17.500000,16.420000,16.530001,14.646547,7100
2013-04-03,16.600000,16.600000,16.150000,16.200001,14.354152,17900
2013-04-04,16.200001,16.540001,16.200001,16.510000,14.628826,8600
2013-04-05,16.379999,16.840000,16.379999,16.559999,14.673128,2200
2013-04-08,16.580000,16.580000,16.160000,16.209999,14.363010,7000
2013-04-09,16.160000,16.469999,15.870000,15.980000,14.159215,34600
2013-04-10,16.040001,16.360001,16.040001,16.250000,14.398452,8000
2013-04-11,16.280001,16.480000,16.209999,16.450001,14.575665,4100
2013-04-12,16.660000,16.740000,16.389999,16.389999,14.522501,3600
2013-04-15,16.379999,16.709999,15.300000,15.330000,13.583280,18300
2013-04-16,15.530000,15.700000,15.040000,15.500000,13.733912,22200
2013-04-17,15.360000,15.600000,14.950000,15.060000,13.344043,18600
2013-04-18,15.110000,15.280000,15.100000,15.110000,13.388346,6500
2013-04-19,15.080000,15.580000,15.080000,15.530000,13.760490,6200
2013-04-22,15.640000,15.680000,15.250000,15.490000,13.725048,13700
2013-04-23,15.690000,16.180000,15.330000,16.150000,14.309848,44300
2013-04-24,16.030001,16.580000,15.650000,16.059999,14.230099,19700
2013-04-25,15.940000,17.000000,15.750000,16.190001,14.345290,24000
2013-04-26,16.180000,16.299999,15.800000,15.960000,14.141495,13300
2013-04-29,16.080000,16.590000,15.970000,16.340000,14.478197,18300
2013-04-30,16.420000,16.730000,16.379999,16.730000,14.823762,7100
2013-05-01,16.690001,17.010000,15.310000,15.430000,13.671885,31100
2013-05-02,15.550000,15.750000,15.210000,15.340000,13.592140,16400
2013-05-03,15.500000,15.850000,15.500000,15.630000,13.849097,13600
2013-05-06,15.450000,15.750000,15.350000,15.730000,13.937704,7800
2013-05-07,15.770000,16.010000,15.710000,15.900000,14.088331,8400
2013-05-08,15.960000,16.370001,15.810000,15.850000,14.044030,5800
2013-05-09,15.770000,15.780000,15.130000,15.180000,13.450371,17400
2013-05-10,15.250000,15.300000,15.030000,15.170000,13.441509,21600
2013-05-13,14.910000,15.230000,14.910000,15.080000,13.361763,25100
2013-05-14,15.330000,15.330000,14.900000,15.070000,13.352905,18700
2013-05-15,15.060000,15.110000,14.750000,14.910000,13.211133,32900
2013-05-16,15.240000,15.240000,14.810000,15.230000,13.494675,15900
2013-05-17,15.280000,15.490000,15.100000,15.260000,13.521254,12700
2013-05-20,15.140000,15.650000,14.970000,15.280000,13.628282,22000
2013-05-21,15.140000,15.430000,15.100000,15.120000,13.485576,10100
2013-05-22,15.120000,15.250000,14.750000,14.750000,13.155576,8000
2013-05-23,14.680000,15.020000,14.580000,14.810000,13.209091,8000
2013-05-24,14.750000,15.250000,14.650000,14.750000,13.155576,10000
2013-05-28,14.970000,15.460000,14.960000,15.390000,13.726391,19800
2013-05-29,15.390000,15.390000,14.970000,15.190000,13.548012,9400
2013-05-30,15.230000,15.250000,14.820000,14.870000,13.262603,9800
2013-05-31,14.850000,15.000000,14.700000,14.780000,13.182331,14000
2013-06-03,14.920000,16.340000,14.830000,15.950000,14.225859,23300
2013-06-04,15.910000,16.120001,15.500000,15.510000,13.833423,10300
2013-06-05,15.270000,15.510000,14.810000,14.840000,13.235846,25700
2013-06-06,14.890000,15.120000,14.760000,15.120000,13.485576,11100
2013-06-07,15.290000,15.610000,14.950000,15.360000,13.699636,15200
2013-06-10,15.200000,15.520000,15.200000,15.380000,13.717474,9100
2013-06-11,15.160000,15.270000,15.000000,15.000000,13.378551,14700
2013-06-12,15.140000,15.170000,14.830000,14.910000,13.298279,9400
2013-06-13,14.950000,15.100000,14.890000,15.100000,13.467742,13700
2013-06-14,15.040000,15.200000,14.830000,14.850000,13.244763,14700
2013-06-17,15.090000,15.340000,14.960000,15.190000,13.548012,9500
2013-06-18,15.180000,15.890000,15.100000,15.250000,13.601525,16100
2013-06-19,15.270000,15.280000,14.860000,14.990000,13.369630,13300
2013-06-20,14.810000,15.490000,14.760000,15.040000,13.414225,17800
2013-06-21,15.130000,15.290000,15.030000,15.220000,13.574769,25300
2013-06-24,15.040000,15.330000,14.800000,15.020000,13.396388,28900
2013-06-25,15.150000,15.320000,15.100000,15.180000,13.539094,8900
2013-06-26,14.840000,15.610000,14.810000,15.470000,13.797744,23700
2013-06-27,15.830000,16.580000,15.340000,16.430000,14.653973,31100
2013-06-28,16.270000,16.660000,15.880000,16.000000,14.270453,840500
2013-07-01,16.129999,16.450001,16.000000,16.250000,14.493428,10600
2013-07-02,16.160000,16.799999,16.150000,16.540001,14.752082,8400
2013-07-03,16.240000,16.740000,16.240000,16.700001,14.894789,2500
2013-07-05,16.830000,16.830000,16.270000,16.540001,14.752082,2000
2013-07-08,16.549999,16.549999,16.129999,16.469999,14.689647,6700
2013-07-09,16.389999,16.490000,16.040001,16.400000,14.627213,21700
2013-07-10,16.350000,16.440001,16.010000,16.360001,14.591541,9600
2013-07-11,16.400000,16.690001,16.100000,16.549999,14.761003,4900
2013-07-12,16.500000,16.650000,16.120001,16.500000,14.716404,15300
2013-07-15,16.549999,16.730000,16.240000,16.600000,14.805594,5800
2013-07-16,16.540001,16.680000,16.530001,16.680000,14.876948,3800
2013-07-17,16.760000,16.889999,16.440001,16.760000,14.948302,2800
2013-07-18,16.969999,16.969999,16.590000,16.719999,14.912624,2200
2013-07-19,16.760000,16.940001,16.260000,16.840000,15.019651,8500
2013-07-22,16.850000,16.850000,16.230000,16.450001,14.671810,11200
2013-07-23,16.549999,16.650000,16.070000,16.650000,14.850187,8900
2013-07-24,16.700001,16.700001,16.309999,16.469999,14.689647,2100
2013-07-25,16.490000,16.799999,16.100000,16.320000,14.555861,20300
2013-07-26,16.230000,16.400000,16.000000,16.180000,14.430998,7400
2013-07-29,16.389999,16.420000,15.920000,16.370001,14.600457,9600
2013-07-30,16.530001,16.900000,16.250000,16.690001,14.885869,7200
2013-07-31,16.250000,16.870001,16.250000,16.719999,14.912624,4100
2013-08-01,16.740000,17.290001,16.299999,17.139999,15.287225,13500
2013-08-02,17.100000,17.299999,16.860001,16.910000,15.082084,11400
2013-08-05,16.870001,17.480000,16.809999,16.850000,15.028575,16300
2013-08-06,16.879999,17.209999,16.500000,17.040001,15.198034,5200
2013-08-07,17.000000,17.219999,16.770000,16.930000,15.099921,4300
2013-08-08,17.270000,17.270000,16.500000,16.850000,15.028575,3700
2013-08-09,16.709999,16.889999,16.709999,16.730000,14.921544,2600
2013-08-12,16.750000,17.750000,16.750000,16.940001,15.108841,5800
2013-08-13,17.139999,17.320000,16.920000,17.230000,15.367491,2900
2013-08-14,17.469999,17.469999,17.070000,17.180000,15.322897,1000
2013-08-15,17.180000,17.180000,16.459999,16.809999,14.992894,1300
2013-08-16,17.160000,17.440001,17.090000,17.330000,15.456685,3100
2013-08-19,17.260000,17.520000,17.260000,17.330000,15.546391,1100
2013-08-20,17.370001,17.719999,17.299999,17.330000,15.546391,3500
2013-08-21,17.299999,17.370001,16.500000,16.900000,15.160651,11300
2013-08-22,16.930000,17.299999,16.500000,17.020000,15.268297,2900
2013-08-23,16.980000,16.980000,16.570000,16.700001,14.981234,3700
2013-08-26,16.730000,17.090000,16.500000,16.559999,14.855640,8600
2013-08-27,16.370001,16.520000,16.299999,16.420000,14.730049,5100
2013-08-28,16.440001,16.520000,16.370001,16.520000,14.819758,2000
2013-08-29,16.870001,17.070000,16.870001,17.070000,15.313151,1200
2013-08-30,17.139999,17.139999,16.540001,16.629999,14.918436,1400
2013-09-03,17.000000,17.059999,16.879999,16.879999,15.142706,4700
2013-09-04,17.000000,17.030001,16.180000,16.180000,14.514751,14600
2013-09-05,16.309999,16.400000,15.770000,15.900000,14.263570,15000
2013-09-06,15.990000,16.240000,15.750000,15.880000,14.245627,3400
2013-09-09,16.049999,16.360001,15.800000,15.800000,14.173861,1200
2013-09-10,15.870000,15.870000,15.270000,15.510000,13.913709,49500
2013-09-11,15.540000,15.670000,15.500000,15.670000,14.057240,6100
2013-09-12,15.650000,15.800000,15.440000,15.650000,14.039297,3500
2013-09-13,15.660000,15.720000,15.410000,15.630000,14.021357,1600
2013-09-16,15.850000,16.090000,15.670000,16.000000,14.353276,5800
2013-09-17,16.059999,16.160000,15.630000,15.630000,14.021357,3200
2013-09-18,15.670000,15.850000,15.630000,15.650000,14.039297,8800
2013-09-19,15.890000,15.890000,15.890000,15.890000,14.254600,200
2013-09-20,15.670000,15.800000,15.670000,15.800000,14.173861,2600
2013-09-23,15.780000,15.780000,15.630000,15.630000,14.021357,700
2013-09-24,15.680000,15.780000,15.500000,15.620000,14.012388,2800
2013-09-25,15.610000,15.680000,15.520000,15.550000,13.949589,2600
2013-09-26,15.590000,15.960000,15.590000,15.610000,14.003416,1600
2013-09-27,15.530000,15.840000,15.500000,15.660000,14.048268,5900
2013-09-30,15.610000,16.400000,15.500000,16.170000,14.505782,9100
2013-10-01,16.020000,16.520000,15.660000,16.480000,14.783871,6000
2013-10-02,16.139999,16.340000,16.139999,16.340000,14.658282,1500
2013-10-03,16.420000,16.459999,16.059999,16.180000,14.514751,2700
2013-10-04,16.740000,16.770000,16.500000,16.600000,14.891525,3600
2013-10-07,16.650000,16.770000,16.080000,16.650000,14.936376,13200
2013-10-08,16.770000,17.240000,16.650000,16.809999,15.079911,7200
2013-10-09,16.860001,17.070000,16.860001,16.920000,15.178591,2100
2013-10-10,17.010000,17.320000,17.010000,17.219999,15.447715,1000
2013-10-11,17.190001,17.389999,17.190001,17.250000,15.474629,1400
2013-10-14,17.389999,17.500000,17.250000,17.430000,15.636101,5700
2013-10-15,17.000000,17.520000,17.000000,17.440001,15.645071,1900
2013-10-16,17.260000,17.500000,16.870001,17.320000,15.537420,19400
2013-10-17,15.390000,17.500000,15.390000,17.209999,15.438744,1500
2013-10-18,17.230000,17.500000,17.190001,17.299999,15.519478,800
2013-10-21,17.500000,17.500000,17.360001,17.360001,15.573305,2500
2013-10-22,17.260000,17.490000,17.020000,17.020000,15.268297,5200
2013-10-23,17.219999,17.219999,16.370001,16.959999,15.214470,3200
2013-10-24,16.930000,16.930000,16.760000,16.760000,15.035059,300
2013-10-25,16.809999,16.809999,16.750000,16.809999,15.079911,2200
2013-10-28,16.750000,16.750000,16.360001,16.360001,14.676228,900
2013-10-29,16.520000,17.379999,15.940000,16.770000,15.044028,4000
2013-10-30,16.969999,17.250000,16.799999,16.809999,15.079911,5400
2013-10-31,16.799999,16.969999,16.600000,16.620001,14.909468,4400
2013-11-01,17.450001,17.450001,16.549999,16.549999,14.846673,3600
2013-11-04,16.709999,16.959999,16.709999,16.850000,15.115798,1500
2013-11-05,16.500000,16.520000,16.250000,16.250000,14.577545,6500
2013-11-06,16.250000,16.629999,16.250000,16.250000,14.577545,4400
2013-11-07,16.440001,16.620001,16.440001,16.600000,14.891525,4100
2013-11-08,16.500000,16.600000,16.500000,16.600000,14.891525,2000
2013-11-11,16.620001,16.940001,16.400000,16.750000,15.026086,7800
2013-11-12,16.500000,16.549999,16.450001,16.450001,14.756963,1000
2013-11-13,16.270000,16.879999,16.100000,16.690001,14.972263,20200
2013-11-14,16.820000,16.930000,16.799999,16.910000,15.169620,1300
2013-11-15,16.930000,17.250000,16.549999,17.059999,15.304181,9900
2013-11-18,17.170000,17.500000,16.680000,16.990000,15.340299,3100
2013-11-19,16.950001,17.990000,16.920000,16.980000,15.331267,7500
2013-11-20,17.090000,17.799999,16.530001,17.129999,15.466702,3000
2013-11-21,17.500000,17.500000,17.400000,17.400000,15.710486,1500
2013-11-22,17.040001,17.040001,17.000000,17.000000,15.349324,300
2013-11-25,17.240000,17.500000,17.240000,17.500000,15.800775,1700
2013-11-26,17.459999,17.500000,17.389999,17.389999,15.701459,900
2013-11-27,17.500000,17.700001,16.770000,17.500000,15.800775,2800
2013-11-29,17.500000,17.500000,17.240000,17.240000,15.566024,400
2013-12-02,17.240000,17.540001,16.980000,17.490000,15.791749,4900
2013-12-03,17.730000,17.730000,17.309999,17.459999,15.764658,2200
2013-12-04,17.400000,17.719999,17.040001,17.379999,15.692430,7200
2013-12-05,17.400000,17.400000,17.400000,17.400000,15.710486,600
2013-12-06,17.469999,17.740000,17.090000,17.090000,15.430589,3000
2013-12-09,17.309999,17.450001,16.850000,16.850000,15.213895,5900
2013-12-10,16.850000,16.850000,16.270000,16.459999,14.861758,47200
2013-12-11,16.570000,16.629999,16.150000,16.350000,14.762442,2300
2013-12-12,16.610001,16.610001,15.910000,16.190001,14.617977,6800
2013-12-13,16.090000,16.090000,15.800000,16.049999,14.491569,6100
2013-12-16,16.100000,16.100000,15.800000,15.890000,14.347108,5500
2013-12-17,15.800000,16.209999,15.560000,15.800000,14.265846,13800
2013-12-18,15.720000,16.490000,15.720000,16.120001,14.554772,17000
2013-12-19,16.250000,16.370001,16.100000,16.370001,14.780499,1800
2013-12-20,16.320000,16.340000,16.100000,16.120001,14.554772,4000
2013-12-23,16.150000,16.709999,16.150000,16.400000,14.807585,6600
2013-12-24,16.620001,16.620001,16.219999,16.299999,14.717297,5000
2013-12-26,16.250000,16.250000,15.450000,16.090000,14.527687,2800
2013-12-27,16.010000,16.100000,16.010000,16.100000,14.536716,5700
2013-12-30,15.990000,16.340000,15.990000,16.340000,14.753411,17100
2013-12-31,16.250000,16.459999,15.920000,15.920000,14.374191,6000
2014-01-02,16.059999,16.219999,16.059999,16.219999,14.645061,700
2014-01-03,16.430000,16.430000,16.160000,16.230000,14.654092,700
2014-01-06,16.299999,16.309999,15.900000,16.040001,14.482541,12000
2014-01-07,15.900000,16.389999,15.900000,16.389999,14.798555,16800
2014-01-08,16.110001,16.440001,15.870000,16.000000,14.446425,9400
2014-01-09,16.150000,16.379999,15.850000,16.110001,14.545745,3400
2014-01-10,16.030001,16.360001,15.860000,16.250000,14.672152,8200
2014-01-13,16.049999,16.090000,16.049999,16.090000,14.527687,400
2014-01-14,16.040001,16.290001,16.000000,16.010000,14.455455,1300
2014-01-15,16.150000,16.430000,16.150000,16.299999,14.717297,1100
2014-01-16,15.890000,16.690001,15.870000,16.340000,14.753411,7300
2014-01-17,16.430000,16.700001,16.430000,16.590000,14.979137,900
2014-01-21,16.750000,17.120001,16.750000,17.030001,15.376413,5400
2014-01-22,17.709999,17.709999,17.010000,17.010000,15.358355,2400
2014-01-23,17.020000,17.280001,16.410000,17.139999,15.475732,10600
2014-01-24,16.860001,16.860001,16.160000,16.430000,14.834673,3600
2014-01-27,16.190001,16.870001,16.190001,16.270000,14.690210,900
2014-01-28,16.379999,16.379999,15.350000,16.010000,14.455455,23600
2014-01-29,15.680000,16.059999,15.680000,15.940000,14.392252,1600
2014-01-30,16.100000,16.100000,15.690000,15.910000,14.365166,3800
2014-01-31,15.460000,15.540000,15.450000,15.540000,14.031091,3000
2014-02-03,15.780000,15.780000,15.350000,15.670000,14.148466,5900
2014-02-04,15.830000,15.940000,15.490000,15.760000,14.229730,5700
2014-02-05,15.740000,15.900000,15.360000,15.360000,13.868570,1200
2014-02-06,15.600000,16.000000,15.370000,15.550000,14.040118,6800
2014-02-07,15.510000,15.600000,15.510000,15.600000,14.085265,3100
2014-02-10,15.500000,15.700000,15.500000,15.700000,14.175553,1600
2014-02-11,15.700000,15.700000,15.700000,15.700000,14.175553,0
2014-02-12,15.840000,16.230000,15.830000,15.990000,14.437394,9100
2014-02-13,15.990000,16.040001,15.920000,15.940000,14.392252,6900
2014-02-14,16.000000,16.270000,15.900000,15.980000,14.528627,5700
2014-02-18,16.270000,16.469999,15.920000,16.120001,14.655912,6900
2014-02-19,16.000000,16.139999,15.680000,15.930000,14.483170,7300
2014-02-20,16.080000,16.120001,15.670000,15.890000,14.446803,1900
2014-02-21,15.660000,15.950000,15.630000,15.870000,14.428619,13900
2014-02-24,16.219999,16.219999,15.650000,15.940000,14.492260,7500
2014-02-25,15.870000,15.870000,15.870000,15.870000,14.428619,100
2014-02-26,15.890000,15.890000,15.850000,15.850000,14.410435,2300
2014-02-27,15.940000,15.940000,15.850000,15.870000,14.428619,2500
2014-02-28,15.950000,16.190001,15.850000,15.910000,14.464985,8800
2014-03-03,15.930000,16.240000,15.750000,15.890000,14.446803,13000
2014-03-04,15.800000,16.250000,15.800000,16.049999,14.592268,19300
2014-03-05,16.040001,16.110001,15.940000,16.059999,14.601361,4200
2014-03-06,16.170000,16.250000,15.920000,16.219999,14.746829,10800
2014-03-07,16.160000,16.250000,15.940000,16.129999,14.665003,20100
2014-03-10,16.059999,16.379999,16.059999,16.240000,14.765017,6800
2014-03-11,16.379999,16.379999,16.260000,16.370001,14.883208,700
2014-03-12,16.219999,16.360001,16.219999,16.260000,14.783197,800
2014-03-13,16.379999,16.379999,16.209999,16.290001,14.810473,800
2014-03-14,16.299999,16.430000,16.299999,16.389999,14.901387,1900
2014-03-17,16.540001,17.000000,16.280001,16.830000,15.301429,8100
2014-03-18,16.580000,16.879999,16.580000,16.770000,15.246876,1700
2014-03-19,16.440001,16.639999,16.440001,16.610001,15.101409,2900
2014-03-20,16.500000,16.889999,16.010000,16.170000,14.701372,11700
2014-03-21,16.070000,16.070000,15.750000,15.750000,14.319518,11300
2014-03-24,15.750000,15.920000,15.750000,15.920000,14.474075,1600
2014-03-25,15.770000,15.960000,15.750000,15.930000,14.483170,8700
2014-03-26,15.750000,16.139999,15.750000,16.090000,14.628638,7900
2014-03-27,16.049999,16.150000,16.049999,16.059999,14.601361,6300
2014-03-28,16.090000,16.100000,15.970000,15.970000,14.519537,7800
2014-03-31,16.209999,16.480000,16.209999,16.230000,14.755920,6900
2014-04-01,15.890000,16.170000,15.860000,16.010000,14.555904,7400
2014-04-02,16.040001,16.080000,16.030001,16.080000,14.619545,1200
2014-04-03,16.250000,16.389999,16.100000,16.379999,14.892298,3300
2014-04-04,16.180000,16.250000,16.139999,16.139999,14.674095,3500
2014-04-07,15.920000,16.030001,15.800000,15.950000,14.501351,4300
2014-04-08,15.950000,15.950000,15.950000,15.950000,14.501351,0
2014-04-09,16.049999,16.070000,15.950000,15.970000,14.519537,1500
2014-04-10,15.970000,15.970000,15.970000,15.970000,14.519537,0
2014-04-11,15.900000,16.030001,15.900000,15.930000,14.483170,700
2014-04-14,16.020000,16.049999,15.890000,15.890000,14.446803,800
2014-04-15,15.900000,15.900000,15.510000,15.560000,14.146774,15200
2014-04-16,15.690000,15.870000,15.500000,15.780000,14.346793,11400
2014-04-17,15.660000,16.049999,15.660000,15.910000,14.464985,6600
2014-04-21,15.880000,16.080000,15.880000,16.070000,14.610454,37700
2014-04-22,15.980000,16.070000,15.910000,15.910000,14.464985,1200
2014-04-23,16.230000,16.490000,15.970000,16.410000,14.919573,648900
2014-04-24,16.690001,16.910000,16.450001,16.850000,15.319613,3300
2014-04-25,16.850000,17.530001,16.719999,17.150000,15.592362,38500
2014-04-28,17.299999,17.740000,17.299999,17.490000,15.901482,8700
2014-04-29,17.559999,17.559999,17.070000,17.070000,15.519629,600
2014-04-30,17.270000,17.270000,16.889999,16.889999,15.355977,2700
2014-05-01,17.049999,17.410000,17.000000,17.290001,15.719648,8300
2014-05-02,17.379999,17.490000,17.000000,17.379999,15.801471,4800
2014-05-05,17.400000,17.490000,17.150000,17.379999,15.801471,6900
2014-05-06,17.219999,17.480000,16.959999,17.170000,15.610548,11900
2014-05-07,17.160000,17.430000,16.730000,16.730000,15.210511,7700
2014-05-08,16.559999,16.950001,16.500000,16.719999,15.201419,5300
2014-05-09,16.620001,16.620001,16.160000,16.400000,14.910480,9400
2014-05-12,16.280001,16.600000,15.790000,15.870000,14.428619,54400
2014-05-13,15.800000,15.800000,15.560000,15.750000,14.319518,53000
2014-05-14,15.700000,15.940000,15.680000,15.940000,14.492260,8500
2014-05-15,15.810000,15.810000,15.640000,15.790000,14.355886,3100
2014-05-16,15.640000,15.750000,15.510000,15.750000,14.319518,5100
2014-05-19,15.750000,16.070000,15.400000,15.540000,14.227958,22400
2014-05-20,16.139999,16.139999,15.550000,15.570000,14.255426,11300
2014-05-21,15.650000,15.770000,15.550000,15.550000,14.237115,4000
2014-05-22,15.850000,15.970000,15.390000,15.390000,14.090626,28000
2014-05-23,15.640000,15.650000,15.550000,15.550000,14.237115,1200
2014-05-27,15.640000,15.870000,15.340000,15.400000,14.099779,32700
2014-05-28,15.490000,15.490000,15.300000,15.300000,14.008224,7800
2014-05-29,15.590000,15.630000,15.330000,15.330000,14.035690,4500
2014-05-30,15.380000,15.630000,15.350000,15.490000,14.182181,10900
2014-06-02,15.890000,15.890000,15.610000,15.680000,14.356139,13700
2014-06-03,15.680000,15.840000,15.600000,15.700000,14.374451,35200
2014-06-04,15.770000,15.890000,15.610000,15.670000,14.346984,2400
2014-06-05,15.720000,15.870000,15.720000,15.760000,14.429385,7200
2014-06-06,15.760000,15.880000,15.760000,15.760000,14.429385,9900
2014-06-09,15.760000,16.230000,15.760000,15.990000,14.639965,25300
2014-06-10,15.960000,16.600000,15.900000,15.950000,14.603343,8400
2014-06-11,15.920000,16.309999,15.920000,16.150000,14.786458,10600
2014-06-12,16.290001,16.290001,16.110001,16.110001,14.749834,5000
2014-06-13,16.000000,16.260000,15.870000,16.000000,14.649122,10800
2014-06-16,16.000000,16.100000,15.680000,15.980000,14.630811,12700
2014-06-17,16.000000,16.209999,15.910000,16.000000,14.649122,5800
2014-06-18,16.230000,16.230000,15.480000,15.650000,14.328672,10100
2014-06-19,15.690000,15.750000,15.120000,15.590000,14.273738,10900
2014-06-20,15.500000,15.540000,15.390000,15.480000,14.173026,25400
2014-06-23,15.490000,15.500000,15.210000,15.390000,14.090626,17300
2014-06-24,15.390000,15.490000,15.050000,15.330000,14.035690,23200
2014-06-25,15.630000,15.630000,15.150000,15.470000,14.163869,242900
2014-06-26,15.490000,15.590000,15.390000,15.520000,14.209648,12900
2014-06-27,15.550000,15.550000,15.460000,15.490000,14.182181,9600
2014-06-30,15.610000,15.620000,15.300000,15.440000,14.136401,17700
2014-07-01,15.380000,15.820000,15.360000,15.760000,14.429385,32900
2014-07-02,15.810000,15.890000,15.520000,15.780000,14.447696,8200
2014-07-03,15.830000,15.880000,15.740000,15.740000,14.411074,6400
2014-07-07,15.730000,15.890000,15.680000,15.680000,14.356139,7300
2014-07-08,15.750000,15.890000,15.670000,15.670000,14.346984,8900
2014-07-09,15.650000,15.840000,15.650000,15.760000,14.429385,4200
2014-07-10,15.770000,15.860000,15.650000,15.700000,14.374451,71500
2014-07-11,15.660000,15.830000,15.660000,15.810000,14.475163,4000
2014-07-14,15.760000,15.830000,15.650000,15.800000,14.466009,8600
2014-07-15,15.830000,16.120001,15.830000,15.850000,14.511786,5000
2014-07-16,16.040001,16.040001,15.840000,15.940000,14.594188,18500
2014-07-17,15.920000,15.920000,15.840000,15.840000,14.502630,2000
2014-07-18,15.800000,16.000000,15.760000,15.850000,14.511786,11200
2014-07-21,16.020000,16.230000,15.740000,15.950000,14.603343,8300
2014-07-22,15.780000,15.990000,15.780000,15.790000,14.456852,4900
2014-07-23,15.900000,16.170000,15.730000,15.900000,14.557565,18400
2014-07-24,15.700000,16.160000,15.700000,16.160000,14.795614,23700
2014-07-25,16.160000,16.450001,16.160000,16.240000,14.868861,3100
2014-07-28,16.290001,16.290001,16.010000,16.049999,14.694900,10400
2014-07-29,16.049999,16.280001,16.020000,16.280001,14.905482,9900
2014-07-30,16.150000,16.250000,16.040001,16.160000,14.795614,4400
2014-07-31,16.190001,16.260000,16.059999,16.240000,14.868861,5200
2014-08-01,16.150000,16.290001,16.020000,16.219999,14.850548,13600
2014-08-04,16.150000,16.150000,15.660000,15.820000,14.484319,17500
2014-08-05,15.700000,15.880000,15.700000,15.850000,14.511786,4000
2014-08-06,15.920000,16.020000,15.660000,16.020000,14.667436,60800
2014-08-07,16.160000,16.160000,15.990000,16.030001,14.676589,2200
2014-08-08,16.030001,16.030001,15.700000,15.980000,14.630811,11700
2014-08-11,15.880000,16.080000,15.800000,15.940000,14.594188,6400
2014-08-12,15.810000,16.000000,15.800000,15.880000,14.539255,6200
2014-08-13,15.780000,16.000000,15.780000,15.880000,14.539255,8700
2014-08-14,15.880000,15.880000,15.670000,15.670000,14.346984,2300
2014-08-15,15.860000,15.880000,15.740000,15.750000,14.420232,3800
2014-08-18,15.820000,15.940000,15.500000,15.640000,14.420230,8400
2014-08-19,15.520000,15.720000,15.500000,15.720000,14.493990,15700
2014-08-20,15.610000,15.730000,15.580000,15.580000,14.364907,3000
2014-08-21,15.550000,15.830000,15.550000,15.630000,14.411010,7900
2014-08-22,15.870000,15.870000,15.500000,15.570000,14.355688,34100
2014-08-25,15.730000,15.730000,15.330000,15.690000,14.466328,23000
2014-08-26,15.580000,15.760000,15.560000,15.760000,14.530870,10800
2014-08-27,15.750000,15.870000,15.450000,15.790000,14.558530,32200
2014-08-28,15.820000,15.870000,15.630000,15.780000,14.549310,4000
2014-08-29,15.840000,15.880000,15.760000,15.760000,14.530870,1500
2014-09-02,15.670000,15.940000,15.570000,15.750000,14.521652,13300
2014-09-03,15.800000,15.970000,15.780000,15.810000,14.576971,18000
2014-09-04,15.940000,16.200001,15.940000,16.070000,14.816691,13200
2014-09-05,15.800000,16.070000,15.600000,15.980000,14.733711,12900
2014-09-08,15.840000,15.900000,15.750000,15.860000,14.623071,4400
2014-09-09,15.660000,15.890000,15.520000,15.890000,14.650733,15800
2014-09-10,15.570000,16.020000,15.570000,15.680000,14.457108,5200
2014-09-11,15.800000,16.070000,15.500000,15.580000,14.364907,32900
2014-09-12,15.830000,15.970000,15.510000,15.670000,14.447888,28700
2014-09-15,15.630000,15.650000,15.380000,15.520000,14.309588,10000
2014-09-16,15.460000,15.730000,15.350000,15.350000,14.152847,6800
2014-09-17,15.360000,15.400000,15.190000,15.200000,14.014545,4900
2014-09-18,15.170000,15.430000,15.160000,15.230000,14.042205,5100
2014-09-19,15.270000,15.500000,15.150000,15.500000,14.291147,31600
2014-09-22,15.200000,15.470000,15.200000,15.260000,14.069865,31500
2014-09-23,15.290000,15.490000,15.150000,15.490000,14.281927,2100
2014-09-24,15.500000,15.500000,15.170000,15.280000,14.088305,6800
2014-09-25,15.340000,15.660000,15.230000,15.340000,14.143625,9800
2014-09-26,15.400000,15.500000,15.280000,15.480000,14.272707,4700
2014-09-29,15.440000,15.890000,15.440000,15.840000,14.604630,1200
2014-09-30,15.840000,15.990000,15.840000,15.960000,14.715272,7600
2014-10-01,15.520000,15.680000,15.520000,15.600000,14.383349,4800
2014-10-02,15.600000,15.600000,15.600000,15.600000,14.383349,0
2014-10-03,15.610000,15.610000,15.500000,15.510000,14.300367,600
2014-10-06,15.600000,15.610000,15.410000,15.570000,14.355688,3900
2014-10-07,15.720000,15.800000,15.290000,15.440000,14.235826,5800
2014-10-08,15.350000,15.850000,15.350000,15.780000,14.549310,6100
2014-10-09,15.780000,15.780000,15.780000,15.780000,14.549310,0
2014-10-10,15.750000,15.750000,15.500000,15.570000,14.355688,5900
2014-10-13,15.510000,15.890000,15.510000,15.700000,14.475549,2100
2014-10-14,15.640000,15.670000,15.600000,15.640000,14.420230,2900
2014-10-15,15.670000,15.780000,15.510000,15.590000,14.374128,3800
2014-10-16,15.630000,15.720000,15.460000,15.720000,14.493990,4600
2014-10-17,15.720000,15.810000,15.490000,15.640000,14.420230,5700
2014-10-20,15.770000,15.770000,15.390000,15.670000,14.447888,12700
2014-10-21,15.850000,15.940000,15.500000,15.940000,14.696832,3700
2014-10-22,15.850000,16.000000,15.500000,15.790000,14.558530,8600
2014-10-23,16.000000,16.000000,15.790000,15.790000,14.558530,5600
2014-10-24,15.570000,15.790000,15.570000,15.770000,14.540090,4500
2014-10-27,15.830000,16.000000,15.660000,15.950000,14.706052,6900
2014-10-28,15.970000,16.010000,15.750000,16.010000,14.761374,10500
2014-10-29,16.049999,16.080000,16.049999,16.049999,14.798252,3400
2014-10-30,16.049999,16.139999,15.810000,15.940000,14.696832,3000
2014-10-31,15.960000,16.320000,15.940000,16.320000,15.047194,12100
2014-11-03,16.320000,16.320000,16.020000,16.200001,14.936555,4300
2014-11-04,16.299999,16.299999,16.010000,16.280001,15.010317,6000
2014-11-05,16.450001,16.450001,16.010000,16.270000,15.001097,5600
2014-11-06,16.250000,16.480000,16.250000,16.250000,14.982654,11700
2014-11-07,16.330000,16.330000,16.100000,16.250000,14.982654,2400
2014-11-10,16.629999,16.629999,16.219999,16.219999,14.954995,2300
2014-11-11,16.030001,16.250000,16.030001,16.230000,14.964214,9700
2014-11-12,16.480000,16.700001,16.139999,16.190001,14.927335,16800
2014-11-13,16.170000,16.559999,16.100000,16.500000,15.213157,3200
2014-11-14,16.219999,16.450001,16.150000,16.450001,15.167059,1400
2014-11-17,16.450001,16.459999,16.180000,16.190001,15.027825,7100
2014-11-18,16.260000,16.500000,16.120001,16.500000,15.315572,2700
2014-11-19,16.430000,16.430000,16.059999,16.320000,15.148491,2000
2014-11-20,16.459999,16.480000,16.320000,16.379999,15.204186,1900
2014-11-21,16.480000,16.900000,16.400000,16.600000,15.408395,13200
2014-11-24,16.660000,16.680000,16.360001,16.360001,15.185623,1900
2014-11-25,16.670000,17.000000,16.670000,16.889999,15.677576,13900
2014-11-26,17.090000,17.100000,16.459999,16.510000,15.324851,1900
2014-11-28,17.059999,17.090000,16.490000,16.820000,15.612603,2000
2014-12-01,16.950001,16.959999,16.660000,16.959999,15.742550,2300
2014-12-02,17.000000,17.830000,16.900000,17.700001,16.429430,13500
2014-12-03,17.830000,17.830000,17.370001,17.379999,16.132402,3100
2014-12-04,17.370001,17.520000,16.870001,17.160000,15.928201,26400
2014-12-05,17.290001,17.799999,16.430000,17.150000,15.918914,5200
2014-12-08,17.150000,17.450001,16.690001,16.900000,15.686859,9600
2014-12-09,17.090000,17.510000,16.500000,16.719999,15.519779,6100
2014-12-10,16.799999,17.309999,16.559999,17.160000,15.928201,4100
2014-12-11,17.799999,17.799999,16.879999,16.879999,15.668298,7700
2014-12-12,16.900000,17.670000,16.900000,17.150000,15.918914,10800
2014-12-15,17.200001,17.670000,17.040001,17.209999,15.974605,8100
2014-12-16,17.090000,17.389999,16.620001,16.740000,15.538342,1800
2014-12-17,16.520000,17.100000,16.510000,16.510000,15.324851,4800
2014-12-18,16.750000,17.480000,16.750000,16.809999,15.603320,6400
2014-12-19,17.410000,17.820000,16.610001,17.450001,16.197378,33600
2014-12-22,17.580000,17.650000,17.030001,17.100000,15.872501,14300
2014-12-23,17.000000,17.330000,17.000000,17.000000,15.779681,3100
2014-12-24,17.000000,17.000000,17.000000,17.000000,15.779681,0
2014-12-26,16.910000,16.959999,16.910000,16.959999,15.742550,400
2014-12-29,16.660000,17.180000,16.660000,16.950001,15.733269,2000
2014-12-30,16.959999,17.090000,16.959999,16.959999,15.742550,2800
2014-12-31,17.200001,17.379999,17.010000,17.070000,15.844653,3300
2015-01-02,17.299999,18.490000,16.709999,18.490000,17.162722,20200
2015-01-05,18.150000,18.150000,17.530001,18.000000,16.707897,24000
2015-01-06,17.870001,18.000000,17.600000,17.990000,16.698614,5800
2015-01-07,17.610001,18.010000,17.600000,17.629999,16.364456,6900
2015-01-08,17.629999,18.040001,17.600000,18.010000,16.717180,6200
2015-01-09,17.750000,19.950001,17.610001,18.780001,17.431904,120000
2015-01-12,19.240000,19.240000,18.540001,18.540001,17.209137,55700
2015-01-13,18.559999,18.750000,18.070000,18.090000,16.791437,12200
2015-01-14,17.709999,18.520000,16.750000,17.080000,15.853937,53500
2015-01-15,17.080000,18.100000,17.080000,17.940001,16.652206,29700
2015-01-16,17.910000,18.480000,17.910000,18.260000,16.949234,3700
2015-01-20,18.260000,19.180000,18.010000,19.160000,17.784628,26300
2015-01-21,19.200001,19.200001,18.610001,19.139999,17.766062,41500
2015-01-22,19.110001,19.180000,18.110001,18.969999,17.608267,18900
2015-01-23,19.010000,19.010000,18.500000,18.620001,17.283392,13000
2015-01-26,18.620001,19.200001,18.620001,18.670000,17.329803,9700
2015-01-27,18.850000,19.190001,18.780001,18.830000,17.478313,8100
2015-01-28,18.680000,18.930000,18.620001,18.790001,17.441191,5300
2015-01-29,18.750000,19.030001,18.629999,18.660000,17.320517,3500
2015-01-30,18.650000,19.139999,18.650000,18.920000,17.561855,46000
2015-02-02,18.920000,19.000000,18.719999,18.730000,17.385492,10200
2015-02-03,18.719999,18.900000,18.719999,18.900000,17.543295,6300
2015-02-04,18.730000,18.900000,18.719999,18.750000,17.404060,3800
2015-02-05,18.850000,18.900000,18.730000,18.780001,17.431904,5800
2015-02-06,18.770000,19.230000,18.719999,18.920000,17.561855,15600
2015-02-09,19.010000,19.950001,19.010000,19.639999,18.230173,89000
2015-02-10,19.719999,19.940001,19.520000,19.750000,18.332273,12100
2015-02-11,19.629999,20.670000,19.629999,20.410000,18.944899,48900
2015-02-12,20.410000,20.570000,19.740000,20.190001,18.740690,41500
2015-02-13,20.410000,20.410000,20.049999,20.170000,18.722128,9800
2015-02-17,19.990000,20.020000,19.610001,19.730000,18.313709,30200
2015-02-18,19.620001,20.379999,19.620001,20.180000,18.731407,17100
2015-02-19,19.799999,20.190001,18.469999,18.770000,17.518112,109000
2015-02-20,18.799999,19.200001,18.530001,19.020000,17.751438,12800
2015-02-23,19.290001,20.110001,19.270000,19.450001,18.152761,19200
2015-02-24,19.450001,19.969999,19.450001,19.820000,18.498083,4200
2015-02-25,19.950001,19.969999,19.450001,19.850000,18.526079,5800
2015-02-26,19.709999,20.059999,19.510000,19.770000,18.451422,10100
2015-02-27,19.639999,19.959999,19.549999,19.650000,18.339422,6000
2015-03-02,19.639999,19.700001,19.500000,19.520000,18.218092,7000
2015-03-03,19.500000,19.639999,19.240000,19.510000,18.208763,6900
2015-03-04,19.559999,19.850000,18.980000,19.719999,18.404753,385600
2015-03-05,19.780001,19.879999,19.500000,19.540001,18.236761,22700
2015-03-06,19.719999,19.920000,19.570000,19.900000,18.572744,8100
2015-03-09,19.760000,19.850000,19.650000,19.719999,18.404753,3300
2015-03-10,19.770000,19.830000,19.540001,19.790001,18.470087,7200
2015-03-11,19.719999,20.190001,19.719999,20.170000,18.824739,6500
2015-03-12,20.200001,20.290001,19.930000,20.209999,18.862072,17000
2015-03-13,20.070000,20.070000,19.809999,19.840000,18.516748,2900
2015-03-16,19.790001,20.090000,19.790001,20.010000,18.675411,8600
2015-03-17,20.010000,20.010000,19.700001,19.900000,18.572744,105800
2015-03-18,19.730000,20.000000,19.730000,19.790001,18.470087,8900
2015-03-19,19.900000,20.010000,19.740000,19.990000,18.656744,27000
2015-03-20,19.900000,19.990000,19.740000,19.879999,18.554077,22600
2015-03-23,19.700001,20.530001,19.650000,20.240000,18.890074,27500
2015-03-24,20.100000,20.510000,19.709999,19.740000,18.423416,13800
2015-03-25,19.910000,19.910000,19.459999,19.590000,18.283421,23200
2015-03-26,19.500000,19.750000,19.389999,19.740000,18.423416,9700
2015-03-27,19.760000,19.760000,19.430000,19.660000,18.348755,6000
2015-03-30,19.620001,19.760000,19.620001,19.719999,18.404753,2400
2015-03-31,19.719999,20.500000,19.680000,20.059999,18.722075,17500
2015-04-01,20.219999,20.469999,20.080000,20.320000,18.964735,5700
2015-04-02,20.410000,20.660000,20.350000,20.570000,19.198061,3200
2015-04-06,20.290001,20.660000,19.860001,20.250000,18.899403,28500
2015-04-07,20.180000,20.639999,20.049999,20.360001,19.002068,22700
2015-04-08,20.370001,20.370001,19.690001,19.850000,18.526079,44100
2015-04-09,19.990000,20.260000,19.780001,19.879999,18.554077,11400
2015-04-10,19.980000,20.330000,19.700001,20.040001,18.703411,27000
2015-04-13,20.139999,20.180000,19.959999,19.959999,18.628746,4100
2015-04-14,20.049999,20.049999,19.770000,19.820000,18.498083,16200
2015-04-15,19.990000,20.240000,19.760000,19.790001,18.470087,18800
2015-04-16,19.750000,19.980000,19.750000,19.870001,18.544746,23700
2015-04-17,19.900000,19.950001,19.549999,19.639999,18.330088,36400
2015-04-20,19.639999,20.110001,19.559999,20.080000,18.740747,41800
2015-04-21,19.840000,20.129999,19.600000,19.600000,18.292755,24800
2015-04-22,19.600000,20.030001,19.480000,19.780001,18.460754,10100
2015-04-23,19.879999,20.020000,19.480000,19.850000,18.526079,7800
2015-04-24,19.639999,19.950001,19.400000,19.450001,18.152761,13000
2015-04-27,19.190001,19.430000,19.190001,19.350000,18.059433,7300
2015-04-28,19.440001,19.740000,19.270000,19.510000,18.208763,26600
2015-04-29,19.160000,20.040001,19.160000,20.000000,18.666075,22300
2015-04-30,19.379999,20.040001,19.350000,19.959999,18.628746,19200
2015-05-01,19.770000,19.969999,19.480000,19.639999,18.330088,10100
2015-05-04,19.530001,19.900000,19.490000,19.610001,18.302088,8200
2015-05-05,19.559999,19.730000,19.510000,19.660000,18.348755,12400
2015-05-06,19.730000,19.750000,19.400000,19.400000,18.106092,16400
2015-05-07,19.709999,19.719999,19.370001,19.370001,18.078098,7000
2015-05-08,19.490000,19.639999,19.350000,19.480000,18.180759,5300
2015-05-11,19.379999,19.709999,19.360001,19.680000,18.367420,8500
2015-05-12,19.670000,19.830000,19.430000,19.430000,18.134096,9800
2015-05-13,19.549999,19.750000,19.549999,19.549999,18.246088,2900
2015-05-14,19.790001,19.820000,19.549999,19.660000,18.348755,5400
2015-05-15,19.830000,19.830000,19.230000,19.469999,18.171423,8000
2015-05-18,19.299999,19.459999,19.209999,19.309999,18.124498,10000
2015-05-19,19.230000,19.320000,19.150000,19.150000,17.974318,5900
2015-05-20,19.200001,19.320000,18.940001,19.000000,17.833529,14000
2015-05-21,19.129999,19.320000,19.129999,19.299999,18.115112,2900
2015-05-22,19.280001,19.290001,18.910000,19.240000,18.058796,12300
2015-05-26,19.240000,19.750000,18.900000,18.900000,17.739668,19900
2015-05-27,18.900000,19.790001,18.900000,19.219999,18.040022,47900
2015-05-28,19.190001,19.600000,19.190001,19.309999,18.124498,10200
2015-05-29,19.240000,19.639999,19.150000,19.350000,18.162043,27300
2015-06-01,19.469999,19.700001,19.379999,19.500000,18.302832,15500
2015-06-02,19.559999,19.790001,19.520000,19.549999,18.349762,5600
2015-06-03,19.570000,19.879999,19.490000,19.709999,18.499939,7200
2015-06-04,19.750000,19.750000,19.219999,19.590000,18.387304,24100
2015-06-05,19.440001,19.650000,19.440001,19.530001,18.330990,2800
2015-06-08,19.510000,19.830000,19.350000,19.379999,18.190201,10100
2015-06-09,19.350000,19.540001,19.100000,19.530001,18.330990,17700
2015-06-10,19.340000,19.520000,19.170000,19.370001,18.180813,20000
2015-06-11,19.299999,19.430000,19.120001,19.240000,18.058796,23500
2015-06-12,19.260000,19.400000,19.240000,19.260000,18.077570,8400
2015-06-15,19.270000,19.389999,18.900000,19.280001,18.096338,6200
2015-06-16,19.049999,19.160000,18.950001,19.160000,17.983707,11900
2015-06-17,19.340000,20.469999,18.969999,19.200001,18.021250,102200
2015-06-18,19.370001,19.730000,19.080000,19.139999,17.964931,3600
2015-06-19,19.190001,19.559999,18.920000,18.920000,17.758438,20700
2015-06-22,19.040001,20.280001,19.040001,19.900000,18.678274,2200
2015-06-23,19.750000,19.750000,19.030001,19.059999,17.889841,3800
2015-06-24,19.010000,19.809999,18.690001,19.049999,17.880455,95000
2015-06-25,18.920000,18.969999,18.809999,18.809999,17.655197,3600
2015-06-26,18.920000,18.920000,18.790001,18.799999,17.645805,22100
2015-06-29,18.750000,18.750000,18.100000,18.490000,17.354837,21500
2015-06-30,18.500000,19.000000,18.500000,18.520000,17.382999,10100
2015-07-01,18.650000,18.799999,18.559999,18.790001,17.636421,11000
2015-07-02,18.719999,18.750000,18.430000,18.430000,17.298525,2000
2015-07-06,18.540001,18.629999,18.540001,18.629999,17.486244,900
2015-07-07,18.740000,18.740000,18.379999,18.480000,17.345455,1600
2015-07-08,18.469999,18.469999,18.139999,18.160000,17.045099,2900
2015-07-09,18.330000,18.459999,18.150000,18.200001,17.082644,2800
2015-07-10,18.500000,18.500000,18.150000,18.209999,17.092026,4900
2015-07-13,18.190001,18.190001,18.180000,18.180000,17.063873,700
2015-07-14,18.500000,18.500000,18.299999,18.350000,17.223434,1400
2015-07-15,18.420000,18.480000,18.190001,18.190001,17.073257,600
2015-07-16,18.280001,18.280001,18.160000,18.260000,17.138960,1100
2015-07-17,18.480000,18.480000,18.219999,18.219999,17.101414,1700
2015-07-20,18.360001,18.360001,18.219999,18.330000,17.204659,1600
2015-07-21,18.230000,18.309999,18.150000,18.200001,17.082644,3100
2015-07-22,18.150000,18.180000,18.080000,18.080000,16.970011,16400
2015-07-23,18.110001,18.260000,18.110001,18.180000,17.063873,2700
2015-07-24,18.059999,18.200001,17.959999,17.959999,16.857378,6500
2015-07-27,17.959999,18.240000,17.860001,17.910000,16.810450,2600
2015-07-28,17.980000,18.200001,17.709999,17.719999,16.632111,1200
2015-07-29,17.780001,17.990000,17.700001,17.870001,16.772907,16400
2015-07-30,17.820000,17.900000,17.610001,17.610001,16.528866,2600
2015-07-31,17.600000,17.610001,17.320000,17.379999,16.312986,3100
2015-08-03,17.430000,17.430000,16.980000,16.990000,15.946933,55800
2015-08-04,16.639999,17.690001,16.639999,16.830000,15.796754,64200
2015-08-05,17.490000,17.610001,17.059999,17.059999,16.012629,1200
2015-08-06,17.170000,17.180000,17.000000,17.030001,15.984475,4300
2015-08-07,17.020000,17.090000,17.000000,17.030001,15.984475,9200
2015-08-10,17.080000,17.230000,17.010000,17.010000,15.965699,5400
2015-08-11,17.000000,17.100000,16.889999,16.889999,15.853069,6700
2015-08-12,16.790001,16.920000,16.260000,16.709999,15.684120,14600
2015-08-13,16.879999,17.260000,16.879999,17.170000,16.115881,3600
2015-08-14,17.170000,17.299999,17.170000,17.290001,16.228510,3800
2015-08-17,17.219999,17.260000,17.129999,17.260000,16.304085,3600
2015-08-18,17.200001,17.250000,17.049999,17.059999,16.115154,4600
2015-08-19,17.049999,17.090000,16.959999,16.980000,16.039587,3300
2015-08-20,16.990000,17.040001,16.750000,16.820000,15.888453,58000
2015-08-21,16.750000,16.950001,16.650000,16.809999,15.879004,6400
2015-08-24,16.750000,18.730000,16.250000,16.469999,15.557831,34400
2015-08-25,16.730000,16.799999,16.170000,16.240000,15.340574,10800
2015-08-26,16.520000,17.040001,16.270000,16.740000,15.812878,5600
2015-08-27,16.490000,16.900000,16.490000,16.570000,15.652294,3700
2015-08-28,16.320000,16.889999,16.320000,16.469999,15.557831,10400
2015-08-31,16.440001,16.490000,16.400000,16.459999,15.548386,3200
2015-09-01,16.450001,16.450001,16.120001,16.219999,15.321680,41700
2015-09-02,16.250000,16.299999,16.090000,16.240000,15.340574,6900
2015-09-03,17.469999,17.469999,16.000000,16.580000,15.661742,17400
2015-09-04,16.270000,16.559999,16.000000,16.150000,15.255557,2700
2015-09-08,16.200001,16.200001,15.910000,15.980000,15.094972,3100
2015-09-09,15.930000,16.000000,15.930000,16.000000,15.113864,1100
2015-09-10,17.299999,17.299999,15.750000,15.830000,14.953280,7100
2015-09-11,15.880000,16.600000,15.790000,16.070000,15.179987,1000
2015-09-14,16.190001,16.559999,16.190001,16.450001,15.538942,1400
2015-09-15,16.879999,16.900000,16.209999,16.209999,15.312233,6000
2015-09-16,17.110001,17.129999,16.020000,16.190001,15.293342,2200
2015-09-17,16.430000,16.430000,15.750000,16.090000,15.198880,5600
2015-09-18,15.900000,16.290001,15.880000,16.280001,15.378358,19100
2015-09-21,16.799999,16.870001,16.260000,16.350000,15.444478,8400
2015-09-22,16.070000,16.320000,16.010000,16.010000,15.123311,3400
2015-09-23,16.389999,16.389999,15.840000,16.080000,15.189433,1400
2015-09-24,16.100000,16.110001,15.920000,15.920000,15.038293,1600
2015-09-25,16.440001,16.440001,16.080000,16.200001,15.302788,1200
2015-09-28,16.139999,16.320000,16.020000,16.040001,15.151649,7300
2015-09-29,16.950001,16.950001,15.910000,16.000000,15.113864,6500
2015-09-30,16.030001,16.370001,15.990000,16.000000,15.113864,2700
2015-10-01,16.129999,16.889999,16.020000,16.120001,15.227218,1500
2015-10-02,16.010000,16.309999,15.910000,15.970000,15.085526,14700
2015-10-05,16.100000,16.100000,15.960000,15.980000,15.094972,4100
2015-10-06,16.040001,16.040001,15.920000,16.000000,15.113864,5200
2015-10-07,16.280001,16.459999,16.040001,16.049999,15.161094,7500
2015-10-08,16.040001,16.090000,16.030001,16.040001,15.151649,7500
2015-10-09,16.030001,16.660000,16.000000,16.010000,15.123311,23500
2015-10-12,16.160000,16.299999,15.990000,15.990000,15.104417,11000
2015-10-13,15.880000,16.549999,15.880000,16.549999,15.633405,800
2015-10-14,16.340000,16.469999,16.010000,16.139999,15.246109,5000
2015-10-15,16.090000,16.420000,15.880000,16.020000,15.132759,10000
2015-10-16,15.920000,16.000000,15.910000,15.910000,15.028849,2500
2015-10-19,15.910000,16.090000,15.890000,16.030001,15.142202,3000
2015-10-20,15.920000,15.940000,15.840000,15.840000,14.962725,4700
2015-10-21,15.910000,16.000000,15.850000,15.980000,15.094972,4500
2015-10-22,15.900000,15.940000,15.830000,15.880000,15.000510,7700
2015-10-23,15.900000,16.469999,15.820000,16.040001,15.151649,32600
2015-10-26,16.040001,16.190001,15.960000,16.080000,15.189433,11600
2015-10-27,16.000000,16.180000,16.000000,16.040001,15.151649,1000
2015-10-28,16.090000,16.360001,16.000000,16.240000,15.340574,36500
2015-10-29,16.309999,16.469999,16.270000,16.440001,15.529496,9500
2015-10-30,16.500000,16.959999,16.500000,16.770000,15.841219,14400
2015-11-02,16.889999,16.990000,16.780001,16.990000,16.049038,6200
2015-11-03,16.790001,16.900000,16.670000,16.670000,15.746758,5100
2015-11-04,16.780001,17.260000,16.780001,17.170000,16.219069,10700
2015-11-05,17.170000,17.459999,16.780001,17.440001,16.474113,8600
2015-11-06,17.420000,17.850000,17.309999,17.740000,16.757496,29900
2015-11-09,17.530001,17.889999,17.500000,17.889999,16.899191,4600
2015-11-10,17.740000,17.820000,17.580000,17.639999,16.663033,2300
2015-11-11,17.510000,17.820000,17.510000,17.540001,16.568577,2800
2015-11-12,17.600000,18.290001,17.600000,18.110001,17.107008,15600
2015-11-13,18.750000,19.270000,18.049999,18.100000,17.097559,7100
2015-11-16,18.160000,18.250000,18.000000,18.180000,17.278133,5000
2015-11-17,18.250000,18.250000,18.110001,18.170000,17.268631,2100
2015-11-18,18.040001,18.240000,18.040001,18.090000,17.192598,2200
2015-11-19,18.200001,18.250000,18.100000,18.250000,17.344660,7800
2015-11-20,18.250000,18.250000,17.590000,18.030001,17.135574,4300
2015-11-23,18.040001,18.190001,17.510000,17.549999,16.679384,5000
2015-11-24,17.549999,17.549999,17.549999,17.549999,16.679384,500
2015-11-25,17.719999,17.950001,16.700001,17.750000,16.869463,7700
2015-11-27,17.920000,17.959999,17.730000,17.730000,16.850454,1700
2015-11-30,17.520000,17.830000,17.299999,17.830000,16.945494,1100
2015-12-01,17.910000,17.990000,17.139999,17.690001,16.812441,38000
2015-12-02,17.700001,17.889999,17.480000,17.850000,16.964502,2500
2015-12-03,17.820000,17.820000,17.820000,17.820000,16.935991,200
2015-12-04,17.629999,18.120001,17.469999,18.110001,17.211609,6300
2015-12-07,17.990000,17.990000,17.709999,17.740000,16.859959,6600
2015-12-08,17.700001,17.850000,17.639999,17.639999,16.764919,1800
2015-12-09,17.580000,17.580000,17.580000,17.580000,16.707897,800
2015-12-10,17.590000,17.590000,17.010000,17.059999,16.213692,4700
2015-12-11,16.750000,17.200001,16.750000,16.990000,16.147169,9300
2015-12-14,17.080000,17.080000,16.700001,16.959999,16.118652,4400
2015-12-15,18.100000,18.100000,16.910000,17.250000,16.394270,7600
2015-12-16,17.000000,17.500000,17.000000,17.450001,16.584347,5100
2015-12-17,17.500000,18.240000,17.400000,18.240000,17.335159,5700
2015-12-18,17.930000,18.250000,17.020000,17.400000,16.536829,18100
2015-12-21,17.680000,17.969999,17.100000,17.629999,16.755417,4700
2015-12-22,17.870001,17.950001,17.570000,17.680000,16.802940,5400
2015-12-23,17.910000,17.930000,17.830000,17.889999,17.002522,1000
2015-12-24,18.000000,18.150000,18.000000,18.150000,17.249620,6300
2015-12-28,18.030001,18.250000,17.340000,18.070000,17.173588,11100
2015-12-29,18.250000,18.370001,17.799999,18.280001,17.373169,10100
2015-12-30,18.450001,18.650000,18.290001,18.389999,17.477716,8600
2015-12-31,18.420000,18.799999,17.719999,18.799999,17.867374,11000
2016-01-04,18.750000,19.040001,18.480000,18.980000,18.038446,12900
2016-01-05,18.799999,18.940001,18.520000,18.750000,17.819857,9800
2016-01-06,18.790001,18.790001,18.309999,18.559999,17.639280,11100
2016-01-07,18.190001,18.690001,18.000000,18.150000,17.249620,11400
2016-01-08,18.230000,18.379999,17.900000,18.240000,17.335159,6800
2016-01-11,18.020000,18.020000,17.340000,17.770000,16.888472,30200
2016-01-12,17.820000,17.870001,17.040001,17.139999,16.289724,21500
2016-01-13,17.309999,17.500000,17.160000,17.270000,16.413275,14400
2016-01-14,17.299999,17.530001,17.150000,17.520000,16.650875,6400
2016-01-15,17.330000,17.410000,16.240000,16.809999,15.976096,33800
2016-01-19,17.139999,17.230000,16.570000,16.920000,16.080639,24300
2016-01-20,16.299999,16.900000,16.270000,16.889999,16.052128,10500
2016-01-21,16.590000,16.650000,16.110001,16.379999,15.567426,43800
2016-01-22,16.770000,16.770000,15.890000,16.330000,15.519909,18700
2016-01-25,16.350000,16.430000,15.830000,15.830000,15.044712,21100
2016-01-26,15.850000,16.010000,15.820000,15.840000,15.054214,8300
2016-01-27,15.940000,15.990000,15.560000,15.790000,15.006695,38200
2016-01-28,15.690000,16.010000,15.690000,15.950000,15.158758,4500
2016-01-29,16.160000,17.200001,16.100000,16.610001,15.786019,9300
2016-02-01,16.900000,16.900000,16.080000,16.150000,15.348837,24100
2016-02-02,15.940000,16.370001,15.850000,16.000000,15.206278,9400
2016-02-03,16.000000,16.559999,15.900000,15.980000,15.187270,10200
2016-02-04,16.080000,16.469999,15.910000,15.980000,15.187270,23200
2016-02-05,15.980000,16.170000,15.770000,15.930000,15.139750,3100
2016-02-08,15.880000,16.389999,15.180000,15.400000,14.636042,29700
2016-02-09,15.340000,16.170000,15.100000,15.460000,14.693066,19600
2016-02-10,15.880000,16.340000,15.370000,15.480000,14.712075,7500
2016-02-11,15.620000,15.740000,15.010000,15.150000,14.398444,11300
2016-02-12,15.210000,15.680000,15.210000,15.250000,14.493484,4300
2016-02-16,15.350000,15.690000,15.190000,15.240000,14.483980,9900
2016-02-17,15.390000,15.990000,15.310000,15.990000,15.196774,13900
2016-02-18,15.920000,16.040001,15.810000,16.020000,15.225288,16600
2016-02-19,16.000000,16.299999,15.930000,15.930000,15.139750,6900
2016-02-22,15.990000,16.180000,15.810000,15.970000,15.283301,18100
2016-02-23,16.040001,16.200001,15.870000,15.880000,15.197170,18700
2016-02-24,15.810000,16.209999,15.750000,15.890000,15.206742,14400
2016-02-25,16.080000,16.080000,15.790000,15.950000,15.264160,1600
2016-02-26,15.820000,16.400000,15.780000,16.010000,15.321582,5000
2016-02-29,16.020000,16.160000,15.820000,15.840000,15.158890,4800
2016-03-01,15.990000,16.400000,15.830000,16.379999,15.675671,10000
2016-03-02,16.440001,16.680000,16.430000,16.680000,15.962770,4600
2016-03-03,16.730000,17.129999,16.260000,16.260000,15.560832,20200
2016-03-04,16.260000,16.670000,15.810000,15.910000,15.225881,45300
2016-03-07,15.920000,16.629999,15.920000,16.340000,15.637391,13200
2016-03-08,16.379999,16.580000,16.010000,16.059999,15.369430,7900
2016-03-09,16.290001,16.700001,15.920000,16.200001,15.503410,10300
2016-03-10,16.200001,16.670000,15.990000,16.090000,15.398142,5100
2016-03-11,16.299999,16.350000,15.990000,16.000000,15.312011,5200
2016-03-14,15.970000,16.090000,15.920000,15.990000,15.302440,14200
2016-03-15,16.059999,16.260000,15.930000,16.000000,15.312011,12700
2016-03-16,15.990000,16.129999,15.990000,16.000000,15.312011,2400
2016-03-17,16.040001,16.040001,15.990000,16.000000,15.312011,1100
2016-03-18,16.070000,16.330000,16.059999,16.299999,15.599113,5400
2016-03-21,16.190001,16.190001,16.059999,16.059999,15.369430,2000
2016-03-22,16.360001,16.360001,16.059999,16.240000,15.541692,3300
2016-03-23,16.080000,16.200001,16.010000,16.100000,15.407711,6100
2016-03-24,16.160000,16.160000,16.090000,16.090000,15.398142,900
2016-03-28,16.020000,16.020000,16.020000,16.020000,15.331153,200
2016-03-29,16.139999,16.139999,16.010000,16.010000,15.321582,1300
2016-03-30,16.000000,16.480000,16.000000,16.440001,15.733091,7500
2016-03-31,16.190001,16.480000,16.190001,16.420000,15.713950,8500
2016-04-01,16.250000,16.459999,16.240000,16.360001,15.656532,5000
2016-04-04,16.490000,16.490000,16.270000,16.340000,15.637391,5700
2016-04-05,16.150000,16.180000,16.100000,16.129999,15.436419,8400
2016-04-06,16.120001,16.150000,16.010000,16.090000,15.398142,26900
2016-04-07,16.000000,16.180000,16.000000,16.000000,15.312011,1400
2016-04-08,16.100000,16.330000,16.000000,16.170000,15.474702,8100
2016-04-11,16.110001,16.170000,16.110001,16.170000,15.474702,3400
2016-04-12,16.070000,16.120001,16.030001,16.090000,15.398142,3400
2016-04-13,16.200001,16.320000,16.200001,16.320000,15.618249,10500
2016-04-14,16.330000,16.690001,16.299999,16.690001,15.972342,11800
2016-04-15,16.610001,17.000000,16.490000,16.830000,16.106323,10200
2016-04-18,16.549999,17.090000,16.549999,16.840000,16.115891,3200
2016-04-19,17.000000,17.209999,16.430000,16.790001,16.068043,32300
2016-04-20,16.700001,17.040001,16.459999,16.549999,15.838362,30800
2016-04-21,16.700001,16.750000,16.190001,16.389999,15.685240,39300
2016-04-22,16.299999,16.750000,16.299999,16.580000,15.867071,4100
2016-04-25,16.590000,16.690001,16.459999,16.459999,15.752230,4700
2016-04-26,16.730000,16.730000,16.170000,16.639999,15.924492,14000
2016-04-27,16.600000,16.600000,16.299999,16.299999,15.599113,5100
2016-04-28,16.320000,16.549999,16.299999,16.500000,15.790510,2900
2016-04-29,16.500000,16.750000,16.450001,16.740000,16.020189,3500
2016-05-02,16.360001,16.549999,16.320000,16.500000,15.790510,6000
2016-05-03,16.750000,16.750000,16.320000,16.400000,15.694809,5000
2016-05-04,16.920000,16.950001,16.250000,16.549999,15.838362,9400
2016-05-05,16.440001,16.440001,16.200001,16.240000,15.541692,9800
2016-05-06,16.230000,16.580000,16.230000,16.350000,15.646960,2300
2016-05-09,16.870001,16.910000,16.309999,16.330000,15.627822,15300
2016-05-10,16.410000,16.730000,16.070000,16.350000,15.646960,29300
2016-05-11,16.389999,16.900000,16.040001,16.330000,15.627822,8500
2016-05-12,16.559999,16.559999,16.170000,16.209999,15.512980,6600
2016-05-13,16.180000,16.410000,16.030001,16.240000,15.541692,17500
2016-05-16,16.070000,16.520000,16.070000,16.299999,15.705492,16500
2016-05-17,16.309999,16.440001,16.129999,16.129999,15.541690,2700
2016-05-18,16.160000,16.270000,15.990000,16.150000,15.560962,60800
2016-05-19,16.150000,16.270000,16.000000,16.160000,15.570597,8200
2016-05-20,16.010000,16.420000,16.000000,16.120001,15.532056,20200
2016-05-23,16.150000,16.700001,16.000000,16.350000,15.753666,36100
2016-05-24,16.379999,16.379999,16.150000,16.350000,15.753666,9900
2016-05-25,16.219999,16.219999,16.080000,16.160000,15.570597,4600
2016-05-26,16.280001,16.360001,16.120001,16.250000,15.657314,19000
2016-05-27,16.160000,16.250000,16.160000,16.250000,15.657314,1800
2016-05-31,16.379999,16.709999,16.379999,16.420000,15.821113,8300
2016-06-01,16.400000,16.480000,16.320000,16.320000,15.724759,14500
2016-06-02,16.340000,16.500000,16.270000,16.299999,15.705492,9400
2016-06-03,16.400000,16.400000,16.180000,16.309999,15.715126,3300
2016-06-06,16.420000,16.450001,16.219999,16.379999,15.782573,17800
2016-06-07,16.299999,16.580000,16.230000,16.510000,15.907829,7200
2016-06-08,16.400000,16.430000,16.219999,16.340000,15.744032,5900
2016-06-09,16.549999,16.590000,16.379999,16.520000,15.917467,1200
2016-06-10,16.309999,16.309999,16.270000,16.270000,15.676587,700
2016-06-13,16.250000,16.250000,16.200001,16.230000,15.638042,1200
2016-06-14,16.219999,16.430000,16.090000,16.299999,15.705492,16500
2016-06-15,16.280001,16.280001,16.200001,16.200001,15.609138,2100
2016-06-16,16.230000,16.230000,16.110001,16.200001,15.609138,6900
2016-06-17,16.120001,16.160000,16.000000,16.059999,15.474243,22600
2016-06-20,16.129999,16.250000,16.129999,16.200001,15.609138,3500
2016-06-21,16.280001,16.480000,16.190001,16.190001,15.599504,6400
2016-06-22,16.209999,16.240000,16.080000,16.080000,15.493515,21000
2016-06-23,15.930000,16.330000,15.930000,16.170000,15.580234,1500
2016-06-24,16.020000,16.160000,15.910000,16.000000,15.416432,2700
2016-06-27,16.000000,16.260000,15.740000,15.970000,15.387527,4500
2016-06-28,16.080000,16.350000,16.040001,16.129999,15.541690,15400
2016-06-29,16.150000,16.809999,16.110001,16.770000,16.158348,11200
2016-06-30,16.740000,16.820000,16.549999,16.580000,15.975278,5600
2016-07-01,16.770000,17.110001,16.639999,16.889999,16.273972,10800
2016-07-05,16.799999,17.030001,16.389999,17.030001,16.408863,3500
2016-07-06,16.980000,16.980000,16.559999,16.709999,16.100536,3600
2016-07-07,16.820000,17.059999,16.820000,16.840000,16.225794,3900
2016-07-08,17.200001,17.200001,16.809999,16.809999,16.196890,4400
2016-07-11,16.900000,17.190001,16.900000,17.030001,16.408863,3000
2016-07-12,17.100000,17.100000,17.049999,17.049999,16.428135,1400
2016-07-13,17.129999,17.129999,16.860001,17.000000,16.379959,4500
2016-07-14,16.980000,17.170000,16.980000,17.000000,16.379959,2500
2016-07-15,16.830000,17.150000,16.799999,16.969999,16.351053,1700
2016-07-18,17.170000,17.200001,17.150000,17.150000,16.524488,1100
2016-07-19,17.120001,17.120001,16.920000,17.030001,16.408863,8800
2016-07-20,16.930000,17.190001,16.930000,17.190001,16.563028,400
2016-07-21,17.200001,17.200001,17.200001,17.200001,16.572664,200
2016-07-22,17.190001,17.250000,17.000000,17.200001,16.572664,7900
2016-07-25,17.080000,17.190001,16.990000,17.190001,16.563028,2800
2016-07-26,16.760000,17.190001,16.760000,17.020000,16.399229,800
2016-07-27,17.070000,17.170000,17.070000,17.150000,16.524488,1200
2016-07-28,17.150000,17.150000,17.150000,17.150000,16.524488,0
2016-07-29,17.250000,17.850000,17.080000,17.730000,17.083330,19000
2016-08-01,17.670000,18.900000,17.590000,17.990000,17.333851,12900
2016-08-02,18.020000,18.600000,18.020000,18.270000,17.603640,2700
2016-08-03,18.010000,18.450001,18.010000,18.270000,17.603640,1600
2016-08-04,18.440001,18.500000,18.070000,18.209999,17.545824,16800
2016-08-05,18.379999,18.400000,18.100000,18.389999,17.719261,1400
2016-08-08,18.350000,18.480000,18.180000,18.450001,17.777077,3200
2016-08-09,18.400000,18.469999,18.360001,18.469999,17.796341,2900
2016-08-10,18.480000,19.030001,18.480000,18.790001,18.104673,23200
2016-08-11,18.770000,19.000000,18.500000,18.990000,18.297377,15500
2016-08-12,18.559999,18.910000,18.530001,18.910000,18.220295,1800
2016-08-15,18.850000,18.850000,18.850000,18.850000,18.268755,600
2016-08-16,18.480000,18.870001,18.480000,18.870001,18.288139,1100
2016-08-17,18.820000,19.000000,18.820000,18.980000,18.394745,4700
2016-08-18,18.930000,19.000000,18.900000,19.000000,18.414131,1200
2016-08-19,18.809999,18.950001,18.790001,18.850000,18.268755,15500
2016-08-22,18.850000,18.850000,18.850000,18.850000,18.268755,0
2016-08-23,18.959999,19.000000,18.809999,18.809999,18.229988,2800
2016-08-24,19.000000,19.000000,18.920000,18.920000,18.336597,3200
2016-08-25,18.940001,19.250000,18.930000,18.940001,18.355982,10300
2016-08-26,18.940001,19.270000,18.940001,19.100000,18.511045,3700
2016-08-29,19.150000,19.469999,18.930000,19.250000,18.656422,15400
2016-08-30,19.250000,19.840000,19.250000,19.610001,19.005322,5300
2016-08-31,19.290001,19.490000,18.920000,19.200001,18.607960,11800
2016-09-01,19.200001,19.740000,19.200001,19.500000,18.898710,3500
2016-09-02,19.469999,19.490000,19.420000,19.490000,18.889023,1100
2016-09-06,19.490000,19.690001,19.490000,19.610001,19.005322,2200
2016-09-07,19.620001,19.740000,19.600000,19.629999,19.024702,8100
2016-09-08,19.700001,19.740000,19.700001,19.730000,19.121620,700
2016-09-09,19.690001,19.690001,19.570000,19.660000,19.053776,2300
2016-09-12,19.559999,19.750000,19.559999,19.629999,19.024702,2300
2016-09-13,19.600000,19.700001,19.510000,19.590000,18.985935,7400
2016-09-14,19.520000,19.690001,19.520000,19.680000,19.073162,1800
2016-09-15,19.629999,19.629999,19.500000,19.530001,18.927786,9300
2016-09-16,19.520000,19.650000,19.500000,19.500000,18.898710,5100
2016-09-19,19.500000,19.700001,19.420000,19.590000,18.985935,9400
2016-09-20,19.500000,19.500000,19.250000,19.260000,18.666111,16100
2016-09-21,19.350000,19.500000,19.250000,19.490000,18.889023,8200
2016-09-22,19.360001,19.490000,19.320000,19.340000,18.743645,2800
2016-09-23,19.389999,19.389999,19.280001,19.299999,18.704878,1000
2016-09-26,19.299999,19.299999,19.299999,19.299999,18.704878,100
2016-09-27,19.240000,19.320000,18.780001,19.020000,18.433512,11300
2016-09-28,19.250000,19.450001,19.200001,19.309999,18.714569,20700
2016-09-29,19.490000,19.879999,19.490000,19.879999,19.266993,9400
2016-09-30,19.860001,20.120001,19.780001,20.020000,19.402676,10700
2016-10-03,19.969999,20.030001,19.959999,20.030001,19.412371,1600
2016-10-04,20.219999,20.219999,19.690001,19.770000,19.160389,2300
2016-10-05,19.940001,19.980000,19.870001,19.870001,19.257303,500
2016-10-06,19.730000,19.730000,19.730000,19.730000,19.121620,100
2016-10-07,19.910000,19.910000,19.879999,19.879999,19.266993,300
2016-10-10,19.980000,19.980000,19.879999,19.879999,19.266993,2700
2016-10-11,19.740000,19.900000,19.700001,19.700001,19.092545,3000
2016-10-12,19.750000,20.000000,19.750000,19.900000,19.286377,900
2016-10-13,19.730000,19.920000,19.540001,19.540001,18.937479,1700
2016-10-14,19.620001,19.620001,19.540001,19.540001,18.937479,1800
2016-10-17,19.379999,19.450001,19.299999,19.450001,18.850252,800
2016-10-18,19.700001,19.700001,19.250000,19.250000,18.656422,3300
2016-10-19,19.280001,19.379999,19.250000,19.299999,18.704878,3000
2016-10-20,19.549999,19.549999,19.219999,19.219999,18.627344,900
2016-10-21,19.549999,19.549999,19.250000,19.520000,18.918097,3900
2016-10-24,19.540001,19.540001,19.250000,19.250000,18.656422,1300
2016-10-25,19.260000,19.500000,19.000000,19.500000,18.898710,6600
2016-10-26,19.299999,19.350000,19.250000,19.250000,18.656422,2100
2016-10-27,19.490000,19.500000,19.250000,19.250000,18.656422,1700
2016-10-28,19.900000,19.900000,19.250000,19.850000,19.237921,11000
2016-10-31,19.150000,19.900000,19.100000,19.400000,18.801794,3300
2016-11-01,19.350000,19.450001,19.250000,19.250000,18.656422,3100
2016-11-02,19.370001,19.549999,19.350000,19.350000,18.753340,500
2016-11-03,19.250000,19.320000,19.250000,19.320000,18.724258,1000
2016-11-04,19.469999,19.469999,18.900000,18.900000,18.317213,5800
2016-11-07,19.200001,19.250000,18.900000,19.240000,18.646729,14600
2016-11-08,19.250000,19.450001,19.250000,19.450001,18.850252,500
2016-11-09,19.750000,20.049999,19.750000,19.950001,19.334839,17100
2016-11-10,20.000000,20.100000,19.950001,19.990000,19.373602,4100
2016-11-11,20.250000,20.299999,20.000000,20.000000,19.383291,1900
2016-11-14,20.000000,20.000000,19.950001,19.950001,19.441765,2400
2016-11-15,19.930000,20.049999,19.900000,19.950001,19.441765,5200
2016-11-16,20.950001,20.950001,19.950001,20.000000,19.490494,600
2016-11-17,20.110001,20.250000,19.250000,19.500000,19.003229,6600
2016-11-18,19.500000,19.700001,19.250000,19.400000,18.905777,11200
2016-11-21,19.250000,19.500000,19.250000,19.299999,18.808325,4100
2016-11-22,19.450001,19.900000,19.200001,19.850000,19.344313,8800
2016-11-23,19.879999,21.100000,19.820000,20.750000,20.221384,17500
2016-11-25,21.000000,21.350000,20.280001,21.000000,20.465015,7100
2016-11-28,21.500000,21.500000,21.000000,21.500000,20.952278,4200
2016-11-29,20.650000,20.900000,20.049999,20.900000,20.367565,1600
2016-11-30,20.900000,21.450001,20.750000,21.450001,20.903555,10200
2016-12-01,21.459999,21.459999,20.500000,20.500000,19.977753,6300
2016-12-02,20.650000,21.150000,20.650000,21.049999,20.513742,2500
2016-12-05,21.100000,21.100000,21.000000,21.000000,20.465015,3100
2016-12-06,20.299999,21.000000,20.240000,20.750000,20.221384,5400
2016-12-07,20.750000,21.100000,20.350000,20.450001,19.929029,10600
2016-12-08,20.500000,21.100000,19.650000,20.900000,20.367565,4500
2016-12-09,21.150000,21.150000,20.299999,20.500000,19.977753,4700
2016-12-12,20.250000,20.450001,20.000000,20.000000,19.490494,22300
2016-12-13,20.400000,20.400000,20.049999,20.350000,19.831575,2200
2016-12-14,20.350000,20.700001,20.100000,20.100000,19.587946,16000
2016-12-15,20.299999,20.700001,19.900000,20.700001,20.172661,8700
2016-12-16,20.650000,20.700001,20.450001,20.700001,20.172661,8900
2016-12-19,20.549999,20.700001,20.500000,20.650000,20.123934,3100
2016-12-20,20.549999,20.600000,20.350000,20.600000,20.075205,1100
2016-12-21,20.250000,20.850000,20.190001,20.200001,19.685400,5800
2016-12-22,20.350000,20.750000,20.330000,20.700001,20.172661,3700
2016-12-23,20.750000,20.799999,19.799999,20.250000,19.734125,8300
2016-12-27,20.129999,20.350000,20.129999,20.350000,19.831575,3900
2016-12-28,20.400000,20.930000,20.049999,20.500000,19.977753,6500
2016-12-29,20.500000,21.200001,20.500000,21.200001,20.659922,1300
2016-12-30,21.080000,21.080000,20.000000,20.900000,20.367565,2700
2017-01-03,20.750000,21.500000,20.030001,20.150000,19.636669,1300
2017-01-04,21.100000,21.500000,20.549999,20.750000,20.221384,4600
2017-01-05,21.500000,21.500000,20.350000,20.379999,19.860811,7900
2017-01-06,20.950001,21.250000,20.389999,21.250000,20.708647,1800
2017-01-09,21.070000,21.070000,20.900000,20.900000,20.367565,300
2017-01-10,20.400000,20.750000,20.330000,20.750000,20.221384,2900
2017-01-11,20.799999,21.129999,20.780001,20.780001,20.250622,2200
2017-01-12,20.799999,21.150000,20.799999,20.850000,20.318840,500
2017-01-13,20.500000,20.500000,20.400000,20.500000,19.977753,800
2017-01-17,20.400000,20.549999,20.250000,20.400000,19.880302,2000
2017-01-18,20.450001,20.450001,20.450001,20.450001,19.929029,300
2017-01-19,20.650000,20.650000,20.549999,20.549999,20.026480,1200
2017-01-20,20.820000,20.820000,20.700001,20.780001,20.250622,2700
2017-01-23,21.000000,21.000000,20.750000,20.750000,20.221384,500
2017-01-24,20.750000,20.750000,19.700001,20.500000,19.977753,9400
2017-01-25,20.500000,20.500000,20.209999,20.350000,19.831575,700
2017-01-26,20.700001,20.700001,20.650000,20.650000,20.123934,600
2017-01-27,20.250000,20.400000,19.549999,20.250000,19.734125,1600
2017-01-30,20.299999,20.500000,20.000000,20.049999,19.539217,4800
2017-01-31,19.950001,20.049999,19.549999,19.799999,19.295588,16700
2017-02-01,20.000000,20.100000,19.650000,19.700001,19.198135,17000
2017-02-02,19.500000,19.950001,19.500000,19.700001,19.198135,2400
2017-02-03,19.700001,20.150000,19.530001,19.650000,19.149408,3100
2017-02-06,19.700001,20.500000,19.600000,19.600000,19.100681,2700
2017-02-07,19.680000,19.709999,19.370001,19.450001,18.954506,16400
2017-02-08,20.299999,20.450001,19.100000,19.100000,18.613420,6300
2017-02-09,19.450001,20.200001,19.000000,19.500000,19.003229,19800
2017-02-10,19.500000,19.950001,19.400000,19.400000,18.905777,1900
2017-02-13,19.500000,20.299999,19.299999,19.440001,18.944759,16700
2017-02-14,19.350000,19.500000,19.350000,19.350000,18.857052,3400
2017-02-15,19.299999,19.500000,19.200001,19.400000,18.905777,23100
2017-02-16,19.500000,19.950001,19.400000,19.400000,18.905777,2700
2017-02-17,19.600000,19.799999,19.500000,19.500000,19.003229,2600
2017-02-21,19.549999,19.700001,19.500000,19.549999,19.051954,10000
2017-02-22,19.600000,19.600000,19.400000,19.490000,18.993484,7600
2017-02-23,19.500000,19.650000,19.480000,19.500000,19.003229,15400
2017-02-24,19.450001,19.700001,19.450001,19.500000,19.003229,11400
2017-02-27,19.150000,19.549999,19.150000,19.500000,19.111034,3700
2017-02-28,19.500000,19.549999,19.350000,19.350000,18.964031,5900
2017-03-01,19.500000,19.500000,18.850000,19.350000,18.964031,27900
2017-03-02,19.350000,19.920000,19.080000,19.100000,18.719015,23300
2017-03-03,19.250000,19.410000,19.000000,19.150000,18.768017,13300
2017-03-06,19.250000,19.450001,19.059999,19.400000,19.013031,9600
2017-03-07,19.200001,20.250000,19.200001,19.700001,19.307047,30400
2017-03-08,19.549999,20.730000,18.959999,19.850000,19.454054,16300
2017-03-09,19.700001,19.700001,19.170000,19.299999,18.915024,7500
2017-03-10,19.549999,19.600000,19.250000,19.350000,18.964031,3200
2017-03-13,19.330000,19.400000,19.299999,19.350000,18.964031,1100
2017-03-14,19.600000,19.610001,19.250000,19.250000,18.866024,1300
2017-03-15,20.000000,20.000000,19.450001,19.450001,19.062033,5000
2017-03-16,19.450001,19.850000,19.250000,19.799999,19.405052,4800
2017-03-17,19.799999,20.000000,19.600000,19.799999,19.405052,4500
2017-03-20,19.750000,19.900000,19.750000,19.900000,19.503059,1400
2017-03-21,19.900000,20.000000,19.750000,19.799999,19.405052,3200
2017-03-22,19.900000,19.900000,19.799999,19.830000,19.434452,1700
2017-03-23,19.900000,20.200001,19.850000,20.200001,19.797073,4200
2017-03-24,20.150000,20.420000,20.000000,20.200001,19.797073,1600
2017-03-27,19.950001,20.000000,19.950001,20.000000,19.601063,800
2017-03-28,20.250000,20.549999,20.049999,20.500000,20.091091,4900
2017-03-29,20.650000,21.500000,20.100000,20.950001,20.532112,45300
2017-03-30,20.620001,21.350000,20.250000,20.650000,20.238098,70600
2017-03-31,21.000000,21.450001,20.580000,21.450001,21.022139,8400
2017-04-03,21.549999,21.610001,21.059999,21.200001,20.777128,5100
2017-04-04,21.299999,22.450001,21.299999,22.400000,21.953192,32100
2017-04-05,22.549999,23.650000,22.549999,23.299999,22.835238,58800
2017-04-06,23.600000,23.700001,22.250000,23.700001,23.227261,21900
2017-04-07,22.200001,23.950001,22.200001,23.799999,23.325266,8500
2017-04-10,23.799999,26.000000,23.799999,25.400000,24.893349,45200
2017-04-11,25.850000,26.000000,25.090000,25.950001,25.432377,13400
2017-04-12,25.900000,25.900000,25.200001,25.700001,25.187365,9100
2017-04-13,25.600000,25.600000,24.799999,25.000000,24.501329,14900
2017-04-17,25.150000,25.900000,25.000000,25.700001,25.187365,32700
2017-04-18,25.549999,25.950001,25.350000,25.900000,25.383377,29200
2017-04-19,25.900000,25.950001,25.280001,25.400000,24.893349,11200
2017-04-20,25.299999,25.950001,24.850000,25.950001,25.432377,21000
2017-04-21,25.600000,26.299999,25.180000,26.100000,25.579388,35500
2017-04-24,26.250000,27.549999,26.070000,27.299999,26.755449,44400
2017-04-25,27.500000,28.000000,26.350000,26.700001,26.167419,33800
2017-04-26,27.100000,27.250000,26.150000,26.799999,26.265423,16800
2017-04-27,26.900000,27.200001,25.549999,27.100000,26.559439,14700
2017-04-28,27.150000,27.750000,26.250000,27.650000,27.098469,34300
2017-05-01,27.350000,27.500000,25.950001,27.000000,26.461435,10800
2017-05-02,26.930000,27.450001,26.879999,27.350000,26.804453,11400
2017-05-03,26.500000,27.000000,26.370001,26.600000,26.069414,22200
2017-05-04,26.600000,27.299999,25.799999,27.000000,26.461435,22400
2017-05-05,26.950001,27.350000,26.740000,27.000000,26.461435,11500
2017-05-08,26.750000,27.799999,26.500000,27.700001,27.147474,21700
2017-05-09,27.700001,28.150000,27.700001,27.950001,27.392485,12500
2017-05-10,27.900000,28.200001,27.200001,27.600000,27.049465,15000
2017-05-11,27.400000,27.750000,27.000000,27.299999,26.755449,33500
2017-05-12,27.049999,27.600000,27.049999,27.250000,26.706448,38500
2017-05-15,27.400000,28.500000,27.400000,28.299999,27.847918,24000
2017-05-16,28.299999,28.450001,28.049999,28.450001,27.995523,10500
2017-05-17,28.350000,28.450001,27.900000,28.250000,27.798717,13900
2017-05-18,28.000000,28.750000,27.950001,28.500000,28.044722,23000
2017-05-19,28.540001,29.150000,28.500000,28.950001,28.487535,144200
2017-05-22,29.299999,29.299999,28.250000,28.500000,28.044722,20000
2017-05-23,28.750000,29.299999,27.650000,29.150000,28.684338,13000
2017-05-24,29.250000,31.000000,27.670000,30.650000,30.160378,69100
2017-05-25,30.750000,31.100000,30.600000,30.750000,30.258781,30600
2017-05-26,30.549999,30.700001,29.400000,30.000000,29.520761,12100
2017-05-30,29.549999,30.350000,28.500000,29.750000,29.274755,49400
2017-05-31,29.750000,30.950001,29.150000,30.450001,29.963573,60800
2017-06-01,30.500000,30.799999,30.280001,30.450001,29.963573,14200
2017-06-02,30.450001,31.049999,30.450001,31.049999,30.553986,21000
2017-06-05,30.850000,31.450001,30.650000,31.350000,30.849194,22100
2017-06-06,31.299999,31.350000,30.400000,30.799999,30.307980,19500
2017-06-07,30.600000,31.299999,30.100000,30.700001,30.209579,16300
2017-06-08,30.650000,31.350000,30.650000,31.299999,30.799994,14400
2017-06-09,31.500000,31.500000,30.850000,31.250000,30.750792,9800
2017-06-12,31.049999,31.299999,30.900000,31.150000,30.652391,13900
2017-06-13,31.000000,31.400000,30.230000,31.150000,30.652391,12100
2017-06-14,31.150000,31.150000,30.200001,30.549999,30.061975,15800
2017-06-15,30.450001,30.700001,29.350000,30.299999,29.815968,20200
2017-06-16,29.650000,30.500000,29.480000,30.500000,30.012774,14100
2017-06-19,30.500000,30.950001,29.299999,29.400000,28.930344,29000
2017-06-20,29.450001,29.900000,28.250000,29.500000,29.028748,62600
2017-06-21,29.600000,30.870001,28.700001,29.100000,28.635138,19800
2017-06-22,29.900000,29.900000,28.379999,29.299999,28.831944,23000
2017-06-23,29.600000,30.100000,29.000000,29.900000,29.422358,602200
2017-06-26,30.200001,31.500000,30.150000,30.799999,30.307980,54800
2017-06-27,31.049999,31.049999,30.350000,30.600000,30.111177,9200
2017-06-28,30.850000,30.850000,30.250000,30.750000,30.258781,19900
2017-06-29,30.500000,30.500000,28.950001,29.750000,29.274755,23400
2017-06-30,29.350000,30.600000,29.299999,30.049999,29.569960,14400
2017-07-03,29.950001,30.900000,29.200001,30.750000,30.258781,13000
2017-07-05,30.799999,31.150000,29.250000,30.000000,29.520761,27100
2017-07-06,29.700001,31.150000,29.600000,30.000000,29.520761,28200
2017-07-07,30.049999,31.000000,29.600000,30.450001,29.963573,25000
2017-07-10,30.299999,30.549999,29.700001,30.150000,29.668364,18700
2017-07-11,30.500000,30.500000,29.600000,30.200001,29.717567,32200
2017-07-12,30.450001,31.049999,30.400000,30.900000,30.406384,21400
2017-07-13,31.049999,31.049999,30.100000,30.650000,30.160378,9100
2017-07-14,30.750000,30.750000,29.799999,30.350000,29.865168,19900
2017-07-17,30.200001,30.450001,30.030001,30.250000,29.766768,8500
2017-07-18,30.250000,30.250000,29.410000,29.700001,29.225554,12700
2017-07-19,29.850000,30.900000,29.850000,30.900000,30.406384,11100
2017-07-20,30.950001,31.000000,29.900000,30.299999,29.815968,16800
2017-07-21,30.350000,30.500000,29.900000,29.900000,29.422358,9200
2017-07-24,29.850000,29.900000,29.200001,29.450001,28.979549,9500
2017-07-25,29.700001,30.200001,29.350000,30.049999,29.569960,16900
2017-07-26,29.750000,30.600000,29.600000,29.850000,29.373158,8500
2017-07-27,29.510000,30.150000,29.299999,29.650000,29.176352,9300
2017-07-28,30.100000,30.100000,29.150000,29.450001,28.979549,5900
2017-07-31,29.299999,29.650000,29.100000,29.100000,28.635138,7700
2017-08-01,29.799999,29.900000,29.450001,29.700001,29.225554,15300
2017-08-02,29.500000,29.549999,28.500000,28.700001,28.241529,13000
2017-08-03,28.700001,29.400000,27.799999,28.450001,27.995523,36800
2017-08-04,28.100000,30.350000,28.100000,28.900000,28.438334,28300
2017-08-07,29.410000,29.410000,27.600000,28.100000,27.651112,30900
2017-08-08,27.910000,28.549999,27.900000,28.200001,27.749517,36100
2017-08-09,27.889999,28.200001,27.600000,27.750000,27.306705,7400
2017-08-10,27.680000,27.700001,26.549999,27.049999,26.617887,20800
2017-08-11,27.100000,27.299999,26.540001,26.750000,26.322680,23000
2017-08-14,26.950001,27.350000,26.299999,27.250000,26.925411,19600
2017-08-15,27.400000,27.590000,26.600000,26.700001,26.381962,9700
2017-08-16,26.549999,27.200001,26.500000,26.650000,26.332558,10200
2017-08-17,26.549999,26.950001,25.950001,26.100000,25.789110,19100
2017-08-18,25.900000,26.400000,25.799999,25.900000,25.591492,18000
2017-08-21,25.900000,26.100000,25.600000,25.700001,25.393873,14300
2017-08-22,25.850000,25.850000,25.049999,25.150000,24.850426,17700
2017-08-23,25.100000,25.350000,24.650000,25.100000,24.801023,18000
2017-08-24,25.250000,25.250000,25.000000,25.100000,24.801023,3400
2017-08-25,25.100000,25.350000,24.750000,25.000000,24.702213,5800
2017-08-28,24.950001,24.950001,24.500000,24.700001,24.405785,15800
2017-08-29,24.650000,26.000000,24.350000,25.299999,24.998638,27900
2017-08-30,25.270000,26.000000,25.270000,25.750000,25.443281,20200
2017-08-31,25.750000,26.299999,25.549999,26.150000,25.838514,15600
2017-09-01,25.950001,26.200001,25.850000,26.200001,25.887918,14800
2017-09-05,26.090000,26.360001,25.600000,25.799999,25.492683,16100
2017-09-06,25.850000,26.299999,25.650000,26.049999,25.739704,8400
2017-09-07,26.299999,26.299999,25.600000,25.900000,25.591492,9000
2017-09-08,25.900000,26.040001,25.650000,25.850000,25.542088,6300
2017-09-11,26.000000,26.400000,26.000000,26.400000,26.085537,11500
2017-09-12,26.400000,26.450001,26.200001,26.350000,26.036131,7700
2017-09-13,26.049999,26.450001,26.049999,26.250000,25.937325,8000
2017-09-14,26.250000,26.299999,25.900000,26.200001,25.887918,8200
2017-09-15,26.299999,26.930000,26.250000,26.299999,25.986727,35900
2017-09-18,26.400000,27.000000,26.400000,26.799999,26.480772,21300
2017-09-19,27.200001,27.700001,26.500000,26.500000,26.184347,12000
2017-09-20,26.750000,26.950001,26.750000,26.799999,26.480772,6800
2017-09-21,26.950001,26.950001,26.750000,26.850000,26.530176,3600
2017-09-22,26.700001,27.500000,26.700001,27.200001,26.876007,8100
2017-09-25,27.100000,27.350000,27.100000,27.150000,26.826603,7500
2017-09-26,27.100000,28.400000,27.100000,27.500000,27.172434,10900
2017-09-27,27.600000,28.500000,27.540001,28.500000,28.160522,28100
2017-09-28,28.049999,28.760000,28.049999,28.500000,28.160522,15500
2017-09-29,28.700001,28.980000,28.100000,28.700001,28.358143,27300
2017-10-02,28.900000,29.850000,28.889999,29.799999,29.445036,20900
2017-10-03,28.900000,29.950001,28.900000,29.700001,29.346231,9000
2017-10-04,29.850000,30.450001,29.299999,29.350000,29.000399,23800
2017-10-05,29.299999,29.799999,29.200001,29.700001,29.346231,11100
2017-10-06,29.450001,29.750000,29.350000,29.600000,29.247419,5000
2017-10-09,30.299999,30.299999,29.600000,29.600000,29.247419,7600
2017-10-10,29.700001,30.200001,29.700001,30.150000,29.790867,12500
2017-10-11,29.900000,30.549999,29.900000,30.350000,29.988487,23400
2017-10-12,30.299999,30.500000,29.700001,29.900000,29.543844,6300
2017-10-13,30.700001,30.700001,29.650000,30.400000,30.037891,7100
2017-10-16,30.059999,30.600000,30.059999,30.600000,30.235508,7400
2017-10-17,30.600000,30.600000,29.799999,29.950001,29.593252,4300
2017-10-18,30.049999,30.129999,29.840000,29.900000,29.543844,3000
2017-10-19,29.190001,30.000000,29.150000,29.700001,29.346231,5800
2017-10-20,30.049999,30.200001,29.639999,30.100000,29.741465,6600
2017-10-23,29.900000,30.299999,29.900000,30.100000,29.741465,1900
2017-10-24,30.400000,30.850000,30.250000,30.400000,30.037891,11100
2017-10-25,30.100000,30.549999,30.100000,30.200001,29.840275,3900
2017-10-26,30.100000,30.200001,29.450001,29.700001,29.346231,4700
2017-10-27,29.750000,29.850000,29.350000,29.850000,29.494442,10300
2017-10-30,30.000000,30.000000,29.000000,29.000000,28.654566,4000
2017-10-31,29.200001,29.600000,28.850000,28.900000,28.555756,17300
2017-11-01,29.299999,29.480000,28.850000,28.850000,28.506353,4600
2017-11-02,29.299999,30.600000,29.299999,30.000000,29.642656,9900
2017-11-03,29.400000,30.000000,29.400000,29.600000,29.247419,5300
2017-11-06,29.700001,30.150000,29.600000,29.900000,29.543844,11400
2017-11-07,28.900000,29.230000,26.799999,26.799999,26.480772,15000
2017-11-08,27.000000,27.400000,25.100000,25.450001,25.146852,27700
2017-11-09,25.750000,28.299999,25.549999,26.049999,25.739704,33100
2017-11-10,25.900000,26.570000,25.549999,26.150000,25.838514,14400
2017-11-13,26.100000,26.900000,25.750000,26.200001,25.887918,18100
2017-11-14,26.400000,26.900000,26.200001,26.450001,26.245131,11000
2017-11-15,26.400000,26.850000,26.030001,26.100000,25.897842,11000
2017-11-16,26.299999,27.250000,26.049999,26.750000,26.542809,4400
2017-11-17,26.549999,27.350000,26.500000,26.799999,26.592419,6200
2017-11-20,26.900000,27.400000,26.900000,27.350000,27.138161,5700
2017-11-21,27.549999,27.900000,27.450001,27.900000,27.683899,6100
2017-11-22,28.000000,28.000000,27.500000,27.700001,27.485451,4800
2017-11-24,27.850000,27.850000,27.200001,27.700001,27.485451,2400
2017-11-27,27.549999,28.400000,27.450001,28.400000,28.180027,3900
2017-11-28,28.299999,28.549999,28.049999,28.500000,28.279253,5700
2017-11-29,28.299999,29.299999,28.260000,28.799999,28.576929,15700
2017-11-30,28.500000,29.350000,28.250000,28.799999,28.576929,14900
2017-12-01,28.850000,28.850000,27.700001,28.250000,28.031189,8300
2017-12-04,28.750000,28.900000,28.250000,28.250000,28.031189,20000
2017-12-05,28.150000,28.250000,27.450001,27.850000,27.634287,9600
2017-12-06,27.750000,27.950001,27.750000,27.900000,27.683899,3000
2017-12-07,27.600000,28.450001,27.250000,27.600000,27.386223,4100
2017-12-08,27.049999,27.049999,26.000000,26.350000,26.145906,5400
2017-12-11,26.420000,26.450001,26.200001,26.350000,26.145906,3700
2017-12-12,26.450001,27.379999,26.450001,26.500000,26.294744,6500
2017-12-13,27.000000,27.900000,26.750000,27.850000,27.634287,5900
2017-12-14,27.750000,27.750000,26.950001,26.950001,26.741259,5300
2017-12-15,26.950001,28.299999,26.950001,27.950001,27.733515,32500
2017-12-18,28.049999,28.750000,27.900000,28.299999,28.080801,8000
2017-12-19,27.549999,27.750000,27.430000,27.549999,27.336611,4400
2017-12-20,27.330000,27.850000,27.049999,27.350000,27.138161,11400
2017-12-21,27.700001,27.850000,26.950001,27.450001,27.237387,10200
2017-12-22,27.700001,27.950001,26.700001,26.799999,26.592419,33300
2017-12-26,26.900000,27.250000,26.299999,26.700001,26.493195,37400
2017-12-27,26.850000,27.150000,26.549999,26.950001,26.741259,3200
2017-12-28,26.469999,26.719999,26.400000,26.500000,26.294744,5400
2017-12-29,26.750000,26.750000,26.150000,26.150000,25.947454,6800
2018-01-02,26.250000,26.450001,25.959999,26.400000,26.195517,11100
2018-01-03,26.299999,27.100000,26.299999,27.100000,26.890097,14400
2018-01-04,27.150000,27.150000,26.500000,26.600000,26.393969,9900
2018-01-05,26.850000,27.000000,26.400000,26.650000,26.443581,6000
2018-01-08,26.600000,27.049999,26.600000,27.049999,26.840483,4000
2018-01-09,26.900000,28.650000,26.900000,27.100000,26.890097,13300
2018-01-10,27.600000,27.600000,26.500000,26.750000,26.542809,3400
2018-01-11,26.650000,26.900000,26.650000,26.900000,26.691645,2100
2018-01-12,26.809999,27.850000,26.750000,27.799999,27.584673,10500
2018-01-16,27.500000,28.500000,26.950001,27.200001,26.989321,5600
2018-01-17,27.299999,27.900000,27.200001,27.350000,27.138161,4900
2018-01-18,27.150000,27.150000,26.660000,26.700001,26.493195,6400
2018-01-19,26.650000,28.049999,26.650000,27.950001,27.733515,4600
2018-01-22,27.350000,27.799999,27.100000,27.750000,27.535063,6100
2018-01-23,27.200001,27.850000,27.200001,27.850000,27.634287,3700
2018-01-24,27.850000,28.100000,26.799999,26.799999,26.592419,5400
2018-01-25,27.049999,27.049999,26.600000,26.600000,26.393969,3800
2018-01-26,26.850000,27.350000,26.600000,27.000000,26.790871,3200
2018-01-29,26.900000,26.900000,26.250000,26.549999,26.344357,11300
2018-01-30,26.299999,26.950001,26.299999,26.700001,26.493195,11200
2018-01-31,26.700001,26.850000,26.600000,26.750000,26.542809,6400
2018-02-01,26.780001,26.850000,26.500000,26.650000,26.443581,3100
2018-02-02,26.500000,26.670000,26.049999,26.129999,25.927608,4300
2018-02-05,25.950001,25.950001,24.500000,24.600000,24.409460,14000
2018-02-06,24.000000,25.850000,24.000000,24.400000,24.211008,18600
2018-02-07,24.549999,24.900000,24.549999,24.900000,24.707136,4900
2018-02-08,25.450001,25.549999,24.500000,24.500000,24.310236,9700
2018-02-09,24.900000,25.350000,24.500000,24.600000,24.409460,9100
2018-02-12,25.120001,25.120001,24.549999,24.900000,24.707136,2400
2018-02-13,24.650000,25.299999,24.600000,25.299999,25.104038,20000
2018-02-14,25.000000,26.049999,25.000000,25.000000,24.806362,21700
2018-02-15,25.200001,26.129999,25.200001,25.700001,25.500940,58100
2018-02-16,25.500000,25.750000,25.299999,25.350000,25.153652,5100
2018-02-20,25.900000,25.900000,25.350000,25.450001,25.252876,3300
2018-02-21,25.700001,25.799999,25.350000,25.350000,25.153652,1100
2018-02-22,25.700001,26.200001,25.250000,25.650000,25.451326,30200
2018-02-23,25.700001,26.400000,25.700001,26.000000,25.798616,34000
2018-02-26,25.950001,27.400000,25.799999,27.250000,27.038935,12300
2018-02-27,27.049999,27.250000,26.650000,26.750000,26.542809,3800
2018-02-28,26.450001,26.480000,25.150000,25.500000,25.406965,46100
2018-03-01,25.700001,26.500000,25.350000,25.950001,25.855326,34700
2018-03-02,26.400000,27.549999,25.650000,26.350000,26.253864,13000
2018-03-05,26.650000,26.900000,26.450001,26.900000,26.801857,13400
2018-03-06,26.799999,26.799999,26.150000,26.549999,26.453135,6300
2018-03-07,26.950001,26.950001,26.500000,26.600000,26.502953,7700
2018-03-08,26.600000,27.000000,26.299999,26.900000,26.801857,3800
2018-03-09,28.150000,28.150000,26.900000,27.549999,27.449486,50600
2018-03-12,27.549999,27.700001,27.200001,27.350000,27.250217,37200
2018-03-13,27.500000,28.299999,27.500000,28.150000,28.047297,12500
2018-03-14,28.750000,29.500000,28.350000,28.750000,28.645109,68400
2018-03-15,28.750000,29.280001,28.350000,29.100000,28.993832,50000
2018-03-16,29.250000,29.920000,29.200001,29.700001,29.591642,29300
2018-03-19,29.549999,30.200001,29.299999,30.049999,29.940365,10300
2018-03-20,30.200001,30.500000,29.950001,30.000000,29.890549,5600
2018-03-21,29.950001,30.500000,29.400000,30.500000,30.388723,8700
2018-03-22,30.100000,30.830000,30.100000,30.200001,30.089819,9300
2018-03-23,30.250000,30.700001,28.250000,28.299999,28.196749,15100
2018-03-26,28.950001,29.650000,28.400000,29.549999,29.442188,44000
2018-03-27,29.200001,30.150000,28.299999,28.950001,28.844379,51900
2018-03-28,29.150000,29.150000,28.670000,28.799999,28.694925,10600
2018-03-29,29.900000,29.900000,28.250000,28.500000,28.396021,4800
2018-04-02,28.500000,29.400000,28.200001,28.400000,28.296385,8400
2018-04-03,28.799999,29.100000,28.049999,28.049999,27.947662,11700
2018-04-04,28.000000,29.430000,27.500000,29.200001,29.093468,8000
2018-04-05,29.150000,29.700001,28.299999,28.799999,28.694925,41000
2018-04-06,28.650000,29.549999,27.850000,29.100000,28.993832,53200
2018-04-09,29.150000,30.250000,28.000000,28.450001,28.346203,28800
2018-04-10,28.549999,28.750000,28.100000,28.600000,28.495657,4300
2018-04-11,28.549999,28.900000,28.400000,28.700001,28.595291,12900
2018-04-12,28.299999,28.450001,28.049999,28.049999,27.947662,1900
2018-04-13,28.000000,28.400000,27.650000,27.950001,27.848028,7100
2018-04-16,28.000000,28.000000,27.600000,27.600000,27.499304,3300
2018-04-17,28.200001,28.900000,27.900000,28.549999,28.445837,17300
2018-04-18,28.549999,28.600000,28.350000,28.600000,28.495657,1700
2018-04-19,28.500000,28.950001,28.500000,28.850000,28.744743,2900
2018-04-20,28.650000,28.650000,28.000000,28.100000,27.997480,7100
2018-04-23,28.049999,28.650000,28.049999,28.100000,27.997480,2000
2018-04-24,28.500000,29.299999,28.500000,28.850000,28.744743,27200
2018-04-25,28.600000,29.400000,28.200001,28.350000,28.246569,30900
2018-04-26,28.549999,28.799999,28.299999,28.799999,28.694925,3300
2018-04-27,29.889999,29.889999,28.700001,28.799999,28.694925,4600
2018-04-30,28.500000,29.250000,28.150000,28.400000,28.296385,30800
2018-05-01,28.500000,28.549999,27.700001,28.200001,28.097116,28700
2018-05-02,28.000000,29.600000,27.900000,29.200001,29.093468,13100
2018-05-03,29.450001,29.450001,28.650000,29.250000,29.143284,4400
2018-05-04,29.250000,30.000000,28.830000,29.700001,29.591642,13300
2018-05-07,28.530001,29.850000,28.530001,29.650000,29.541824,19200
2018-05-08,29.700001,30.299999,29.350000,30.299999,30.189453,3000
2018-05-09,30.100000,30.100000,29.500000,29.750000,29.641460,3600
2018-05-10,29.450001,29.600000,28.799999,29.100000,28.993832,29800
2018-05-11,29.049999,30.400000,29.049999,30.400000,30.289089,22100
2018-05-14,29.900000,30.290001,29.900000,30.150000,30.040001,4900
2018-05-15,30.049999,30.100000,29.700001,29.799999,29.799999,3000
2018-05-16,30.200001,30.200001,29.600000,29.799999,29.799999,5700
2018-05-17,29.450001,30.350000,29.450001,30.150000,30.150000,11600
2018-05-18,30.400000,31.000000,30.100000,30.650000,30.650000,23000
2018-05-21,30.350000,30.850000,30.350000,30.850000,30.850000,2700
2018-05-22,30.350000,30.549999,30.150000,30.299999,30.299999,2100
2018-05-23,30.700001,30.700001,30.500000,30.600000,30.600000,3100
2018-05-24,30.389999,30.750000,30.389999,30.650000,30.650000,2400
2018-05-25,30.750000,30.750000,30.350000,30.650000,30.650000,1600
2018-05-29,30.750000,30.750000,30.549999,30.600000,30.600000,2500
2018-05-30,30.750000,31.000000,30.500000,30.700001,30.700001,4900
2018-05-31,30.700001,30.850000,30.500000,30.549999,30.549999,3900
2018-06-01,30.549999,30.799999,30.150000,30.750000,30.750000,3900
2018-06-04,30.500000,30.750000,30.299999,30.500000,30.500000,4700
2018-06-05,29.400000,30.400000,29.400000,29.900000,29.900000,8300
2018-06-06,29.200001,30.700001,29.100000,30.549999,30.549999,6400
2018-06-07,30.049999,30.549999,30.049999,30.450001,30.450001,1600
2018-06-08,29.950001,30.150000,29.700001,29.700001,29.700001,3000
2018-06-11,29.600000,30.200001,29.500000,29.750000,29.750000,3300
2018-06-12,29.860001,30.350000,29.860001,30.350000,30.350000,3200
2018-06-13,30.000000,30.250000,29.000000,30.000000,30.000000,4500
2018-06-14,30.610001,30.610001,29.650000,29.850000,29.850000,2400
2018-06-15,29.700001,31.000000,29.500000,30.700001,30.700001,12000
2018-06-18,30.200001,30.650000,30.100000,30.600000,30.600000,7400
2018-06-19,30.150000,30.400000,29.850000,30.000000,30.000000,5700
2018-06-20,30.590000,30.590000,30.150000,30.400000,30.400000,5800
2018-06-21,30.049999,30.450001,29.850000,30.200001,30.200001,3500
2018-06-22,30.049999,30.049999,29.000000,29.049999,29.049999,36100
2018-06-25,29.150000,29.150000,28.110001,28.250000,28.250000,26000
2018-06-26,28.299999,28.990000,28.190001,28.600000,28.600000,27700
2018-06-27,28.600000,29.049999,28.400000,28.600000,28.600000,3400
2018-06-28,28.650000,28.750000,28.450001,28.549999,28.549999,3700
2018-06-29,28.350000,28.379999,28.000000,28.049999,28.049999,13300
