Date,Open,High,Low,Close,Adj Close,Volume
2013-01-02,10.210000,10.290000,10.120000,10.210000,9.509031,144200
2013-01-03,10.180000,10.260000,10.040000,10.080000,9.387958,72000
2013-01-04,10.090000,10.220000,9.950000,10.010000,9.322763,94300
2013-01-07,9.920000,10.020000,9.690000,10.000000,9.313450,81000
2013-01-08,9.960000,9.970000,9.690000,9.740000,9.071301,67900
2013-01-09,9.740000,9.930000,9.740000,9.900000,9.220315,92000
2013-01-10,9.970000,10.060000,9.820000,10.050000,9.360017,171500
2013-01-11,10.070000,10.200000,10.030000,10.070000,9.378643,107500
2013-01-14,10.030000,10.150000,10.000000,10.070000,9.378643,86400
2013-01-15,10.000000,10.220000,10.000000,10.140000,9.443838,62400
2013-01-16,10.100000,10.200000,10.080000,10.090000,9.397271,51700
2013-01-17,10.130000,10.440000,10.110000,10.350000,9.639421,50400
2013-01-18,10.370000,10.420000,10.160000,10.190000,9.490404,52200
2013-01-22,10.180000,10.480000,10.090000,10.470000,9.751182,111900
2013-01-23,10.430000,10.490000,10.360000,10.410000,9.695302,151100
2013-01-24,10.410000,10.780000,10.380000,10.530000,9.807062,157600
2013-01-25,10.660000,10.840000,10.480000,10.660000,9.928136,117500
2013-01-28,10.660000,10.810000,10.610000,10.700000,9.965392,102700
2013-01-29,10.660000,10.820000,10.420000,10.820000,10.077152,64000
2013-01-30,10.760000,10.900000,10.670000,10.840000,10.095778,137200
2013-01-31,10.850000,10.930000,10.670000,10.800000,10.058526,190700
2013-02-01,10.250000,10.910000,10.000000,10.680000,9.946763,340000
2013-02-04,10.540000,10.820000,10.520000,10.780000,10.039898,231900
2013-02-05,10.820000,10.820000,10.660000,10.770000,10.030584,164400
2013-02-06,10.670000,11.000000,10.490000,10.970000,10.216856,63500
2013-02-07,10.970000,11.050000,10.890000,10.890000,10.142346,134100
2013-02-08,10.880000,11.130000,10.810000,10.830000,10.086465,74700
2013-02-11,10.790000,10.820000,10.590000,10.680000,9.946763,93800
2013-02-12,10.720000,10.990000,10.660000,10.930000,10.179603,39100
2013-02-13,11.020000,11.130000,10.890000,11.130000,10.365869,53800
2013-02-14,11.130000,11.220000,11.080000,11.100000,10.337930,25500
2013-02-15,11.030000,11.070000,10.870000,10.900000,10.151659,81200
2013-02-19,10.880000,11.160000,10.880000,11.120000,10.356557,154200
2013-02-20,11.160000,11.400000,11.050000,11.160000,10.393810,129600
2013-02-21,11.160000,11.260000,11.110000,11.240000,10.468316,75300
2013-02-22,11.330000,11.430000,11.250000,11.430000,10.645273,62100
2013-02-25,11.450000,11.550000,11.210000,11.310000,10.533512,162000
2013-02-26,11.330000,11.570000,11.300000,11.460000,10.749248,113600
2013-02-27,11.470000,11.540000,11.350000,11.380000,10.674208,71600
2013-02-28,11.400000,11.500000,10.960000,11.010000,10.327157,183000
2013-03-01,10.880000,11.310000,10.880000,11.300000,10.599171,100800
2013-03-04,11.300000,11.300000,10.560000,10.590000,9.933205,102800
2013-03-05,10.690000,10.750000,10.610000,10.720000,10.055141,54100
2013-03-06,10.730000,10.750000,10.460000,10.510000,9.858167,91900
2013-03-07,10.530000,10.630000,10.340000,10.630000,9.970724,53900
2013-03-08,10.740000,10.740000,10.570000,10.680000,10.017621,46700
2013-03-11,10.630000,10.750000,10.410000,10.460000,9.811267,53200
2013-03-12,10.500000,10.640000,10.430000,10.630000,9.970724,95800
2013-03-13,10.610000,10.850000,10.520000,10.820000,10.148940,58200
2013-03-14,10.800000,11.060000,10.800000,10.940000,10.261497,69100
2013-03-15,10.960000,11.300000,10.960000,11.120000,10.430335,241800
2013-03-18,11.010000,11.050000,10.900000,10.950000,10.270878,43400
2013-03-19,11.010000,11.100000,10.850000,10.950000,10.270878,42400
2013-03-20,11.000000,11.500000,10.900000,11.480000,10.768005,123100
2013-03-21,11.370000,11.550000,11.240000,11.500000,10.786767,112400
2013-03-22,11.530000,11.700000,11.470000,11.630000,10.908704,48600
2013-03-25,11.690000,11.690000,11.170000,11.300000,10.599171,47800
2013-03-26,11.400000,11.400000,11.260000,11.380000,10.674208,25200
2013-03-27,11.330000,11.460000,11.200000,11.430000,10.721107,25400
2013-03-28,11.470000,11.470000,11.000000,11.050000,10.364675,133200
2013-04-01,11.070000,11.240000,10.800000,11.070000,10.383434,185800
2013-04-02,11.160000,11.180000,10.900000,11.090000,10.402195,78100
2013-04-03,11.160000,11.230000,10.800000,10.800000,10.130180,75700
2013-04-04,10.780000,10.930000,10.780000,10.910000,10.233357,83800
2013-04-05,10.750000,11.020000,10.750000,10.890000,10.214599,66700
2013-04-08,10.830000,10.890000,10.660000,10.750000,10.083282,49400
2013-04-09,10.800000,11.020000,10.520000,10.540000,9.886305,89400
2013-04-10,10.610000,11.100000,10.610000,11.010000,10.327157,91300
2013-04-11,11.030000,11.090000,10.830000,10.870000,10.195837,59600
2013-04-12,10.780000,10.970000,10.750000,10.940000,10.261497,45200
2013-04-15,10.830000,10.830000,10.360000,10.450000,9.801887,99500
2013-04-16,10.560000,10.560000,10.280000,10.400000,9.754988,100400
2013-04-17,10.280000,10.380000,9.970000,9.970000,9.351657,83800
2013-04-18,10.020000,10.450000,9.900000,10.090000,9.464215,185500
2013-04-19,10.160000,10.470000,10.160000,10.320000,9.679950,79900
2013-04-22,10.410000,10.410000,10.200000,10.360000,9.717468,141100
2013-04-23,10.510000,10.570000,10.340000,10.510000,9.858167,102900
2013-04-24,10.560000,10.710000,10.540000,10.630000,9.970724,125000
2013-04-25,10.730000,10.860000,10.680000,10.770000,10.102040,49900
2013-04-26,10.770000,10.940000,10.550000,10.560000,9.905066,113000
2013-04-29,10.640000,10.730000,10.560000,10.600000,9.942586,33600
2013-04-30,10.680000,10.810000,10.680000,10.780000,10.111421,72100
2013-05-01,10.700000,10.770000,10.230000,10.240000,9.604911,107700
2013-05-02,10.300000,10.500000,10.270000,10.440000,9.792508,33700
2013-05-03,10.610000,10.750000,10.590000,10.680000,10.017621,69200
2013-05-06,10.710000,10.870000,10.620000,10.760000,10.092662,27000
2013-05-07,10.810000,10.840000,10.710000,10.840000,10.167699,33500
2013-05-08,11.830000,11.990000,11.040000,11.150000,10.458473,162400
2013-05-09,10.860000,11.200000,10.860000,11.070000,10.383434,114100
2013-05-10,11.050000,11.050000,10.790000,10.980000,10.299016,76600
2013-05-13,10.910000,11.040000,10.910000,11.010000,10.327157,36600
2013-05-14,11.010000,11.070000,10.950000,11.000000,10.317776,99900
2013-05-15,10.910000,11.060000,10.910000,11.010000,10.327157,66700
2013-05-16,11.000000,11.250000,10.990000,11.170000,10.477232,101900
2013-05-17,11.190000,11.350000,10.890000,11.310000,10.608551,77600
2013-05-20,11.160000,11.550000,11.120000,11.540000,10.824286,89200
2013-05-21,11.370000,11.690000,11.370000,11.630000,10.908704,71600
2013-05-22,11.600000,11.690000,11.200000,11.280000,10.580410,63100
2013-05-23,11.250000,11.400000,11.120000,11.350000,10.646069,44500
2013-05-24,11.270000,11.330000,11.220000,11.250000,10.552273,91400
2013-05-28,11.390000,11.750000,11.370000,11.630000,10.908704,124800
2013-05-29,11.580000,11.580000,11.300000,11.430000,10.721107,73300
2013-05-30,11.440000,11.620000,11.410000,11.530000,10.814906,75700
2013-05-31,11.400000,11.580000,11.230000,11.350000,10.646069,91500
2013-06-03,11.340000,11.530000,11.250000,11.490000,10.853889,114700
2013-06-04,11.470000,11.510000,11.310000,11.420000,10.787766,61200
2013-06-05,11.440000,11.510000,11.280000,11.300000,10.674409,77700
2013-06-06,11.270000,11.410000,11.070000,11.290000,10.664961,68600
2013-06-07,11.360000,11.470000,11.290000,11.330000,10.702747,70200
2013-06-10,11.360000,11.460000,11.260000,11.390000,10.759427,64400
2013-06-11,11.200000,11.370000,11.200000,11.220000,10.598838,19200
2013-06-12,11.340000,11.510000,10.970000,11.030000,10.419355,65900
2013-06-13,11.000000,11.300000,10.980000,11.250000,10.627175,68100
2013-06-14,11.200000,11.200000,10.960000,10.960000,10.353232,46700
2013-06-17,11.100000,11.100000,10.840000,10.870000,10.268213,81100
2013-06-18,10.920000,11.120000,10.920000,11.040000,10.428802,73500
2013-06-19,11.060000,11.060000,10.950000,10.970000,10.362679,48200
2013-06-20,10.830000,10.880000,10.620000,10.660000,10.069840,72000
2013-06-21,10.710000,10.810000,10.600000,10.780000,10.183197,151500
2013-06-24,10.630000,10.680000,10.460000,10.460000,9.880912,68400
2013-06-25,10.560000,10.600000,10.420000,10.540000,9.956484,89900
2013-06-26,10.610000,10.690000,10.530000,10.640000,10.050948,80200
2013-06-27,10.700000,10.800000,10.700000,10.760000,10.164304,95500
2013-06-28,10.700000,10.890000,10.680000,10.760000,10.164304,119800
2013-07-01,10.830000,11.100000,10.780000,11.080000,10.466589,59400
2013-07-02,11.040000,11.320000,10.950000,11.260000,10.636622,79700
2013-07-03,11.160000,11.450000,11.160000,11.390000,10.759427,26400
2013-07-05,11.460000,11.610000,11.350000,11.590000,10.948353,51200
2013-07-08,11.640000,11.740000,11.520000,11.650000,11.005033,70600
2013-07-09,11.580000,11.990000,11.580000,11.890000,11.231746,130100
2013-07-10,11.850000,11.940000,11.800000,11.900000,11.241192,117600
2013-07-11,12.010000,12.190000,11.910000,12.030000,11.363994,63500
2013-07-12,11.980000,12.290000,11.980000,12.220000,11.543475,88300
2013-07-15,12.210000,12.220000,12.060000,12.160000,11.486797,140000
2013-07-16,12.180000,12.290000,12.100000,12.260000,11.581261,99500
2013-07-17,12.350000,12.800000,12.240000,12.280000,11.600153,70100
2013-07-18,12.350000,12.500000,12.240000,12.280000,11.600153,91100
2013-07-19,12.260000,12.350000,12.210000,12.350000,11.666279,38300
2013-07-22,12.290000,12.350000,12.250000,12.350000,11.666279,41300
2013-07-23,12.360000,12.390000,12.070000,12.130000,11.458458,73300
2013-07-24,12.230000,12.360000,12.070000,12.100000,11.430119,54600
2013-07-25,12.040000,12.160000,11.880000,12.010000,11.345101,63200
2013-07-26,11.890000,12.210000,11.710000,11.810000,11.156174,41600
2013-07-29,11.810000,12.020000,11.600000,11.680000,11.033371,62600
2013-07-30,11.770000,11.770000,11.620000,11.640000,10.995586,66100
2013-07-31,11.660000,11.680000,11.330000,11.350000,10.721642,135000
2013-08-01,11.490000,11.490000,11.210000,11.270000,10.646070,59200
2013-08-02,11.180000,11.430000,11.110000,11.250000,10.627175,86800
2013-08-05,11.200000,11.920000,11.200000,11.900000,11.241192,100000
2013-08-06,11.820000,11.900000,11.500000,11.800000,11.146728,175500
2013-08-07,11.510000,11.510000,10.540000,11.230000,10.608284,175100
2013-08-08,11.260000,11.300000,11.070000,11.080000,10.466589,86700
2013-08-09,11.010000,11.150000,10.980000,11.000000,10.391017,76600
2013-08-12,10.810000,11.010000,10.810000,10.850000,10.249323,89200
2013-08-13,10.810000,10.940000,10.750000,10.890000,10.287107,43800
2013-08-14,10.860000,10.960000,10.740000,10.760000,10.164304,75700
2013-08-15,10.420000,10.630000,10.250000,10.610000,10.097684,127000
2013-08-16,10.520000,10.700000,10.490000,10.640000,10.126237,74100
2013-08-19,10.600000,10.710000,10.600000,10.710000,10.192856,96300
2013-08-20,10.690000,10.760000,10.490000,10.750000,10.230925,64900
2013-08-21,10.670000,10.750000,10.590000,10.680000,10.164304,58000
2013-08-22,10.680000,10.910000,10.680000,10.860000,10.335612,26000
2013-08-23,10.850000,10.940000,10.800000,10.830000,10.307061,42500
2013-08-26,10.810000,10.900000,10.600000,10.830000,10.307061,36500
2013-08-27,10.720000,10.890000,10.690000,10.800000,10.278510,89300
2013-08-28,10.800000,10.860000,10.760000,10.810000,10.288027,79300
2013-08-29,10.810000,11.100000,10.810000,11.090000,10.554507,63600
2013-08-30,11.040000,11.070000,10.970000,10.990000,10.459334,80400
2013-09-03,11.110000,11.250000,11.020000,11.230000,10.687747,109500
2013-09-04,11.210000,11.290000,11.100000,11.170000,10.630645,105500
2013-09-05,11.150000,11.340000,11.100000,11.310000,10.763885,40600
2013-09-06,11.360000,11.450000,11.230000,11.410000,10.859056,68500
2013-09-09,11.450000,11.930000,11.340000,11.920000,11.344429,99500
2013-09-10,11.980000,12.200000,11.890000,12.200000,11.610909,71800
2013-09-11,12.200000,12.200000,11.950000,12.000000,11.420568,109800
2013-09-12,12.000000,12.140000,11.810000,11.830000,11.258775,57700
2013-09-13,11.880000,11.980000,11.700000,11.890000,11.315879,41200
2013-09-16,12.020000,12.110000,11.830000,11.900000,11.325396,48400
2013-09-17,11.880000,12.000000,11.720000,11.960000,11.382498,42200
2013-09-18,11.930000,12.040000,11.710000,11.870000,11.296844,65200
2013-09-19,11.920000,11.940000,11.700000,11.900000,11.325396,74100
2013-09-20,11.910000,12.120000,11.810000,12.010000,11.430084,131200
2013-09-23,12.010000,12.310000,11.900000,12.170000,11.582358,40000
2013-09-24,12.140000,12.140000,11.960000,12.120000,11.534771,123400
2013-09-25,12.100000,12.100000,11.890000,11.970000,11.392015,40300
2013-09-26,11.940000,11.940000,11.720000,11.820000,11.249256,68500
2013-09-27,11.750000,11.760000,11.600000,11.680000,11.116018,43700
2013-09-30,11.580000,11.800000,11.530000,11.690000,11.125534,141000
2013-10-01,11.720000,11.750000,11.610000,11.620000,11.058915,64900
2013-10-02,11.580000,11.670000,11.530000,11.560000,11.001813,85000
2013-10-03,11.500000,11.670000,11.460000,11.580000,11.020847,123000
2013-10-04,11.520000,11.560000,11.350000,11.360000,10.811469,23800
2013-10-07,11.250000,11.310000,11.150000,11.160000,10.621127,45700
2013-10-08,11.190000,11.300000,10.980000,11.070000,10.535472,139800
2013-10-09,11.080000,11.140000,11.020000,11.070000,10.535472,98700
2013-10-10,11.210000,11.300000,11.050000,11.170000,10.630645,42900
2013-10-11,11.110000,11.560000,11.110000,11.470000,10.916159,40700
2013-10-14,11.370000,11.760000,11.090000,11.600000,11.039882,67700
2013-10-15,11.540000,11.680000,11.380000,11.500000,10.944710,48100
2013-10-16,11.620000,11.620000,11.400000,11.490000,10.935193,30900
2013-10-17,11.490000,11.590000,11.420000,11.540000,10.982779,70000
2013-10-18,11.660000,11.660000,11.450000,11.570000,11.011329,69800
2013-10-21,11.620000,11.720000,11.510000,11.550000,10.992295,61200
2013-10-22,11.610000,11.720000,11.540000,11.640000,11.077950,66100
2013-10-23,11.540000,12.140000,11.500000,12.040000,11.458634,180700
2013-10-24,12.020000,12.290000,11.790000,12.140000,11.553807,213800
2013-10-25,12.190000,12.330000,12.120000,12.190000,11.601392,145200
2013-10-28,12.210000,12.260000,11.920000,12.060000,11.477670,80900
2013-10-29,12.130000,12.170000,11.840000,12.050000,11.468153,240800
2013-10-30,12.090000,12.120000,11.820000,12.010000,11.430084,119600
2013-10-31,12.050000,12.130000,11.950000,11.980000,11.401531,81000
2013-11-01,10.510000,11.000000,9.560000,10.000000,9.517138,623700
2013-11-04,10.010000,10.340000,9.910000,10.000000,9.517138,298100
2013-11-05,9.950000,10.000000,9.680000,9.690000,9.222107,191500
2013-11-06,9.780000,9.780000,9.670000,9.680000,9.212590,83300
2013-11-07,9.760000,9.760000,9.450000,9.590000,9.126936,140300
2013-11-08,9.580000,9.870000,9.580000,9.740000,9.269693,92700
2013-11-11,9.750000,9.890000,9.550000,9.830000,9.355347,172600
2013-11-12,9.770000,9.930000,9.740000,9.830000,9.355347,81800
2013-11-13,9.770000,9.990000,9.610000,9.930000,9.450520,138300
2013-11-14,9.900000,10.000000,9.860000,9.900000,9.421968,48200
2013-11-15,9.800000,9.840000,9.620000,9.650000,9.258858,223900
2013-11-18,9.660000,9.790000,9.640000,9.690000,9.297236,151100
2013-11-19,9.720000,9.750000,9.610000,9.700000,9.306830,105400
2013-11-20,9.730000,9.870000,9.670000,9.770000,9.373995,55100
2013-11-21,9.820000,10.100000,9.750000,10.050000,9.642646,127600
2013-11-22,10.010000,10.120000,9.920000,9.960000,9.556293,103500
2013-11-25,10.000000,10.110000,9.910000,9.990000,9.585076,103300
2013-11-26,10.030000,10.340000,10.000000,10.290000,9.872916,117400
2013-11-27,10.330000,10.400000,10.110000,10.380000,9.959270,51200
2013-11-29,10.440000,10.440000,10.210000,10.290000,9.872916,33000
2013-12-02,10.260000,10.260000,9.610000,9.880000,9.479535,148400
2013-12-03,9.900000,10.120000,9.870000,10.040000,9.633051,86700
2013-12-04,10.030000,10.130000,9.850000,9.890000,9.489131,60500
2013-12-05,9.940000,9.990000,9.780000,9.980000,9.575481,44800
2013-12-06,10.050000,10.290000,9.960000,10.120000,9.709807,56500
2013-12-09,10.100000,10.240000,10.000000,10.160000,9.748185,97000
2013-12-10,10.150000,10.210000,9.990000,9.990000,9.585076,99100
2013-12-11,9.990000,10.010000,9.840000,9.890000,9.489131,78900
2013-12-12,9.860000,9.950000,9.780000,9.900000,9.498724,94100
2013-12-13,9.910000,9.980000,9.790000,9.840000,9.441156,53200
2013-12-16,9.880000,10.000000,9.850000,9.900000,9.498724,64400
2013-12-17,9.920000,9.970000,9.860000,9.900000,9.498724,72400
2013-12-18,9.940000,10.050000,9.810000,10.000000,9.594672,121000
2013-12-19,9.950000,10.000000,9.810000,9.980000,9.575481,44900
2013-12-20,10.000000,10.010000,9.910000,10.000000,9.594672,329200
2013-12-23,10.000000,10.030000,9.920000,10.000000,9.594672,148700
2013-12-24,10.000000,10.020000,9.990000,10.000000,9.594672,80100
2013-12-26,10.000000,10.010000,9.950000,9.960000,9.556293,63200
2013-12-27,10.000000,10.270000,9.940000,10.260000,9.844132,171800
2013-12-30,10.220000,10.330000,10.200000,10.210000,9.796159,53300
2013-12-31,10.200000,10.480000,10.200000,10.460000,10.036027,97500
2014-01-02,10.400000,10.400000,10.220000,10.300000,9.882511,47600
2014-01-03,10.290000,10.360000,10.260000,10.270000,9.853728,39600
2014-01-06,10.290000,10.320000,10.130000,10.160000,9.748185,48300
2014-01-07,10.170000,10.320000,10.160000,10.190000,9.776970,46000
2014-01-08,10.150000,10.410000,10.150000,10.220000,9.805754,61900
2014-01-09,10.280000,10.360000,10.150000,10.330000,9.911295,53700
2014-01-10,10.370000,10.450000,10.300000,10.420000,9.997648,131400
2014-01-13,10.390000,10.430000,10.060000,10.190000,9.776970,54800
2014-01-14,10.210000,10.400000,10.080000,10.260000,9.844132,157300
2014-01-15,10.260000,10.960000,10.250000,10.920000,10.477382,172400
2014-01-16,10.860000,11.140000,10.860000,11.120000,10.669274,82500
2014-01-17,11.080000,11.100000,10.900000,10.900000,10.458192,36900
2014-01-21,10.910000,11.450000,10.880000,11.440000,10.976303,95400
2014-01-22,11.430000,11.430000,11.050000,11.170000,10.717248,135000
2014-01-23,11.090000,11.140000,11.030000,11.120000,10.669274,102500
2014-01-24,11.020000,11.090000,10.880000,10.940000,10.496570,63900
2014-01-27,10.780000,10.990000,10.730000,10.850000,10.410218,43800
2014-01-28,10.900000,10.900000,10.590000,10.810000,10.371840,88000
2014-01-29,10.700000,10.800000,10.450000,10.530000,10.103188,72100
2014-01-30,10.590000,10.850000,10.550000,10.600000,10.170351,89300
2014-01-31,10.460000,10.950000,10.390000,10.840000,10.400624,179000
2014-02-03,10.780000,10.800000,10.280000,10.470000,10.045621,102300
2014-02-04,10.470000,10.520000,10.330000,10.390000,9.968863,66300
2014-02-05,9.780000,9.780000,9.320000,9.500000,9.114938,583100
2014-02-06,9.490000,9.490000,9.350000,9.360000,8.980612,114000
2014-02-07,9.390000,9.430000,9.160000,9.160000,8.788719,133500
2014-02-10,9.190000,9.190000,9.000000,9.040000,8.673583,120400
2014-02-11,9.040000,9.260000,9.040000,9.250000,8.875072,154000
2014-02-12,9.260000,9.350000,9.160000,9.180000,8.807909,110800
2014-02-13,9.090000,9.400000,9.020000,9.350000,8.971018,50800
2014-02-14,9.360000,9.460000,9.180000,9.430000,9.047775,68200
2014-02-18,9.350000,9.600000,9.350000,9.500000,9.114938,68500
2014-02-19,9.440000,9.480000,9.200000,9.200000,8.827098,50400
2014-02-20,9.180000,9.320000,9.100000,9.280000,8.903855,110800
2014-02-21,9.330000,9.350000,9.200000,9.240000,8.865477,110200
2014-02-24,9.270000,9.580000,9.140000,9.290000,8.913448,135700
2014-02-25,9.240000,9.410000,9.170000,9.290000,8.990872,148000
2014-02-26,9.270000,9.480000,9.220000,9.350000,9.048942,57200
2014-02-27,9.280000,9.580000,9.260000,9.510000,9.203790,92600
2014-02-28,9.550000,9.630000,9.380000,9.430000,9.126366,75700
2014-03-03,9.370000,9.580000,9.210000,9.360000,9.058619,69300
2014-03-04,9.480000,9.970000,9.480000,9.790000,9.474773,143400
2014-03-05,9.750000,9.860000,9.690000,9.750000,9.436062,54000
2014-03-06,9.770000,9.850000,9.660000,9.730000,9.416705,43100
2014-03-07,9.810000,9.830000,9.590000,9.720000,9.407027,101300
2014-03-10,9.670000,9.810000,9.550000,9.740000,9.426383,59800
2014-03-11,9.750000,9.860000,9.670000,9.740000,9.426383,72000
2014-03-12,9.690000,9.800000,9.640000,9.710000,9.397349,53700
2014-03-13,9.760000,9.780000,9.480000,9.500000,9.194112,60700
2014-03-14,9.500000,9.570000,9.470000,9.510000,9.203790,45100
2014-03-17,9.550000,9.750000,9.510000,9.580000,9.271536,112600
2014-03-18,9.610000,10.040000,9.550000,10.030000,9.707046,264500
2014-03-19,10.040000,10.110000,9.970000,10.010000,9.687691,96400
2014-03-20,9.960000,10.140000,9.950000,10.020000,9.697369,90000
2014-03-21,10.090000,10.320000,10.000000,10.300000,9.968352,271200
2014-03-24,10.260000,10.280000,9.990000,10.150000,9.823182,107400
2014-03-25,10.180000,10.290000,10.100000,10.140000,9.813504,77700
2014-03-26,10.240000,10.240000,9.970000,9.970000,9.648979,147300
2014-03-27,9.950000,10.000000,9.890000,9.910000,9.590910,113000
2014-03-28,9.910000,9.980000,9.840000,9.890000,9.571555,124900
2014-03-31,9.910000,9.990000,9.830000,9.850000,9.532843,131600
2014-04-01,9.860000,9.950000,9.750000,9.900000,9.581232,136000
2014-04-02,9.890000,10.030000,9.820000,10.010000,9.687691,71800
2014-04-03,9.980000,9.990000,9.780000,9.790000,9.474773,64900
2014-04-04,9.880000,9.880000,9.580000,9.600000,9.290893,118200
2014-04-07,9.530000,9.670000,9.300000,9.360000,9.058619,104700
2014-04-08,9.360000,9.590000,9.340000,9.420000,9.116688,144000
2014-04-09,9.480000,9.560000,9.420000,9.490000,9.184433,60000
2014-04-10,9.450000,9.500000,9.240000,9.250000,8.952162,173400
2014-04-11,9.210000,9.290000,9.120000,9.240000,8.942484,80800
2014-04-14,9.300000,9.530000,9.200000,9.250000,8.952162,65000
2014-04-15,9.250000,9.440000,9.140000,9.380000,9.077976,84100
2014-04-16,9.440000,9.470000,9.260000,9.440000,9.136043,61400
2014-04-17,9.390000,9.550000,9.360000,9.480000,9.174755,38600
2014-04-21,9.550000,9.860000,9.500000,9.730000,9.416705,202300
2014-04-22,9.710000,9.880000,9.630000,9.700000,9.387671,55300
2014-04-23,9.710000,9.730000,9.570000,9.600000,9.290893,67900
2014-04-24,9.580000,9.620000,8.980000,8.980000,8.690854,158300
2014-04-25,8.920000,8.970000,8.710000,8.850000,8.565042,89600
2014-04-28,8.850000,8.870000,8.680000,8.720000,8.439227,124000
2014-04-29,8.750000,8.760000,8.550000,8.560000,8.284379,50700
2014-04-30,8.510000,8.540000,8.350000,8.480000,8.206953,96700
2014-05-01,8.430000,8.500000,8.260000,8.360000,8.090818,98600
2014-05-02,8.360000,8.540000,8.290000,8.460000,8.187598,81500
2014-05-05,8.370000,8.590000,8.300000,8.470000,8.197276,69900
2014-05-06,8.400000,8.460000,8.140000,8.140000,7.877903,61700
2014-05-07,8.140000,8.410000,8.070000,8.160000,7.897257,80100
2014-05-08,8.180000,8.300000,7.990000,8.010000,7.752088,92500
2014-05-09,7.960000,8.110000,7.850000,8.050000,7.790800,116700
2014-05-12,8.050000,8.270000,7.960000,8.220000,7.955326,94400
2014-05-13,8.170000,8.290000,8.050000,8.070000,7.810156,99700
2014-05-14,7.750000,7.950000,7.140000,7.140000,6.910100,214000
2014-05-15,6.430000,7.130000,6.430000,6.710000,6.493946,257500
2014-05-16,6.680000,6.750000,6.510000,6.680000,6.464912,242000
2014-05-19,6.710000,7.010000,6.710000,6.950000,6.726218,321600
2014-05-20,6.880000,7.130000,6.820000,7.070000,6.842355,263400
2014-05-21,7.120000,7.260000,6.930000,7.200000,6.968168,179100
2014-05-22,7.110000,7.180000,6.990000,7.000000,6.850728,93000
2014-05-23,6.970000,7.170000,6.970000,7.170000,7.017103,82300
2014-05-27,7.250000,7.530000,7.210000,7.530000,7.369426,155600
2014-05-28,7.460000,7.580000,7.400000,7.450000,7.291131,119200
2014-05-29,7.440000,7.520000,7.370000,7.390000,7.232411,95200
2014-05-30,7.420000,7.470000,7.270000,7.290000,7.134544,127000
2014-06-02,7.330000,7.500000,6.970000,6.980000,6.831154,144800
2014-06-03,6.940000,7.010000,6.900000,6.910000,6.762647,145200
2014-06-04,6.900000,6.940000,6.790000,6.810000,6.664780,148500
2014-06-05,6.860000,7.030000,6.680000,7.030000,6.880088,117800
2014-06-06,7.090000,7.160000,6.950000,7.090000,6.938809,136900
2014-06-09,7.060000,7.120000,6.920000,7.080000,6.929022,152400
2014-06-10,7.080000,7.250000,6.900000,7.080000,6.929022,144400
2014-06-11,7.080000,7.240000,6.950000,7.170000,7.017103,113200
2014-06-12,7.130000,7.140000,7.000000,7.020000,6.870302,165700
2014-06-13,7.060000,7.100000,7.010000,7.080000,6.929022,98500
2014-06-16,7.090000,7.130000,6.860000,6.920000,6.772434,177700
2014-06-17,6.890000,7.190000,6.890000,7.150000,6.997530,139700
2014-06-18,7.130000,7.220000,7.030000,7.180000,7.026889,179800
2014-06-19,7.180000,7.310000,7.170000,7.200000,7.046463,185900
2014-06-20,7.220000,7.220000,7.090000,7.130000,6.977956,586200
2014-06-23,7.180000,7.210000,6.990000,7.060000,6.909449,100100
2014-06-24,7.020000,7.160000,6.810000,6.850000,6.703927,164600
2014-06-25,6.830000,6.900000,6.610000,6.750000,6.606059,233800
2014-06-26,6.720000,6.870000,6.620000,6.850000,6.703927,91000
2014-06-27,6.790000,6.870000,6.710000,6.770000,6.625633,167900
2014-06-30,6.820000,6.880000,6.670000,6.810000,6.664780,129400
2014-07-01,6.800000,7.000000,6.770000,6.810000,6.664780,127300
2014-07-02,6.860000,6.940000,6.780000,6.920000,6.772434,124100
2014-07-03,6.980000,7.050000,6.910000,7.030000,6.880088,54400
2014-07-07,7.030000,7.030000,6.780000,6.820000,6.674567,97100
2014-07-08,6.790000,6.790000,6.590000,6.620000,6.478831,127200
2014-07-09,6.620000,6.690000,6.550000,6.590000,6.449471,60400
2014-07-10,6.550000,6.580000,6.470000,6.500000,6.361391,114800
2014-07-11,6.470000,6.750000,6.400000,6.410000,6.273309,176100
2014-07-14,6.450000,6.460000,6.220000,6.320000,6.185229,199000
2014-07-15,6.340000,6.390000,6.250000,6.300000,6.165655,74300
2014-07-16,6.340000,6.380000,6.260000,6.260000,6.126508,113100
2014-07-17,6.240000,6.280000,6.180000,6.200000,6.067787,163100
2014-07-18,6.180000,6.340000,6.180000,6.290000,6.155869,124500
2014-07-21,6.240000,6.340000,6.240000,6.280000,6.146082,52900
2014-07-22,6.310000,6.520000,6.310000,6.400000,6.263523,68300
2014-07-23,6.430000,6.430000,6.150000,6.210000,6.077575,194500
2014-07-24,6.200000,6.250000,6.060000,6.140000,6.009067,379000
2014-07-25,6.120000,6.120000,6.030000,6.060000,5.930773,469400
2014-07-28,6.060000,6.090000,6.000000,6.040000,5.911200,196000
2014-07-29,6.050000,6.160000,6.040000,6.050000,5.920986,99400
2014-07-30,6.080000,6.190000,6.050000,6.100000,5.969920,117600
2014-07-31,6.010000,6.130000,5.960000,5.980000,5.852479,285400
2014-08-01,6.580000,6.920000,6.400000,6.770000,6.625633,540400
2014-08-04,6.820000,6.950000,6.760000,6.810000,6.664780,191400
2014-08-05,6.760000,7.030000,6.760000,6.860000,6.713714,296700
2014-08-06,6.790000,7.060000,6.790000,7.020000,6.870302,123300
2014-08-07,7.010000,7.060000,6.830000,6.890000,6.743073,94100
2014-08-08,6.880000,7.070000,6.860000,6.990000,6.840941,123800
2014-08-11,6.990000,7.200000,6.910000,7.090000,6.938809,126100
2014-08-12,7.080000,7.110000,6.820000,6.850000,6.703927,63500
2014-08-13,6.920000,6.990000,6.800000,6.830000,6.684353,104900
2014-08-14,6.820000,6.920000,6.800000,6.880000,6.733287,71600
2014-08-15,6.890000,6.900000,6.670000,6.700000,6.557125,104600
2014-08-18,6.760000,6.850000,6.710000,6.840000,6.694140,123400
2014-08-19,6.870000,7.010000,6.850000,6.950000,6.801794,218000
2014-08-20,6.930000,7.000000,6.770000,6.780000,6.635419,100300
2014-08-21,6.760000,7.000000,6.640000,7.000000,6.850728,152800
2014-08-22,7.010000,7.140000,6.870000,7.080000,6.929022,79200
2014-08-25,7.110000,7.590000,7.060000,7.390000,7.232411,215600
2014-08-26,7.410000,7.700000,7.370000,7.660000,7.496654,206000
2014-08-27,7.640000,7.710000,7.520000,7.700000,7.535800,161400
2014-08-28,7.550000,7.630000,7.360000,7.410000,7.328121,111900
2014-08-29,7.400000,7.520000,7.360000,7.420000,7.338011,110300
2014-09-02,7.480000,7.940000,7.460000,7.620000,7.535801,160600
2014-09-03,7.620000,7.690000,7.360000,7.370000,7.288563,143000
2014-09-04,7.410000,7.530000,7.150000,7.370000,7.288563,81000
2014-09-05,7.330000,7.430000,7.280000,7.400000,7.318232,94100
2014-09-08,7.400000,7.440000,7.260000,7.420000,7.338011,81900
2014-09-09,7.390000,7.430000,7.070000,7.300000,7.219337,138400
2014-09-10,7.320000,7.340000,7.210000,7.320000,7.239116,92800
2014-09-11,7.250000,7.440000,7.190000,7.410000,7.328121,129700
2014-09-12,7.380000,7.380000,7.240000,7.350000,7.268784,94200
2014-09-15,7.360000,7.360000,7.210000,7.260000,7.179779,119800
2014-09-16,7.200000,7.490000,7.200000,7.420000,7.338011,103100
2014-09-17,7.440000,7.680000,7.360000,7.520000,7.436906,123300
2014-09-18,7.580000,7.580000,7.250000,7.480000,7.397348,222700
2014-09-19,7.540000,7.540000,7.360000,7.390000,7.308342,597400
2014-09-22,7.330000,7.380000,7.140000,7.170000,7.090774,111300
2014-09-23,7.170000,7.170000,6.930000,6.990000,6.912762,120300
2014-09-24,6.980000,7.080000,6.970000,7.010000,6.932541,69900
2014-09-25,6.990000,6.990000,6.720000,6.840000,6.764420,163200
2014-09-26,6.850000,6.930000,6.810000,6.860000,6.784199,48400
2014-09-29,6.760000,6.840000,6.730000,6.800000,6.724862,95800
2014-09-30,6.820000,7.030000,6.750000,6.790000,6.714972,219600
2014-10-01,6.760000,6.870000,6.560000,6.810000,6.734751,179100
2014-10-02,6.800000,6.910000,6.510000,6.750000,6.675414,120300
2014-10-03,6.840000,6.840000,6.650000,6.760000,6.685304,204500
2014-10-06,6.800000,6.800000,6.610000,6.620000,6.546851,153200
2014-10-07,6.610000,6.650000,6.450000,6.500000,6.428177,77100
2014-10-08,6.470000,6.570000,6.250000,6.570000,6.497403,127100
2014-10-09,6.540000,6.540000,6.200000,6.220000,6.151270,192300
2014-10-10,6.180000,6.410000,6.110000,6.130000,6.062265,178600
2014-10-13,6.130000,6.270000,6.030000,6.210000,6.141381,84200
2014-10-14,6.290000,6.600000,6.260000,6.470000,6.398508,88200
2014-10-15,6.360000,6.910000,6.320000,6.870000,6.794088,124400
2014-10-16,6.740000,7.050000,6.740000,6.850000,6.774309,116600
2014-10-17,6.970000,7.010000,6.670000,6.860000,6.784199,127300
2014-10-20,6.780000,7.010000,6.780000,6.910000,6.833646,98400
2014-10-21,6.970000,6.970000,6.790000,6.830000,6.754530,67100
2014-10-22,6.880000,6.880000,6.510000,6.530000,6.457845,133000
2014-10-23,6.630000,6.930000,6.580000,6.790000,6.714972,75800
2014-10-24,6.810000,6.820000,6.290000,6.610000,6.536961,373400
2014-10-27,6.530000,6.560000,6.440000,6.470000,6.398508,64300
2014-10-28,6.490000,7.080000,6.460000,7.080000,7.001768,144900
2014-10-29,7.070000,7.230000,6.890000,7.140000,7.061105,92400
2014-10-30,7.140000,7.200000,6.650000,7.130000,7.051216,101100
2014-10-31,7.310000,7.370000,6.860000,7.100000,7.021547,194300
2014-11-03,7.090000,7.290000,7.010000,7.160000,7.080884,160000
2014-11-04,7.090000,7.320000,7.090000,7.310000,7.229226,52800
2014-11-05,7.350000,7.500000,7.180000,7.380000,7.298453,88600
2014-11-06,7.400000,7.420000,7.270000,7.340000,7.258895,36200
2014-11-07,7.360000,7.360000,7.050000,7.190000,7.110552,63600
2014-11-10,7.170000,7.460000,7.160000,7.340000,7.258895,88400
2014-11-11,7.310000,7.360000,7.190000,7.310000,7.229226,74800
2014-11-12,7.290000,7.320000,7.160000,7.290000,7.209447,84400
2014-11-13,7.330000,7.420000,7.170000,7.190000,7.110552,116800
2014-11-14,7.190000,7.280000,7.050000,7.230000,7.150110,100000
2014-11-17,7.090000,7.180000,6.880000,6.960000,6.883094,166100
2014-11-18,6.960000,7.040000,6.800000,7.000000,6.922652,108600
2014-11-19,6.920000,6.980000,6.660000,6.760000,6.685304,204000
2014-11-20,6.720000,6.800000,6.660000,6.790000,6.714972,97300
2014-11-21,6.930000,7.090000,6.780000,7.080000,7.001768,159800
2014-11-24,7.040000,7.300000,7.040000,7.220000,7.140221,108100
2014-11-25,7.250000,7.460000,7.220000,7.240000,7.159999,314800
2014-11-26,7.140000,7.270000,6.980000,7.190000,7.190000,55200
2014-11-28,7.170000,7.230000,7.100000,7.170000,7.170000,68400
2014-12-01,7.020000,7.240000,7.020000,7.160000,7.160000,101200
2014-12-02,7.170000,7.390000,7.060000,7.310000,7.310000,50300
2014-12-03,7.320000,7.420000,7.220000,7.290000,7.290000,102800
2014-12-04,7.250000,7.420000,7.250000,7.400000,7.400000,163800
2014-12-05,7.400000,7.570000,7.390000,7.450000,7.450000,134500
2014-12-08,7.380000,7.550000,7.350000,7.390000,7.390000,72900
2014-12-09,7.300000,7.720000,7.300000,7.720000,7.720000,192800
2014-12-10,7.700000,7.790000,7.540000,7.540000,7.540000,118500
2014-12-11,7.620000,7.760000,7.510000,7.540000,7.540000,117100
2014-12-12,7.420000,7.620000,7.320000,7.500000,7.500000,72500
2014-12-15,7.520000,7.720000,7.380000,7.400000,7.400000,119300
2014-12-16,7.370000,7.610000,7.250000,7.430000,7.430000,147900
2014-12-17,7.410000,7.600000,7.170000,7.570000,7.570000,172600
2014-12-18,7.660000,7.750000,7.460000,7.550000,7.550000,91200
2014-12-19,7.520000,7.920000,7.470000,7.740000,7.740000,397000
2014-12-22,7.720000,7.830000,7.680000,7.770000,7.770000,79700
2014-12-23,7.700000,7.830000,7.550000,7.630000,7.630000,85200
2014-12-24,7.620000,7.760000,7.620000,7.760000,7.760000,25900
2014-12-26,7.800000,7.810000,7.750000,7.770000,7.770000,33600
2014-12-29,7.800000,7.860000,7.740000,7.770000,7.770000,47800
2014-12-30,7.770000,7.800000,7.670000,7.700000,7.700000,67500
2014-12-31,7.700000,7.940000,7.700000,7.760000,7.760000,101900
2015-01-02,7.840000,7.930000,7.690000,7.880000,7.880000,83400
2015-01-05,7.800000,7.950000,7.780000,7.800000,7.800000,97800
2015-01-06,7.810000,7.950000,7.470000,7.480000,7.480000,95100
2015-01-07,7.510000,7.570000,7.250000,7.320000,7.320000,115300
2015-01-08,7.360000,7.540000,7.300000,7.540000,7.540000,52700
2015-01-09,7.500000,7.520000,7.390000,7.440000,7.440000,32300
2015-01-12,7.420000,7.480000,7.170000,7.430000,7.430000,45300
2015-01-13,7.470000,7.690000,7.050000,7.200000,7.200000,141800
2015-01-14,7.180000,7.280000,7.030000,7.040000,7.040000,65000
2015-01-15,7.030000,7.180000,6.840000,6.950000,6.950000,62400
2015-01-16,6.920000,7.000000,6.750000,6.960000,6.960000,109200
2015-01-20,6.980000,7.020000,6.850000,7.010000,7.010000,45100
2015-01-21,6.970000,7.140000,6.870000,7.100000,7.100000,44100
2015-01-22,7.170000,7.350000,7.020000,7.340000,7.340000,38900
2015-01-23,7.320000,7.520000,7.260000,7.500000,7.500000,44000
2015-01-26,7.460000,7.550000,7.370000,7.550000,7.550000,109100
2015-01-27,7.430000,7.600000,7.410000,7.470000,7.470000,63200
2015-01-28,7.520000,7.620000,7.350000,7.440000,7.440000,101300
2015-01-29,7.300000,7.300000,6.660000,6.730000,6.730000,257000
2015-01-30,6.660000,6.720000,6.160000,6.270000,6.270000,160700
2015-02-02,6.320000,6.390000,6.100000,6.230000,6.230000,191200
2015-02-03,6.280000,6.470000,6.240000,6.360000,6.360000,157500
2015-02-04,6.360000,6.490000,6.300000,6.320000,6.320000,113800
2015-02-05,6.320000,6.710000,6.310000,6.590000,6.590000,197000
2015-02-06,6.580000,6.800000,6.490000,6.700000,6.700000,112000
2015-02-09,6.660000,6.840000,6.550000,6.550000,6.550000,65000
2015-02-10,6.630000,6.720000,6.520000,6.570000,6.570000,67600
2015-02-11,6.580000,6.780000,6.500000,6.520000,6.520000,56000
2015-02-12,6.590000,6.600000,6.410000,6.480000,6.480000,120600
2015-02-13,6.500000,6.680000,6.500000,6.500000,6.500000,86200
2015-02-17,6.410000,6.600000,6.400000,6.410000,6.410000,175400
2015-02-18,6.360000,6.550000,6.360000,6.510000,6.510000,70300
2015-02-19,6.510000,6.590000,6.400000,6.400000,6.400000,52000
2015-02-20,6.450000,6.580000,6.400000,6.550000,6.550000,50300
2015-02-23,6.450000,6.600000,6.290000,6.320000,6.320000,158700
2015-02-24,6.350000,6.480000,6.300000,6.450000,6.450000,109100
2015-02-25,6.480000,6.550000,6.430000,6.500000,6.500000,88200
2015-02-26,6.520000,6.970000,6.480000,6.890000,6.890000,143200
2015-02-27,6.920000,6.970000,6.770000,6.910000,6.910000,62500
2015-03-02,6.870000,6.930000,6.670000,6.820000,6.820000,185000
2015-03-03,6.800000,6.860000,6.740000,6.800000,6.800000,50300
2015-03-04,6.790000,6.790000,6.500000,6.650000,6.650000,55400
2015-03-05,6.650000,6.800000,6.530000,6.650000,6.650000,87600
2015-03-06,6.600000,6.690000,6.480000,6.490000,6.490000,63400
2015-03-09,6.540000,6.590000,6.380000,6.480000,6.480000,77000
2015-03-10,6.430000,6.560000,6.300000,6.380000,6.380000,61300
2015-03-11,6.370000,6.530000,6.310000,6.410000,6.410000,134100
2015-03-12,6.460000,6.540000,6.420000,6.490000,6.490000,51100
2015-03-13,6.500000,6.560000,6.450000,6.490000,6.490000,59300
2015-03-16,6.520000,6.520000,6.310000,6.440000,6.440000,66400
2015-03-17,6.440000,6.440000,6.320000,6.410000,6.410000,66100
2015-03-18,6.430000,6.720000,6.400000,6.660000,6.660000,63800
2015-03-19,6.650000,6.680000,6.630000,6.640000,6.640000,45800
2015-03-20,6.640000,6.730000,6.630000,6.650000,6.650000,118000
2015-03-23,6.650000,6.650000,6.580000,6.590000,6.590000,44700
2015-03-24,6.580000,6.590000,6.490000,6.550000,6.550000,76900
2015-03-25,6.580000,6.580000,6.360000,6.410000,6.410000,75200
2015-03-26,6.370000,6.420000,6.260000,6.290000,6.290000,65400
2015-03-27,6.300000,6.300000,6.100000,6.160000,6.160000,60000
2015-03-30,6.190000,6.250000,6.080000,6.190000,6.190000,58600
2015-03-31,6.130000,6.220000,6.100000,6.180000,6.180000,61900
2015-04-01,6.150000,6.200000,6.040000,6.100000,6.100000,53700
2015-04-02,6.100000,6.130000,6.050000,6.100000,6.100000,58100
2015-04-06,6.090000,6.210000,6.070000,6.200000,6.200000,115800
2015-04-07,6.200000,6.220000,6.140000,6.160000,6.160000,39600
2015-04-08,6.170000,6.200000,6.070000,6.130000,6.130000,36200
2015-04-09,6.160000,6.160000,6.030000,6.080000,6.080000,22300
2015-04-10,6.150000,6.300000,6.030000,6.030000,6.030000,46400
2015-04-13,6.040000,6.190000,6.010000,6.030000,6.030000,39000
2015-04-14,6.040000,6.070000,5.900000,6.040000,6.040000,113300
2015-04-15,6.050000,6.150000,6.050000,6.080000,6.080000,83000
2015-04-16,6.100000,6.150000,6.050000,6.080000,6.080000,49500
2015-04-17,6.040000,6.070000,5.950000,5.970000,5.970000,57900
2015-04-20,6.020000,6.150000,6.010000,6.050000,6.050000,67700
2015-04-21,6.040000,6.060000,5.930000,5.980000,5.980000,48600
2015-04-22,5.960000,5.960000,5.890000,5.900000,5.900000,62700
2015-04-23,5.900000,5.920000,5.870000,5.900000,5.900000,94300
2015-04-24,5.920000,5.920000,5.860000,5.910000,5.910000,60500
2015-04-27,5.930000,5.990000,5.720000,5.780000,5.780000,175700
2015-04-28,5.740000,5.830000,5.720000,5.800000,5.800000,163000
2015-04-29,5.750000,5.900000,5.740000,5.810000,5.810000,114000
2015-04-30,5.750000,5.820000,5.700000,5.700000,5.700000,128200
2015-05-01,5.700000,5.760000,5.670000,5.700000,5.700000,77000
2015-05-04,5.680000,5.950000,5.680000,5.740000,5.740000,118000
2015-05-05,5.740000,5.740000,5.620000,5.630000,5.630000,93900
2015-05-06,5.630000,5.630000,5.520000,5.610000,5.610000,58100
2015-05-07,5.620000,5.620000,5.530000,5.610000,5.610000,103600
2015-05-08,5.620000,5.640000,5.540000,5.590000,5.590000,155200
2015-05-11,5.530000,5.760000,5.530000,5.670000,5.670000,133700
2015-05-12,5.620000,5.670000,5.500000,5.600000,5.600000,189400
2015-05-13,5.540000,5.680000,5.420000,5.550000,5.550000,143800
2015-05-14,5.540000,5.630000,5.500000,5.630000,5.630000,194800
2015-05-15,5.600000,5.610000,5.490000,5.530000,5.530000,125900
2015-05-18,5.550000,5.590000,5.530000,5.590000,5.590000,93500
2015-05-19,5.630000,5.650000,5.490000,5.580000,5.580000,137300
2015-05-20,5.570000,5.620000,5.520000,5.520000,5.520000,98000
2015-05-21,5.490000,5.570000,5.480000,5.490000,5.490000,123500
2015-05-22,5.460000,5.560000,5.400000,5.520000,5.520000,916800
2015-05-26,5.520000,5.530000,5.410000,5.480000,5.480000,108700
2015-05-27,5.460000,5.520000,5.410000,5.520000,5.520000,124100
2015-05-28,5.520000,5.540000,5.460000,5.510000,5.510000,125500
2015-05-29,5.480000,5.500000,5.420000,5.470000,5.470000,78100
2015-06-01,5.460000,5.540000,5.360000,5.420000,5.420000,319300
2015-06-02,5.380000,5.560000,5.370000,5.510000,5.510000,295800
2015-06-03,5.540000,5.620000,5.490000,5.490000,5.490000,135700
2015-06-04,5.440000,5.460000,5.370000,5.410000,5.410000,285100
2015-06-05,5.390000,5.460000,5.260000,5.460000,5.460000,130300
2015-06-08,5.430000,5.540000,5.390000,5.510000,5.510000,87300
2015-06-09,5.490000,5.580000,5.440000,5.480000,5.480000,100800
2015-06-10,5.510000,5.650000,5.500000,5.580000,5.580000,386200
2015-06-11,5.600000,5.620000,5.560000,5.580000,5.580000,150600
2015-06-12,5.580000,5.590000,5.480000,5.550000,5.550000,85800
2015-06-15,5.480000,5.530000,5.380000,5.490000,5.490000,116600
2015-06-16,5.450000,5.520000,5.440000,5.470000,5.470000,107200
2015-06-17,5.510000,5.560000,5.390000,5.400000,5.400000,236500
2015-06-18,5.430000,5.550000,5.260000,5.510000,5.510000,480300
2015-06-19,5.540000,5.670000,5.460000,5.510000,5.510000,235100
2015-06-22,5.550000,5.560000,5.420000,5.480000,5.480000,174800
2015-06-23,5.510000,5.680000,5.470000,5.680000,5.680000,376200
2015-06-24,5.650000,5.680000,5.540000,5.540000,5.540000,181400
2015-06-25,5.540000,5.580000,5.500000,5.530000,5.530000,294100
2015-06-26,5.560000,5.630000,5.470000,5.520000,5.520000,3501600
2015-06-29,5.490000,5.670000,5.260000,5.280000,5.280000,338000
2015-06-30,5.350000,5.390000,5.190000,5.270000,5.270000,210700
2015-07-01,5.300000,5.360000,5.100000,5.170000,5.170000,209700
2015-07-02,5.150000,5.280000,5.110000,5.210000,5.210000,84900
2015-07-06,5.150000,5.220000,5.070000,5.160000,5.160000,217900
2015-07-07,5.170000,5.230000,5.060000,5.060000,5.060000,125200
2015-07-08,5.050000,5.090000,4.900000,4.930000,4.930000,190500
2015-07-09,5.030000,5.160000,4.900000,4.950000,4.950000,159100
2015-07-10,5.000000,5.120000,4.940000,4.960000,4.960000,173300
2015-07-13,5.030000,5.200000,5.000000,5.160000,5.160000,103400
2015-07-14,5.130000,5.130000,5.030000,5.040000,5.040000,80400
2015-07-15,5.040000,5.040000,4.940000,4.960000,4.960000,204800
2015-07-16,4.970000,5.000000,4.830000,4.840000,4.840000,209000
2015-07-17,4.840000,4.890000,4.750000,4.790000,4.790000,162700
2015-07-20,4.830000,4.830000,4.590000,4.630000,4.630000,211000
2015-07-21,4.680000,4.720000,4.450000,4.490000,4.490000,175500
2015-07-22,4.510000,4.610000,4.380000,4.530000,4.530000,1033000
2015-07-23,4.560000,4.600000,4.450000,4.560000,4.560000,162200
2015-07-24,4.580000,4.590000,4.470000,4.520000,4.520000,65900
2015-07-27,4.510000,4.510000,4.430000,4.450000,4.450000,127700
2015-07-28,4.500000,4.500000,4.150000,4.270000,4.270000,398200
2015-07-29,4.570000,4.830000,4.410000,4.670000,4.670000,373800
2015-07-30,4.660000,4.760000,4.490000,4.730000,4.730000,311300
2015-07-31,4.760000,4.760000,4.510000,4.600000,4.600000,150200
2015-08-03,4.570000,4.660000,4.500000,4.520000,4.520000,137900
2015-08-04,4.500000,4.810000,4.500000,4.700000,4.700000,182400
2015-08-05,4.730000,4.880000,4.530000,4.780000,4.780000,247100
2015-08-06,4.850000,4.850000,4.580000,4.640000,4.640000,107100
2015-08-07,4.610000,4.740000,4.390000,4.680000,4.680000,73100
2015-08-10,4.560000,4.940000,4.560000,4.920000,4.920000,254400
2015-08-11,4.850000,4.910000,4.700000,4.790000,4.790000,82500
2015-08-12,4.740000,4.860000,4.670000,4.830000,4.830000,105500
2015-08-13,4.820000,4.820000,4.640000,4.670000,4.670000,90300
2015-08-14,4.660000,4.750000,4.610000,4.720000,4.720000,57300
2015-08-17,4.620000,4.670000,4.540000,4.670000,4.670000,122100
2015-08-18,4.620000,4.650000,4.550000,4.590000,4.590000,86000
2015-08-19,4.550000,4.630000,4.510000,4.630000,4.630000,54500
2015-08-20,4.580000,4.650000,4.430000,4.600000,4.600000,111900
2015-08-21,4.550000,4.690000,4.470000,4.580000,4.580000,71000
2015-08-24,4.400000,4.530000,4.360000,4.380000,4.380000,142900
2015-08-25,4.470000,4.580000,4.310000,4.350000,4.350000,139400
2015-08-26,4.400000,4.400000,4.090000,4.210000,4.210000,340400
2015-08-27,4.240000,4.510000,4.150000,4.400000,4.400000,157100
2015-08-28,4.350000,4.520000,4.310000,4.430000,4.430000,221600
2015-08-31,4.380000,4.710000,4.350000,4.640000,4.640000,97300
2015-09-01,4.600000,4.690000,4.420000,4.480000,4.480000,96800
2015-09-02,4.510000,4.550000,4.400000,4.500000,4.500000,77700
2015-09-03,4.480000,4.710000,4.420000,4.500000,4.500000,145600
2015-09-04,4.460000,4.530000,4.430000,4.480000,4.480000,221500
2015-09-08,4.570000,4.840000,4.490000,4.650000,4.650000,71900
2015-09-09,4.700000,4.800000,4.450000,4.580000,4.580000,272100
2015-09-10,4.570000,4.580000,4.420000,4.480000,4.480000,61000
2015-09-11,4.430000,4.500000,4.400000,4.470000,4.470000,59500
2015-09-14,4.450000,4.530000,4.350000,4.470000,4.470000,61200
2015-09-15,4.500000,4.570000,4.390000,4.450000,4.450000,46200
2015-09-16,4.470000,4.750000,4.470000,4.680000,4.680000,57100
2015-09-17,4.650000,4.810000,4.600000,4.650000,4.650000,64800
2015-09-18,4.590000,4.630000,4.480000,4.500000,4.500000,91600
2015-09-21,4.510000,4.610000,4.460000,4.500000,4.500000,45900
2015-09-22,4.430000,4.520000,4.330000,4.330000,4.330000,96800
2015-09-23,4.330000,4.530000,4.320000,4.460000,4.460000,100500
2015-09-24,4.490000,4.510000,4.370000,4.490000,4.490000,112700
2015-09-25,4.490000,5.000000,4.420000,4.590000,4.590000,188300
2015-09-28,4.530000,4.620000,4.430000,4.530000,4.530000,42200
2015-09-29,4.520000,4.560000,4.470000,4.530000,4.530000,51100
2015-09-30,4.570000,4.810000,4.570000,4.640000,4.640000,97000
2015-10-01,4.640000,4.840000,4.640000,4.780000,4.780000,96300
2015-10-02,4.730000,4.840000,4.730000,4.830000,4.830000,39700
2015-10-05,4.840000,4.970000,4.800000,4.890000,4.890000,46800
2015-10-06,4.870000,4.910000,4.750000,4.870000,4.870000,82000
2015-10-07,4.880000,5.000000,4.870000,4.900000,4.900000,66900
2015-10-08,4.880000,5.000000,4.880000,4.960000,4.960000,65600
2015-10-09,4.960000,4.980000,4.940000,4.940000,4.940000,67000
2015-10-12,4.960000,4.960000,4.900000,4.920000,4.920000,56900
2015-10-13,4.910000,4.960000,4.850000,4.880000,4.880000,35800
2015-10-14,4.880000,4.920000,4.800000,4.840000,4.840000,67400
2015-10-15,4.860000,4.920000,4.780000,4.820000,4.820000,53600
2015-10-16,4.830000,4.840000,4.780000,4.780000,4.780000,68300
2015-10-19,4.800000,4.840000,4.680000,4.720000,4.720000,100800
2015-10-20,4.720000,4.900000,4.690000,4.780000,4.780000,162900
2015-10-21,4.800000,4.900000,4.360000,4.640000,4.640000,170900
2015-10-22,4.640000,4.840000,4.640000,4.820000,4.820000,149200
2015-10-23,4.830000,4.830000,4.700000,4.730000,4.730000,61200
2015-10-26,4.720000,4.760000,4.670000,4.710000,4.710000,54600
2015-10-27,4.720000,4.740000,4.600000,4.720000,4.720000,54000
2015-10-28,4.730000,4.970000,4.720000,4.890000,4.890000,142200
2015-10-29,4.890000,4.970000,4.870000,4.950000,4.950000,107700
2015-10-30,4.970000,4.970000,4.670000,4.670000,4.670000,84100
2015-11-02,4.710000,5.040000,4.690000,4.960000,4.960000,95200
2015-11-03,4.940000,5.040000,4.940000,5.020000,5.020000,75100
2015-11-04,5.090000,5.130000,5.020000,5.020000,5.020000,50500
2015-11-05,5.020000,5.080000,4.990000,5.020000,5.020000,48700
2015-11-06,5.040000,5.160000,4.930000,5.110000,5.110000,88100
2015-11-09,5.130000,5.190000,5.100000,5.170000,5.170000,31800
2015-11-10,5.230000,5.230000,5.070000,5.170000,5.170000,57900
2015-11-11,5.160000,5.240000,5.010000,5.040000,5.040000,37700
2015-11-12,5.030000,5.070000,4.920000,5.000000,5.000000,91100
2015-11-13,4.960000,4.980000,4.870000,4.890000,4.890000,40000
2015-11-16,4.920000,4.920000,4.630000,4.840000,4.840000,47700
2015-11-17,4.800000,4.850000,4.780000,4.820000,4.820000,87000
2015-11-18,4.830000,4.930000,4.810000,4.890000,4.890000,83500
2015-11-19,4.870000,5.040000,4.870000,5.000000,5.000000,77600
2015-11-20,5.020000,5.040000,4.970000,5.030000,5.030000,51400
2015-11-23,4.980000,5.050000,4.870000,4.900000,4.900000,150800
2015-11-24,4.900000,5.010000,4.900000,4.970000,4.970000,101400
2015-11-25,4.950000,5.020000,4.940000,5.020000,5.020000,75600
2015-11-27,4.990000,5.040000,4.990000,5.000000,5.000000,32100
2015-11-30,5.000000,5.070000,4.990000,5.060000,5.060000,106500
2015-12-01,5.050000,5.070000,4.940000,5.040000,5.040000,63100
2015-12-02,5.040000,5.070000,4.990000,5.050000,5.050000,95700
2015-12-03,5.050000,5.200000,5.050000,5.140000,5.140000,93300
2015-12-04,5.120000,5.240000,5.120000,5.180000,5.180000,50700
2015-12-07,5.150000,5.250000,5.070000,5.170000,5.170000,87300
2015-12-08,5.130000,5.210000,4.980000,5.180000,5.180000,306700
2015-12-09,5.170000,5.250000,5.090000,5.120000,5.120000,49800
2015-12-10,5.100000,5.400000,5.060000,5.270000,5.270000,265700
2015-12-11,5.240000,5.280000,5.030000,5.160000,5.160000,75300
2015-12-14,5.180000,5.230000,4.880000,5.130000,5.130000,102200
2015-12-15,5.160000,5.220000,4.810000,5.160000,5.160000,53700
2015-12-16,5.180000,5.180000,5.020000,5.070000,5.070000,40500
2015-12-17,5.080000,5.150000,5.060000,5.130000,5.130000,111800
2015-12-18,5.090000,5.150000,5.050000,5.130000,5.130000,305700
2015-12-21,5.150000,5.250000,5.110000,5.170000,5.170000,87800
2015-12-22,5.190000,5.280000,5.160000,5.210000,5.210000,101200
2015-12-23,5.220000,5.320000,5.170000,5.320000,5.320000,56800
2015-12-24,5.300000,5.460000,5.300000,5.400000,5.400000,28600
2015-12-28,5.390000,5.440000,5.280000,5.310000,5.310000,76100
2015-12-29,5.310000,5.360000,5.250000,5.270000,5.270000,99400
2015-12-30,5.250000,5.300000,5.130000,5.190000,5.190000,71400
2015-12-31,5.170000,5.200000,5.130000,5.190000,5.190000,127700
2016-01-04,5.130000,5.680000,4.960000,5.600000,5.600000,116600
2016-01-05,5.590000,5.600000,5.430000,5.530000,5.530000,55600
2016-01-06,5.420000,5.660000,5.310000,5.530000,5.530000,54300
2016-01-07,5.450000,5.560000,5.420000,5.480000,5.480000,61600
2016-01-08,5.490000,5.510000,5.410000,5.420000,5.420000,93600
2016-01-11,5.410000,5.540000,5.390000,5.530000,5.530000,61500
2016-01-12,5.590000,5.590000,5.350000,5.450000,5.450000,53700
2016-01-13,5.480000,5.530000,5.360000,5.380000,5.380000,47800
2016-01-14,5.390000,5.400000,5.280000,5.330000,5.330000,34100
2016-01-15,5.260000,5.330000,5.130000,5.300000,5.300000,63000
2016-01-19,5.280000,5.310000,5.010000,5.050000,5.050000,66100
2016-01-20,5.000000,5.170000,4.870000,5.150000,5.150000,102300
2016-01-21,5.160000,5.350000,5.090000,5.340000,5.340000,144800
2016-01-22,5.390000,5.490000,5.340000,5.420000,5.420000,42200
2016-01-25,5.420000,5.620000,5.320000,5.480000,5.480000,83400
2016-01-26,5.550000,5.730000,5.510000,5.710000,5.710000,101300
2016-01-27,5.720000,5.770000,5.660000,5.700000,5.700000,38200
2016-01-28,5.760000,5.810000,5.500000,5.750000,5.750000,58200
2016-01-29,5.800000,6.100000,5.790000,6.040000,6.040000,179100
2016-02-01,6.050000,6.050000,5.980000,6.040000,6.040000,186000
2016-02-02,6.020000,6.090000,5.900000,5.960000,5.960000,142100
2016-02-03,6.750000,6.750000,6.410000,6.540000,6.540000,617000
2016-02-04,6.580000,6.860000,6.580000,6.700000,6.700000,274000
2016-02-05,6.800000,6.850000,6.590000,6.620000,6.620000,136700
2016-02-08,6.670000,6.800000,6.530000,6.700000,6.700000,112000
2016-02-09,6.650000,6.780000,6.590000,6.690000,6.690000,100200
2016-02-10,6.710000,6.940000,6.710000,6.910000,6.910000,171500
2016-02-11,6.850000,6.900000,6.710000,6.870000,6.870000,149600
2016-02-12,6.800000,6.910000,6.800000,6.860000,6.860000,124700
2016-02-16,6.800000,7.040000,6.800000,6.940000,6.940000,209000
2016-02-17,6.950000,7.010000,6.820000,6.920000,6.920000,128200
2016-02-18,6.970000,6.980000,6.880000,6.930000,6.930000,148300
2016-02-19,6.880000,7.100000,6.880000,7.060000,7.060000,214100
2016-02-22,7.190000,7.190000,7.030000,7.060000,7.060000,136600
2016-02-23,7.080000,7.200000,7.030000,7.200000,7.200000,280400
2016-02-24,7.230000,7.410000,7.210000,7.320000,7.320000,422100
2016-02-25,7.330000,7.350000,7.040000,7.140000,7.140000,152100
2016-02-26,7.160000,7.210000,7.030000,7.050000,7.050000,275100
2016-02-29,7.110000,7.220000,7.080000,7.130000,7.130000,460800
2016-03-01,7.200000,7.270000,7.000000,7.210000,7.210000,272500
2016-03-02,7.220000,7.440000,7.220000,7.360000,7.360000,266200
2016-03-03,7.320000,7.350000,7.030000,7.200000,7.200000,171300
2016-03-04,7.240000,7.250000,7.050000,7.080000,7.080000,259400
2016-03-07,7.050000,7.120000,6.850000,6.880000,6.880000,204500
2016-03-08,6.880000,7.020000,6.800000,7.000000,7.000000,251800
2016-03-09,6.960000,7.010000,6.960000,6.980000,6.980000,178700
2016-03-10,6.980000,7.000000,6.890000,6.890000,6.890000,126900
2016-03-11,6.930000,6.930000,6.800000,6.900000,6.900000,89700
2016-03-14,6.860000,7.120000,6.860000,7.050000,7.050000,97300
2016-03-15,7.030000,7.070000,6.950000,6.960000,6.960000,77100
2016-03-16,6.960000,7.010000,6.930000,6.970000,6.970000,50300
2016-03-17,6.960000,6.960000,6.600000,6.940000,6.940000,92700
2016-03-18,6.980000,7.000000,6.770000,6.890000,6.890000,292700
2016-03-21,6.810000,6.960000,6.810000,6.910000,6.910000,84000
2016-03-22,6.900000,6.930000,6.830000,6.880000,6.880000,49300
2016-03-23,6.900000,6.990000,6.710000,6.880000,6.880000,107900
2016-03-24,6.830000,7.050000,6.700000,7.000000,7.000000,178900
2016-03-28,6.980000,7.100000,6.840000,7.070000,7.070000,78000
2016-03-29,7.020000,7.250000,6.930000,7.230000,7.230000,113000
2016-03-30,7.290000,7.340000,6.720000,7.260000,7.260000,133000
2016-03-31,7.250000,7.260000,7.140000,7.150000,7.150000,191900
2016-04-01,7.120000,7.250000,7.120000,7.230000,7.230000,189700
2016-04-04,7.250000,7.250000,7.150000,7.250000,7.250000,107500
2016-04-05,7.210000,7.380000,7.070000,7.210000,7.210000,139700
2016-04-06,7.170000,7.300000,7.030000,7.260000,7.260000,83000
2016-04-07,7.240000,7.270000,7.030000,7.160000,7.160000,88200
2016-04-08,7.160000,7.220000,7.080000,7.170000,7.170000,56000
2016-04-11,7.150000,7.220000,6.990000,7.180000,7.180000,80200
2016-04-12,7.150000,7.200000,7.060000,7.180000,7.180000,61700
2016-04-13,7.200000,7.200000,7.130000,7.200000,7.200000,98800
2016-04-14,7.190000,7.390000,7.160000,7.330000,7.330000,133100
2016-04-15,7.330000,7.480000,7.280000,7.440000,7.440000,134000
2016-04-18,7.440000,7.560000,7.340000,7.440000,7.440000,155600
2016-04-19,7.480000,7.500000,7.380000,7.400000,7.400000,158600
2016-04-20,7.400000,7.410000,7.210000,7.240000,7.240000,79100
2016-04-21,7.240000,7.290000,7.110000,7.160000,7.160000,147100
2016-04-22,7.130000,7.190000,7.100000,7.180000,7.180000,79900
2016-04-25,7.190000,7.240000,7.160000,7.180000,7.180000,77300
2016-04-26,7.170000,7.330000,7.170000,7.250000,7.250000,105400
2016-04-27,7.200000,7.290000,7.140000,7.230000,7.230000,64700
2016-04-28,7.180000,7.230000,7.030000,7.100000,7.100000,211400
2016-04-29,7.050000,7.090000,6.920000,7.050000,7.050000,193200
2016-05-02,7.050000,7.080000,6.860000,7.020000,7.020000,212200
2016-05-03,7.000000,7.010000,6.890000,7.010000,7.010000,78800
2016-05-04,6.950000,7.050000,6.920000,7.010000,7.010000,112300
2016-05-05,7.000000,7.070000,6.980000,7.050000,7.050000,106300
2016-05-06,7.010000,7.050000,6.980000,7.020000,7.020000,147300
2016-05-09,7.030000,7.180000,6.950000,7.120000,7.120000,105300
2016-05-10,7.110000,7.110000,6.920000,6.930000,6.930000,149700
2016-05-11,7.090000,7.320000,6.920000,7.190000,7.190000,385800
2016-05-12,7.200000,7.210000,7.020000,7.110000,7.110000,253200
2016-05-13,7.090000,7.120000,6.980000,7.010000,7.010000,143200
2016-05-16,6.960000,6.990000,6.770000,6.770000,6.770000,187600
2016-05-17,6.720000,6.800000,6.510000,6.570000,6.570000,136900
2016-05-18,6.550000,6.640000,6.500000,6.540000,6.540000,94400
2016-05-19,6.530000,6.580000,6.440000,6.570000,6.570000,126700
2016-05-20,6.550000,6.990000,6.550000,6.960000,6.960000,134300
2016-05-23,6.960000,7.050000,6.840000,6.860000,6.860000,130500
2016-05-24,6.920000,7.050000,6.920000,7.020000,7.020000,362400
2016-05-25,7.040000,7.090000,6.920000,6.990000,6.990000,158400
2016-05-26,7.020000,7.040000,6.940000,7.020000,7.020000,131400
2016-05-27,7.050000,7.100000,6.980000,6.990000,6.990000,171100
2016-05-31,6.980000,7.020000,6.910000,6.970000,6.970000,112000
2016-06-01,6.920000,7.060000,6.480000,7.020000,7.020000,159600
2016-06-02,6.980000,7.050000,6.960000,7.040000,7.040000,187900
2016-06-03,7.030000,7.080000,6.940000,6.940000,6.940000,80800
2016-06-06,6.940000,7.000000,6.850000,6.920000,6.920000,92200
2016-06-07,6.940000,6.980000,6.860000,6.930000,6.930000,86200
2016-06-08,6.920000,7.000000,6.910000,6.970000,6.970000,71200
2016-06-09,6.940000,6.950000,6.840000,6.870000,6.870000,44500
2016-06-10,6.940000,6.940000,6.620000,6.630000,6.630000,77800
2016-06-13,6.620000,6.720000,6.180000,6.230000,6.230000,210100
2016-06-14,6.250000,6.470000,6.120000,6.460000,6.460000,227400
2016-06-15,6.420000,6.500000,6.280000,6.300000,6.300000,57600
2016-06-16,6.280000,6.390000,6.100000,6.120000,6.120000,58900
2016-06-17,6.180000,6.180000,5.990000,5.990000,5.990000,235900
2016-06-20,6.090000,6.350000,6.050000,6.260000,6.260000,170800
2016-06-21,6.260000,6.260000,6.020000,6.060000,6.060000,130700
2016-06-22,6.090000,6.210000,5.900000,6.050000,6.050000,159200
2016-06-23,6.070000,6.290000,6.070000,6.160000,6.160000,246200
2016-06-24,5.970000,6.220000,5.900000,5.930000,5.930000,2711000
2016-06-27,5.900000,5.930000,5.720000,5.750000,5.750000,208500
2016-06-28,5.750000,6.060000,5.740000,5.970000,5.970000,135900
2016-06-29,6.040000,6.290000,5.910000,5.960000,5.960000,132800
2016-06-30,6.000000,6.040000,5.730000,5.840000,5.840000,354400
2016-07-01,5.910000,6.090000,5.860000,6.040000,6.040000,166200
2016-07-05,5.950000,6.190000,5.810000,5.950000,5.950000,182700
2016-07-06,5.940000,6.050000,5.870000,5.980000,5.980000,284400
2016-07-07,5.980000,6.150000,5.800000,5.820000,5.820000,215200
2016-07-08,5.860000,6.140000,5.860000,6.030000,6.030000,185600
2016-07-11,6.070000,6.190000,6.020000,6.110000,6.110000,192600
2016-07-12,6.120000,6.210000,6.090000,6.150000,6.150000,220000
2016-07-13,6.120000,6.290000,6.110000,6.220000,6.220000,214000
2016-07-14,6.230000,6.300000,6.090000,6.120000,6.120000,157800
2016-07-15,6.140000,6.490000,6.090000,6.460000,6.460000,132500
2016-07-18,6.500000,6.850000,6.400000,6.590000,6.590000,330700
2016-07-19,6.590000,6.690000,6.470000,6.590000,6.590000,140900
2016-07-20,6.620000,6.680000,6.570000,6.620000,6.620000,89900
2016-07-21,6.620000,6.700000,6.560000,6.580000,6.580000,130000
2016-07-22,6.600000,6.650000,6.550000,6.630000,6.630000,62400
2016-07-25,6.650000,6.660000,6.600000,6.620000,6.620000,204300
2016-07-26,6.610000,6.700000,6.590000,6.660000,6.660000,273700
2016-07-27,6.690000,6.750000,6.670000,6.740000,6.740000,471100
2016-07-28,6.730000,6.790000,6.700000,6.770000,6.770000,245500
2016-07-29,6.770000,6.790000,6.600000,6.770000,6.770000,195500
2016-08-01,6.810000,6.990000,6.620000,6.980000,6.980000,334900
2016-08-02,6.980000,7.030000,6.850000,6.850000,6.850000,203500
2016-08-03,5.930000,5.930000,4.740000,5.150000,5.150000,2061800
2016-08-04,5.110000,5.180000,5.020000,5.100000,5.100000,401700
2016-08-05,4.810000,5.150000,4.810000,4.940000,4.940000,255900
2016-08-08,4.910000,4.940000,4.840000,4.930000,4.930000,287700
2016-08-09,4.970000,5.140000,4.950000,5.090000,5.090000,247700
2016-08-10,5.010000,5.160000,5.010000,5.110000,5.110000,234300
2016-08-11,5.130000,5.200000,5.110000,5.130000,5.130000,355700
2016-08-12,5.120000,5.250000,5.090000,5.160000,5.160000,255500
2016-08-15,5.140000,5.260000,5.140000,5.260000,5.260000,200000
2016-08-16,5.220000,5.310000,5.200000,5.250000,5.250000,148400
2016-08-17,5.250000,5.300000,5.230000,5.240000,5.240000,150600
2016-08-18,5.260000,5.270000,5.230000,5.230000,5.230000,98500
2016-08-19,5.240000,5.630000,5.220000,5.570000,5.570000,289300
2016-08-22,5.600000,5.670000,5.530000,5.600000,5.600000,197000
2016-08-23,5.600000,5.720000,5.600000,5.660000,5.660000,269900
2016-08-24,5.700000,5.800000,5.650000,5.700000,5.700000,322600
2016-08-25,5.700000,5.830000,5.640000,5.810000,5.810000,248400
2016-08-26,5.820000,5.940000,5.740000,5.780000,5.780000,188200
2016-08-29,5.790000,5.840000,5.730000,5.750000,5.750000,156300
2016-08-30,5.760000,5.780000,5.650000,5.700000,5.700000,152400
2016-08-31,5.670000,5.710000,5.560000,5.570000,5.570000,112600
2016-09-01,5.570000,5.640000,5.560000,5.620000,5.620000,177600
2016-09-02,5.620000,5.750000,5.600000,5.750000,5.750000,165400
2016-09-06,5.720000,5.770000,5.630000,5.700000,5.700000,136800
2016-09-07,5.720000,5.890000,5.710000,5.880000,5.880000,197700
2016-09-08,5.880000,5.880000,5.780000,5.810000,5.810000,116300
2016-09-09,5.800000,5.800000,5.580000,5.580000,5.580000,207900
2016-09-12,5.550000,5.860000,5.550000,5.830000,5.830000,156100
2016-09-13,5.760000,5.870000,5.640000,5.650000,5.650000,108600
2016-09-14,5.650000,5.770000,5.610000,5.670000,5.670000,136500
2016-09-15,5.670000,5.760000,5.560000,5.710000,5.710000,88100
2016-09-16,5.720000,5.800000,5.590000,5.790000,5.790000,555100
2016-09-19,5.770000,5.920000,5.720000,5.780000,5.780000,116600
2016-09-20,5.780000,5.880000,5.740000,5.820000,5.820000,83300
2016-09-21,5.820000,6.010000,5.640000,6.000000,6.000000,129100
2016-09-22,6.020000,6.050000,5.510000,5.970000,5.970000,197700
2016-09-23,5.950000,5.950000,5.560000,5.790000,5.790000,72000
2016-09-26,5.730000,5.860000,5.630000,5.680000,5.680000,51900
2016-09-27,5.680000,5.710000,5.520000,5.650000,5.650000,77200
2016-09-28,5.650000,5.730000,5.550000,5.710000,5.710000,136300
2016-09-29,5.690000,5.940000,5.520000,5.540000,5.540000,82700
2016-09-30,5.590000,5.780000,5.580000,5.640000,5.640000,96200
2016-10-03,5.590000,5.670000,5.570000,5.600000,5.600000,116800
2016-10-04,5.610000,5.610000,5.410000,5.440000,5.440000,86800
2016-10-05,5.430000,5.600000,5.330000,5.520000,5.520000,425300
2016-10-06,5.480000,5.590000,5.450000,5.530000,5.530000,631800
2016-10-07,5.530000,5.600000,5.450000,5.540000,5.540000,94400
2016-10-10,5.600000,5.710000,5.580000,5.690000,5.690000,152800
2016-10-11,5.690000,5.690000,5.530000,5.560000,5.560000,52500
2016-10-12,5.540000,5.770000,5.440000,5.510000,5.510000,78000
2016-10-13,5.490000,5.630000,5.350000,5.420000,5.420000,66300
2016-10-14,5.410000,5.450000,5.260000,5.320000,5.320000,74500
2016-10-17,5.280000,5.340000,5.230000,5.280000,5.280000,68800
2016-10-18,5.350000,5.350000,5.200000,5.210000,5.210000,54400
2016-10-19,5.230000,5.240000,5.150000,5.160000,5.160000,76400
2016-10-20,5.180000,5.250000,5.160000,5.220000,5.220000,52700
2016-10-21,5.200000,5.250000,5.190000,5.210000,5.210000,36700
2016-10-24,5.290000,5.460000,5.230000,5.440000,5.440000,68300
2016-10-25,5.410000,5.410000,5.110000,5.200000,5.200000,56700
2016-10-26,5.200000,5.250000,5.180000,5.200000,5.200000,69600
2016-10-27,5.230000,5.300000,5.190000,5.230000,5.230000,70400
2016-10-28,5.230000,5.430000,5.160000,5.180000,5.180000,78900
2016-10-31,5.150000,5.210000,5.120000,5.180000,5.180000,103800
2016-11-01,5.200000,5.250000,5.050000,5.070000,5.070000,77300
2016-11-02,4.790000,4.890000,4.500000,4.710000,4.710000,641200
2016-11-03,4.690000,4.800000,4.540000,4.620000,4.620000,146100
2016-11-04,4.610000,4.720000,4.600000,4.640000,4.640000,468700
2016-11-07,4.730000,4.860000,4.700000,4.760000,4.760000,157300
2016-11-08,4.740000,5.000000,4.620000,4.980000,4.980000,218600
2016-11-09,4.950000,5.210000,4.840000,5.150000,5.150000,187200
2016-11-10,5.210000,5.240000,4.980000,5.180000,5.180000,173700
2016-11-11,5.180000,5.330000,5.010000,5.300000,5.300000,189800
2016-11-14,5.390000,5.410000,5.120000,5.190000,5.190000,107900
2016-11-15,5.160000,5.180000,4.970000,5.090000,5.090000,173800
2016-11-16,5.050000,5.220000,5.030000,5.210000,5.210000,83200
2016-11-17,5.210000,5.300000,5.090000,5.260000,5.260000,106000
2016-11-18,5.270000,5.280000,5.190000,5.240000,5.240000,152800
2016-11-21,5.230000,5.340000,5.190000,5.330000,5.330000,124100
2016-11-22,5.320000,5.450000,5.320000,5.450000,5.450000,89500
2016-11-23,5.410000,5.500000,5.410000,5.470000,5.470000,48400
2016-11-25,5.500000,5.670000,5.400000,5.630000,5.630000,42400
2016-11-28,5.600000,5.600000,5.410000,5.420000,5.420000,98400
2016-11-29,5.450000,5.600000,5.360000,5.450000,5.450000,100300
2016-11-30,5.460000,5.550000,5.170000,5.200000,5.200000,125500
2016-12-01,5.200000,5.350000,5.050000,5.110000,5.110000,180100
2016-12-02,5.110000,5.250000,5.030000,5.210000,5.210000,50200
2016-12-05,5.230000,5.360000,5.230000,5.300000,5.300000,129400
2016-12-06,5.310000,5.530000,5.200000,5.460000,5.460000,108000
2016-12-07,5.450000,5.580000,5.360000,5.550000,5.550000,90700
2016-12-08,5.550000,5.850000,5.320000,5.790000,5.790000,135800
2016-12-09,5.760000,6.000000,5.630000,5.980000,5.980000,429000
2016-12-12,5.900000,6.090000,5.850000,6.000000,6.000000,160000
2016-12-13,6.100000,6.170000,5.770000,6.120000,6.120000,129700
2016-12-14,6.110000,6.240000,5.800000,6.120000,6.120000,195400
2016-12-15,6.100000,6.240000,6.030000,6.090000,6.090000,160700
2016-12-16,6.120000,6.570000,6.050000,6.490000,6.490000,1129500
2016-12-19,6.470000,6.540000,6.270000,6.360000,6.360000,180100
2016-12-20,6.370000,6.370000,6.130000,6.160000,6.160000,170400
2016-12-21,6.190000,6.210000,6.000000,6.060000,6.060000,99000
2016-12-22,6.010000,6.080000,5.850000,5.900000,5.900000,101000
2016-12-23,5.890000,6.000000,5.850000,5.950000,5.950000,58000
2016-12-27,5.930000,6.180000,5.900000,6.090000,6.090000,65200
2016-12-28,6.040000,6.120000,5.970000,6.070000,6.070000,95700
2016-12-29,6.050000,6.140000,5.930000,6.100000,6.100000,81100
2016-12-30,6.090000,6.090000,5.750000,5.920000,5.920000,187600
2017-01-03,6.050000,6.050000,5.800000,5.960000,5.960000,134900
2017-01-04,6.010000,6.240000,5.980000,6.220000,6.220000,142800
2017-01-05,6.200000,6.200000,5.920000,6.100000,6.100000,86500
2017-01-06,6.090000,6.150000,5.970000,6.100000,6.100000,50000
2017-01-09,6.050000,6.110000,5.950000,6.030000,6.030000,63700
2017-01-10,6.100000,6.460000,6.050000,6.410000,6.410000,182300
2017-01-11,6.400000,6.560000,6.380000,6.510000,6.510000,115000
2017-01-12,6.500000,6.500000,6.370000,6.410000,6.410000,69700
2017-01-13,6.450000,6.500000,6.400000,6.450000,6.450000,165900
2017-01-17,6.400000,6.500000,6.380000,6.410000,6.410000,250100
2017-01-18,6.430000,6.430000,6.320000,6.400000,6.400000,104300
2017-01-19,6.390000,6.410000,6.240000,6.270000,6.270000,111600
2017-01-20,6.260000,6.330000,6.250000,6.290000,6.290000,131800
2017-01-23,6.250000,6.270000,6.110000,6.140000,6.140000,79300
2017-01-24,6.150000,6.280000,6.150000,6.220000,6.220000,113600
2017-01-25,6.270000,6.300000,6.200000,6.250000,6.250000,66700
2017-01-26,6.270000,6.270000,6.150000,6.200000,6.200000,52800
2017-01-27,6.170000,6.310000,6.160000,6.270000,6.270000,50100
2017-01-30,6.200000,6.430000,6.100000,6.400000,6.400000,156900
2017-01-31,6.350000,6.600000,6.300000,6.570000,6.570000,190900
2017-02-01,6.640000,6.750000,6.530000,6.570000,6.570000,241300
2017-02-02,6.950000,7.170000,6.760000,6.910000,6.910000,541700
2017-02-03,6.950000,6.950000,6.820000,6.890000,6.890000,129900
2017-02-06,6.870000,6.870000,6.750000,6.800000,6.800000,143800
2017-02-07,6.920000,6.920000,6.450000,6.510000,6.510000,167500
2017-02-08,6.520000,6.640000,6.280000,6.630000,6.630000,143500
2017-02-09,6.670000,6.730000,6.520000,6.680000,6.680000,88100
2017-02-10,6.950000,7.150000,6.930000,7.110000,7.110000,238700
2017-02-13,7.110000,7.120000,6.870000,6.960000,6.960000,291200
2017-02-14,6.950000,6.970000,6.710000,6.760000,6.760000,98900
2017-02-15,6.700000,6.870000,6.700000,6.810000,6.810000,101100
2017-02-16,6.800000,6.820000,6.660000,6.710000,6.710000,84300
2017-02-17,6.690000,6.790000,6.650000,6.780000,6.780000,106800
2017-02-21,6.770000,6.850000,6.630000,6.680000,6.680000,67200
2017-02-22,6.720000,6.740000,6.620000,6.630000,6.630000,43300
2017-02-23,6.640000,6.640000,6.500000,6.570000,6.570000,65000
2017-02-24,6.500000,6.710000,6.500000,6.690000,6.690000,102300
2017-02-27,6.670000,7.030000,6.670000,7.000000,7.000000,180100
2017-02-28,7.000000,7.000000,6.630000,6.680000,6.680000,121800
2017-03-01,6.800000,6.930000,6.690000,6.900000,6.900000,74600
2017-03-02,6.860000,6.880000,6.660000,6.690000,6.690000,69600
2017-03-03,6.700000,6.790000,6.640000,6.730000,6.730000,143300
2017-03-06,6.710000,6.770000,6.670000,6.750000,6.750000,53700
2017-03-07,6.750000,6.960000,6.730000,6.840000,6.840000,87700
2017-03-08,6.850000,6.960000,6.700000,6.700000,6.700000,55500
2017-03-09,6.670000,6.810000,6.640000,6.700000,6.700000,63400
2017-03-10,6.720000,6.750000,6.560000,6.570000,6.570000,77500
2017-03-13,6.570000,6.710000,6.570000,6.630000,6.630000,39900
2017-03-14,6.590000,6.650000,6.520000,6.530000,6.530000,59600
2017-03-15,6.550000,6.890000,6.500000,6.810000,6.810000,68400
2017-03-16,6.800000,6.840000,6.650000,6.700000,6.700000,56500
2017-03-17,6.660000,6.890000,6.500000,6.540000,6.540000,430200
2017-03-20,6.530000,6.630000,6.530000,6.630000,6.630000,109700
2017-03-21,6.680000,6.750000,6.550000,6.570000,6.570000,80700
2017-03-22,6.580000,6.580000,6.400000,6.520000,6.520000,99600
2017-03-23,6.520000,6.610000,6.500000,6.570000,6.570000,77600
2017-03-24,6.590000,6.630000,6.510000,6.520000,6.520000,88000
2017-03-27,6.500000,6.740000,6.460000,6.700000,6.700000,117900
2017-03-28,6.690000,6.720000,6.610000,6.630000,6.630000,82700
2017-03-29,6.600000,6.700000,6.440000,6.680000,6.680000,45300
2017-03-30,6.700000,6.830000,6.630000,6.780000,6.780000,73600
2017-03-31,6.730000,7.000000,6.730000,6.970000,6.970000,142900
2017-04-03,6.980000,7.090000,6.710000,6.710000,6.710000,113900
2017-04-04,6.720000,6.780000,6.550000,6.610000,6.610000,96500
2017-04-05,6.650000,6.740000,6.470000,6.480000,6.480000,100800
2017-04-06,6.470000,6.500000,6.280000,6.400000,6.400000,62100
2017-04-07,6.390000,6.430000,6.270000,6.320000,6.320000,102200
2017-04-10,6.300000,6.470000,6.270000,6.370000,6.370000,59600
2017-04-11,6.350000,6.430000,6.250000,6.360000,6.360000,77300
2017-04-12,6.350000,6.350000,6.170000,6.300000,6.300000,86900
2017-04-13,6.300000,6.390000,6.230000,6.250000,6.250000,68300
2017-04-17,6.300000,6.340000,6.210000,6.300000,6.300000,53500
2017-04-18,6.280000,6.340000,6.190000,6.330000,6.330000,73200
2017-04-19,6.380000,6.490000,6.280000,6.360000,6.360000,94500
2017-04-20,6.380000,6.590000,6.290000,6.550000,6.550000,69200
2017-04-21,6.550000,6.570000,6.420000,6.430000,6.430000,106800
2017-04-24,6.530000,6.810000,6.520000,6.720000,6.720000,102200
2017-04-25,6.770000,7.080000,6.760000,6.920000,6.920000,117100
2017-04-26,6.900000,7.300000,6.860000,7.280000,7.280000,197300
2017-04-27,7.240000,7.260000,7.020000,7.140000,7.140000,111700
2017-04-28,7.200000,7.200000,6.970000,6.980000,6.980000,73000
2017-05-01,7.040000,7.040000,6.810000,6.920000,6.920000,76100
2017-05-02,6.960000,6.980000,6.830000,6.850000,6.850000,98000
2017-05-03,6.820000,6.920000,6.750000,6.830000,6.830000,68200
2017-05-04,6.820000,7.050000,6.730000,7.020000,7.020000,53400
2017-05-05,7.060000,7.180000,6.950000,7.110000,7.110000,67900
2017-05-08,7.060000,7.180000,6.930000,7.150000,7.150000,85300
2017-05-09,7.150000,7.450000,7.070000,7.450000,7.450000,119700
2017-05-10,9.000000,9.200000,8.390000,8.500000,8.500000,1270300
2017-05-11,8.410000,8.550000,8.340000,8.390000,8.390000,417100
2017-05-12,8.390000,8.510000,8.270000,8.310000,8.310000,224600
2017-05-15,8.250000,8.530000,8.250000,8.320000,8.320000,192000
2017-05-16,8.320000,8.500000,8.200000,8.240000,8.240000,297400
2017-05-17,8.070000,8.130000,7.890000,7.910000,7.910000,261200
2017-05-18,7.800000,8.000000,7.460000,7.950000,7.950000,137600
2017-05-19,7.950000,8.000000,7.850000,7.880000,7.880000,151200
2017-05-22,7.870000,8.100000,7.870000,8.060000,8.060000,170900
2017-05-23,8.100000,8.350000,8.070000,8.240000,8.240000,145800
2017-05-24,8.250000,8.440000,8.100000,8.150000,8.150000,147000
2017-05-25,8.170000,8.300000,8.080000,8.230000,8.230000,208400
2017-05-26,8.220000,8.380000,8.150000,8.340000,8.340000,153600
2017-05-30,8.380000,8.510000,8.170000,8.490000,8.490000,93300
2017-05-31,8.510000,8.620000,8.310000,8.360000,8.360000,180700
2017-06-01,8.370000,8.640000,8.370000,8.560000,8.560000,326400
2017-06-02,8.590000,8.980000,8.590000,8.890000,8.890000,487500
2017-06-05,8.790000,8.990000,8.790000,8.830000,8.830000,198800
2017-06-06,8.790000,8.890000,8.670000,8.770000,8.770000,167500
2017-06-07,8.810000,8.870000,8.730000,8.750000,8.750000,109500
2017-06-08,8.710000,8.890000,8.680000,8.770000,8.770000,171100
2017-06-09,8.780000,8.980000,8.650000,8.730000,8.730000,258200
2017-06-12,8.600000,8.740000,8.360000,8.650000,8.650000,156100
2017-06-13,8.680000,8.780000,8.570000,8.700000,8.700000,95400
2017-06-14,8.700000,8.720000,8.290000,8.430000,8.430000,136000
2017-06-15,8.350000,8.390000,8.130000,8.240000,8.240000,111700
2017-06-16,8.180000,8.280000,8.090000,8.240000,8.240000,216700
2017-06-19,8.280000,8.380000,8.170000,8.350000,8.350000,129500
2017-06-20,8.340000,8.390000,8.200000,8.310000,8.310000,70400
2017-06-21,8.290000,8.360000,8.150000,8.230000,8.230000,73600
2017-06-22,8.240000,8.390000,8.140000,8.310000,8.310000,60400
2017-06-23,8.310000,8.460000,8.240000,8.440000,8.440000,451200
2017-06-26,8.460000,8.490000,8.280000,8.420000,8.420000,60700
2017-06-27,8.370000,8.370000,8.140000,8.150000,8.150000,100000
2017-06-28,8.220000,8.360000,8.080000,8.280000,8.280000,137500
2017-06-29,8.280000,8.330000,8.100000,8.280000,8.280000,142300
2017-06-30,8.300000,8.330000,8.150000,8.240000,8.240000,96400
2017-07-03,8.270000,8.350000,8.200000,8.320000,8.320000,56500
2017-07-05,8.320000,8.390000,8.220000,8.350000,8.350000,74700
2017-07-06,8.320000,8.480000,8.240000,8.340000,8.340000,129200
2017-07-07,8.360000,8.550000,8.250000,8.480000,8.480000,137500
2017-07-10,8.460000,8.650000,8.360000,8.420000,8.420000,115000
2017-07-11,8.410000,8.590000,8.240000,8.590000,8.590000,142100
2017-07-12,8.640000,8.820000,8.590000,8.590000,8.590000,107000
2017-07-13,8.480000,8.700000,7.500000,8.500000,8.500000,220800
2017-07-14,8.490000,8.720000,8.240000,8.580000,8.580000,158000
2017-07-17,8.570000,8.680000,8.490000,8.580000,8.580000,69500
2017-07-18,8.530000,8.550000,8.470000,8.490000,8.490000,222500
2017-07-19,8.540000,8.700000,8.500000,8.650000,8.650000,103000
2017-07-20,8.690000,9.000000,8.680000,8.920000,8.920000,161100
2017-07-21,8.990000,9.000000,8.810000,8.850000,8.850000,158100
2017-07-24,8.830000,8.830000,8.660000,8.750000,8.750000,85600
2017-07-25,8.780000,8.890000,8.720000,8.740000,8.740000,123000
2017-07-26,8.760000,8.790000,8.650000,8.720000,8.720000,56900
2017-07-27,8.750000,8.840000,8.560000,8.710000,8.710000,110300
2017-07-28,8.690000,8.720000,8.610000,8.670000,8.670000,77100
2017-07-31,8.670000,8.740000,8.630000,8.650000,8.650000,105400
2017-08-01,8.730000,8.790000,8.620000,8.730000,8.730000,73700
2017-08-02,8.720000,8.880000,8.410000,8.480000,8.480000,272000
2017-08-03,10.160000,10.480000,9.350000,9.540000,9.540000,2650000
2017-08-04,9.410000,10.470000,9.250000,10.430000,10.430000,1022500
2017-08-07,10.500000,10.750000,10.330000,10.640000,10.640000,845500
2017-08-08,10.600000,10.970000,10.450000,10.460000,10.460000,759500
2017-08-09,10.530000,10.920000,10.410000,10.860000,10.860000,339700
2017-08-10,10.570000,10.960000,10.570000,10.800000,10.800000,366100
2017-08-11,10.790000,10.820000,10.530000,10.550000,10.550000,350300
2017-08-14,10.710000,11.110000,10.640000,10.930000,10.930000,469700
2017-08-15,10.920000,11.050000,10.900000,10.970000,10.970000,336600
2017-08-16,10.970000,11.010000,10.740000,10.950000,10.950000,255500
2017-08-17,10.940000,11.080000,10.700000,10.760000,10.760000,326600
2017-08-18,10.630000,10.910000,10.580000,10.880000,10.880000,347300
2017-08-21,10.870000,10.910000,10.760000,10.760000,10.760000,341700
2017-08-22,10.850000,11.120000,10.810000,11.040000,11.040000,498900
2017-08-23,10.940000,11.430000,10.880000,11.300000,11.300000,379300
2017-08-24,11.300000,11.680000,11.170000,11.570000,11.570000,420300
2017-08-25,11.680000,12.100000,11.680000,12.040000,12.040000,723700
2017-08-28,12.040000,12.380000,11.990000,12.380000,12.380000,786200
2017-08-29,12.300000,12.540000,12.190000,12.500000,12.500000,366000
2017-08-30,12.580000,12.600000,12.310000,12.400000,12.400000,320600
2017-08-31,12.480000,12.520000,12.240000,12.320000,12.320000,199000
2017-09-01,12.320000,12.320000,11.940000,12.070000,12.070000,314200
2017-09-05,12.060000,12.440000,11.900000,12.080000,12.080000,308700
2017-09-06,12.180000,12.220000,11.810000,12.120000,12.120000,197900
2017-09-07,12.120000,12.190000,11.900000,12.160000,12.160000,213800
2017-09-08,12.090000,12.360000,11.850000,12.130000,12.130000,193800
2017-09-11,12.250000,12.460000,12.100000,12.320000,12.320000,232500
2017-09-12,12.340000,12.410000,12.300000,12.370000,12.370000,339500
2017-09-13,12.340000,12.780000,12.260000,12.400000,12.400000,256400
2017-09-14,12.300000,12.480000,12.230000,12.350000,12.350000,223600
2017-09-15,12.360000,13.080000,12.160000,12.780000,12.780000,789500
2017-09-18,12.970000,14.110000,12.520000,13.790000,13.790000,895300
2017-09-19,13.820000,14.030000,13.710000,13.940000,13.940000,410500
2017-09-20,14.000000,14.030000,13.340000,13.630000,13.630000,394400
2017-09-21,13.630000,13.680000,13.300000,13.360000,13.360000,188900
2017-09-22,13.360000,13.510000,13.330000,13.460000,13.460000,177800
2017-09-25,13.450000,13.530000,13.000000,13.250000,13.250000,384300
2017-09-26,13.280000,13.570000,13.150000,13.270000,13.270000,425900
2017-09-27,13.290000,13.810000,13.230000,13.670000,13.670000,317900
2017-09-28,13.640000,13.970000,13.480000,13.920000,13.920000,319500
2017-09-29,13.960000,14.260000,13.760000,13.920000,13.920000,569800
2017-10-02,14.040000,14.290000,13.650000,14.070000,14.070000,362500
2017-10-03,14.270000,14.890000,14.270000,14.590000,14.590000,669100
2017-10-04,14.560000,15.110000,14.420000,14.800000,14.800000,527400
2017-10-05,14.910000,15.060000,14.800000,14.850000,14.850000,380900
2017-10-06,14.850000,15.030000,14.690000,14.920000,14.920000,256200
2017-10-09,15.130000,15.130000,14.760000,14.830000,14.830000,281700
2017-10-10,14.910000,14.920000,14.650000,14.730000,14.730000,291400
2017-10-11,14.800000,14.990000,14.760000,14.800000,14.800000,257400
2017-10-12,14.800000,14.860000,14.560000,14.600000,14.600000,253100
2017-10-13,14.620000,14.750000,14.360000,14.490000,14.490000,307200
2017-10-16,14.600000,14.980000,14.600000,14.940000,14.940000,261700
2017-10-17,14.910000,15.570000,14.880000,15.070000,15.070000,563900
2017-10-18,15.330000,15.940000,15.080000,15.400000,15.400000,352300
2017-10-19,15.380000,15.450000,14.560000,14.970000,14.970000,376800
2017-10-20,15.150000,15.850000,15.150000,15.630000,15.630000,480500
2017-10-23,15.800000,16.709999,15.700000,16.180000,16.180000,1313500
2017-10-24,16.370001,16.700001,16.000000,16.570000,16.570000,465800
2017-10-25,16.570000,17.590000,16.570000,16.969999,16.969999,1395700
2017-10-26,17.180000,17.600000,16.910000,17.010000,17.010000,590900
2017-10-27,17.030001,17.430000,16.760000,17.250000,17.250000,454200
2017-10-30,17.350000,17.660000,17.030001,17.360001,17.360001,571000
2017-10-31,17.360001,18.100000,17.360001,17.889999,17.889999,848500
2017-11-01,17.930000,18.200001,15.770000,16.309999,16.309999,1711400
2017-11-02,21.030001,21.980000,19.240000,21.059999,21.059999,5516500
2017-11-03,21.490000,22.959999,21.100000,22.030001,22.030001,2966400
2017-11-06,22.200001,23.100000,22.100000,23.049999,23.049999,1749300
2017-11-07,23.230000,24.150000,23.049999,23.770000,23.770000,1846800
2017-11-08,23.889999,24.090000,23.290001,23.850000,23.850000,1155700
2017-11-09,23.799999,24.000000,22.549999,23.730000,23.730000,1261700
2017-11-10,23.500000,23.500000,22.270000,22.760000,22.760000,1358700
2017-11-13,22.549999,22.920000,21.879999,22.820000,22.820000,916900
2017-11-14,22.510000,22.990000,22.219999,22.900000,22.900000,564600
2017-11-15,22.809999,23.230000,22.340000,23.209999,23.209999,691300
2017-11-16,23.430000,24.770000,23.400000,24.389999,24.389999,1918500
2017-11-17,24.500000,24.540001,23.549999,23.740000,23.740000,1051000
2017-11-20,24.100000,25.440001,23.950001,25.120001,25.120001,1337700
2017-11-21,25.500000,26.629999,25.480000,26.110001,26.110001,1742300
2017-11-22,26.799999,27.080000,25.590000,26.120001,26.120001,891900
2017-11-24,26.879999,27.299999,26.299999,26.990000,26.990000,718900
2017-11-27,27.559999,27.719999,26.100000,26.379999,26.379999,1180800
2017-11-28,26.379999,27.049999,26.190001,26.490000,26.490000,1039600
2017-11-29,26.459999,26.540001,22.500000,23.690001,23.690001,2616700
2017-11-30,23.930000,24.629999,23.680000,23.930000,23.930000,1313500
2017-12-01,24.230000,24.250000,22.230000,23.090000,23.090000,1387000
2017-12-04,23.670000,23.900000,20.910000,21.000000,21.000000,1876500
2017-12-05,20.860001,21.570000,20.360001,20.420000,20.420000,1451200
2017-12-06,20.219999,20.799999,19.700001,20.480000,20.480000,1236800
2017-12-07,20.469999,21.559999,20.410000,21.200001,21.200001,1251100
2017-12-08,21.370001,21.740000,20.240000,20.459999,20.459999,859000
2017-12-11,21.139999,21.150000,20.280001,20.520000,20.520000,1277900
2017-12-12,20.530001,20.600000,19.350000,19.490000,19.490000,1085600
2017-12-13,19.400000,19.879999,19.400000,19.650000,19.650000,707800
2017-12-14,19.600000,20.840000,19.420000,20.670000,20.670000,1396000
2017-12-15,20.969999,21.770000,20.570000,21.590000,21.590000,2171500
2017-12-18,21.820000,22.559999,21.280001,22.400000,22.400000,1386500
2017-12-19,22.379999,22.770000,22.100000,22.370001,22.370001,1187900
2017-12-20,22.459999,22.650000,21.709999,22.160000,22.160000,731500
2017-12-21,22.139999,22.580000,22.080000,22.150000,22.150000,534800
2017-12-22,22.010000,22.139999,21.129999,21.680000,21.680000,541200
2017-12-26,21.459999,21.480000,20.570000,20.910000,20.910000,711500
2017-12-27,20.799999,21.320000,20.760000,21.129999,21.129999,371000
2017-12-28,21.120001,21.559999,21.080000,21.520000,21.520000,460100
2017-12-29,21.610001,21.809999,21.330000,21.430000,21.430000,575500
2018-01-02,21.500000,21.760000,21.059999,21.740000,21.740000,677900
2018-01-03,21.799999,22.780001,21.709999,22.670000,22.670000,865400
2018-01-04,22.709999,23.150000,19.780001,20.049999,20.049999,2360500
2018-01-05,20.350000,21.070000,19.930000,20.320000,20.320000,1309900
2018-01-08,20.309999,21.049999,19.879999,20.780001,20.780001,897600
2018-01-09,20.889999,21.080000,20.250000,20.389999,20.389999,742100
2018-01-10,20.250000,20.330000,19.740000,20.240000,20.240000,760800
2018-01-11,20.250000,20.320000,19.830000,20.240000,20.240000,742700
2018-01-12,20.200001,20.240000,19.930000,20.049999,20.049999,664100
2018-01-16,20.059999,20.530001,19.900000,20.100000,20.100000,745500
2018-01-17,20.320000,22.219999,20.200001,22.010000,22.010000,1173300
2018-01-18,27.049999,27.650000,25.030001,26.299999,26.299999,7030600
2018-01-19,26.299999,27.180000,25.430000,26.440001,26.440001,2035500
2018-01-22,26.570000,27.500000,25.680000,25.850000,25.850000,1972200
2018-01-23,25.990000,26.200001,24.260000,25.340000,25.340000,1345200
2018-01-24,25.590000,25.709999,23.190001,23.969999,23.969999,1661400
2018-01-25,24.629999,25.040001,24.049999,24.450001,24.450001,1210500
2018-01-26,24.709999,24.950001,23.510000,23.959999,23.959999,1298000
2018-01-29,23.969999,24.660000,23.620001,23.870001,23.870001,952500
2018-01-30,23.570000,23.889999,23.299999,23.639999,23.639999,735000
2018-01-31,23.690001,24.469999,23.129999,23.420000,23.420000,1601800
2018-02-01,22.840000,23.200001,18.570000,19.559999,19.559999,6006400
2018-02-02,19.469999,20.250000,19.309999,19.610001,19.610001,2451400
2018-02-05,19.330000,20.120001,18.700001,18.700001,18.700001,1448300
2018-02-06,18.230000,19.389999,18.049999,19.209999,19.209999,1405800
2018-02-07,19.209999,19.250000,16.809999,16.870001,16.870001,2946800
2018-02-08,17.250000,17.420000,15.560000,16.049999,16.049999,1976400
2018-02-09,16.360001,17.780001,16.290001,17.360001,17.360001,2157000
2018-02-12,17.410000,17.730000,16.270000,16.889999,16.889999,1362400
2018-02-13,16.780001,17.070000,16.520000,16.549999,16.549999,816600
2018-02-14,16.430000,17.549999,16.410000,17.410000,17.410000,1202200
2018-02-15,17.400000,18.459999,17.230000,18.459999,18.459999,1265200
2018-02-16,18.360001,18.389999,17.080000,17.240000,17.240000,1561700
2018-02-20,17.280001,18.160000,17.280001,17.410000,17.410000,1204300
2018-02-21,17.530001,18.340000,17.490000,17.900000,17.900000,864500
2018-02-22,17.950001,18.090000,17.000000,17.309999,17.309999,1625900
2018-02-23,17.350000,17.850000,17.320000,17.750000,17.750000,680000
2018-02-26,18.049999,18.200001,17.760000,18.070000,18.070000,902600
2018-02-27,18.059999,18.250000,17.660000,17.770000,17.770000,913200
2018-02-28,17.889999,18.330000,17.820000,17.930000,17.930000,802400
2018-03-01,17.920000,18.040001,17.400000,17.510000,17.510000,850200
2018-03-02,17.490000,18.170000,17.150000,18.139999,18.139999,858800
2018-03-05,18.139999,18.160000,17.760000,17.959999,17.959999,811400
2018-03-06,18.010000,18.790001,18.010000,18.670000,18.670000,860300
2018-03-07,18.420000,19.200001,18.230000,18.920000,18.920000,886200
2018-03-08,18.910000,19.219999,18.770000,19.139999,19.139999,578500
2018-03-09,19.309999,19.820000,19.100000,19.780001,19.780001,819300
2018-03-12,20.180000,20.340000,19.530001,19.850000,19.850000,767400
2018-03-13,20.049999,20.290001,19.400000,19.490000,19.490000,690100
2018-03-14,19.559999,20.000000,19.250000,19.670000,19.670000,540200
2018-03-15,20.510000,21.389999,20.250000,21.000000,21.000000,1194900
2018-03-16,21.120001,21.270000,20.350000,21.209999,21.209999,1181300
2018-03-19,21.209999,21.270000,20.170000,21.150000,21.150000,683200
2018-03-20,21.250000,21.940001,21.240000,21.680000,21.680000,847900
2018-03-21,21.639999,22.049999,21.120001,21.440001,21.440001,964100
2018-03-22,21.230000,21.469999,20.700001,20.809999,20.809999,713800
2018-03-23,20.719999,21.080000,20.030001,20.049999,20.049999,646600
2018-03-26,20.559999,21.000000,20.370001,20.860001,20.860001,478100
2018-03-27,21.059999,21.170000,19.150000,19.230000,19.230000,920000
2018-03-28,19.230000,19.490000,18.490000,18.690001,18.690001,705900
2018-03-29,18.809999,19.940001,18.809999,19.330000,19.330000,670300
2018-04-02,19.330000,19.610001,17.600000,17.980000,17.980000,969300
2018-04-03,18.209999,18.480000,17.920000,18.350000,18.350000,756100
2018-04-04,17.879999,18.459999,16.900000,18.360001,18.360001,739500
2018-04-05,18.570000,19.049999,18.510000,18.700001,18.700001,639100
2018-04-06,18.410000,18.879999,18.260000,18.440001,18.440001,457800
2018-04-09,18.709999,19.059999,18.590000,18.639999,18.639999,551100
2018-04-10,19.040001,19.100000,18.670000,18.990000,18.990000,580900
2018-04-11,18.799999,19.549999,18.799999,19.350000,19.350000,338400
2018-04-12,19.500000,19.790001,19.340000,19.570000,19.570000,382900
2018-04-13,19.660000,19.799999,19.379999,19.639999,19.639999,234500
2018-04-16,19.750000,19.840000,19.110001,19.430000,19.430000,463800
2018-04-17,19.670000,20.320000,19.490000,20.290001,20.290001,541100
2018-04-18,20.080000,20.160000,19.440001,19.580000,19.580000,508700
2018-04-19,19.400000,19.549999,18.680000,18.969999,18.969999,529300
2018-04-20,18.879999,19.469999,18.879999,19.110001,19.110001,365900
2018-04-23,19.160000,19.480000,18.760000,18.790001,18.790001,374200
2018-04-24,18.900000,19.120001,18.190001,18.400000,18.400000,441000
2018-04-25,18.450001,18.590000,17.850000,18.379999,18.379999,391900
2018-04-26,18.510000,18.879999,18.240000,18.740000,18.740000,600000
2018-04-27,18.820000,19.209999,17.750000,17.940001,17.940001,853700
2018-04-30,17.969999,18.200001,17.830000,18.000000,18.000000,1065000
2018-05-01,17.980000,18.379999,17.780001,18.350000,18.350000,427100
2018-05-02,18.290001,18.670000,18.290001,18.620001,18.620001,512500
2018-05-03,18.520000,18.520000,17.799999,17.840000,17.840000,595800
2018-05-04,17.809999,18.110001,17.629999,17.850000,17.850000,608200
2018-05-07,17.889999,18.299999,17.889999,18.100000,18.100000,623500
2018-05-08,17.860001,18.299999,17.850000,18.090000,18.090000,693800
2018-05-09,19.049999,19.340000,16.580000,18.600000,18.600000,2056900
2018-05-10,18.660000,19.920000,18.129999,19.820000,19.820000,1378200
2018-05-11,19.680000,19.860001,19.250000,19.520000,19.520000,638200
2018-05-14,19.780001,20.430000,19.590000,19.900000,19.900000,1088800
2018-05-15,19.700001,19.870001,19.309999,19.490000,19.490000,605900
2018-05-16,19.500000,20.049999,19.400000,19.940001,19.940001,562200
2018-05-17,19.780001,20.280001,19.680000,19.790001,19.790001,577100
2018-05-18,19.709999,20.000000,19.280001,19.309999,19.309999,498200
2018-05-21,19.549999,20.370001,19.389999,19.639999,19.639999,787100
2018-05-22,19.760000,20.570000,19.760000,20.320000,20.320000,707300
2018-05-23,20.170000,20.379999,19.780001,20.180000,20.180000,527200
2018-05-24,20.180000,20.559999,20.040001,20.340000,20.340000,395800
2018-05-25,20.340000,20.400000,20.100000,20.150000,20.150000,250000
2018-05-29,20.139999,20.879999,20.100000,20.490000,20.490000,601600
2018-05-30,20.510000,20.750000,20.010000,20.100000,20.100000,516300
2018-05-31,20.150000,20.309999,19.570000,19.620001,19.620001,541100
2018-06-01,19.690001,20.500000,19.690001,20.150000,20.150000,582500
2018-06-04,20.200001,20.219999,19.559999,19.740000,19.740000,696900
2018-06-05,19.760000,20.360001,19.600000,20.260000,20.260000,699200
2018-06-06,20.309999,20.420000,19.870001,19.969999,19.969999,459400
2018-06-07,19.969999,19.969999,18.629999,19.370001,19.370001,1070900
2018-06-08,19.280001,19.280001,18.730000,18.840000,18.840000,856000
2018-06-11,18.889999,19.100000,18.330000,18.549999,18.549999,997400
2018-06-12,18.459999,18.629999,18.170000,18.480000,18.480000,1103800
2018-06-13,18.540001,19.420000,18.510000,19.270000,19.270000,1026500
2018-06-14,19.400000,19.620001,18.700001,18.799999,18.799999,658600
2018-06-15,18.680000,18.780001,18.190001,18.559999,18.559999,688800
2018-06-18,18.430000,18.510000,18.049999,18.440001,18.440001,607500
2018-06-19,18.270000,18.389999,17.290001,17.410000,17.410000,1034700
2018-06-20,17.500000,17.650000,17.219999,17.459999,17.459999,810600
2018-06-21,17.510000,17.660000,17.200001,17.379999,17.379999,665200
2018-06-22,17.480000,17.639999,16.780001,16.780001,16.780001,1096900
2018-06-25,16.780001,16.840000,16.040001,16.190001,16.190001,971400
2018-06-26,16.200001,17.010000,16.200001,16.760000,16.760000,611100
2018-06-27,16.760000,17.160000,16.270000,16.299999,16.299999,672600
2018-06-28,16.040001,16.330000,15.840000,15.910000,15.910000,893400
2018-06-29,16.049999,16.230000,15.750000,15.770000,15.770000,797700
