Date,Open,High,Low,Close,Adj Close,Volume
2018-01-16,1.150000,1.160000,1.080000,1.100000,1.100000,386500
2018-01-17,1.090000,1.090000,1.070000,1.080000,1.080000,264300
2018-01-18,1.080000,1.110000,1.070000,1.090000,1.090000,220900
2018-01-19,1.090000,1.120000,1.080000,1.110000,1.110000,174600
2018-01-22,1.120000,1.120000,1.080000,1.100000,1.100000,216400
2018-01-23,1.100000,1.120000,1.080000,1.090000,1.090000,292800
2018-01-24,1.100000,1.140000,1.090000,1.120000,1.120000,818900
2018-01-25,1.160000,1.310000,1.140000,1.310000,1.310000,1977000
2018-01-26,1.270000,1.310000,1.230000,1.270000,1.270000,725100
2018-01-29,1.270000,1.280000,1.200000,1.240000,1.240000,402700
2018-01-30,1.240000,1.240000,1.160000,1.200000,1.200000,263000
2018-01-31,1.190000,1.210000,1.110000,1.140000,1.140000,433100
2018-02-01,1.120000,1.160000,1.110000,1.110000,1.110000,211400
2018-02-02,1.110000,1.130000,1.080000,1.100000,1.100000,410200
2018-02-05,1.100000,1.120000,1.040000,1.050000,1.050000,526800
2018-02-06,1.010000,1.100000,1.000000,1.100000,1.100000,312200
2018-02-07,1.100000,1.100000,1.040000,1.060000,1.060000,321100
2018-02-08,1.100000,1.130000,1.030000,1.070000,1.070000,457000
2018-02-09,1.090000,1.110000,0.930000,1.040000,1.040000,534200
2018-02-12,1.040000,1.060000,1.020000,1.040000,1.040000,118200
2018-02-13,1.040000,1.070000,1.020000,1.060000,1.060000,104900
2018-02-14,1.050000,1.080000,1.020000,1.070000,1.070000,90200
2018-02-15,1.070000,1.090000,1.030000,1.090000,1.090000,150700
2018-02-16,1.090000,1.140000,1.060000,1.100000,1.100000,214500
2018-02-20,1.080000,1.130000,1.080000,1.090000,1.090000,179900
2018-02-21,1.100000,1.120000,1.090000,1.090000,1.090000,91300
2018-02-22,1.100000,1.120000,1.090000,1.090000,1.090000,178300
2018-02-23,1.090000,1.100000,1.050000,1.090000,1.090000,228000
2018-02-26,1.100000,1.100000,1.060000,1.070000,1.070000,155200
2018-02-27,1.060000,1.120000,1.060000,1.090000,1.090000,156200
2018-02-28,1.090000,1.100000,1.050000,1.050000,1.050000,154400
2018-03-01,1.050000,1.100000,1.050000,1.060000,1.060000,191100
2018-03-02,1.080000,1.100000,1.050000,1.090000,1.090000,135700
2018-03-05,1.090000,1.120000,1.070000,1.110000,1.110000,131200
2018-03-06,1.120000,1.210000,1.090000,1.170000,1.170000,482200
2018-03-07,1.200000,1.250000,1.190000,1.210000,1.210000,438800
2018-03-08,1.210000,1.250000,1.190000,1.230000,1.230000,268200
2018-03-09,1.250000,1.280000,1.210000,1.240000,1.240000,388100
2018-03-12,1.250000,1.270000,1.140000,1.200000,1.200000,583400
2018-03-13,1.190000,1.220000,1.180000,1.200000,1.200000,219600
2018-03-14,1.200000,1.200000,1.160000,1.190000,1.190000,160000
2018-03-15,1.210000,1.240000,1.200000,1.230000,1.230000,298000
2018-03-16,1.240000,1.240000,1.200000,1.230000,1.230000,161100
2018-03-19,1.210000,1.350000,1.160000,1.160000,1.160000,2208600
2018-03-20,1.170000,1.170000,1.120000,1.160000,1.160000,323300
2018-03-21,1.150000,1.200000,1.150000,1.200000,1.200000,205000
2018-03-22,1.200000,1.280000,1.200000,1.250000,1.250000,428100
2018-03-23,1.250000,1.260000,1.170000,1.190000,1.190000,308700
2018-03-26,1.210000,1.210000,1.130000,1.150000,1.150000,222100
2018-03-27,1.150000,1.150000,1.100000,1.110000,1.110000,263800
2018-03-28,1.100000,1.110000,1.050000,1.070000,1.070000,450500
2018-03-29,1.330000,1.340000,1.160000,1.220000,1.220000,1183100
2018-04-02,1.200000,1.290000,1.070000,1.150000,1.150000,394100
2018-04-03,1.150000,1.180000,1.140000,1.140000,1.140000,217000
2018-04-04,1.170000,1.250000,1.110000,1.190000,1.190000,486900
2018-04-05,1.200000,1.240000,1.170000,1.180000,1.180000,250900
2018-04-06,1.160000,1.190000,1.150000,1.170000,1.170000,177700
2018-04-09,1.170000,1.190000,1.150000,1.160000,1.160000,140300
2018-04-10,1.160000,1.190000,1.140000,1.140000,1.140000,145000
2018-04-11,1.150000,1.330000,1.140000,1.260000,1.260000,754800
2018-04-12,1.280000,1.480000,1.270000,1.460000,1.460000,1413100
2018-04-13,1.460000,1.510000,1.380000,1.440000,1.440000,495600
2018-04-16,1.450000,1.450000,1.310000,1.350000,1.350000,449400
2018-04-17,1.390000,1.470000,1.340000,1.440000,1.440000,219000
2018-04-18,1.470000,1.570000,1.400000,1.520000,1.520000,569100
2018-04-19,1.550000,1.800000,1.500000,1.750000,1.750000,1243500
2018-04-20,1.750000,1.790000,1.690000,1.730000,1.730000,577100
2018-04-23,1.730000,1.730000,1.560000,1.650000,1.650000,522900
2018-04-24,1.680000,2.050000,1.610000,1.990000,1.990000,1903700
2018-04-25,2.000000,2.550000,2.000000,2.370000,2.370000,6364900
2018-04-26,2.210000,2.750000,2.190000,2.470000,2.470000,5187700
2018-04-27,2.460000,2.490000,2.200000,2.290000,2.290000,2092200
2018-04-30,2.230000,2.540000,2.200000,2.460000,2.460000,1581800
2018-05-01,2.470000,2.720000,2.450000,2.690000,2.690000,1928300
2018-05-02,2.730000,2.880000,2.600000,2.700000,2.700000,2020300
2018-05-03,2.700000,2.720000,2.440000,2.610000,2.610000,1042900
2018-05-04,2.540000,2.590000,2.300000,2.440000,2.440000,1472200
2018-05-07,2.370000,2.520000,2.300000,2.390000,2.390000,801800
2018-05-08,2.350000,2.380000,2.300000,2.330000,2.330000,446700
2018-05-09,2.300000,2.580000,2.300000,2.550000,2.550000,1133900
2018-05-10,2.550000,2.560000,1.820000,2.000000,2.000000,2279000
2018-05-11,2.050000,2.220000,1.840000,2.010000,2.010000,2293500
2018-05-14,1.980000,2.000000,1.900000,1.950000,1.950000,613100
2018-05-15,1.920000,2.110000,1.920000,2.030000,2.030000,486500
2018-05-16,2.030000,2.100000,2.010000,2.050000,2.050000,398300
2018-05-17,2.050000,2.260000,2.030000,2.180000,2.180000,779500
2018-05-18,2.190000,2.310000,2.110000,2.110000,2.110000,379300
2018-05-21,2.130000,2.190000,2.000000,2.020000,2.020000,375600
2018-05-22,2.020000,2.040000,1.980000,1.980000,1.980000,381300
2018-05-23,1.980000,2.000000,1.930000,1.950000,1.950000,297400
2018-05-24,1.950000,2.100000,1.870000,2.070000,2.070000,407100
2018-05-25,2.080000,2.130000,2.000000,2.010000,2.010000,231200
2018-05-29,2.000000,2.180000,1.990000,2.160000,2.160000,371800
2018-05-30,2.180000,2.340000,2.140000,2.180000,2.180000,435400
2018-05-31,2.180000,2.240000,2.070000,2.170000,2.170000,260500
2018-06-01,2.200000,2.290000,2.120000,2.280000,2.280000,358400
2018-06-04,2.240000,2.370000,2.200000,2.250000,2.250000,327200
2018-06-05,2.250000,2.350000,2.210000,2.300000,2.300000,238800
2018-06-06,2.310000,2.400000,2.270000,2.370000,2.370000,310200
2018-06-07,2.370000,2.420000,2.220000,2.280000,2.280000,476800
2018-06-08,2.260000,2.270000,2.130000,2.220000,2.220000,300900
2018-06-11,2.220000,2.260000,2.120000,2.210000,2.210000,170400
2018-06-12,2.200000,2.230000,2.020000,2.090000,2.090000,450300
2018-06-13,2.110000,2.140000,2.040000,2.050000,2.050000,292400
2018-06-14,2.060000,2.130000,2.030000,2.040000,2.040000,266600
2018-06-15,2.010000,2.070000,2.000000,2.040000,2.040000,294900
2018-06-18,2.020000,2.070000,2.000000,2.010000,2.010000,181200
2018-06-19,2.000000,2.080000,2.000000,2.020000,2.020000,230400
2018-06-20,2.080000,2.080000,1.950000,1.990000,1.990000,334600
2018-06-21,2.000000,2.000000,1.930000,1.950000,1.950000,271600
2018-06-22,1.950000,2.000000,1.930000,2.000000,2.000000,182000
2018-06-25,2.000000,2.040000,1.910000,1.930000,1.930000,218500
2018-06-26,1.930000,1.940000,1.850000,1.870000,1.870000,209100
2018-06-27,1.850000,1.930000,1.850000,1.860000,1.860000,197600
2018-06-28,1.840000,1.890000,1.690000,1.850000,1.850000,606500
2018-06-29,1.850000,2.080000,1.850000,2.080000,2.080000,273600
