Date,Open,High,Low,Close,Adj Close,Volume
2016-06-21,25.350000,25.350000,25.350000,25.350000,22.335205,1000
2016-06-22,25.459999,25.459999,25.447001,25.447001,22.420660,900
2016-06-23,25.660000,25.660000,25.599001,25.603001,22.558113,1900
2016-06-24,25.170000,25.570000,25.170000,25.209999,22.211845,13800
2016-06-27,24.940001,24.940001,24.790001,24.790001,21.841801,900
2016-06-28,25.100000,25.181000,25.100000,25.181000,22.186296,700
2016-06-29,25.573999,25.573999,25.573999,25.573999,22.532560,1100
2016-06-30,25.730000,25.730000,25.730000,25.730000,22.670010,500
2016-07-01,25.787001,25.899000,25.787001,25.899000,22.818911,300
2016-07-05,25.750000,25.750000,25.750000,25.750000,22.687628,100
2016-07-06,25.750000,25.750000,25.750000,25.750000,22.687628,0
2016-07-07,25.840000,25.840000,25.707001,25.750000,22.687628,1600
2016-07-08,26.090000,26.090000,26.090000,26.090000,22.987194,500
2016-07-11,26.129999,26.160999,26.129999,26.160999,23.049749,1700
2016-07-12,26.320000,26.320000,26.280001,26.280001,23.154598,2400
2016-07-13,26.110001,26.231001,26.066000,26.231001,23.111425,1100
2016-07-14,26.280001,26.280001,26.277000,26.277000,23.151955,3600
2016-07-15,26.167999,26.167999,26.167999,26.167999,23.055916,300
2016-07-18,26.167999,26.167999,26.167999,26.167999,23.055916,0
2016-07-19,26.224001,26.224001,26.224001,26.224001,23.105257,200
2016-07-20,26.309999,26.400000,26.309999,26.400000,23.260326,1100
2016-07-21,26.459999,26.459999,26.330000,26.350000,23.216272,1400
2016-07-22,26.330000,26.379999,26.330000,26.379999,23.242710,2100
2016-07-25,26.379999,26.379999,26.379999,26.379999,23.242710,0
2016-07-26,26.379999,26.379999,26.379999,26.379999,23.242710,0
2016-07-27,26.190001,26.267000,26.190001,26.267000,23.143143,5500
2016-07-28,26.240000,26.240000,26.240000,26.240000,23.119354,10400
2016-07-29,26.170000,26.233999,26.170000,26.233999,23.114065,400
2016-08-01,26.030001,26.030001,25.955000,25.955000,23.035963,600
2016-08-02,25.809999,25.809999,25.799999,25.799999,22.898397,300
2016-08-03,25.990000,26.110001,25.990000,26.110001,23.173532,1400
2016-08-04,26.250000,26.250000,26.230000,26.250000,23.297785,1500
2016-08-05,26.375999,26.375999,26.309999,26.309999,23.351042,400
2016-08-08,26.299999,26.430000,26.299999,26.430000,23.457541,500
2016-08-09,26.489000,26.489000,26.445999,26.445999,23.471745,1000
2016-08-10,26.469999,26.469999,26.450001,26.450001,23.475294,6000
2016-08-11,26.570000,26.620001,26.563999,26.620001,23.626181,31000
2016-08-12,26.600000,26.610001,26.600000,26.610001,23.617298,300
2016-08-15,26.549999,26.730000,26.549999,26.694000,23.691856,2300
2016-08-16,26.584000,26.670000,26.575001,26.670000,23.670557,3200
2016-08-17,26.670000,26.670000,26.670000,26.670000,23.670557,0
2016-08-18,26.670000,26.670000,26.670000,26.670000,23.670557,0
2016-08-19,26.746000,26.790001,26.746000,26.790001,23.777061,2100
2016-08-22,26.700001,26.708000,26.700001,26.708000,23.704281,800
2016-08-23,26.830000,26.830000,26.830000,26.830000,23.812559,1100
2016-08-24,26.830000,26.830000,26.830000,26.830000,23.812559,0
2016-08-25,26.837999,26.837999,26.837999,26.837999,23.819654,600
2016-08-26,26.900000,26.910000,26.788000,26.788000,23.775282,7100
2016-08-29,26.780001,26.841999,26.780001,26.841999,23.823210,7500
2016-08-30,26.840000,26.920000,26.840000,26.893999,23.869358,1600
2016-08-31,26.870001,26.870001,26.789000,26.789000,23.776165,2500
2016-09-01,26.520000,26.520000,26.481001,26.481001,23.654690,1300
2016-09-02,26.740000,26.740000,26.715000,26.715000,23.863707,1200
2016-09-06,26.770000,26.790001,26.687000,26.790001,23.930708,2700
2016-09-07,26.760000,26.760000,26.760000,26.760000,23.903908,100
2016-09-08,26.750000,26.750000,26.729000,26.729000,23.876215,700
2016-09-09,26.549999,26.549999,26.250000,26.330000,23.519802,600
2016-09-12,26.379999,26.549999,26.350000,26.549999,23.716320,400
2016-09-13,26.200001,26.200001,26.090000,26.090000,23.305418,1200
2016-09-14,26.090000,26.090000,26.090000,26.090000,23.305418,0
2016-09-15,26.350000,26.500000,26.350000,26.500000,23.671659,2400
2016-09-16,26.500000,26.500000,26.500000,26.500000,23.671659,0
2016-09-19,26.500000,26.500000,26.500000,26.500000,23.671659,0
2016-09-20,26.500000,26.500000,26.500000,26.500000,23.671659,0
2016-09-21,26.500000,26.610001,26.500000,26.610001,23.769915,6000
2016-09-22,26.850000,26.850000,26.750000,26.780001,23.921776,11400
2016-09-23,26.681000,26.681000,26.681000,26.681000,23.833342,100
2016-09-26,26.590000,26.590000,26.552999,26.552999,23.718996,1000
2016-09-27,26.549999,26.670000,26.549999,26.670000,23.823519,1700
2016-09-28,26.719999,26.750000,26.716000,26.716000,23.864605,2700
2016-09-29,26.716000,26.716000,26.716000,26.716000,23.864605,0
2016-09-30,26.875000,26.875000,26.875000,26.875000,24.006634,400
2016-10-03,26.629999,26.750000,26.629999,26.750000,24.033588,2500
2016-10-04,26.750000,26.750000,26.750000,26.750000,24.033588,0
2016-10-05,26.809999,26.830000,26.809999,26.820000,24.096476,1800
2016-10-06,26.833000,26.840000,26.833000,26.840000,24.114447,2200
2016-10-07,26.840000,26.840000,26.840000,26.840000,24.114447,0
2016-10-10,26.840000,26.840000,26.840000,26.840000,24.114447,0
2016-10-11,26.840000,26.840000,26.840000,26.840000,24.114447,0
2016-10-12,26.698000,26.900000,26.698000,26.900000,24.168354,3100
2016-10-13,26.680000,26.910000,26.670000,26.910000,24.177338,1100
2016-10-14,26.930000,26.930000,26.850000,26.889999,24.159372,900
2016-10-17,26.799999,26.799999,26.760000,26.760000,24.042576,2100
2016-10-18,26.889999,26.889999,26.870001,26.870001,24.141401,1200
2016-10-19,27.090000,27.150000,27.090000,27.150000,24.392969,500
2016-10-20,27.150000,27.150000,27.150000,27.150000,24.392969,0
2016-10-21,27.040001,27.077000,27.040001,27.077000,24.327381,1200
2016-10-24,27.160000,27.160000,27.090000,27.090000,24.339060,700
2016-10-25,27.160000,27.160000,27.113001,27.113001,24.359726,1000
2016-10-26,27.030001,27.110001,27.010000,27.010000,24.267185,700
2016-10-27,27.110001,27.110001,26.976999,26.976999,24.237534,600
2016-10-28,26.980000,26.980000,26.969999,26.969999,24.231249,700
2016-10-31,26.834999,26.889999,26.809999,26.809999,24.087488,2400
2016-11-01,26.700001,26.700001,26.559999,26.559999,23.988146,1300
2016-11-02,26.570000,26.570000,26.469999,26.469999,23.906860,9100
2016-11-03,26.469999,26.469999,26.389999,26.389999,23.834604,2200
2016-11-04,26.389999,26.389999,26.389999,26.389999,23.834604,0
2016-11-07,26.729000,26.770000,26.680000,26.680000,24.096523,1400
2016-11-08,26.684999,26.799999,26.684999,26.799999,24.204906,900
2016-11-09,26.700001,26.851999,26.700001,26.730000,24.141684,900
2016-11-10,26.480000,26.480000,26.410000,26.410000,23.852671,500
2016-11-11,26.100000,26.100000,25.900000,25.900000,23.392056,1000
2016-11-14,25.910000,26.191999,25.910000,26.191999,23.655779,400
2016-11-15,26.191999,26.191999,26.191999,26.191999,23.655779,0
2016-11-16,26.360001,26.360001,26.360001,26.360001,23.807507,300
2016-11-17,26.360001,26.360001,26.360001,26.360001,23.807507,0
2016-11-18,26.360001,26.360001,26.360001,26.360001,23.807507,0
2016-11-21,26.400000,26.400000,26.400000,26.400000,23.843637,1200
2016-11-22,26.520000,26.520000,26.520000,26.520000,23.952021,400
2016-11-23,26.448999,26.480000,26.448999,26.480000,23.915892,200
2016-11-25,26.480000,26.480000,26.480000,26.480000,23.915892,0
2016-11-28,26.580000,26.580000,26.540001,26.549999,23.979113,1300
2016-11-29,26.490000,26.490000,26.490000,26.490000,23.924929,1000
2016-11-30,26.530001,26.540001,26.530001,26.540001,23.970079,400
2016-12-01,26.540001,26.540001,26.540001,26.540001,24.164013,200
2016-12-02,26.290001,26.290001,26.290001,26.290001,23.936396,300
2016-12-05,26.480000,26.480000,26.480000,26.480000,24.109385,600
2016-12-06,26.639999,26.639999,26.639999,26.639999,24.255062,400
2016-12-07,26.820000,26.820000,26.820000,26.820000,24.418945,200
2016-12-08,26.670000,26.719999,26.670000,26.719999,24.327896,500
2016-12-09,26.719999,26.719999,26.719999,26.719999,24.327896,0
2016-12-12,26.719999,26.719999,26.719999,26.719999,24.327896,0
2016-12-13,26.719999,26.719999,26.719999,26.719999,24.327896,0
2016-12-14,26.820000,26.820000,26.559999,26.559999,24.182228,3200
2016-12-15,26.559999,26.559999,26.559999,26.559999,24.182228,0
2016-12-16,26.750000,26.750000,26.730000,26.730000,24.337004,500
2016-12-19,26.730000,26.730000,26.730000,26.730000,24.337004,0
2016-12-20,26.730000,26.730000,26.730000,26.730000,24.337004,0
2016-12-21,26.719999,26.719999,26.680000,26.680000,24.291479,1400
2016-12-22,26.733000,26.733000,26.733000,26.733000,24.410185,300
2016-12-23,26.780001,26.870001,26.780001,26.870001,24.535282,2900
2016-12-27,26.870001,26.870001,26.870001,26.870001,24.535282,0
2016-12-28,26.750000,26.750000,26.750000,26.750000,24.425709,1100
2016-12-29,26.789000,26.789000,26.789000,26.789000,24.461319,100
2016-12-30,26.760000,26.760000,26.760000,26.760000,24.434843,2400
2017-01-03,26.900000,26.910999,26.809999,26.889999,24.553545,2100
2017-01-04,27.030001,27.079000,27.002001,27.033001,24.684124,2500
2017-01-05,27.080000,27.080000,27.020000,27.020000,24.672247,2400
2017-01-06,27.040001,27.040001,27.040001,27.040001,24.690506,400
2017-01-09,27.070000,27.070000,27.000000,27.049999,24.699642,12200
2017-01-10,27.240000,27.240000,27.108999,27.108999,24.753515,3600
2017-01-11,27.061001,27.219999,27.061001,27.219999,24.854870,3900
2017-01-12,27.139999,27.180000,27.055000,27.180000,24.818346,5500
2017-01-13,27.129999,27.139999,27.129999,27.139999,24.781820,1000
2017-01-17,27.129999,27.150000,27.079000,27.150000,24.790953,1500
2017-01-18,27.150000,27.170000,27.055000,27.055000,24.704208,2700
2017-01-19,27.139999,27.139999,27.100000,27.100000,24.745295,600
2017-01-20,27.107000,27.107000,27.107000,27.107000,24.751690,20500
2017-01-23,27.172001,27.172001,27.172001,27.172001,24.811043,200
2017-01-24,27.340000,27.340000,27.340000,27.340000,24.964439,700
2017-01-25,27.350000,27.350000,27.260000,27.318001,24.944353,6200
2017-01-26,27.426001,27.426001,27.399000,27.400000,25.019228,1500
2017-01-27,27.357000,27.420000,27.340000,27.420000,25.037491,3400
2017-01-30,27.311001,27.311001,27.270000,27.270000,24.900528,500
2017-01-31,27.270000,27.270000,27.270000,27.270000,24.900528,0
2017-02-01,27.205000,27.250000,27.205000,27.211000,24.972107,3500
2017-02-02,27.211000,27.211000,27.211000,27.211000,24.972107,0
2017-02-03,27.370001,27.389999,27.291000,27.291000,25.045528,3100
2017-02-06,27.340000,27.340000,27.340000,27.340000,25.090494,200
2017-02-07,27.230000,27.290001,27.200001,27.290001,25.044607,4000
2017-02-08,27.207001,27.299999,27.201000,27.264999,25.021664,4900
2017-02-09,27.350000,27.360001,27.302000,27.318001,25.070305,2400
2017-02-10,27.400000,27.400000,27.355000,27.355000,25.104258,400
2017-02-13,27.410000,27.440001,27.410000,27.440001,25.182264,1700
2017-02-14,27.309999,27.410000,27.309999,27.400000,25.145559,11900
2017-02-15,27.379999,27.379999,27.370001,27.370001,25.118029,1200
2017-02-16,27.410000,27.410000,27.360001,27.389999,25.136377,10900
2017-02-17,27.360001,27.360001,27.360001,27.360001,25.108849,600
2017-02-21,27.360001,27.360001,27.360001,27.360001,25.108849,0
2017-02-22,27.480000,27.480000,27.414000,27.414000,25.158405,2700
2017-02-23,27.500000,27.500000,27.500000,27.500000,25.237328,500
2017-02-24,27.469999,27.530001,27.469999,27.520000,25.255684,1200
2017-02-27,27.499001,27.530001,27.499001,27.510000,25.246508,9000
2017-02-28,27.417999,27.417999,27.417999,27.417999,25.162075,10100
2017-03-01,27.320000,27.510000,27.320000,27.480000,25.344692,1000
2017-03-02,27.469999,27.480000,27.389000,27.430000,25.298576,1700
2017-03-03,27.379999,27.396999,27.379999,27.396999,25.268139,1800
2017-03-06,27.459999,27.600000,27.240000,27.240000,25.123341,60300
2017-03-07,27.160000,27.160000,27.150000,27.150000,25.040329,5000
2017-03-08,27.040001,27.040001,26.910000,26.910000,24.818981,700
2017-03-09,26.820000,26.850000,26.780001,26.822001,24.737823,1800
2017-03-10,26.920000,26.920000,26.809999,26.820000,24.735977,1000
2017-03-13,26.799999,26.799999,26.799999,26.799999,24.717524,25800
2017-03-14,26.790001,26.790001,26.774000,26.790001,24.708309,1000
2017-03-15,26.931999,27.131001,26.931999,27.129999,25.021883,3600
2017-03-16,27.120001,27.120001,27.106001,27.106001,24.999750,1500
2017-03-17,27.125999,27.125999,27.108000,27.110001,25.003441,900
2017-03-20,27.100000,27.100000,27.063999,27.063999,24.961014,600
2017-03-21,27.131001,27.131001,27.000000,27.000000,24.901987,500
2017-03-22,26.920000,26.940001,26.889999,26.940001,24.846651,2500
2017-03-23,26.950001,26.950001,26.950001,26.950001,24.855875,200
2017-03-24,26.950001,26.950001,26.950001,26.950001,24.855875,0
2017-03-27,27.028000,27.040001,27.018999,27.025000,24.925045,2500
2017-03-28,27.122000,27.139999,27.122000,27.131001,25.022808,3400
2017-03-29,27.131001,27.131001,27.131001,27.131001,25.022808,0
2017-03-30,27.370001,27.400000,27.320000,27.400000,25.270906,2900
2017-03-31,27.399000,27.399000,27.399000,27.399000,25.269987,300
2017-04-03,27.280001,27.280001,27.180000,27.280001,25.284811,4300
2017-04-04,27.254999,27.280001,27.254999,27.260000,25.266279,20500
2017-04-05,27.340000,27.340000,27.336000,27.336000,25.336720,1300
2017-04-06,27.360001,27.360001,27.305000,27.309999,25.312618,3100
2017-04-07,27.379999,27.379999,27.379999,27.379999,25.377501,300
2017-04-10,27.389999,27.430000,27.389999,27.402000,25.397890,2700
2017-04-11,27.440001,27.440001,27.370001,27.370001,25.368231,1500
2017-04-12,27.360001,27.360001,27.340000,27.340000,25.340424,2400
2017-04-13,27.350000,27.350000,27.320000,27.320000,25.321890,500
2017-04-17,27.340000,27.360001,27.340000,27.340000,25.340424,2300
2017-04-18,27.360001,27.360001,27.347000,27.356001,25.355255,1200
2017-04-19,27.400000,27.410000,27.299999,27.299999,25.303352,5200
2017-04-20,27.320000,27.400000,27.320000,27.400000,25.396038,1100
2017-04-21,27.350000,27.360001,27.350000,27.360001,25.358959,200
2017-04-24,27.469999,27.480000,27.459999,27.459999,25.451647,1300
2017-04-25,27.490000,27.549999,27.490000,27.540001,25.525801,11200
2017-04-26,27.510000,27.580000,27.500000,27.549999,25.535067,6700
2017-04-27,27.500000,27.537001,27.500000,27.537001,25.523018,20600
2017-04-28,27.570000,27.587000,27.549999,27.587000,25.569361,1800
2017-05-01,27.469999,27.469999,27.413000,27.437000,25.553524,4400
2017-05-02,27.440001,27.459999,27.420000,27.420000,25.537695,1600
2017-05-03,27.430000,27.440001,27.415001,27.440001,25.556322,4500
2017-05-04,27.400000,27.400000,27.240000,27.260000,25.388681,2300
2017-05-05,27.230000,27.330000,27.230000,27.330000,25.453873,800
2017-05-08,27.290001,27.350000,27.290001,27.337999,25.461323,1300
2017-05-09,27.368000,27.368000,27.368000,27.368000,25.489264,400
2017-05-10,27.340000,27.408001,27.340000,27.408001,25.526520,3100
2017-05-11,27.389999,27.430000,27.389999,27.410000,25.528379,1000
2017-05-12,27.379999,27.389999,27.340000,27.389999,25.509750,2200
2017-05-15,27.490000,27.490000,27.490000,27.490000,25.602886,700
2017-05-16,27.459999,27.469999,27.459999,27.469999,25.584259,200
2017-05-17,27.400000,27.420000,27.312000,27.312000,25.437107,3300
2017-05-18,27.312000,27.312000,27.312000,27.312000,25.437107,0
2017-05-19,27.312000,27.312000,27.312000,27.312000,25.437107,0
2017-05-22,27.441000,27.490000,27.430000,27.490000,25.602886,4200
2017-05-23,27.469999,27.480000,27.454000,27.480000,25.593578,4200
2017-05-24,27.490000,27.559999,27.459999,27.559999,25.668081,6700
2017-05-25,27.570000,27.590000,27.480000,27.510000,25.621517,15900
2017-05-26,27.500000,27.500000,27.480000,27.490000,25.602886,1800
2017-05-30,27.490000,27.530001,27.478001,27.530001,25.640144,4400
2017-05-31,27.476999,27.540001,27.469999,27.540001,25.649458,1500
2017-06-01,27.389999,27.450001,27.389999,27.409000,25.652266,1200
2017-06-02,27.457001,27.461000,27.455000,27.459999,25.699993,1500
2017-06-05,27.409000,27.420000,27.409000,27.420000,25.662560,400
2017-06-06,27.420000,27.440001,27.420000,27.430000,25.671919,1600
2017-06-07,27.370001,27.370001,27.330000,27.360001,25.606403,2200
2017-06-08,27.340000,27.400000,27.313000,27.400000,25.643835,800
2017-06-09,27.410000,27.459999,27.360001,27.400000,25.643835,3300
2017-06-12,27.469999,27.469999,27.469999,27.469999,25.709356,200
2017-06-13,27.450001,27.450001,27.423000,27.433001,25.674726,600
2017-06-14,27.450001,27.450001,27.410000,27.410000,25.653200,800
2017-06-15,27.270000,27.309999,27.270000,27.290001,25.540892,3600
2017-06-16,27.299999,27.299999,27.240000,27.260000,25.512815,2300
2017-06-19,27.389999,27.389999,27.382999,27.389999,25.634481,900
2017-06-20,27.270000,27.319000,27.250000,27.290001,25.540892,11400
2017-06-21,27.160000,27.160000,27.049999,27.049999,25.316273,2200
2017-06-22,27.100000,27.100000,27.100000,27.100000,25.363070,200
2017-06-23,27.299999,27.299999,27.299999,27.299999,25.550251,100
2017-06-26,27.280001,27.360001,27.264999,27.350000,25.597044,4700
2017-06-27,27.330000,27.370001,27.330000,27.370001,25.615768,11300
2017-06-28,27.350000,27.420000,27.350000,27.420000,25.662560,1700
2017-06-29,27.360001,27.360001,27.280001,27.320000,25.568970,400
2017-06-30,27.370001,27.370001,27.329000,27.329000,25.577393,800
2017-07-03,27.290001,27.290001,27.250000,27.250000,25.630060,3100
2017-07-05,27.290001,27.290001,27.247999,27.247999,25.628178,1700
2017-07-06,27.219999,27.219999,27.139999,27.139999,25.526600,5300
2017-07-07,27.134001,27.134001,27.134001,27.134001,25.520958,1000
2017-07-10,27.131001,27.180000,27.131001,27.180000,25.564222,3100
2017-07-11,27.094000,27.180000,27.094000,27.180000,25.564222,12300
2017-07-12,27.285000,27.329000,27.270000,27.313999,25.690256,1900
2017-07-13,27.309999,27.410000,27.309999,27.410000,25.780552,7700
2017-07-14,27.410000,27.480000,27.400000,27.459999,25.827579,4700
2017-07-17,27.420000,27.430000,27.403999,27.403999,25.774908,3500
2017-07-18,27.410000,27.469999,27.400000,27.469999,25.836983,900
2017-07-19,27.510000,27.510000,27.510000,27.510000,25.874607,800
2017-07-20,27.500000,27.520000,27.490000,27.490000,25.855797,25700
2017-07-21,27.459999,27.469999,27.434999,27.434999,25.804066,6700
2017-07-24,27.490000,27.490000,27.455000,27.469000,25.836044,1200
2017-07-25,27.549999,27.600000,27.524000,27.570000,25.931036,2100
2017-07-26,27.620001,27.620001,27.600000,27.600000,25.959257,3400
2017-07-27,27.670000,27.690001,27.580000,27.639999,25.996878,4000
2017-07-28,27.610001,27.629999,27.591999,27.629999,25.987469,1200
2017-07-31,27.639000,27.660000,27.600000,27.660000,26.015688,5300
2017-08-01,27.520000,27.520000,27.483000,27.511999,26.001513,3200
2017-08-02,27.570000,27.570000,27.500000,27.500000,25.990168,24400
2017-08-03,27.480000,27.520000,27.480000,27.500000,25.990168,2100
2017-08-04,27.510000,27.530001,27.459999,27.490000,25.980721,3800
2017-08-07,27.500000,27.540001,27.493000,27.540001,26.027977,3200
2017-08-08,27.500000,27.540001,27.450001,27.450001,25.942915,7400
2017-08-09,27.400000,27.410000,27.360001,27.389999,25.886209,25600
2017-08-10,27.360001,27.360001,27.198999,27.198999,25.705694,3300
2017-08-11,27.260000,27.290001,27.246000,27.290001,25.791698,7000
2017-08-14,27.389999,27.420000,27.340000,27.350000,25.848404,10800
2017-08-15,27.370001,27.410000,27.370001,27.410000,25.905111,62900
2017-08-16,27.430000,27.440001,27.420000,27.420000,25.914562,4600
2017-08-17,27.400000,27.400000,27.309999,27.309999,25.810604,4400
2017-08-18,27.270000,27.389999,27.270000,27.330000,25.829504,2200
2017-08-21,27.350000,27.350000,27.280001,27.299999,25.801151,2600
2017-08-22,27.410000,27.480000,27.410000,27.469999,25.961817,1300
2017-08-23,27.480000,27.490000,27.480000,27.490000,25.980721,1600
2017-08-24,27.469999,27.469999,27.405001,27.440001,25.933466,2600
2017-08-25,27.540001,27.540001,27.490000,27.520000,26.009071,4200
2017-08-28,27.530001,27.530001,27.450001,27.471001,25.962763,3800
2017-08-29,27.440001,27.530001,27.436001,27.520000,26.009071,4500
2017-08-30,27.520000,27.570000,27.520000,27.549999,26.037424,2600
2017-08-31,27.610001,27.629999,27.610001,27.629999,26.113029,9300
2017-09-01,27.500000,27.540001,27.480000,27.540001,26.157675,1600
2017-09-05,27.520000,27.559999,27.469999,27.549999,26.167170,4700
2017-09-06,27.559999,27.570000,27.521999,27.549999,26.167170,28000
2017-09-07,27.537001,27.549999,27.537001,27.542999,26.160526,2300
2017-09-08,27.540001,27.540001,27.448999,27.459999,26.081692,4400
2017-09-11,27.520000,27.594999,27.520000,27.530001,26.148178,17800
2017-09-12,27.549999,27.590000,27.510000,27.590000,26.205166,1900
2017-09-13,27.570000,27.610001,27.520000,27.608999,26.223207,26600
2017-09-14,27.570000,27.620001,27.570000,27.610001,26.224161,5400
2017-09-15,27.606001,27.650000,27.590000,27.650000,26.262150,3200
2017-09-18,27.600000,27.612000,27.539000,27.570000,26.186167,15500
2017-09-19,27.570000,27.639999,27.570000,27.629999,26.243155,8600
2017-09-20,27.650000,27.650000,27.530001,27.600000,26.214664,5900
2017-09-21,27.620001,27.620001,27.566000,27.600000,26.214664,38300
2017-09-22,27.590000,27.629999,27.590000,27.629999,26.243155,1500
2017-09-25,27.600000,27.690001,27.600000,27.639999,26.252655,1000
2017-09-26,27.730000,27.730000,27.690001,27.698000,26.307741,2500
2017-09-27,27.709999,27.799999,27.700001,27.799999,26.404619,4300
2017-09-28,27.733999,27.775000,27.730000,27.750000,26.357132,2400
2017-09-29,27.730000,27.809999,27.730000,27.799999,26.404619,2400
2017-10-02,27.670000,27.670000,27.597000,27.629999,26.372171,13500
2017-10-03,29.440001,29.440001,27.603001,27.650000,26.391260,7600
2017-10-04,27.650000,27.650000,27.610001,27.610001,26.353085,600
2017-10-05,27.643000,27.680000,27.643000,27.680000,26.419897,3600
2017-10-06,27.639999,27.650000,27.628000,27.639999,26.381716,6400
2017-10-09,27.660000,27.700001,27.649000,27.690001,26.429441,98500
2017-10-10,27.698000,27.698000,27.650000,27.650000,26.391260,34400
2017-10-11,27.650000,27.700001,27.650000,27.690001,26.429441,5300
2017-10-12,27.690001,27.690001,27.650000,27.660000,26.400806,15900
2017-10-13,27.750000,27.750000,27.690001,27.719000,26.457121,6400
2017-10-16,27.740000,27.740000,27.709999,27.735001,26.472393,4500
2017-10-17,27.740000,27.790001,27.740000,27.775999,26.511526,9600
2017-10-18,27.790001,27.830000,27.760000,27.820000,26.553524,4800
2017-10-19,27.750000,27.790001,27.730000,27.770000,26.505800,3400
2017-10-20,27.830000,27.850000,27.801001,27.825001,26.558296,5000
2017-10-23,27.834999,27.850000,27.799999,27.808001,26.542067,1800
2017-10-24,27.830000,27.830000,27.802999,27.809999,26.543980,6700
2017-10-25,27.780001,27.780001,27.680000,27.780001,26.515345,6100
2017-10-26,27.809999,27.809999,27.719999,27.750000,26.486708,8600
2017-10-27,27.754999,27.820000,27.745001,27.820000,26.553524,1000
2017-10-30,27.830000,27.840000,27.770000,27.795000,26.529659,6000
2017-10-31,27.809999,27.820000,27.750000,27.790001,26.524889,7800
2017-11-01,27.750000,27.760000,27.680000,27.680000,26.544069,10300
2017-11-02,27.700001,27.730000,27.664000,27.725000,26.587223,7200
2017-11-03,27.730000,27.770000,27.660000,27.770000,26.630377,10800
2017-11-06,27.691000,27.700001,27.650000,27.680000,26.544069,105700
2017-11-07,27.670000,27.670000,27.549999,27.610001,26.476944,7300
2017-11-08,27.570000,27.580000,27.500000,27.504999,26.376247,14500
2017-11-09,27.410000,27.440001,27.340000,27.440001,26.313917,14500
2017-11-10,27.420000,27.450001,27.385000,27.450001,26.323507,11300
2017-11-13,27.430000,27.430000,27.379999,27.379999,26.256382,26000
2017-11-14,27.360001,27.796000,27.280001,27.309999,26.189253,53000
2017-11-15,27.219999,27.275999,27.110001,27.275999,26.156649,5800
2017-11-16,27.410000,27.520000,27.400000,27.476000,26.348440,40700
2017-11-17,27.430000,27.490000,27.430000,27.440001,26.313917,47300
2017-11-20,27.420000,27.490000,27.420000,27.455000,26.328300,11100
2017-11-21,27.510000,27.540001,27.500000,27.530001,26.400227,16800
2017-11-22,27.504999,27.570000,27.504999,27.558001,26.427076,6600
2017-11-24,27.610001,27.618000,27.565001,27.618000,26.484613,2900
2017-11-27,27.570000,27.570000,27.520000,27.520000,26.390635,3400
2017-11-28,27.521000,27.597000,27.520000,27.582001,26.450094,16800
2017-11-29,27.600000,27.600000,27.530001,27.565001,26.433788,17600
2017-11-30,27.600000,27.629999,27.563999,27.584999,26.452963,38900
2017-12-01,27.437000,27.440001,27.320000,27.400000,26.720165,14400
2017-12-04,27.430000,27.430000,27.379999,27.379999,26.700665,13500
2017-12-05,27.407000,27.430000,27.375000,27.405001,26.725042,62100
2017-12-06,27.420000,27.430000,27.375000,27.389999,26.710417,4800
2017-12-07,27.410000,27.420000,27.341999,27.360001,26.681160,9300
2017-12-08,27.430000,27.430000,27.139999,27.180000,26.505625,34000
2017-12-11,27.180000,27.209999,27.160000,27.209999,26.534882,21500
2017-12-12,27.205999,27.420000,27.170000,27.183001,26.508554,27100
2017-12-13,27.221001,27.290001,27.207001,27.280001,26.603144,69000
2017-12-14,27.299999,27.299999,27.200001,27.200001,26.525129,11400
2017-12-15,27.270000,27.275000,27.209999,27.219999,26.544630,13300
2017-12-18,27.340000,30.059999,27.219999,27.270000,26.593393,46800
2017-12-19,27.260000,27.270000,27.167000,27.219999,26.544630,12900
2017-12-20,27.250000,27.250000,27.188999,27.209999,26.534882,37100
2017-12-21,27.160000,27.200001,27.120001,27.146999,26.563257,32600
2017-12-22,27.139999,27.190001,27.129999,27.180000,26.595551,27400
2017-12-26,27.219999,27.320000,27.110001,27.160000,26.575979,24600
2017-12-27,27.180000,27.180000,27.129999,27.129999,26.546625,1500
2017-12-28,27.139999,27.170000,27.139999,27.170000,26.585768,11000
2017-12-29,27.129999,27.215000,27.100000,27.145000,26.561302,32100
2018-01-02,27.469999,27.469999,27.160000,27.228001,26.642521,20400
2018-01-03,27.250000,27.350000,27.233000,27.299999,26.712969,29700
2018-01-04,27.370001,27.440001,27.344999,27.379999,26.791248,45300
2018-01-05,27.450001,28.040001,27.360001,27.424999,26.835281,60200
2018-01-08,27.459999,27.480000,27.370001,27.440001,26.849958,26100
2018-01-09,27.434999,27.469000,27.389999,27.389999,26.801035,9300
2018-01-10,27.400000,27.469000,27.364000,27.424999,26.835281,199900
2018-01-11,27.430000,27.559999,27.430000,27.510000,26.918455,70400
2018-01-12,27.500000,27.559999,27.450001,27.459999,26.869530,48900
2018-01-16,27.559999,27.570000,27.469999,27.469999,26.879313,27800
2018-01-17,27.520000,27.565001,27.490000,27.490000,26.898884,79700
2018-01-18,27.520000,27.740000,27.490000,27.490000,26.898884,142200
2018-01-19,27.530001,27.594999,27.485001,27.510000,26.918455,21700
2018-01-22,27.570000,27.580000,27.520000,27.540001,26.947809,17600
2018-01-23,27.620001,27.840000,27.590000,27.650000,27.055445,23300
2018-01-24,27.680000,27.770000,27.620001,27.770000,27.172865,225600
2018-01-25,27.639999,27.770000,27.600000,27.719999,27.123938,488700
2018-01-26,27.674999,27.809999,27.660000,27.715000,27.119047,38300
2018-01-29,27.670000,27.670000,27.572001,27.612000,27.018263,44300
2018-01-30,27.559999,27.565001,27.500000,27.500000,26.908667,46500
2018-01-31,27.590000,27.610001,27.504999,27.610001,27.016304,59200
2018-02-01,27.469999,27.480000,27.400000,27.400000,26.927855,42300
2018-02-02,27.330000,27.350000,27.240000,27.260000,26.790268,29700
2018-02-05,27.240000,27.440001,27.080000,27.097000,26.630075,444900
2018-02-06,26.969999,27.160000,26.950001,27.030001,26.564230,96700
2018-02-07,27.120001,27.240000,27.000000,27.000000,26.534746,24400
2018-02-08,26.990000,26.990000,26.728001,26.730000,26.269400,31900
2018-02-09,26.750000,26.785000,26.448000,26.655001,26.195694,30400
2018-02-12,26.785999,26.879999,26.721001,26.820999,26.358831,26400
2018-02-13,26.790001,26.809999,26.730000,26.730000,26.269400,60700
2018-02-14,26.940001,26.940001,26.634001,26.770000,26.308712,22600
2018-02-15,26.879999,26.969999,26.851999,26.950001,26.485611,38400
2018-02-16,26.959999,27.200001,26.889999,27.014999,26.549488,33300
2018-02-20,26.940001,26.999001,26.915001,26.920000,26.456127,13500
2018-02-21,26.969999,26.980000,26.263000,26.799999,26.338194,41400
2018-02-22,26.809999,26.910000,26.799999,26.809999,26.348021,41400
2018-02-23,26.840000,26.990000,26.809999,26.980000,26.515091,30900
2018-02-26,27.010000,27.049000,26.900000,26.966999,26.502316,44100
2018-02-27,27.020000,27.020000,26.510000,26.580000,26.121984,253400
2018-02-28,26.799999,26.879999,26.549999,26.549999,26.092503,123900
2018-03-01,26.660000,26.667000,26.545000,26.549999,26.199074,21200
2018-03-02,26.490000,26.598000,26.490000,26.598000,26.246439,26500
2018-03-05,26.590000,26.620001,26.480000,26.600000,26.248411,428200
2018-03-06,26.610001,26.750000,26.500000,26.709999,26.356958,258000
2018-03-07,26.670000,26.900000,26.660000,26.725000,26.371759,179400
2018-03-08,26.770000,26.770000,26.690001,26.719999,26.366825,19600
2018-03-09,26.809999,26.870001,26.809999,26.850000,26.495108,25600
2018-03-12,26.809999,26.820000,26.740000,26.809999,26.455637,12500
2018-03-13,26.809999,26.830000,26.700001,26.700001,26.347092,18100
2018-03-14,26.730000,26.730000,26.629999,26.670000,26.317490,19600
2018-03-15,26.690001,26.700001,26.622000,26.658001,26.305647,9400
2018-03-16,26.650000,26.700001,26.650000,26.690001,26.337223,15500
2018-03-19,26.660000,26.660000,26.545000,26.570000,26.218809,21400
2018-03-20,26.570000,26.659000,26.570000,26.634001,26.281965,21100
2018-03-21,26.570999,26.650000,26.570999,26.642000,26.289858,10500
2018-03-22,26.600000,26.600000,26.504000,26.504999,26.154667,14000
2018-03-23,26.559999,26.570000,26.389999,26.410000,26.060925,9800
2018-03-26,26.610001,26.610001,26.504999,26.600000,26.248411,12800
2018-03-27,26.570000,26.650000,26.500000,26.520000,26.169470,9800
2018-03-28,26.540001,26.570000,26.469999,26.469999,26.120129,11200
2018-03-29,26.607000,26.660000,26.594999,26.639999,26.287884,7300
2018-04-02,26.500000,26.500000,26.330000,26.360001,26.120420,14700
2018-04-03,26.480000,26.480000,26.360001,26.410000,26.169966,12000
2018-04-04,26.370001,26.450001,26.370001,26.440001,26.199692,2600
2018-04-05,26.450001,26.540001,26.450001,26.485001,26.244286,8000
2018-04-06,26.480000,26.490000,26.445000,26.450001,26.209604,6500
2018-04-09,26.520000,26.540001,26.450001,26.500000,26.259148,30300
2018-04-10,26.520000,26.590000,26.490000,26.584999,26.343374,48900
2018-04-11,26.600000,26.639999,26.590000,26.639000,26.396883,11600
2018-04-12,26.660000,26.660000,26.389999,26.476999,26.236357,201300
2018-04-13,26.620001,26.620001,26.520000,26.549999,26.308693,24000
2018-04-16,26.629999,26.650000,26.559999,26.610001,26.368149,13000
2018-04-17,26.660000,26.700001,26.610001,26.650000,26.407784,7100
2018-04-18,26.670000,26.690001,26.580000,26.639999,26.397875,13100
2018-04-19,26.650000,26.650000,26.540001,26.590000,26.348330,10400
2018-04-20,26.600000,26.600000,26.500000,26.549999,26.308693,9800
2018-04-23,26.540001,26.540001,26.448000,26.480000,26.239328,12000
2018-04-24,26.440001,26.510000,26.360001,26.430000,26.189783,11700
2018-04-25,26.440001,26.440001,26.375000,26.430000,26.189783,17500
2018-04-26,26.465000,26.518999,26.450001,26.510000,26.269056,11200
2018-04-27,26.570000,26.570000,26.480000,26.504999,26.264101,11300
2018-04-30,26.510000,26.540001,26.450001,26.473000,26.232393,6400
2018-05-01,26.389999,26.389999,26.290001,26.309999,26.185616,6500
2018-05-02,26.379999,26.389999,26.320000,26.340000,26.215473,7200
2018-05-03,26.370001,26.424999,26.313000,26.360001,26.235380,15900
2018-05-04,26.325001,26.398001,26.320000,26.350000,26.225426,5900
2018-05-07,26.510000,26.510000,26.410000,26.410000,26.285143,10000
2018-05-08,26.400000,26.480000,26.379999,26.445000,26.319977,11000
2018-05-09,26.330000,26.423000,26.330000,26.379999,26.255283,7200
2018-05-10,26.490000,26.549999,26.459999,26.475000,26.349836,83000
2018-05-11,26.530001,26.639999,26.480000,26.639999,26.514055,136800
2018-05-14,26.570000,26.990000,26.570000,26.650000,26.524008,91600
2018-05-15,26.590000,26.600000,26.525999,26.570000,26.444386,14600
2018-05-16,26.549000,26.600000,26.510000,26.590000,26.464293,9200
2018-05-17,26.561001,26.629999,26.531000,26.577999,26.452347,9100
2018-05-18,26.540001,26.610001,26.521000,26.540001,26.414528,3700
2018-05-21,26.590000,26.600000,26.530001,26.566000,26.440405,10100
2018-05-22,26.540001,26.590000,26.531000,26.555000,26.429457,16600
2018-05-23,26.555000,26.608999,26.510000,26.561001,26.435429,6800
2018-05-24,26.575001,26.639999,26.540001,26.629999,26.504101,5000
2018-05-25,26.610001,26.610001,26.500000,26.520000,26.394623,43200
2018-05-29,26.490000,26.490000,26.360001,26.450001,26.324955,17300
2018-05-30,26.500000,26.500000,26.389999,26.434999,26.310024,120100
2018-05-31,26.440001,26.459000,26.400000,26.440001,26.315001,89000
2018-06-01,26.350000,26.379999,26.330000,26.356001,26.356001,2700
2018-06-04,26.430000,26.430000,26.350000,26.389999,26.389999,11700
2018-06-05,26.389999,26.448999,26.353001,26.406000,26.406000,6200
2018-06-06,26.360001,26.438999,26.360001,26.420000,26.420000,72600
2018-06-07,26.465000,26.500000,26.420000,26.500000,26.500000,30900
2018-06-08,26.430000,26.480000,26.419001,26.419001,26.419001,3800
2018-06-11,26.440001,26.514999,26.440001,26.495001,26.495001,20900
2018-06-12,26.497000,26.549999,26.459999,26.540001,26.540001,84400
2018-06-13,26.549999,26.610001,26.430000,26.430000,26.430000,9800
2018-06-14,26.549999,26.600000,26.500000,26.500000,26.500000,19400
2018-06-15,26.510000,26.709999,26.510000,26.554001,26.554001,4000
2018-06-18,26.600000,26.600000,26.496000,26.541000,26.541000,4600
2018-06-19,26.510000,26.530001,26.482000,26.530001,26.530001,15800
2018-06-20,26.485001,26.530001,26.469999,26.509001,26.509001,8500
2018-06-21,26.485001,26.510000,26.421000,26.421000,26.421000,26700
2018-06-22,26.480000,26.500000,26.440001,26.469999,26.469999,6100
2018-06-25,26.440001,26.454000,26.400000,26.450001,26.450001,49800
2018-06-26,26.430000,26.430000,26.400000,26.416000,26.416000,10500
2018-06-27,26.440001,26.440001,26.375000,26.375000,26.375000,3400
2018-06-28,26.320000,26.400000,26.275000,26.347000,26.347000,13100
2018-06-29,26.330000,26.379999,26.260000,26.299999,26.299999,21000
