Date,Open,High,Low,Close,Adj Close,Volume
2018-01-16,54.299999,54.299999,54.299999,54.299999,53.308701,0
2018-01-17,54.299999,54.299999,54.299999,54.299999,53.308701,0
2018-01-18,54.299999,54.299999,54.299999,54.299999,53.308701,0
2018-01-19,54.299999,54.299999,54.299999,54.299999,53.308701,0
2018-01-22,54.299999,54.299999,54.299999,54.299999,53.308701,0
2018-01-23,54.299999,54.299999,54.299999,54.299999,53.308701,0
2018-01-24,54.299999,54.299999,54.299999,54.299999,53.308701,0
2018-01-25,54.299999,54.299999,54.299999,54.299999,53.308701,0
2018-01-26,54.299999,54.299999,54.299999,54.299999,53.308701,0
2018-01-29,54.299999,54.299999,54.299999,54.299999,53.308701,0
2018-01-30,54.299999,54.299999,54.299999,54.299999,53.308701,0
2018-01-31,54.299999,54.299999,54.299999,54.299999,53.308701,0
2018-02-01,54.299999,54.299999,54.299999,54.299999,53.308701,0
2018-02-02,54.299999,54.299999,54.299999,54.299999,53.308701,0
2018-02-05,54.299999,54.299999,54.299999,54.299999,53.308701,0
2018-02-06,54.299999,54.299999,54.299999,54.299999,53.308701,0
2018-02-07,54.299999,54.299999,54.299999,54.299999,53.308701,0
2018-02-08,54.299999,54.299999,54.299999,54.299999,53.308701,0
2018-02-09,54.299999,54.299999,54.299999,54.299999,53.308701,0
2018-02-12,54.299999,54.299999,54.299999,54.299999,53.308701,0
2018-02-13,54.299999,54.299999,54.299999,54.299999,53.308701,0
2018-02-14,54.299999,54.299999,54.299999,54.299999,53.308701,0
2018-02-15,54.299999,54.299999,54.299999,54.299999,53.308701,0
2018-02-16,54.299999,54.299999,54.299999,54.299999,53.308701,0
2018-02-20,54.299999,54.299999,54.299999,54.299999,53.308701,0
2018-02-21,54.299999,54.299999,54.299999,54.299999,53.308701,0
2018-02-22,54.299999,54.299999,54.299999,54.299999,53.308701,0
2018-02-23,54.299999,54.299999,54.299999,54.299999,53.308701,0
2018-02-26,54.299999,54.299999,54.299999,54.299999,53.308701,0
2018-02-27,54.299999,54.299999,54.299999,54.299999,53.308701,0
2018-02-28,54.299999,54.299999,54.299999,54.299999,53.308701,0
2018-03-01,54.020000,54.020000,54.020000,54.020000,53.033817,100
2018-03-02,54.020000,54.020000,54.020000,54.020000,53.033817,0
2018-03-05,54.020000,54.020000,54.020000,54.020000,53.033817,0
2018-03-06,54.020000,54.020000,54.020000,54.020000,53.033817,0
2018-03-07,54.020000,54.020000,54.020000,54.020000,53.033817,0
2018-03-08,54.020000,54.020000,54.020000,54.020000,53.033817,0
2018-03-09,null,null,null,null,null,null
2018-03-12,18.400000,23.250000,18.400000,22.750000,22.334677,802200
2018-03-13,22.750000,23.600000,22.500000,22.549999,22.138329,266200
2018-03-14,22.400000,23.450001,22.400000,23.139999,22.717558,131800
2018-03-15,23.070000,23.400000,22.650000,22.799999,22.383764,51600
2018-03-16,22.780001,22.950001,22.600000,22.750000,22.334677,126700
2018-03-19,23.240000,23.250000,22.650000,22.650000,22.236504,68600
2018-03-20,22.750000,23.400000,22.750000,23.120001,22.697926,58400
2018-03-21,23.000000,23.250000,22.870001,23.030001,22.609568,23300
2018-03-22,22.950001,23.209999,22.920000,22.920000,22.501574,45100
2018-03-23,22.860001,23.160000,22.860001,22.920000,22.501574,102000
2018-03-26,23.120001,23.200001,22.900000,23.170000,22.747009,26600
2018-03-27,23.020000,23.250000,23.000000,23.240000,22.815733,103900
2018-03-28,23.200001,23.250000,23.100000,23.230000,22.805914,38500
2018-03-29,23.250000,23.504999,23.129999,23.350000,22.923725,148800
2018-04-02,23.219999,23.500000,23.219999,23.389999,22.962994,50900
2018-04-03,23.500000,23.750000,23.400000,23.700001,23.267336,71500
2018-04-04,23.270000,23.799999,23.260000,23.750000,23.316422,49900
2018-04-05,24.020000,24.200001,23.580000,23.920000,23.483318,88400
2018-04-06,23.709999,24.000000,23.600000,23.740000,23.306604,35100
2018-04-09,23.940001,24.240000,23.840000,24.180000,23.738573,68400
2018-04-10,24.280001,24.440001,24.129999,24.340000,23.895651,46500
2018-04-11,24.400000,24.670000,24.200001,24.480000,24.033094,136000
2018-04-12,24.490000,24.549999,23.820000,24.059999,23.746870,76700
2018-04-13,24.260000,24.340000,23.469999,23.950001,23.638302,69500
2018-04-16,23.969999,24.040001,23.250000,23.790001,23.480385,56400
2018-04-17,23.790001,23.790001,23.520000,23.730000,23.421164,97500
2018-04-18,23.620001,23.784000,23.500000,23.590000,23.282988,47700
2018-04-19,23.510000,23.540001,23.059999,23.309999,23.006630,147400
2018-04-20,23.350000,23.500000,23.240000,23.459999,23.154678,894500
2018-04-23,22.809999,23.469999,22.809999,23.350000,23.046110,20500
2018-04-24,23.200001,23.379999,23.090000,23.360001,23.055981,44700
2018-04-25,23.110001,23.950001,22.879999,23.820000,23.509993,27000
2018-04-26,23.559999,23.625000,23.230000,23.570000,23.263247,17900
2018-04-27,23.299999,24.480000,23.180000,24.000000,23.687651,71000
2018-04-30,24.000000,24.000000,23.520000,23.690001,23.381685,44000
2018-05-01,24.226000,24.226000,23.570000,23.680000,23.371815,17900
2018-05-02,23.700001,24.065001,23.700001,23.930000,23.618563,36100
2018-05-03,23.889999,24.070000,23.620001,23.900000,23.588951,19200
2018-05-04,23.938999,23.980000,23.629999,23.900000,23.588951,6500
2018-05-07,23.980000,24.155001,23.740000,23.809999,23.500122,50300
2018-05-08,23.809999,24.040001,23.520000,23.879999,23.569212,40800
2018-05-09,24.150000,24.150000,23.730000,23.945000,23.633366,121900
2018-05-10,23.620001,23.930000,23.500000,23.850000,23.539604,76000
2018-05-11,23.950001,24.480000,23.799999,23.930000,23.618563,73600
2018-05-14,24.020000,24.268000,23.860001,23.900000,23.588951,28100
2018-05-15,23.889999,23.889999,23.580000,23.750000,23.440905,59800
2018-05-16,23.709999,23.799999,23.590000,23.680000,23.371815,31500
2018-05-17,23.719999,23.950001,23.709999,23.770000,23.460644,10700
2018-05-18,23.520000,23.900000,23.520000,23.719999,23.411295,10000
2018-05-21,23.639999,23.844999,23.639999,23.700001,23.391556,12400
2018-05-22,23.530001,23.812000,23.440001,23.660000,23.352076,8200
2018-05-23,23.620001,23.650000,23.620001,23.639999,23.332335,1800
2018-05-24,23.570000,23.679001,23.530001,23.600000,23.292856,10700
2018-05-25,23.549999,23.680000,23.420000,23.480000,23.174417,3800
2018-05-29,23.459999,23.510000,23.450001,23.450001,23.144810,800
2018-05-30,23.469999,23.847000,23.469999,23.540001,23.233639,3300
2018-05-31,23.459999,23.639999,23.400000,23.400000,23.095459,12000
2018-06-01,23.420000,23.870001,23.420000,23.809999,23.500122,48300
2018-06-04,23.670000,23.799999,23.549999,23.709999,23.401424,6600
2018-06-05,23.929001,23.929001,23.500000,23.500000,23.194159,1500
2018-06-06,23.601000,23.900000,23.601000,23.750000,23.440905,6400
2018-06-07,23.802999,23.990000,23.799999,23.990000,23.677780,3800
2018-06-08,23.740000,24.299999,23.740000,24.230000,23.914658,4200
2018-06-11,24.040001,24.125000,23.969999,24.125000,23.811024,67800
2018-06-12,24.010000,24.090000,24.000000,24.030001,23.717260,9100
2018-06-13,24.040001,24.142000,24.000000,24.027000,23.714300,16300
2018-06-14,24.066999,24.240000,24.010000,24.240000,23.924526,9400
2018-06-15,null,null,null,null,null,null
2018-06-18,24.260000,24.260000,24.076000,24.076000,23.762661,4900
2018-06-19,24.048000,24.055000,23.740000,24.000000,23.687651,7500
2018-06-20,24.040001,24.232000,24.000000,24.000000,23.687651,3900
2018-06-21,24.010000,24.181999,24.010000,24.010000,23.697521,3500
2018-06-22,24.103001,24.160000,23.650000,23.650000,23.342205,4500
2018-06-25,24.049999,24.070000,23.750000,23.750000,23.440905,3900
2018-06-26,24.118999,24.490000,24.020000,24.209999,23.894917,25600
2018-06-27,24.080000,24.302999,24.049999,24.260000,23.944267,13800
2018-06-28,24.250000,24.299999,24.049999,24.049999,23.737000,13300
2018-06-29,24.170000,24.480000,23.959999,23.959999,23.959999,7700
