Date,Open,High,Low,Close,Adj Close,Volume
2013-01-02,6.940000,7.060000,6.940000,7.000000,6.850661,16700
2013-01-03,6.940000,7.100000,6.940000,7.040000,6.889808,6700
2013-01-04,6.860000,6.990000,6.860000,6.960000,6.811515,4400
2013-01-07,7.000000,7.000000,6.950000,6.950000,6.801728,1300
2013-01-08,6.950000,6.990000,6.930000,6.940000,6.791941,2000
2013-01-09,6.970000,6.970000,6.950000,6.970000,6.821301,5100
2013-01-10,6.990000,7.100000,6.990000,7.080000,6.928954,11400
2013-01-11,6.950000,7.100000,6.930000,7.090000,6.938741,5700
2013-01-14,7.030000,7.030000,7.030000,7.030000,6.880021,600
2013-01-15,7.050000,7.200000,7.020000,7.130000,6.977888,6400
2013-01-16,7.100000,7.150000,7.030000,7.150000,6.997461,8300
2013-01-17,7.040000,7.090000,7.040000,7.090000,6.938741,2100
2013-01-18,7.210000,7.490000,7.100000,7.110000,6.958314,103700
2013-01-22,7.180000,7.590000,7.180000,7.500000,7.339994,56900
2013-01-23,7.550000,7.870000,7.550000,7.640000,7.477007,26900
2013-01-24,7.650000,7.790000,7.650000,7.770000,7.604234,44600
2013-01-25,7.800000,7.800000,7.730000,7.780000,7.614021,6400
2013-01-28,7.800000,7.800000,7.510000,7.630000,7.467221,11900
2013-01-29,7.700000,7.900000,7.480000,7.850000,7.682527,37800
2013-01-30,7.850000,7.890000,7.510000,7.510000,7.349781,14700
2013-01-31,7.580000,7.580000,7.580000,7.580000,7.418287,300
2013-02-01,7.600000,7.970000,7.600000,7.940000,7.770607,21400
2013-02-04,7.980000,8.250000,7.930000,7.950000,7.780394,31600
2013-02-05,8.040000,8.130000,8.000000,8.000000,7.829327,7700
2013-02-06,7.960000,8.130000,7.770000,7.940000,7.770607,5200
2013-02-07,7.950000,8.100000,7.940000,8.100000,7.927194,22900
2013-02-08,8.170000,8.340000,8.070000,8.210000,8.034847,5300
2013-02-11,8.250000,8.300000,8.050000,8.300000,8.122927,5100
2013-02-12,7.750000,8.260000,7.750000,8.260000,8.083780,10500
2013-02-13,8.300000,8.300000,8.050000,8.150000,7.976126,9100
2013-02-14,8.140000,8.140000,8.020000,8.090000,7.917407,4200
2013-02-15,8.000000,8.050000,7.900000,7.900000,7.731461,7700
2013-02-19,7.990000,8.100000,7.990000,8.100000,7.927194,3300
2013-02-20,8.010000,8.050000,7.940000,7.940000,7.770607,3000
2013-02-21,7.940000,7.950000,7.600000,7.900000,7.731461,17800
2013-02-22,7.970000,8.010000,7.810000,7.920000,7.751034,20400
2013-02-25,7.870000,7.900000,7.870000,7.900000,7.731461,2200
2013-02-26,7.850000,7.880000,7.500000,7.880000,7.711887,7400
2013-02-27,7.740000,8.240000,7.740000,8.190000,8.015273,17600
2013-02-28,8.090000,8.100000,7.870000,7.870000,7.702100,1300
2013-03-01,8.050000,8.110000,7.510000,8.000000,7.829327,13100
2013-03-04,7.910000,8.170000,7.910000,8.100000,7.927194,800
2013-03-05,8.040000,8.180000,7.920000,8.100000,7.927194,19300
2013-03-06,8.160000,8.200000,8.160000,8.170000,7.995700,2100
2013-03-07,8.170000,8.170000,7.900000,7.910000,7.741247,9400
2013-03-08,7.910000,8.100000,7.800000,8.070000,7.897833,2100
2013-03-11,7.960000,8.050000,7.960000,8.050000,7.878261,6300
2013-03-12,8.030000,8.070000,8.030000,8.070000,7.897833,1900
2013-03-13,8.000000,8.070000,8.000000,8.020000,7.848901,1200
2013-03-14,8.050000,8.050000,8.020000,8.050000,7.878261,4500
2013-03-15,8.030000,8.050000,8.020000,8.050000,7.878261,7100
2013-03-18,8.020000,8.030000,8.000000,8.000000,7.829327,5900
2013-03-19,7.880000,8.030000,7.880000,8.000000,7.829327,7900
2013-03-20,8.050000,8.050000,8.000000,8.000000,7.829327,1700
2013-03-21,8.000000,8.030000,8.000000,8.000000,7.829327,6600
2013-03-22,8.000000,8.020000,7.980000,7.990000,7.819540,1500
2013-03-25,8.000000,8.000000,7.720000,7.720000,7.555300,2900
2013-03-26,8.070000,8.390000,8.010000,8.260000,8.083780,51600
2013-03-27,8.300000,8.450000,8.250000,8.370000,8.191433,33900
2013-03-28,8.370000,8.720000,8.370000,8.660000,8.475246,44000
2013-04-01,8.740000,8.750000,8.660000,8.730000,8.543753,33300
2013-04-02,8.750000,8.750000,8.470000,8.560000,8.377380,31200
2013-04-03,8.580000,8.700000,8.250000,8.300000,8.122927,53000
2013-04-04,8.310000,8.630000,8.250000,8.260000,8.083780,13100
2013-04-05,8.120000,8.340000,8.120000,8.340000,8.162074,900
2013-04-08,8.410000,8.580000,8.260000,8.360000,8.181646,7100
2013-04-09,8.370000,8.430000,8.370000,8.370000,8.191433,9600
2013-04-10,8.410000,8.500000,8.410000,8.420000,8.240367,4700
2013-04-11,8.500000,8.500000,8.460000,8.460000,8.279513,3700
2013-04-12,8.380000,8.380000,8.250000,8.260000,8.083780,5900
2013-04-15,8.330000,8.330000,8.160000,8.190000,8.015273,6400
2013-04-16,8.300000,8.380000,8.290000,8.350000,8.171861,5000
2013-04-17,8.300000,8.310000,8.130000,8.130000,7.956554,8600
2013-04-18,8.230000,8.250000,8.150000,8.250000,8.073994,6500
2013-04-19,8.180000,8.200000,8.180000,8.200000,8.025060,300
2013-04-22,8.230000,8.310000,8.160000,8.310000,8.132714,4200
2013-04-23,8.280000,8.320000,8.200000,8.320000,8.142500,5000
2013-04-24,8.330000,8.480000,8.330000,8.480000,8.299086,3700
2013-04-25,8.500000,8.500000,8.380000,8.460000,8.279513,9900
2013-04-26,8.440000,8.550000,8.440000,8.510000,8.328446,4600
2013-04-29,8.360000,8.600000,8.360000,8.570000,8.387166,5800
2013-04-30,8.550000,8.640000,8.550000,8.640000,8.455673,4500
2013-05-01,8.640000,8.640000,8.600000,8.600000,8.416527,2500
2013-05-02,8.610000,8.730000,8.610000,8.680000,8.494820,5500
2013-05-03,8.750000,8.890000,8.740000,8.820000,8.631833,19100
2013-05-06,8.900000,9.000000,8.860000,8.950000,8.759060,19100
2013-05-07,9.000000,9.000000,8.780000,8.920000,8.729699,11800
2013-05-08,8.940000,9.050000,8.890000,8.920000,8.729699,23300
2013-05-09,8.970000,9.010000,8.760000,9.000000,8.807993,13600
2013-05-10,8.910000,8.920000,8.820000,8.900000,8.710126,3300
2013-05-13,8.490000,8.490000,8.250000,8.320000,8.142500,49300
2013-05-14,8.320000,8.390000,8.320000,8.390000,8.211007,19100
2013-05-15,8.370000,8.420000,8.320000,8.380000,8.201220,17100
2013-05-16,8.380000,8.460000,8.330000,8.410000,8.230580,6400
2013-05-17,8.470000,8.470000,8.310000,8.320000,8.142500,4300
2013-05-20,8.370000,8.370000,8.300000,8.330000,8.152287,14100
2013-05-21,8.350000,8.350000,8.000000,8.290000,8.113140,19200
2013-05-22,8.210000,8.210000,8.030000,8.200000,8.025060,26900
2013-05-23,8.020000,8.200000,8.020000,8.180000,8.005487,9700
2013-05-24,8.180000,8.250000,8.180000,8.210000,8.034847,4700
2013-05-28,8.280000,8.480000,8.280000,8.330000,8.152287,7200
2013-05-29,8.150000,8.270000,8.150000,8.260000,8.083780,2500
2013-05-30,8.110000,8.320000,8.100000,8.320000,8.142500,2200
2013-05-31,8.340000,8.340000,8.050000,8.100000,7.927194,5400
2013-06-03,8.050000,8.090000,8.050000,8.090000,7.917407,16800
2013-06-04,8.040000,8.050000,7.950000,7.950000,7.780394,5700
2013-06-05,7.990000,8.080000,7.900000,7.900000,7.731461,5600
2013-06-06,7.940000,8.140000,7.940000,8.000000,7.829327,3600
2013-06-07,8.080000,8.130000,8.000000,8.010000,7.839114,2400
2013-06-10,8.000000,8.050000,7.950000,7.960000,7.790181,10400
2013-06-11,7.900000,8.000000,7.900000,8.000000,7.829327,5400
2013-06-12,8.000000,8.200000,7.980000,7.980000,7.809753,4700
2013-06-13,8.000000,8.190000,7.990000,8.140000,7.966341,5000
2013-06-14,8.300000,8.300000,8.000000,8.050000,7.878261,5400
2013-06-17,8.090000,8.150000,7.930000,8.050000,7.878261,2600
2013-06-18,8.040000,8.050000,8.000000,8.040000,7.868474,17400
2013-06-19,8.090000,8.090000,7.980000,8.020000,7.848901,8300
2013-06-20,7.900000,8.010000,7.900000,7.920000,7.751034,9800
2013-06-21,7.910000,8.200000,7.900000,8.000000,7.829327,174200
2013-06-24,7.960000,8.000000,7.900000,7.900000,7.731461,6700
2013-06-25,7.940000,8.020000,7.920000,7.940000,7.770607,4000
2013-06-26,7.910000,7.970000,7.910000,7.960000,7.790181,5100
2013-06-27,7.970000,7.970000,7.950000,7.950000,7.780394,2000
2013-06-28,7.930000,8.070000,7.900000,7.900000,7.731461,5800
2013-07-01,7.970000,8.000000,7.770000,7.770000,7.604234,11300
2013-07-02,7.900000,8.020000,7.900000,7.920000,7.751034,23600
2013-07-03,7.950000,7.990000,7.900000,7.990000,7.819540,4500
2013-07-05,8.000000,8.030000,7.900000,7.930000,7.760820,113000
2013-07-08,7.900000,8.150000,7.900000,8.020000,7.848901,8500
2013-07-09,7.960000,8.050000,7.950000,8.050000,7.878261,16600
2013-07-10,8.100000,8.100000,7.990000,7.990000,7.819540,4700
2013-07-11,8.040000,8.120000,8.040000,8.120000,7.946766,2700
2013-07-12,8.010000,8.100000,8.010000,8.100000,7.927194,1100
2013-07-15,8.090000,8.100000,8.040000,8.100000,7.927194,9200
2013-07-16,8.080000,8.080000,8.070000,8.080000,7.907620,2200
2013-07-17,8.050000,8.150000,8.050000,8.140000,7.966341,7200
2013-07-18,8.150000,8.240000,8.150000,8.240000,8.064207,1400
2013-07-19,8.120000,8.160000,8.120000,8.160000,7.985914,900
2013-07-22,8.140000,8.140000,8.120000,8.130000,7.956554,1700
2013-07-23,8.080000,8.200000,8.010000,8.030000,7.858686,3600
2013-07-24,8.010000,8.030000,8.010000,8.030000,7.858686,700
2013-07-25,8.010000,8.380000,8.010000,8.320000,8.142500,22800
2013-07-26,8.330000,8.370000,7.820000,8.330000,8.152287,10500
2013-07-29,8.350000,8.600000,8.320000,8.370000,8.191433,10300
2013-07-30,8.280000,8.530000,8.280000,8.370000,8.191433,900
2013-07-31,8.490000,8.570000,8.480000,8.510000,8.328446,4800
2013-08-01,8.590000,8.590000,8.510000,8.510000,8.328446,1300
2013-08-02,8.530000,8.590000,8.380000,8.410000,8.230580,900
2013-08-05,8.430000,8.620000,8.300000,8.300000,8.122927,4600
2013-08-06,8.490000,8.550000,8.360000,8.430000,8.250154,7900
2013-08-07,8.500000,8.580000,8.410000,8.520000,8.338234,2300
2013-08-08,8.410000,8.440000,8.370000,8.370000,8.191433,1200
2013-08-09,8.170000,8.270000,8.020000,8.250000,8.073994,64300
2013-08-12,8.170000,8.400000,8.040000,8.040000,7.868474,9300
2013-08-13,8.290000,8.440000,8.290000,8.420000,8.240367,4500
2013-08-14,8.360000,8.430000,8.360000,8.420000,8.240367,1400
2013-08-15,8.360000,8.370000,8.360000,8.370000,8.191433,3000
2013-08-16,8.380000,8.400000,8.360000,8.360000,8.181646,600
2013-08-19,8.330000,8.390000,8.330000,8.360000,8.181646,3900
2013-08-20,8.210000,8.380000,8.210000,8.360000,8.181646,6700
2013-08-21,8.360000,8.370000,8.330000,8.370000,8.191433,3100
2013-08-22,8.370000,8.370000,8.270000,8.270000,8.093567,500
2013-08-23,8.350000,8.360000,8.260000,8.360000,8.181646,3900
2013-08-26,8.250000,8.350000,8.250000,8.270000,8.093567,3500
2013-08-27,8.160000,8.280000,8.160000,8.260000,8.083780,8800
2013-08-28,8.260000,8.320000,8.260000,8.260000,8.083780,2300
2013-08-29,8.220000,8.220000,8.070000,8.100000,7.927194,300
2013-08-30,8.260000,8.260000,8.260000,8.260000,8.083780,100
2013-09-03,8.320000,8.320000,8.260000,8.260000,8.083780,500
2013-09-04,8.270000,8.270000,8.020000,8.250000,8.073994,42900
2013-09-05,8.230000,8.250000,8.110000,8.120000,7.946766,1100
2013-09-06,8.010000,8.160000,8.010000,8.040000,7.868474,2000
2013-09-09,8.020000,8.170000,8.000000,8.030000,7.858686,2000
2013-09-10,8.100000,8.140000,8.040000,8.050000,7.878261,28400
2013-09-11,8.040000,8.080000,8.040000,8.080000,7.907620,2300
2013-09-12,8.060000,8.060000,8.000000,8.040000,7.868474,600
2013-09-13,8.000000,8.110000,8.000000,8.110000,7.936980,700
2013-09-16,8.030000,8.030000,8.000000,8.010000,7.839114,13900
2013-09-17,8.000000,8.040000,8.000000,8.040000,7.868474,12900
2013-09-18,8.010000,8.100000,8.000000,8.090000,7.917407,36700
2013-09-19,8.160000,8.160000,7.960000,8.090000,7.917407,3600
2013-09-20,8.100000,8.240000,8.100000,8.240000,8.064207,9400
2013-09-23,8.170000,8.180000,8.170000,8.180000,8.005487,200
2013-09-24,8.110000,8.120000,8.100000,8.100000,7.927194,400
2013-09-25,8.100000,8.150000,8.100000,8.100000,7.927194,10900
2013-09-26,8.150000,8.150000,8.100000,8.100000,7.927194,4700
2013-09-27,8.170000,8.170000,8.100000,8.100000,7.927194,5500
2013-09-30,8.160000,8.200000,8.100000,8.110000,7.936980,15800
2013-10-01,8.110000,8.190000,8.100000,8.190000,8.015273,9300
2013-10-02,8.110000,8.150000,8.100000,8.150000,7.976126,24800
2013-10-03,8.150000,8.200000,8.100000,8.110000,7.936980,13500
2013-10-04,8.150000,8.400000,8.150000,8.280000,8.103353,12800
2013-10-07,8.260000,8.670000,8.140000,8.560000,8.377380,26300
2013-10-08,8.940000,8.950000,8.410000,8.590000,8.406740,25400
2013-10-09,8.540000,8.950000,8.540000,8.730000,8.543753,28400
2013-10-10,8.690000,8.760000,8.320000,8.320000,8.142500,26500
2013-10-11,8.530000,8.760000,8.390000,8.650000,8.465460,21700
2013-10-14,8.390000,8.750000,8.150000,8.190000,8.015273,11800
2013-10-15,8.200000,8.330000,8.110000,8.250000,8.073994,9100
2013-10-16,8.190000,8.340000,8.100000,8.230000,8.054420,8100
2013-10-17,8.270000,8.350000,8.160000,8.350000,8.171861,4300
2013-10-18,8.350000,8.350000,8.100000,8.250000,8.073994,20000
2013-10-21,8.110000,8.330000,8.110000,8.330000,8.152287,4800
2013-10-22,8.270000,8.330000,8.220000,8.280000,8.103353,11700
2013-10-23,8.250000,8.310000,8.110000,8.250000,8.073994,19900
2013-10-24,8.250000,8.350000,8.110000,8.350000,8.171861,14300
2013-10-25,8.350000,8.400000,8.200000,8.350000,8.171861,12700
2013-10-28,8.410000,8.410000,8.130000,8.380000,8.201220,22600
2013-10-29,8.410000,8.410000,8.190000,8.330000,8.152287,11200
2013-10-30,8.290000,8.410000,8.220000,8.410000,8.230580,2100
2013-10-31,8.330000,8.410000,8.250000,8.300000,8.122927,22800
2013-11-01,8.060000,8.150000,8.060000,8.120000,7.946766,5200
2013-11-04,8.100000,8.100000,8.100000,8.100000,7.927194,100
2013-11-05,8.140000,8.290000,8.120000,8.220000,8.044634,30700
2013-11-06,8.250000,8.250000,8.240000,8.250000,8.073994,10300
2013-11-07,8.120000,8.250000,8.120000,8.240000,8.064207,8100
2013-11-08,8.190000,8.230000,8.100000,8.190000,8.015273,8800
2013-11-11,8.130000,8.200000,8.050000,8.200000,8.025060,53000
2013-11-12,8.290000,8.300000,8.250000,8.300000,8.122927,18800
2013-11-13,8.260000,8.300000,8.210000,8.300000,8.122927,5900
2013-11-14,8.040000,8.260000,8.040000,8.260000,8.083780,1600
2013-11-15,8.140000,8.150000,8.060000,8.100000,7.927194,6600
2013-11-18,8.100000,8.150000,8.060000,8.080000,7.907620,1100
2013-11-19,8.030000,8.080000,8.000000,8.000000,7.829327,11900
2013-11-20,8.000000,8.050000,8.000000,8.010000,7.839114,15600
2013-11-21,8.010000,8.090000,8.010000,8.010000,7.839114,3000
2013-11-22,8.050000,8.130000,8.000000,8.050000,7.878261,66400
2013-11-25,8.080000,8.150000,8.030000,8.040000,7.868474,1500
2013-11-26,8.030000,8.200000,8.030000,8.080000,7.907620,5200
2013-11-27,8.020000,8.100000,8.020000,8.030000,7.858686,1000
2013-11-29,8.000000,8.230000,8.000000,8.200000,8.025060,22400
2013-12-02,8.140000,8.200000,8.030000,8.060000,7.888048,1100
2013-12-03,8.070000,8.100000,8.050000,8.050000,7.878261,1600
2013-12-04,8.040000,8.070000,8.000000,8.000000,7.829327,2800
2013-12-05,8.010000,8.240000,8.010000,8.030000,7.858686,1600
2013-12-06,8.130000,8.130000,8.000000,8.010000,7.839114,1700
2013-12-09,8.000000,8.070000,8.000000,8.070000,7.897833,7800
2013-12-10,8.030000,8.030000,8.030000,8.030000,7.858686,200
2013-12-11,8.060000,8.060000,8.010000,8.040000,7.868474,1200
2013-12-12,8.000000,8.080000,8.000000,8.010000,7.839114,1600
2013-12-13,8.010000,8.010000,8.010000,8.010000,7.839114,200
2013-12-16,8.000000,8.170000,8.000000,8.170000,7.995700,4300
2013-12-17,8.030000,8.100000,8.020000,8.020000,7.848901,1000
2013-12-18,8.050000,8.050000,8.040000,8.040000,7.868474,600
2013-12-19,7.930000,8.150000,7.640000,7.640000,7.477007,10200
2013-12-20,8.000000,8.240000,8.000000,8.210000,8.034847,13400
2013-12-23,8.090000,8.090000,8.060000,8.090000,7.917407,6700
2013-12-24,8.160000,8.160000,8.160000,8.160000,7.985914,100
2013-12-26,7.950000,8.170000,7.950000,8.170000,7.995700,4400
2013-12-27,8.120000,8.120000,8.050000,8.050000,7.878261,1500
2013-12-30,8.020000,8.120000,8.000000,8.120000,7.946766,7800
2013-12-31,8.060000,8.170000,8.000000,8.170000,7.995700,4700
2014-01-02,8.180000,8.180000,8.000000,8.010000,7.839114,9700
2014-01-03,8.010000,8.040000,8.000000,8.040000,7.868474,54000
2014-01-06,8.070000,8.070000,8.070000,8.070000,7.897833,200
2014-01-07,8.090000,8.090000,8.070000,8.070000,7.897833,400
2014-01-08,8.080000,8.210000,8.050000,8.050000,7.878261,38700
2014-01-09,8.010000,8.250000,8.010000,8.240000,8.064207,30700
2014-01-10,8.180000,8.300000,8.070000,8.140000,7.966341,26400
2014-01-13,8.140000,8.210000,8.070000,8.210000,8.034847,1300
2014-01-14,8.230000,8.250000,8.100000,8.200000,8.025060,53700
2014-01-15,8.070000,8.220000,8.070000,8.190000,8.015273,8200
2014-01-16,8.150000,8.230000,8.100000,8.230000,8.054420,4900
2014-01-17,8.020000,8.240000,8.020000,8.240000,8.064207,11900
2014-01-21,8.170000,8.240000,8.170000,8.240000,8.064207,500
2014-01-22,8.150000,8.250000,8.120000,8.130000,7.956554,11800
2014-01-23,8.010000,8.110000,8.010000,8.110000,7.936980,5300
2014-01-24,8.230000,8.240000,8.070000,8.100000,7.927194,2800
2014-01-27,8.240000,8.240000,7.960000,8.070000,7.897833,3100
2014-01-28,8.040000,8.350000,7.960000,8.230000,8.054420,25500
2014-01-29,8.150000,8.280000,8.120000,8.250000,8.073994,10500
2014-01-30,8.230000,8.250000,8.100000,8.100000,7.927194,1700
2014-01-31,8.090000,8.600000,8.060000,8.170000,7.995700,11300
2014-02-03,8.250000,8.450000,8.130000,8.130000,7.956554,900
2014-02-04,8.390000,8.780000,8.370000,8.640000,8.455673,7700
2014-02-05,8.710000,8.910000,8.520000,8.790000,8.602472,24000
2014-02-06,8.790000,9.380000,8.790000,9.300000,9.101593,14100
2014-02-07,9.350000,9.800000,8.760000,8.950000,8.759060,15100
2014-02-10,8.790000,9.050000,8.360000,9.050000,8.856927,9600
2014-02-11,8.910000,8.990000,8.690000,8.940000,8.749272,2000
2014-02-12,8.350000,9.000000,8.350000,8.910000,8.719913,4100
2014-02-13,9.220000,9.220000,8.560000,8.870000,8.680766,10000
2014-02-14,8.730000,9.040000,8.680000,8.830000,8.641620,5600
2014-02-18,8.900000,8.900000,8.650000,8.720000,8.533967,4600
2014-02-19,8.750000,8.750000,8.670000,8.670000,8.485033,400
2014-02-20,9.000000,9.110000,8.520000,8.520000,8.338234,4500
2014-02-21,8.650000,9.020000,8.650000,8.780000,8.592686,600
2014-02-24,8.760000,9.220000,8.710000,8.780000,8.592686,8100
2014-02-25,8.980000,8.980000,8.980000,8.980000,8.788420,200
2014-02-26,8.910000,8.930000,8.760000,8.930000,8.739487,400
2014-02-27,8.940000,9.280000,8.940000,9.280000,9.082020,7700
2014-02-28,9.060000,9.780000,9.060000,9.560000,9.356046,8200
2014-03-03,9.320000,9.770000,9.110000,9.260000,9.062447,3800
2014-03-04,8.850000,9.480000,8.850000,9.090000,8.896073,12400
2014-03-05,9.020000,9.570000,9.010000,9.530000,9.326685,6300
2014-03-06,9.410000,9.720000,9.120000,9.580000,9.375619,8600
2014-03-07,9.400000,9.420000,8.920000,9.420000,9.219032,7800
2014-03-10,9.350000,9.750000,9.230000,9.640000,9.434340,6700
2014-03-11,9.600000,9.600000,9.140000,9.500000,9.297326,3400
2014-03-12,9.300000,9.740000,8.930000,9.690000,9.483273,4700
2014-03-13,9.600000,9.600000,9.260000,9.260000,9.062447,1600
2014-03-14,9.210000,9.700000,9.130000,9.210000,9.013513,9900
2014-03-17,9.330000,9.750000,9.260000,9.420000,9.219032,6400
2014-03-18,9.170000,9.740000,9.120000,9.450000,9.248392,4200
2014-03-19,9.700000,9.700000,9.200000,9.370000,9.170099,2400
2014-03-20,9.280000,9.390000,9.140000,9.180000,8.984154,2700
2014-03-21,9.020000,9.590000,9.020000,9.200000,9.003725,11800
2014-03-24,9.180000,9.180000,9.180000,9.180000,8.984154,300
2014-03-25,9.420000,9.420000,9.230000,9.230000,9.033086,3100
2014-03-26,9.360000,9.590000,9.360000,9.460000,9.258180,5300
2014-03-27,9.660000,9.670000,9.410000,9.650000,9.444125,1900
2014-03-28,9.590000,9.730000,9.340000,9.730000,9.522418,5000
2014-03-31,9.750000,10.200000,9.080000,9.230000,9.033086,46000
2014-04-01,9.100000,9.100000,8.740000,8.990000,8.798205,7200
2014-04-02,8.820000,9.000000,8.810000,8.910000,8.719913,1600
2014-04-03,8.890000,9.170000,8.610000,9.170000,8.974366,3100
2014-04-04,9.040000,9.100000,8.690000,8.690000,8.504605,7700
2014-04-07,8.630000,8.630000,8.630000,8.630000,8.445887,300
2014-04-08,8.490000,8.810000,8.490000,8.690000,8.504605,6300
2014-04-09,8.660000,8.670000,8.550000,8.670000,8.485033,2500
2014-04-10,8.570000,8.570000,8.490000,8.490000,8.308873,300
2014-04-11,8.560000,8.570000,8.520000,8.520000,8.338234,1400
2014-04-14,8.530000,8.530000,7.950000,8.160000,7.985914,41800
2014-04-15,8.220000,8.220000,8.220000,8.220000,8.044634,100
2014-04-16,8.390000,8.430000,8.240000,8.240000,8.064207,2600
2014-04-17,8.200000,8.500000,8.200000,8.490000,8.308873,28100
2014-04-21,8.440000,8.550000,8.250000,8.490000,8.308873,5600
2014-04-22,8.450000,8.600000,8.350000,8.450000,8.269727,3400
2014-04-23,8.250000,8.250000,8.100000,8.100000,7.927194,1500
2014-04-24,7.980000,8.210000,7.980000,8.120000,7.946766,12500
2014-04-25,8.080000,8.580000,8.060000,8.190000,8.015273,6900
2014-04-28,8.030000,8.280000,8.030000,8.100000,7.927194,3100
2014-04-29,7.910000,8.910000,7.910000,8.470000,8.289300,5900
2014-04-30,8.620000,8.820000,8.330000,8.330000,8.152287,4700
2014-05-01,8.320000,8.500000,7.760000,8.020000,7.848901,12700
2014-05-02,8.150000,8.390000,8.020000,8.380000,8.201220,4700
2014-05-05,8.200000,8.330000,8.110000,8.110000,7.936980,5900
2014-05-06,8.280000,8.320000,8.270000,8.310000,8.132714,1400
2014-05-07,8.210000,8.500000,8.010000,8.200000,8.025060,3600
2014-05-08,8.390000,8.470000,8.200000,8.250000,8.073994,4600
2014-05-09,8.390000,8.390000,8.320000,8.320000,8.142500,400
2014-05-12,8.150000,8.640000,8.150000,8.640000,8.455673,8500
2014-05-13,8.640000,8.640000,8.640000,8.640000,8.455673,0
2014-05-14,8.400000,8.500000,8.250000,8.490000,8.308873,2800
2014-05-15,8.530000,8.530000,8.210000,8.390000,8.211007,2100
2014-05-16,8.390000,8.390000,8.390000,8.390000,8.211007,0
2014-05-19,8.550000,8.590000,8.550000,8.590000,8.406740,1000
2014-05-20,8.500000,8.550000,8.200000,8.550000,8.367594,12000
2014-05-21,8.550000,8.550000,8.550000,8.550000,8.367594,0
2014-05-22,8.550000,8.550000,8.550000,8.550000,8.367594,0
2014-05-23,8.530000,8.600000,8.330000,8.560000,8.377380,1800
2014-05-27,8.500000,8.550000,8.320000,8.520000,8.338234,2700
2014-05-28,8.440000,8.440000,8.440000,8.440000,8.259940,300
2014-05-29,8.350000,8.550000,8.350000,8.440000,8.259940,1300
2014-05-30,8.450000,8.450000,8.350000,8.350000,8.171861,1200
2014-06-02,8.350000,8.350000,8.350000,8.350000,8.171861,0
2014-06-03,8.350000,8.350000,8.350000,8.350000,8.171861,0
2014-06-04,8.120000,8.430000,8.120000,8.430000,8.250154,900
2014-06-05,8.370000,8.370000,8.320000,8.350000,8.171861,400
2014-06-06,8.310000,8.310000,7.760000,8.050000,7.878261,9800
2014-06-09,8.080000,8.080000,8.080000,8.080000,7.907620,600
2014-06-10,8.130000,8.130000,8.060000,8.060000,7.888048,400
2014-06-11,8.060000,8.070000,8.060000,8.060000,7.888048,1000
2014-06-12,8.060000,8.100000,8.060000,8.060000,7.888048,4700
2014-06-13,7.710000,8.010000,7.710000,8.010000,7.839114,500
2014-06-16,7.990000,8.000000,7.990000,8.000000,7.829327,1200
2014-06-17,8.000000,8.000000,8.000000,8.000000,7.829327,0
2014-06-18,8.000000,8.000000,8.000000,8.000000,7.829327,400
2014-06-19,7.950000,8.100000,7.950000,7.950000,7.780394,4300
2014-06-20,8.120000,8.210000,8.040000,8.210000,8.034847,1000
2014-06-23,8.110000,8.110000,8.110000,8.110000,7.936980,400
2014-06-24,8.120000,8.120000,7.990000,7.990000,7.819540,11100
2014-06-25,7.980000,8.170000,7.930000,8.170000,7.995700,3300
2014-06-26,8.040000,8.050000,8.030000,8.050000,7.878261,600
2014-06-27,8.150000,8.540000,8.150000,8.300000,8.122927,13800
2014-06-30,8.270000,8.350000,8.110000,8.160000,7.985914,3100
2014-07-01,8.160000,8.490000,8.080000,8.110000,7.936980,4300
2014-07-02,8.220000,8.250000,8.060000,8.060000,7.888048,3600
2014-07-03,8.180000,8.490000,8.020000,8.120000,7.946766,3900
2014-07-07,8.050000,8.220000,7.870000,8.210000,8.034847,11800
2014-07-08,8.060000,8.240000,8.060000,8.240000,8.064207,1300
2014-07-09,8.240000,8.500000,8.150000,8.320000,8.142500,6200
2014-07-10,8.330000,8.340000,8.160000,8.310000,8.132714,1300
2014-07-11,8.290000,8.440000,8.200000,8.400000,8.220793,6300
2014-07-14,8.490000,8.950000,8.490000,8.920000,8.729699,500
2014-07-15,8.530000,8.680000,8.530000,8.590000,8.406740,4600
2014-07-16,8.490000,8.730000,8.360000,8.680000,8.494820,2300
2014-07-17,8.390000,8.660000,8.380000,8.620000,8.436100,7000
2014-07-18,8.800000,8.800000,8.620000,8.640000,8.455673,400
2014-07-21,8.410000,8.730000,8.410000,8.590000,8.406740,5200
2014-07-22,8.540000,8.850000,8.420000,8.850000,8.661194,10900
2014-07-23,8.600000,8.840000,8.500000,8.820000,8.631833,11700
2014-07-24,8.600000,8.760000,8.600000,8.740000,8.553539,2800
2014-07-25,8.630000,8.720000,8.500000,8.700000,8.514393,3100
2014-07-28,8.630000,8.680000,8.460000,8.560000,8.377380,3500
2014-07-29,8.660000,8.730000,8.540000,8.610000,8.426312,5800
2014-07-30,8.630000,8.850000,8.560000,8.850000,8.661194,7000
2014-07-31,8.640000,8.820000,8.500000,8.560000,8.377380,7800
2014-08-01,8.520000,8.760000,8.510000,8.540000,8.357807,4600
2014-08-04,8.430000,8.580000,8.430000,8.510000,8.328446,1800
2014-08-05,8.500000,8.750000,8.260000,8.500000,8.318660,9600
2014-08-06,8.700000,8.730000,8.360000,8.550000,8.367594,4100
2014-08-07,8.660000,8.770000,8.520000,8.770000,8.582901,5000
2014-08-08,8.640000,8.660000,8.520000,8.660000,8.475246,1200
2014-08-11,8.610000,8.740000,8.450000,8.590000,8.406740,7500
2014-08-12,8.580000,8.800000,8.470000,8.620000,8.436100,5500
2014-08-13,8.620000,8.620000,8.620000,8.620000,8.436100,0
2014-08-14,8.640000,8.800000,8.510000,8.680000,8.494820,11600
2014-08-15,8.680000,8.680000,8.370000,8.510000,8.328446,15700
2014-08-18,8.610000,8.630000,8.410000,8.430000,8.250154,2100
2014-08-19,8.500000,8.540000,8.170000,8.350000,8.171861,7600
2014-08-20,8.630000,8.700000,8.240000,8.400000,8.220793,8500
2014-08-21,8.170000,8.600000,8.170000,8.380000,8.201220,9100
2014-08-22,8.590000,8.680000,8.050000,8.400000,8.220793,9800
2014-08-25,8.400000,8.800000,8.260000,8.550000,8.367594,5000
2014-08-26,8.660000,8.730000,8.530000,8.730000,8.543753,7600
2014-08-27,8.570000,8.750000,8.510000,8.510000,8.328446,6300
2014-08-28,8.550000,8.650000,8.410000,8.470000,8.289300,2900
2014-08-29,8.500000,8.520000,8.210000,8.290000,8.113140,10000
2014-09-02,8.500000,8.530000,8.240000,8.350000,8.171861,5700
2014-09-03,8.500000,8.500000,8.160000,8.460000,8.279513,6300
2014-09-04,8.510000,8.510000,8.330000,8.470000,8.289300,2400
2014-09-05,8.500000,8.500000,8.270000,8.490000,8.308873,11000
2014-09-08,8.080000,8.490000,8.080000,8.480000,8.299086,6700
2014-09-09,8.500000,8.500000,8.200000,8.210000,8.034847,5300
2014-09-10,8.450000,8.470000,8.150000,8.150000,7.976126,9700
2014-09-11,8.200000,8.320000,8.200000,8.220000,8.044634,1700
2014-09-12,8.400000,8.460000,8.230000,8.320000,8.142500,2300
2014-09-15,8.270000,8.280000,8.220000,8.220000,8.044634,1100
2014-09-16,8.270000,8.410000,8.220000,8.220000,8.044634,1900
2014-09-17,8.150000,8.240000,8.150000,8.200000,8.025060,400
2014-09-18,8.250000,8.250000,8.210000,8.210000,8.034847,400
2014-09-19,8.200000,8.220000,8.050000,8.160000,7.985914,17000
2014-09-22,8.000000,8.110000,8.000000,8.110000,7.936980,2000
2014-09-23,8.100000,8.190000,8.050000,8.050000,7.878261,2900
2014-09-24,8.150000,8.150000,8.000000,8.000000,7.829327,1000
2014-09-25,8.100000,8.120000,7.910000,8.120000,7.946766,8300
2014-09-26,8.150000,8.150000,7.940000,8.150000,7.976126,6200
2014-09-29,8.050000,8.380000,8.050000,8.370000,8.191433,3900
2014-09-30,8.170000,8.440000,8.170000,8.430000,8.250154,3200
2014-10-01,8.200000,8.450000,8.200000,8.330000,8.152287,1600
2014-10-02,8.220000,8.240000,8.100000,8.240000,8.064207,23700
2014-10-03,8.150000,8.250000,8.070000,8.100000,7.927194,1700
2014-10-06,7.900000,8.140000,7.900000,8.050000,7.878261,1700
2014-10-07,8.160000,8.430000,8.160000,8.430000,8.250154,6800
2014-10-08,8.270000,8.410000,8.060000,8.140000,7.966341,6300
2014-10-09,8.090000,8.420000,8.090000,8.180000,8.005487,6500
2014-10-10,8.290000,8.450000,8.250000,8.360000,8.181646,6300
2014-10-13,8.410000,8.410000,8.400000,8.400000,8.220793,300
2014-10-14,8.420000,8.420000,8.290000,8.300000,8.122927,1100
2014-10-15,8.430000,8.430000,8.150000,8.170000,7.995700,700
2014-10-16,8.200000,8.400000,8.150000,8.400000,8.220793,1900
2014-10-17,8.440000,8.440000,8.250000,8.250000,8.073994,1700
2014-10-20,8.250000,8.400000,8.230000,8.250000,8.073994,2900
2014-10-21,8.250000,8.260000,8.200000,8.250000,8.073994,8200
2014-10-22,8.200000,8.250000,8.200000,8.250000,8.073994,2400
2014-10-23,8.310000,8.340000,8.030000,8.030000,7.858686,3100
2014-10-24,8.230000,8.430000,8.210000,8.350000,8.171861,7700
2014-10-27,8.250000,8.300000,8.070000,8.070000,7.897833,12500
2014-10-28,8.250000,8.400000,8.250000,8.350000,8.171861,4100
2014-10-29,8.350000,8.350000,8.350000,8.350000,8.171861,0
2014-10-30,8.250000,8.250000,8.140000,8.250000,8.073994,8800
2014-10-31,8.350000,8.350000,8.050000,8.300000,8.122927,7300
2014-11-03,8.250000,8.250000,8.110000,8.110000,7.936980,1400
2014-11-04,8.180000,8.240000,8.170000,8.210000,8.034847,6200
2014-11-05,8.250000,8.250000,8.240000,8.250000,8.073994,1700
2014-11-06,8.250000,8.250000,8.250000,8.250000,8.073994,1500
2014-11-07,8.250000,8.250000,8.250000,8.250000,8.073994,0
2014-11-10,8.250000,8.290000,8.200000,8.230000,8.054420,9900
2014-11-11,8.250000,8.340000,8.250000,8.280000,8.103353,1200
2014-11-12,8.210000,8.450000,8.060000,8.200000,8.025060,10200
2014-11-13,8.190000,8.240000,8.080000,8.240000,8.064207,5100
2014-11-14,8.250000,8.270000,8.080000,8.240000,8.064207,1000
2014-11-17,8.220000,8.220000,8.220000,8.220000,8.044634,200
2014-11-18,8.250000,8.250000,8.170000,8.170000,7.995700,1400
2014-11-19,8.250000,8.250000,8.090000,8.220000,8.044634,7400
2014-11-20,8.230000,8.290000,8.170000,8.260000,8.083780,4100
2014-11-21,8.280000,8.450000,8.260000,8.260000,8.083780,2800
2014-11-24,8.260000,8.260000,8.260000,8.260000,8.083780,0
2014-11-25,8.260000,8.260000,8.260000,8.260000,8.083780,200
2014-11-26,8.260000,8.330000,8.260000,8.330000,8.152287,1600
2014-11-28,8.250000,8.270000,8.250000,8.250000,8.073994,900
2014-12-01,8.250000,8.250000,8.250000,8.250000,8.073994,100
2014-12-02,8.250000,8.250000,8.250000,8.250000,8.073994,0
2014-12-03,8.250000,8.250000,8.250000,8.250000,8.073994,600
2014-12-04,8.250000,8.440000,8.250000,8.300000,8.122927,7400
2014-12-05,8.330000,8.340000,8.330000,8.340000,8.162074,200
2014-12-08,8.210000,8.210000,8.110000,8.110000,7.936980,500
2014-12-09,8.160000,8.370000,7.980000,8.370000,8.191433,304100
2014-12-10,8.020000,8.230000,8.020000,8.040000,7.868474,3200
2014-12-11,8.120000,8.210000,8.120000,8.210000,8.034847,700
2014-12-12,8.200000,8.220000,8.030000,8.220000,8.044634,5000
2014-12-15,8.220000,8.220000,8.220000,8.220000,8.044634,0
2014-12-16,8.250000,8.380000,8.250000,8.380000,8.201220,1200
2014-12-17,8.390000,8.450000,8.310000,8.310000,8.132714,5700
2014-12-18,8.500000,8.610000,8.500000,8.610000,8.426312,2200
2014-12-19,8.490000,8.490000,8.210000,8.210000,8.034847,3400
2014-12-22,8.260000,8.260000,8.260000,8.260000,8.083780,600
2014-12-23,8.270000,8.470000,8.270000,8.310000,8.132714,3700
2014-12-24,8.400000,8.580000,8.400000,8.580000,8.396953,400
2014-12-26,8.580000,8.580000,8.580000,8.580000,8.396953,0
2014-12-29,8.580000,8.610000,8.580000,8.610000,8.426312,600
2014-12-30,8.650000,8.650000,8.650000,8.650000,8.465460,300
2014-12-31,8.610000,8.610000,8.610000,8.610000,8.426312,400
2015-01-02,8.350000,8.350000,8.000000,8.050000,7.878261,10200
2015-01-05,8.180000,8.200000,8.070000,8.200000,8.025060,3100
2015-01-06,8.060000,8.300000,8.060000,8.300000,8.122927,1500
2015-01-07,8.300000,8.300000,8.300000,8.300000,8.122927,0
2015-01-08,8.090000,8.270000,8.090000,8.270000,8.093567,4900
2015-01-09,8.320000,8.350000,8.180000,8.270000,8.093567,12400
2015-01-12,8.620000,8.620000,8.260000,8.260000,8.083780,3300
2015-01-13,8.270000,8.270000,8.260000,8.260000,8.083780,200
2015-01-14,8.170000,8.300000,8.170000,8.300000,8.122927,3100
2015-01-15,8.270000,8.330000,8.270000,8.320000,8.142500,400
2015-01-16,8.270000,8.310000,8.150000,8.310000,8.132714,4300
2015-01-20,8.280000,8.550000,8.250000,8.280000,8.103353,6600
2015-01-21,8.250000,8.410000,8.250000,8.400000,8.220793,5300
2015-01-22,8.250000,8.500000,8.250000,8.500000,8.318660,1100
2015-01-23,8.500000,8.500000,8.500000,8.500000,8.318660,0
2015-01-26,8.310000,8.310000,8.310000,8.310000,8.132714,300
2015-01-27,8.310000,8.310000,8.310000,8.310000,8.132714,0
2015-01-28,8.590000,8.590000,8.270000,8.360000,8.181646,14700
2015-01-29,8.300000,8.300000,8.300000,8.300000,8.122927,600
2015-01-30,8.380000,8.410000,8.290000,8.290000,8.113140,9200
2015-02-02,8.270000,8.950000,8.100000,8.700000,8.514393,102900
2015-02-03,8.650000,8.800000,8.560000,8.610000,8.426312,19000
2015-02-04,8.460000,8.460000,8.280000,8.280000,8.103353,3400
2015-02-05,8.450000,8.740000,8.250000,8.250000,8.073994,3800
2015-02-06,8.270000,8.270000,8.250000,8.270000,8.093567,900
2015-02-09,8.370000,8.410000,8.370000,8.410000,8.230580,200
2015-02-10,8.400000,8.410000,8.350000,8.350000,8.171861,2700
2015-02-11,8.360000,8.360000,8.350000,8.350000,8.171861,300
2015-02-12,8.350000,8.370000,8.350000,8.370000,8.191433,700
2015-02-13,8.350000,8.470000,8.220000,8.470000,8.289300,3000
2015-02-17,8.470000,8.470000,8.470000,8.470000,8.289300,0
2015-02-18,8.470000,8.470000,8.470000,8.470000,8.289300,0
2015-02-19,8.440000,8.440000,8.300000,8.300000,8.122927,800
2015-02-20,8.310000,8.400000,8.250000,8.270000,8.093567,27800
2015-02-23,8.320000,8.750000,8.250000,8.690000,8.504605,49500
2015-02-24,8.750000,9.480000,8.750000,8.900000,8.710126,96500
2015-02-25,8.900000,9.000000,8.300000,8.620000,8.436100,30700
2015-02-26,8.500000,8.550000,8.460000,8.550000,8.367594,600
2015-02-27,9.320000,9.320000,8.400000,8.500000,8.318660,4000
2015-03-02,8.640000,8.650000,8.510000,8.520000,8.338234,17100
2015-03-03,8.590000,8.680000,8.250000,8.260000,8.083780,34600
2015-03-04,8.250000,8.280000,8.170000,8.260000,8.083780,23900
2015-03-05,8.300000,8.400000,8.250000,8.340000,8.162074,19400
2015-03-06,8.380000,8.390000,8.260000,8.280000,8.103353,21800
2015-03-09,8.320000,8.450000,8.260000,8.410000,8.230580,23300
2015-03-10,8.450000,8.450000,8.340000,8.340000,8.162074,31300
2015-03-11,8.530000,8.650000,8.430000,8.540000,8.357807,32800
2015-03-12,8.620000,9.310000,8.360000,9.070000,8.876499,97200
2015-03-13,9.240000,10.160000,8.940000,9.430000,9.228819,58400
2015-03-16,9.590000,10.320000,9.500000,9.500000,9.297326,32500
2015-03-17,9.820000,10.270000,9.720000,10.150000,9.933457,10400
2015-03-18,10.000000,10.000000,9.570000,9.590000,9.385406,1900
2015-03-19,9.540000,11.690000,9.540000,10.980000,10.745751,57100
2015-03-20,11.290000,11.980000,11.290000,11.890000,11.636337,9100
2015-03-23,11.870000,11.890000,10.700000,11.500000,11.254658,7200
2015-03-24,11.470000,11.860000,11.230000,11.740000,11.489537,6200
2015-03-25,11.750000,12.490000,11.640000,11.800000,11.548258,7100
2015-03-26,11.840000,12.000000,11.490000,11.700000,11.450391,1800
2015-03-27,11.540000,11.590000,10.560000,10.610000,10.383644,12100
2015-03-30,10.830000,11.480000,10.660000,10.740000,10.510872,7500
2015-03-31,10.950000,10.950000,10.700000,10.760000,10.530445,1700
2015-04-01,10.700000,11.080000,10.700000,11.080000,10.843618,1100
2015-04-02,11.220000,11.490000,11.110000,11.490000,11.244871,4400
2015-04-06,11.290000,11.490000,11.130000,11.130000,10.892551,500
2015-04-07,10.950000,11.420000,10.860000,10.860000,10.628311,4800
2015-04-08,10.990000,11.660000,10.990000,11.660000,11.411243,9100
2015-04-09,11.900000,12.160000,11.810000,12.160000,11.900577,5000
2015-04-10,12.000000,12.010000,11.900000,11.950000,11.695057,4800
2015-04-13,11.830000,11.960000,11.800000,11.940000,11.685269,4800
2015-04-14,11.790000,12.000000,11.790000,11.820000,11.567831,2600
2015-04-15,11.810000,12.000000,11.690000,11.750000,11.499324,6300
2015-04-16,11.860000,12.000000,11.470000,11.880000,11.626551,6100
2015-04-17,11.560000,11.590000,11.050000,11.050000,10.814259,6500
2015-04-20,11.050000,11.050000,10.300000,11.050000,10.814259,31200
2015-04-21,11.030000,12.140000,11.030000,11.970000,11.714631,5100
2015-04-22,12.100000,12.920000,12.070000,12.710000,12.438843,6100
2015-04-23,12.490000,13.400000,11.770000,12.700000,12.429056,6000
2015-04-24,12.700000,12.700000,11.660000,12.000000,11.743991,3000
2015-04-27,11.150000,12.620000,11.150000,11.950000,11.695057,17300
2015-04-28,11.910000,11.950000,11.840000,11.900000,11.646124,15000
2015-04-29,11.830000,11.840000,11.700000,11.710000,11.460177,5700
2015-04-30,11.680000,11.700000,11.000000,11.080000,10.843618,8600
2015-05-01,11.080000,11.080000,10.340000,10.360000,10.138978,3500
2015-05-04,10.760000,10.810000,10.520000,10.520000,10.295566,1900
2015-05-05,10.530000,10.530000,10.510000,10.510000,10.285779,600
2015-05-06,10.350000,10.350000,9.450000,10.190000,9.972605,3100
2015-05-07,9.750000,10.240000,9.750000,10.240000,10.021539,2100
2015-05-08,10.680000,10.750000,10.680000,10.750000,10.520658,900
2015-05-11,10.750000,10.750000,10.750000,10.750000,10.520658,1300
2015-05-12,10.750000,10.750000,10.750000,10.750000,10.520658,0
2015-05-13,9.550000,11.250000,9.550000,10.840000,10.608738,1100
2015-05-14,10.840000,10.840000,10.840000,10.840000,10.608738,0
2015-05-15,10.840000,10.840000,10.840000,10.840000,10.608738,0
2015-05-18,10.320000,10.370000,10.320000,10.370000,10.148765,500
2015-05-19,9.610000,10.380000,9.610000,10.380000,10.158551,700
2015-05-20,9.970000,10.100000,9.660000,10.070000,9.855165,4400
2015-05-21,9.850000,9.850000,9.850000,9.850000,9.639859,300
2015-05-22,10.280000,10.280000,10.280000,10.280000,10.060685,500
2015-05-26,10.300000,10.300000,9.770000,9.780000,9.571352,1600
2015-05-27,10.390000,10.390000,9.750000,9.770000,9.561566,16000
2015-05-28,9.800000,10.100000,9.610000,9.940000,9.727938,21400
2015-05-29,10.000000,10.390000,9.650000,10.390000,10.168339,14500
2015-06-01,10.380000,11.600000,10.310000,10.520000,10.295566,48800
2015-06-02,10.890000,10.900000,10.040000,10.700000,10.471725,44800
2015-06-03,10.400000,10.900000,9.980000,10.200000,9.982391,34300
2015-06-04,10.180000,10.480000,9.920000,9.970000,9.757298,71000
2015-06-05,9.940000,10.330000,9.940000,10.330000,10.109619,4500
2015-06-08,10.340000,10.360000,10.010000,10.010000,9.796446,8200
2015-06-09,10.210000,10.340000,10.000000,10.190000,9.972605,2600
2015-06-10,10.440000,10.490000,10.190000,10.410000,10.187912,1700
2015-06-11,10.490000,10.640000,10.430000,10.430000,10.207485,1500
2015-06-12,10.060000,10.590000,9.800000,10.510000,10.285779,1300
2015-06-15,10.200000,10.490000,10.100000,10.490000,10.266205,2900
2015-06-16,10.280000,10.400000,10.020000,10.250000,10.031324,1200
2015-06-17,10.200000,10.650000,10.200000,10.420000,10.197699,1300
2015-06-18,10.090000,10.480000,10.090000,10.430000,10.207485,1400
2015-06-19,10.070000,10.400000,10.000000,10.000000,9.786659,16500
2015-06-22,10.260000,10.340000,10.110000,10.340000,10.119406,3000
2015-06-23,10.320000,10.330000,10.120000,10.220000,10.001966,5800
2015-06-24,10.020000,10.270000,10.020000,10.180000,9.962819,700
2015-06-25,10.280000,10.620000,10.280000,10.280000,10.060685,500
2015-06-26,10.380000,10.380000,10.200000,10.220000,10.001966,1600
2015-06-29,10.430000,10.430000,10.050000,10.320000,10.099832,4300
2015-06-30,10.350000,10.350000,10.110000,10.110000,9.894312,300
2015-07-01,10.080000,10.080000,10.080000,10.080000,9.864952,700
2015-07-02,10.060000,10.150000,10.010000,10.100000,9.884526,1600
2015-07-06,10.070000,10.180000,10.070000,10.090000,9.874739,1000
2015-07-07,10.020000,10.090000,10.020000,10.090000,9.874739,300
2015-07-08,10.030000,10.490000,10.030000,10.060000,9.845379,400
2015-07-09,10.100000,10.100000,10.100000,10.100000,9.884526,200
2015-07-10,10.230000,10.430000,10.090000,10.320000,10.099832,2400
2015-07-13,10.140000,10.140000,10.010000,10.020000,9.806232,18800
2015-07-14,10.180000,10.180000,10.000000,10.010000,9.796446,2500
2015-07-15,9.960000,10.000000,9.700000,9.720000,9.512633,27600
2015-07-16,9.720000,9.780000,9.720000,9.750000,9.541992,4100
2015-07-17,10.010000,10.010000,9.990000,9.990000,9.776872,300
2015-07-20,10.030000,10.030000,9.950000,10.030000,9.816019,600
2015-07-21,9.960000,10.210000,9.960000,9.960000,9.747512,2800
2015-07-22,9.970000,9.970000,9.900000,9.900000,9.688792,1600
2015-07-23,10.310000,10.320000,9.980000,9.980000,9.767085,1900
2015-07-24,9.980000,9.980000,9.980000,9.980000,9.767085,0
2015-07-27,9.910000,9.970000,9.900000,9.970000,9.757298,6200
2015-07-28,9.950000,10.600000,9.950000,10.100000,9.884526,2200
2015-07-29,10.190000,10.190000,10.190000,10.190000,9.972605,200
2015-07-30,10.180000,10.180000,10.180000,10.180000,9.962819,200
2015-07-31,10.000000,10.000000,10.000000,10.000000,9.786659,300
2015-08-03,10.440000,10.440000,10.100000,10.180000,9.962819,4400
2015-08-04,10.400000,10.400000,10.210000,10.210000,9.992179,800
2015-08-05,10.110000,10.120000,10.100000,10.120000,9.904099,2000
2015-08-06,10.390000,10.500000,10.250000,10.500000,10.275991,5700
2015-08-07,10.400000,10.400000,10.390000,10.400000,10.178124,2100
2015-08-10,10.510000,10.530000,10.450000,10.450000,10.227058,2900
2015-08-11,10.590000,10.590000,10.300000,10.360000,10.138978,16400
2015-08-12,10.350000,10.850000,10.350000,10.520000,10.295566,1400
2015-08-13,10.490000,11.010000,10.490000,10.980000,10.745751,20700
2015-08-14,10.890000,10.890000,10.890000,10.890000,10.657671,100
2015-08-17,10.890000,10.890000,10.270000,10.270000,10.050899,1100
2015-08-18,10.250000,10.900000,10.250000,10.840000,10.608738,1900
2015-08-19,11.390000,11.390000,10.950000,10.950000,10.716392,500
2015-08-20,10.890000,10.890000,10.380000,10.790000,10.559804,1200
2015-08-21,10.790000,10.790000,10.790000,10.790000,10.559804,0
2015-08-24,10.890000,10.890000,9.800000,9.930000,9.718153,2200
2015-08-25,10.270000,10.270000,9.810000,9.810000,9.600713,1800
2015-08-26,10.600000,10.600000,9.600000,9.600000,9.395193,1200
2015-08-27,10.080000,10.080000,9.780000,9.780000,9.571352,900
2015-08-28,9.640000,10.460000,9.640000,10.380000,10.158551,400
2015-08-31,10.050000,10.050000,9.510000,9.510000,9.307113,1700
2015-09-01,9.500000,9.520000,9.500000,9.510000,9.307113,1200
2015-09-02,9.760000,10.150000,9.530000,9.900000,9.688792,800
2015-09-03,9.940000,10.290000,9.940000,10.290000,10.070472,1600
2015-09-04,9.920000,9.920000,9.560000,9.710000,9.502846,1300
2015-09-08,10.010000,10.010000,9.740000,9.790000,9.581139,3100
2015-09-09,9.920000,9.920000,9.800000,9.800000,9.590926,1400
2015-09-10,10.290000,10.290000,9.900000,10.140000,9.923673,600
2015-09-11,9.910000,9.910000,9.660000,9.770000,9.561566,15000
2015-09-14,9.800000,10.230000,9.800000,9.960000,9.747512,1500
2015-09-15,9.620000,10.140000,9.530000,9.900000,9.688792,1900
2015-09-16,10.000000,10.270000,10.000000,10.270000,10.050899,700
2015-09-17,10.260000,10.290000,10.260000,10.290000,10.070472,300
2015-09-18,10.110000,10.300000,9.980000,9.980000,9.767085,5900
2015-09-21,10.100000,10.350000,9.900000,10.000000,9.786659,2100
2015-09-22,10.000000,10.000000,10.000000,10.000000,9.786659,0
2015-09-23,10.000000,10.000000,9.970000,9.980000,9.767085,900
2015-09-24,9.970000,9.990000,9.970000,9.990000,9.776872,500
2015-09-25,9.750000,9.750000,9.750000,9.750000,9.541992,200
2015-09-28,9.860000,9.860000,9.520000,9.520000,9.316899,700
2015-09-29,9.730000,9.840000,9.730000,9.800000,9.590926,1100
2015-09-30,10.000000,10.000000,10.000000,10.000000,9.786659,200
2015-10-01,9.990000,9.990000,9.960000,9.990000,9.776872,800
2015-10-02,9.520000,9.800000,9.010000,9.300000,9.101593,7200
2015-10-05,9.300000,9.300000,9.300000,9.300000,9.101593,0
2015-10-06,9.000000,9.460000,9.000000,9.110000,8.915646,2500
2015-10-07,9.480000,9.480000,9.240000,9.240000,9.042872,4000
2015-10-08,9.140000,9.200000,9.100000,9.190000,8.993939,4000
2015-10-09,9.400000,9.600000,9.400000,9.500000,9.297326,2200
2015-10-12,9.500000,9.500000,9.500000,9.500000,9.297326,0
2015-10-13,9.480000,9.770000,9.440000,9.500000,9.297326,5400
2015-10-14,9.800000,9.900000,9.770000,9.770000,9.561566,1100
2015-10-15,10.180000,10.250000,9.920000,10.210000,9.992179,2100
2015-10-16,9.750000,9.750000,9.750000,9.750000,9.541992,1100
2015-10-19,9.470000,9.770000,9.460000,9.770000,9.561566,2300
2015-10-20,9.600000,9.640000,9.600000,9.600000,9.395193,10200
2015-10-21,9.600000,9.600000,9.600000,9.600000,9.395193,0
2015-10-22,9.600000,9.600000,9.600000,9.600000,9.395193,0
2015-10-23,10.280000,10.310000,9.550000,9.550000,9.346259,5700
2015-10-26,9.620000,9.620000,9.500000,9.510000,9.307113,4900
2015-10-27,9.520000,9.520000,9.400000,9.430000,9.228819,600
2015-10-28,9.580000,9.630000,9.500000,9.630000,9.424552,5700
2015-10-29,9.500000,9.500000,9.500000,9.500000,9.297326,9100
2015-10-30,9.100000,9.430000,9.100000,9.280000,9.082020,800
2015-11-02,9.280000,9.280000,9.280000,9.280000,9.082020,0
2015-11-03,9.280000,9.280000,9.280000,9.280000,9.082020,0
2015-11-04,9.280000,9.280000,9.280000,9.280000,9.082020,0
2015-11-05,9.280000,9.280000,9.280000,9.280000,9.082020,0
2015-11-06,9.280000,9.280000,9.280000,9.280000,9.082020,0
2015-11-09,9.280000,9.280000,9.280000,9.280000,9.082020,0
2015-11-10,9.490000,9.600000,9.480000,9.600000,9.395193,500
2015-11-11,9.600000,9.600000,9.600000,9.600000,9.395193,0
2015-11-12,9.140000,9.140000,9.020000,9.020000,8.827566,3000
2015-11-13,9.020000,9.020000,9.020000,9.020000,8.827566,0
2015-11-16,9.600000,9.600000,9.500000,9.500000,9.297326,1300
2015-11-17,9.070000,9.100000,9.070000,9.100000,8.905859,400
2015-11-18,9.100000,9.100000,9.100000,9.100000,8.905859,0
2015-11-19,9.060000,9.060000,9.020000,9.040000,8.847139,1000
2015-11-20,9.040000,9.040000,9.040000,9.040000,8.847139,0
2015-11-23,9.040000,9.040000,9.040000,9.040000,8.847139,0
2015-11-24,9.070000,9.070000,8.990000,9.000000,8.807993,700
2015-11-25,8.730000,8.890000,8.730000,8.860000,8.670979,1300
2015-11-27,8.860000,8.860000,8.860000,8.860000,8.670979,200
2015-11-30,8.860000,8.860000,8.860000,8.860000,8.670979,0
2015-12-01,8.610000,8.610000,8.600000,8.610000,8.426312,800
2015-12-02,8.700000,8.710000,8.500000,8.500000,8.318660,2300
2015-12-03,8.640000,8.640000,8.630000,8.630000,8.445887,200
2015-12-04,8.630000,8.630000,8.630000,8.630000,8.445887,0
2015-12-07,8.630000,8.630000,8.080000,8.080000,7.907620,1500
2015-12-08,8.230000,8.560000,8.230000,8.560000,8.377380,5500
2015-12-09,8.500000,8.560000,8.500000,8.500000,8.318660,13000
2015-12-10,8.500000,8.500000,8.500000,8.500000,8.318660,0
2015-12-11,8.500000,8.500000,8.500000,8.500000,8.318660,0
2015-12-14,8.700000,8.700000,8.500000,8.520000,8.338234,600
2015-12-15,8.510000,8.510000,8.510000,8.510000,8.328446,500
2015-12-16,8.600000,8.690000,8.500000,8.690000,8.504605,9600
2015-12-17,8.460000,8.550000,8.460000,8.550000,8.367594,600
2015-12-18,8.910000,8.930000,8.910000,8.930000,8.739487,600
2015-12-21,8.930000,8.930000,8.930000,8.930000,8.739487,0
2015-12-22,8.620000,8.620000,8.620000,8.620000,8.436100,200
2015-12-23,8.650000,8.650000,8.650000,8.650000,8.465460,600
2015-12-24,8.650000,8.650000,8.650000,8.650000,8.465460,0
2015-12-28,8.530000,8.650000,8.530000,8.650000,8.465460,400
2015-12-29,8.640000,8.650000,8.620000,8.630000,8.445887,3500
2015-12-30,8.620000,8.960000,8.620000,8.960000,8.768847,9100
2015-12-31,8.880000,8.970000,8.510000,8.960000,8.768847,2100
2016-01-04,8.960000,8.960000,8.960000,8.960000,8.768847,0
2016-01-05,8.520000,8.520000,8.510000,8.510000,8.328446,200
2016-01-06,8.510000,8.760000,8.510000,8.580000,8.396953,1600
2016-01-07,8.250000,8.780000,8.250000,8.780000,8.592686,1900
2016-01-08,8.520000,8.900000,8.520000,8.900000,8.710126,200
2016-01-11,8.900000,8.900000,8.900000,8.900000,8.710126,0
2016-01-12,8.900000,8.900000,8.900000,8.900000,8.710126,0
2016-01-13,8.900000,8.900000,8.900000,8.900000,8.710126,0
2016-01-14,8.900000,9.250000,8.900000,9.250000,9.052659,4800
2016-01-15,9.250000,9.250000,9.250000,9.250000,9.052659,0
2016-01-19,9.250000,9.250000,9.250000,9.250000,9.052659,0
2016-01-20,8.430000,9.530000,8.430000,9.530000,9.326685,1100
2016-01-21,9.050000,9.050000,9.050000,9.050000,8.856927,200
2016-01-22,9.050000,9.050000,9.050000,9.050000,8.856927,0
2016-01-25,9.300000,9.300000,9.300000,9.300000,9.101593,400
2016-01-26,9.500000,9.750000,9.500000,9.750000,9.541992,400
2016-01-27,9.750000,9.750000,9.750000,9.750000,9.541992,0
2016-01-28,9.750000,9.750000,9.750000,9.750000,9.541992,0
2016-01-29,9.600000,9.750000,9.200000,9.200000,9.003725,1700
2016-02-01,9.200000,9.200000,9.200000,9.200000,9.003725,0
2016-02-02,9.200000,9.200000,9.200000,9.200000,9.003725,0
2016-02-03,9.200000,9.200000,9.200000,9.200000,9.003725,0
2016-02-04,10.000000,10.050000,9.710000,9.750000,9.541992,11800
2016-02-05,9.750000,9.750000,9.750000,9.750000,9.541992,0
2016-02-08,9.230000,9.350000,9.230000,9.350000,9.150526,300
2016-02-09,9.350000,9.350000,9.350000,9.350000,9.150526,0
2016-02-10,9.500000,9.500000,9.500000,9.500000,9.297326,1100
2016-02-11,9.500000,9.500000,9.500000,9.500000,9.297326,0
2016-02-12,9.500000,9.500000,9.500000,9.500000,9.297326,0
2016-02-16,9.980000,9.980000,9.980000,9.980000,9.767085,100
2016-02-17,9.980000,9.980000,9.980000,9.980000,9.767085,0
2016-02-18,9.980000,9.980000,9.980000,9.980000,9.767085,0
2016-02-19,9.980000,9.980000,9.980000,9.980000,9.767085,0
2016-02-22,9.980000,9.980000,9.980000,9.980000,9.767085,0
2016-02-23,9.980000,9.980000,9.980000,9.980000,9.767085,0
2016-02-24,9.980000,9.980000,9.980000,9.980000,9.767085,0
2016-02-25,8.730000,9.180000,8.730000,9.180000,8.984154,200
2016-02-26,9.180000,9.180000,9.180000,9.180000,8.984154,0
2016-02-29,9.640000,9.640000,9.640000,9.640000,9.434340,300
2016-03-01,9.640000,9.640000,9.640000,9.640000,9.434340,0
2016-03-02,9.640000,9.640000,9.640000,9.640000,9.434340,0
2016-03-03,10.000000,10.110000,9.610000,9.610000,9.404979,800
2016-03-04,9.620000,9.750000,9.620000,9.750000,9.541992,1500
2016-03-07,9.440000,9.460000,9.440000,9.460000,9.258180,600
2016-03-08,10.100000,10.100000,10.100000,10.100000,9.884526,200
2016-03-09,10.100000,10.100000,10.100000,10.100000,9.884526,0
2016-03-10,10.100000,10.100000,10.100000,10.100000,9.884526,0
2016-03-11,9.800000,9.800000,9.800000,9.800000,9.590926,1000
2016-03-14,9.570000,9.570000,9.570000,9.570000,9.365832,800
2016-03-15,9.570000,9.570000,9.570000,9.570000,9.365832,0
2016-03-16,9.570000,9.570000,9.570000,9.570000,9.365832,0
2016-03-17,9.020000,9.800000,9.020000,9.800000,9.590926,300
2016-03-18,9.620000,9.620000,9.620000,9.620000,9.414765,200
2016-03-21,9.620000,9.620000,9.620000,9.620000,9.414765,0
2016-03-22,9.710000,9.710000,9.710000,9.710000,9.502846,100
2016-03-23,9.710000,9.710000,9.710000,9.710000,9.502846,0
2016-03-24,9.700000,9.910000,9.700000,9.910000,9.698579,1500
2016-03-28,10.300000,10.330000,10.300000,10.330000,10.109619,600
2016-03-29,9.860000,10.000000,9.850000,9.980000,9.767085,3800
2016-03-30,10.140000,10.140000,9.850000,9.880000,9.669219,4700
2016-03-31,9.850000,9.850000,9.850000,9.850000,9.639859,400
2016-04-01,9.850000,9.850000,9.850000,9.850000,9.639859,0
2016-04-04,9.360000,9.360000,9.360000,9.360000,9.160313,500
2016-04-05,9.980000,9.980000,9.980000,9.980000,9.767085,600
2016-04-06,9.920000,9.920000,9.380000,9.460000,9.258180,1200
2016-04-07,9.470000,9.800000,9.350000,9.650000,9.444125,58900
2016-04-08,9.500000,9.700000,9.500000,9.700000,9.493059,1100
2016-04-11,9.600000,9.980000,9.210000,9.840000,9.630072,5200
2016-04-12,9.750000,9.750000,9.000000,9.670000,9.463699,1200
2016-04-13,9.500000,9.500000,8.500000,8.850000,8.661194,29900
2016-04-14,8.520000,8.960000,8.520000,8.820000,8.631833,2800
2016-04-15,8.800000,8.910000,8.550000,8.550000,8.367594,6300
2016-04-18,8.980000,8.980000,8.700000,8.710000,8.524179,2600
2016-04-19,8.790000,8.810000,8.760000,8.780000,8.592686,2400
2016-04-20,8.470000,9.010000,8.470000,9.010000,8.817780,300
2016-04-21,8.490000,9.140000,8.490000,9.140000,8.945006,400
2016-04-22,9.090000,9.430000,8.710000,9.180000,8.984154,102500
2016-04-25,9.280000,9.510000,8.950000,9.130000,8.935220,71000
2016-04-26,9.230000,9.750000,8.760000,9.150000,8.954792,60100
2016-04-27,9.150000,9.150000,9.000000,9.000000,8.807993,1800
2016-04-28,8.990000,9.110000,8.750000,8.900000,8.710126,35600
2016-04-29,8.900000,8.900000,8.900000,8.900000,8.710126,0
2016-05-02,9.720000,9.720000,8.690000,8.850000,8.661194,6500
2016-05-03,8.950000,9.490000,8.530000,8.770000,8.582901,11300
2016-05-04,8.910000,9.530000,8.780000,8.980000,8.788420,22800
2016-05-05,9.000000,9.230000,8.570000,9.000000,8.807993,18800
2016-05-06,9.000000,9.150000,8.930000,9.090000,8.896073,3900
2016-05-09,9.640000,9.640000,9.000000,9.470000,9.267966,29500
2016-05-10,9.020000,9.240000,8.750000,9.010000,8.817780,20300
2016-05-11,9.140000,9.400000,8.990000,9.070000,8.876499,4200
2016-05-12,9.000000,9.150000,8.900000,9.000000,8.807993,10200
2016-05-13,9.000000,9.000000,9.000000,9.000000,8.807993,0
2016-05-16,8.550000,9.010000,8.550000,9.000000,8.807993,12700
2016-05-17,9.200000,9.250000,8.920000,8.920000,8.729699,2700
2016-05-18,8.940000,8.940000,8.940000,8.940000,8.749272,200
2016-05-19,8.990000,9.060000,8.750000,9.020000,8.827566,2400
2016-05-20,8.910000,9.070000,8.870000,9.020000,8.827566,8800
2016-05-23,9.210000,9.210000,9.210000,9.210000,9.013513,100
2016-05-24,8.900000,9.250000,8.900000,8.990000,8.798205,3400
2016-05-25,9.000000,9.190000,8.940000,9.190000,8.993939,2100
2016-05-26,9.190000,9.320000,9.190000,9.190000,8.993939,2300
2016-05-27,9.270000,9.270000,9.020000,9.020000,8.827566,800
2016-05-31,9.060000,9.200000,8.950000,9.010000,8.817780,2400
2016-06-01,9.070000,9.070000,8.950000,9.000000,8.807993,1300
2016-06-02,8.970000,8.970000,8.970000,8.970000,8.778633,100
2016-06-03,9.030000,9.030000,9.030000,9.030000,8.837353,200
2016-06-06,8.900000,9.150000,8.750000,8.970000,8.778633,5900
2016-06-07,8.990000,9.000000,8.990000,8.990000,8.798205,6000
2016-06-08,8.990000,8.990000,8.990000,8.990000,8.798205,0
2016-06-09,8.990000,8.990000,8.990000,8.990000,8.798205,0
2016-06-10,8.750000,8.990000,8.750000,8.990000,8.798205,7700
2016-06-13,9.000000,9.010000,8.950000,9.000000,8.807993,700
2016-06-14,8.900000,8.900000,8.580000,8.750000,8.563327,3100
2016-06-15,8.830000,8.880000,8.830000,8.830000,8.641620,4000
2016-06-16,8.940000,9.020000,8.900000,8.930000,8.739487,5100
2016-06-17,8.980000,9.000000,8.840000,8.840000,8.651406,66800
2016-06-20,9.020000,9.140000,9.000000,9.140000,8.945006,3600
2016-06-21,9.230000,9.230000,9.230000,9.230000,9.033086,200
2016-06-22,9.070000,9.070000,9.000000,9.020000,8.827566,900
2016-06-23,9.090000,9.090000,9.030000,9.030000,8.837353,500
2016-06-24,9.030000,9.160000,8.990000,9.030000,8.837353,700
2016-06-27,9.030000,9.030000,9.030000,9.030000,8.837353,0
2016-06-28,9.010000,9.020000,8.990000,8.990000,8.798205,4200
2016-06-29,8.990000,9.030000,8.990000,9.030000,8.837353,500
2016-06-30,9.300000,9.490000,9.030000,9.300000,9.101593,2100
2016-07-01,9.350000,9.500000,9.350000,9.490000,9.287539,1200
2016-07-05,8.990000,9.120000,8.990000,9.120000,8.925432,800
2016-07-06,9.090000,9.740000,9.030000,9.650000,9.444125,1700
2016-07-07,9.100000,9.450000,9.050000,9.350000,9.150526,1900
2016-07-08,9.520000,9.550000,9.520000,9.550000,9.346259,800
2016-07-11,9.150000,9.500000,9.150000,9.450000,9.248392,2700
2016-07-12,9.450000,9.450000,9.450000,9.450000,9.248392,0
2016-07-13,9.450000,9.450000,9.450000,9.450000,9.248392,0
2016-07-14,9.450000,9.450000,9.450000,9.450000,9.248392,0
2016-07-15,9.450000,9.450000,9.450000,9.450000,9.248392,0
2016-07-18,9.450000,9.450000,9.450000,9.450000,9.248392,0
2016-07-19,9.450000,9.450000,9.450000,9.450000,9.248392,0
2016-07-20,9.450000,9.450000,9.450000,9.450000,9.248392,0
2016-07-21,9.450000,9.450000,9.450000,9.450000,9.248392,0
2016-07-22,9.450000,9.450000,9.450000,9.450000,9.248392,0
2016-07-25,9.800000,10.000000,9.400000,9.600000,9.395193,5500
2016-07-26,9.980000,10.340000,9.520000,9.880000,9.669219,3400
2016-07-27,9.880000,9.880000,9.880000,9.880000,9.669219,0
2016-07-28,9.880000,9.880000,9.880000,9.880000,9.669219,0
2016-07-29,9.280000,9.280000,9.280000,9.280000,9.082020,300
2016-08-01,9.280000,9.280000,9.280000,9.280000,9.082020,0
2016-08-02,9.280000,9.280000,9.280000,9.280000,9.082020,0
2016-08-03,9.280000,9.280000,9.280000,9.280000,9.082020,0
2016-08-04,9.280000,9.280000,9.280000,9.280000,9.082020,0
2016-08-05,9.350000,9.350000,9.350000,9.350000,9.150526,100
2016-08-08,9.350000,9.350000,9.350000,9.350000,9.150526,0
2016-08-09,9.350000,9.350000,9.350000,9.350000,9.150526,0
2016-08-10,9.710000,9.710000,9.710000,9.710000,9.502846,300
2016-08-11,9.750000,11.120000,9.750000,10.280000,10.060685,13200
2016-08-12,10.800000,10.800000,10.450000,10.450000,10.227058,2000
2016-08-15,11.000000,11.000000,10.750000,10.760000,10.530445,1500
2016-08-16,10.950000,10.950000,10.750000,10.750000,10.520658,3600
2016-08-17,10.820000,11.010000,10.200000,10.270000,10.050899,5800
2016-08-18,10.270000,10.270000,10.270000,10.270000,10.050899,100
2016-08-19,10.270000,10.270000,10.270000,10.270000,10.050899,0
2016-08-22,10.060000,10.060000,9.800000,9.800000,9.590926,3300
2016-08-23,9.800000,10.610000,9.800000,10.100000,9.884526,7900
2016-08-24,10.200000,10.300000,10.100000,10.100000,9.884526,2000
2016-08-25,10.300000,10.400000,10.300000,10.400000,10.178124,300
2016-08-26,9.990000,9.990000,9.990000,9.990000,9.776872,200
2016-08-29,9.990000,9.990000,9.990000,9.990000,9.776872,0
2016-08-30,9.990000,9.990000,9.990000,9.990000,9.776872,0
2016-08-31,10.000000,10.250000,9.950000,9.950000,9.737725,4300
2016-09-01,10.190000,10.190000,10.080000,10.100000,9.884526,400
2016-09-02,10.100000,10.100000,9.970000,10.100000,9.884526,1300
2016-09-06,10.190000,10.910000,10.190000,10.200000,9.982391,1500
2016-09-07,9.970000,10.840000,9.970000,10.090000,9.874739,1200
2016-09-08,10.070000,10.490000,10.070000,10.490000,10.266205,600
2016-09-09,10.580000,10.580000,10.090000,10.540000,10.315139,2800
2016-09-12,10.540000,10.540000,10.540000,10.540000,10.315139,0
2016-09-13,10.540000,10.540000,10.540000,10.540000,10.315139,0
2016-09-14,10.100000,10.420000,10.090000,10.300000,10.080258,1600
2016-09-15,10.150000,10.200000,10.150000,10.200000,9.982391,300
2016-09-16,10.090000,10.700000,10.090000,10.700000,10.471725,800
2016-09-19,10.120000,10.120000,10.120000,10.120000,9.904099,100
2016-09-20,10.120000,10.120000,10.120000,10.120000,9.904099,0
2016-09-21,10.120000,10.120000,10.120000,10.120000,9.904099,0
2016-09-22,10.660000,10.660000,10.610000,10.610000,10.383644,400
2016-09-23,10.520000,10.520000,10.520000,10.520000,10.295566,200
2016-09-26,10.150000,10.500000,10.150000,10.470000,10.246632,8100
2016-09-27,10.460000,10.460000,10.300000,10.300000,10.080258,900
2016-09-28,10.580000,11.490000,10.380000,11.490000,11.244871,10500
2016-09-29,11.410000,12.340000,11.010000,12.340000,12.076737,8400
2016-09-30,11.290000,11.640000,10.560000,10.600000,10.373858,5200
2016-10-03,11.580000,11.580000,11.250000,11.280000,11.039351,5200
2016-10-04,11.240000,11.270000,11.150000,11.270000,11.029565,1100
2016-10-05,11.270000,11.270000,11.270000,11.270000,11.029565,0
2016-10-06,11.270000,11.270000,11.270000,11.270000,11.029565,0
2016-10-07,11.270000,11.270000,11.270000,11.270000,11.029565,0
2016-10-10,10.760000,11.740000,10.760000,11.730000,11.479750,2100
2016-10-11,10.750000,10.940000,10.750000,10.940000,10.706604,400
2016-10-12,10.940000,10.940000,10.940000,10.940000,10.706604,0
2016-10-13,11.440000,11.800000,11.360000,11.800000,11.548258,1500
2016-10-14,10.950000,11.410000,10.950000,11.370000,11.127431,800
2016-10-17,11.500000,11.930000,11.490000,11.930000,11.675484,1000
2016-10-18,11.990000,11.990000,11.290000,11.290000,11.049138,1200
2016-10-19,11.250000,11.250000,11.250000,11.250000,11.009991,100
2016-10-20,11.250000,11.250000,11.250000,11.250000,11.009991,0
2016-10-21,11.900000,11.900000,11.020000,11.200000,10.961058,2200
2016-10-24,11.250000,11.250000,10.460000,10.840000,10.608738,2900
2016-10-25,10.500000,10.780000,10.450000,10.450000,10.227058,300
2016-10-26,10.500000,10.560000,10.390000,10.560000,10.334712,2300
2016-10-27,10.500000,10.640000,10.440000,10.470000,10.246632,5200
2016-10-28,10.470000,10.470000,10.470000,10.470000,10.246632,400
2016-10-31,10.350000,10.420000,10.350000,10.390000,10.168339,1800
2016-11-01,10.430000,10.480000,10.320000,10.320000,10.099832,1900
2016-11-02,10.370000,10.380000,10.280000,10.280000,10.060685,1100
2016-11-03,10.270000,10.270000,10.270000,10.270000,10.050899,400
2016-11-04,10.270000,10.270000,10.270000,10.270000,10.050899,0
2016-11-07,10.350000,11.210000,10.340000,10.550000,10.324925,4600
2016-11-08,10.550000,10.550000,10.550000,10.550000,10.324925,0
2016-11-09,10.090000,10.960000,9.860000,10.780000,10.550017,2000
2016-11-10,10.860000,10.860000,10.860000,10.860000,10.628311,100
2016-11-11,10.980000,10.980000,10.810000,10.810000,10.579378,300
2016-11-14,11.100000,11.250000,11.100000,11.230000,10.990417,3200
2016-11-15,11.080000,11.080000,11.080000,11.080000,10.843618,200
2016-11-16,11.130000,11.130000,11.130000,11.130000,10.892551,200
2016-11-17,11.160000,11.160000,11.160000,11.160000,10.921911,400
2016-11-18,11.230000,11.230000,11.000000,11.000000,10.765325,1500
2016-11-21,11.190000,11.590000,11.190000,11.590000,11.342738,5900
2016-11-22,11.590000,11.590000,11.590000,11.590000,11.342738,0
2016-11-23,11.620000,11.770000,11.620000,11.770000,11.518898,800
2016-11-25,11.770000,11.770000,11.770000,11.770000,11.518898,0
2016-11-28,12.000000,12.000000,11.550000,11.950000,11.695057,700
2016-11-29,11.500000,11.650000,11.430000,11.620000,11.487453,11900
2016-11-30,11.520000,11.620000,11.500000,11.620000,11.487453,900
2016-12-01,12.000000,12.000000,11.640000,11.760000,11.625855,2200
2016-12-02,12.000000,12.000000,11.810000,11.890000,11.754373,600
2016-12-05,11.600000,11.890000,11.540000,11.890000,11.754373,700
2016-12-06,11.590000,11.880000,11.590000,11.880000,11.744487,600
2016-12-07,11.920000,11.920000,11.890000,11.890000,11.754373,500
2016-12-08,11.860000,11.940000,11.580000,11.580000,11.447908,900
2016-12-09,11.570000,11.920000,11.520000,11.860000,11.724714,2100
2016-12-12,12.010000,12.010000,11.170000,11.750000,11.615970,1800
2016-12-13,11.830000,11.830000,10.500000,11.680000,11.546768,1200
2016-12-14,11.800000,11.810000,11.660000,11.810000,11.675285,1300
2016-12-15,11.780000,11.800000,11.250000,11.760000,11.625855,3100
2016-12-16,11.750000,11.750000,11.750000,11.750000,11.615970,500
2016-12-19,11.750000,11.750000,11.750000,11.750000,11.615970,0
2016-12-20,11.750000,11.750000,11.750000,11.750000,11.615970,0
2016-12-21,11.810000,11.810000,11.790000,11.790000,11.655514,400
2016-12-22,11.790000,11.790000,11.790000,11.790000,11.655514,0
2016-12-23,11.790000,11.790000,11.790000,11.790000,11.655514,0
2016-12-27,11.790000,11.790000,11.060000,11.150000,11.022814,1200
2016-12-28,11.150000,11.150000,11.150000,11.150000,11.022814,0
2016-12-29,11.750000,11.750000,11.740000,11.740000,11.606084,700
2016-12-30,11.710000,11.870000,11.710000,11.820000,11.685171,1800
2017-01-03,11.570000,11.800000,11.550000,11.550000,11.418251,1900
2017-01-04,11.810000,11.970000,11.520000,11.520000,11.388594,2600
2017-01-05,12.000000,12.000000,11.220000,11.840000,11.704943,3500
2017-01-06,11.820000,11.900000,11.740000,11.900000,11.764258,2800
2017-01-09,11.760000,12.000000,11.760000,12.000000,11.863118,2000
2017-01-10,11.800000,11.840000,11.550000,11.840000,11.704943,800
2017-01-11,11.900000,11.900000,11.900000,11.900000,11.764258,200
2017-01-12,12.000000,12.000000,11.730000,11.730000,11.596197,300
2017-01-13,11.920000,12.000000,11.520000,11.980000,11.843346,5000
2017-01-17,11.980000,11.980000,11.980000,11.980000,11.843346,0
2017-01-18,11.970000,11.970000,11.970000,11.970000,11.833461,200
2017-01-19,11.970000,11.970000,11.970000,11.970000,11.833461,0
2017-01-20,11.970000,11.970000,11.750000,11.880000,11.744487,1200
2017-01-23,11.690000,11.690000,11.120000,11.120000,10.993155,1400
2017-01-24,11.400000,11.890000,11.400000,11.890000,11.754373,800
2017-01-25,11.800000,11.800000,11.470000,11.600000,11.467681,800
2017-01-26,11.550000,11.820000,11.550000,11.820000,11.685171,1500
2017-01-27,11.870000,11.870000,11.260000,11.650000,11.517110,3900
2017-01-30,11.760000,11.800000,11.750000,11.750000,11.615970,900
2017-01-31,11.190000,11.930000,11.190000,11.880000,11.744487,1200
2017-02-01,11.750000,11.750000,11.560000,11.560000,11.428138,1100
2017-02-02,11.560000,11.560000,11.560000,11.560000,11.428138,0
2017-02-03,11.810000,11.850000,11.810000,11.850000,11.714829,400
2017-02-06,11.750000,11.750000,11.260000,11.650000,11.517110,1500
2017-02-07,11.650000,11.650000,11.650000,11.650000,11.517110,0
2017-02-08,11.500000,11.500000,11.260000,11.260000,11.131559,1100
2017-02-09,11.260000,11.570000,11.260000,11.570000,11.438023,400
2017-02-10,11.450000,11.450000,11.450000,11.450000,11.319391,100
2017-02-13,11.570000,11.910000,11.310000,11.320000,11.190874,1100
2017-02-14,11.320000,11.560000,11.320000,11.560000,11.428138,500
2017-02-15,11.390000,12.000000,11.390000,11.440000,11.309505,14700
2017-02-16,11.440000,11.440000,11.440000,11.440000,11.309505,0
2017-02-17,11.440000,11.440000,11.440000,11.440000,11.309505,0
2017-02-21,11.660000,11.660000,11.660000,11.660000,11.526996,1000
2017-02-22,11.680000,11.680000,11.400000,11.400000,11.269961,500
2017-02-23,11.350000,11.550000,11.350000,11.360000,11.230418,400
2017-02-24,11.360000,11.360000,11.360000,11.360000,11.230418,1200
2017-02-27,11.330000,11.550000,11.330000,11.550000,11.418251,1400
2017-02-28,11.350000,11.430000,11.350000,11.430000,11.299620,500
2017-03-01,11.370000,11.530000,11.350000,11.450000,11.319391,900
2017-03-02,11.580000,11.840000,11.390000,11.820000,11.685171,2300
2017-03-03,11.630000,11.650000,11.350000,11.500000,11.368821,8000
2017-03-06,11.500000,11.560000,10.550000,10.550000,10.429658,15800
2017-03-07,10.600000,10.600000,10.460000,10.460000,10.340685,3100
2017-03-08,10.490000,10.500000,10.040000,10.110000,9.994677,6000
2017-03-09,10.250000,10.250000,9.850000,9.990000,9.876045,6800
2017-03-10,9.990000,10.080000,9.540000,9.770000,9.658556,6700
2017-03-13,9.790000,10.160000,9.570000,10.100000,9.984792,21600
2017-03-14,10.100000,10.470000,10.100000,10.100000,9.984792,2500
2017-03-15,10.150000,10.330000,9.930000,10.230000,10.113308,5300
2017-03-16,10.150000,10.310000,10.150000,10.150000,10.034220,5300
2017-03-17,10.190000,10.190000,9.940000,9.950000,9.836502,47900
2017-03-20,10.100000,10.230000,9.920000,10.090000,9.974905,3300
2017-03-21,10.090000,10.500000,10.090000,10.450000,10.330798,7700
2017-03-22,10.270000,10.550000,10.270000,10.550000,10.429658,500
2017-03-23,10.550000,10.550000,10.550000,10.550000,10.429658,0
2017-03-24,10.200000,10.300000,10.200000,10.300000,10.182509,300
2017-03-27,10.290000,10.350000,9.860000,9.860000,9.747528,10600
2017-03-28,10.100000,10.100000,9.810000,9.820000,9.707985,2300
2017-03-29,9.810000,10.000000,9.470000,9.910000,9.796958,6600
2017-03-30,10.000000,10.150000,9.660000,9.660000,9.549809,3000
2017-03-31,9.910000,10.060000,9.410000,10.000000,9.885932,3300
2017-04-03,9.770000,9.970000,9.690000,9.690000,9.579468,2000
2017-04-04,9.760000,10.130000,9.760000,10.000000,9.885932,4500
2017-04-05,9.740000,10.010000,9.740000,10.010000,9.895818,2200
2017-04-06,9.750000,9.750000,9.750000,9.750000,9.638783,100
2017-04-07,9.850000,10.000000,9.760000,10.000000,9.885932,17800
2017-04-10,10.000000,10.000000,9.650000,9.650000,9.539924,1800
2017-04-11,9.830000,10.680000,9.830000,10.100000,9.984792,900
2017-04-12,10.100000,10.100000,10.100000,10.100000,9.984792,0
2017-04-13,10.100000,10.100000,10.100000,10.100000,9.984792,0
2017-04-17,9.850000,10.300000,9.850000,10.300000,10.182509,1600
2017-04-18,10.300000,10.300000,10.300000,10.300000,10.182509,0
2017-04-19,10.210000,10.210000,9.810000,9.810000,9.698099,900
2017-04-20,9.840000,9.840000,9.840000,9.840000,9.727757,100
2017-04-21,10.100000,10.100000,10.100000,10.100000,9.984792,500
2017-04-24,9.960000,10.010000,9.650000,9.720000,9.609126,2700
2017-04-25,9.890000,9.890000,9.890000,9.890000,9.777186,200
2017-04-26,9.840000,9.840000,9.710000,9.710000,9.599239,1300
2017-04-27,9.130000,9.130000,9.130000,9.130000,9.025856,400
2017-04-28,9.900000,9.990000,9.870000,9.990000,9.876045,1400
2017-05-01,9.690000,9.900000,9.690000,9.900000,9.787072,1700
2017-05-02,10.000000,10.000000,9.750000,9.830000,9.717871,1700
2017-05-03,10.000000,10.000000,10.000000,10.000000,9.885932,2200
2017-05-04,10.000000,10.000000,9.950000,10.000000,9.885932,1900
2017-05-05,10.000000,10.000000,10.000000,10.000000,9.885932,0
2017-05-08,10.010000,10.010000,10.010000,10.010000,9.895818,200
2017-05-09,10.010000,10.010000,10.010000,10.010000,9.895818,0
2017-05-10,9.410000,10.000000,9.410000,10.000000,9.885932,4200
2017-05-11,9.900000,10.000000,9.730000,9.770000,9.658556,10700
2017-05-12,9.780000,9.780000,9.780000,9.780000,9.668441,300
2017-05-15,10.050000,10.070000,9.900000,10.070000,9.955132,3700
2017-05-16,9.750000,10.090000,9.750000,10.090000,9.974905,1800
2017-05-17,10.060000,10.090000,10.060000,10.090000,9.974905,300
2017-05-18,10.150000,10.150000,10.150000,10.150000,10.034220,400
2017-05-19,10.230000,10.300000,10.190000,10.250000,10.133080,1000
2017-05-22,10.340000,10.340000,10.180000,10.180000,10.063879,900
2017-05-23,10.180000,10.180000,10.180000,10.180000,10.063879,0
2017-05-24,10.050000,10.140000,10.050000,10.140000,10.024335,400
2017-05-25,10.150000,10.150000,10.030000,10.030000,9.915589,300
2017-05-26,10.030000,10.030000,10.030000,10.030000,9.915589,0
2017-05-30,10.050000,10.050000,10.050000,10.050000,9.935362,400
2017-05-31,10.060000,10.350000,10.050000,10.350000,10.231939,4600
2017-06-01,10.110000,10.110000,10.020000,10.020000,9.905704,2400
2017-06-02,10.020000,10.110000,10.020000,10.100000,9.984792,900
2017-06-05,9.900000,10.000000,9.900000,10.000000,9.885932,2300
2017-06-06,10.000000,10.000000,10.000000,10.000000,9.885932,200
2017-06-07,9.500000,10.000000,9.500000,9.950000,9.836502,7000
2017-06-08,10.000000,10.000000,10.000000,10.000000,9.885932,1100
2017-06-09,9.950000,10.680000,9.860000,10.640000,10.518632,22000
2017-06-12,10.520000,10.520000,10.520000,10.520000,10.400001,200
2017-06-13,10.010000,11.000000,10.010000,11.000000,10.874525,2300
2017-06-14,10.050000,11.000000,10.050000,11.000000,10.874525,3400
2017-06-15,10.260000,11.070000,10.260000,11.030000,10.904182,7400
2017-06-16,10.800000,11.150000,10.380000,11.000000,10.874525,6200
2017-06-19,10.660000,10.900000,10.660000,10.900000,10.775665,1200
2017-06-20,10.680000,11.020000,10.680000,11.010000,10.884411,1900
2017-06-21,10.980000,10.980000,10.520000,10.520000,10.400001,2100
2017-06-22,10.550000,11.350000,10.550000,11.350000,11.220532,10200
2017-06-23,10.970000,10.970000,10.970000,10.970000,10.844868,1400
2017-06-26,11.580000,11.580000,11.100000,11.120000,10.993155,2800
2017-06-27,11.150000,11.150000,11.150000,11.150000,11.022814,500
2017-06-28,11.420000,11.420000,11.420000,11.420000,11.289734,1500
2017-06-29,11.150000,12.500000,11.150000,12.500000,12.357414,8600
2017-06-30,11.810000,12.250000,10.980000,11.930000,11.793917,8500
2017-07-03,11.740000,12.270000,11.700000,11.740000,11.606084,2300
2017-07-05,12.500000,12.500000,11.730000,11.850000,11.714829,4100
2017-07-06,11.850000,11.850000,11.850000,11.850000,11.714829,0
2017-07-07,12.250000,12.250000,12.080000,12.120000,11.981749,1100
2017-07-10,11.860000,12.240000,11.450000,11.450000,11.319391,2300
2017-07-11,11.500000,11.850000,10.940000,10.960000,10.834981,6100
2017-07-12,10.930000,11.150000,10.930000,11.000000,10.874525,1200
2017-07-13,11.000000,11.280000,10.800000,11.280000,11.151331,2500
2017-07-14,11.000000,11.430000,10.830000,10.830000,10.706464,4700
2017-07-17,10.850000,11.330000,10.850000,11.330000,11.200761,1800
2017-07-18,10.880000,10.950000,10.430000,10.650000,10.528517,69800
2017-07-19,10.830000,10.970000,10.650000,10.650000,10.528517,2300
2017-07-20,10.730000,10.730000,10.720000,10.720000,10.597719,700
2017-07-21,10.450000,10.580000,10.400000,10.510000,10.390115,5400
2017-07-24,10.510000,10.510000,10.510000,10.510000,10.390115,0
2017-07-25,10.790000,10.790000,10.500000,10.550000,10.429658,2400
2017-07-26,10.550000,10.550000,10.550000,10.550000,10.429658,0
2017-07-27,10.620000,10.620000,10.610000,10.620000,10.498859,1000
2017-07-28,10.630000,10.640000,10.560000,10.620000,10.498859,3600
2017-07-31,10.640000,10.640000,10.600000,10.620000,10.498859,1700
2017-08-01,10.680000,10.680000,10.570000,10.680000,10.558175,1500
2017-08-02,10.600000,10.600000,10.550000,10.550000,10.429658,1300
2017-08-03,10.670000,10.670000,10.550000,10.550000,10.429658,2300
2017-08-04,10.600000,10.670000,10.600000,10.650000,10.528517,1900
2017-08-07,10.670000,10.830000,10.670000,10.800000,10.676806,2800
2017-08-08,10.830000,10.950000,10.810000,10.950000,10.825095,900
2017-08-09,10.970000,11.430000,10.970000,11.430000,11.299620,3000
2017-08-10,11.130000,11.450000,10.700000,11.450000,11.319391,10500
2017-08-11,11.320000,11.420000,11.000000,11.200000,11.072244,9000
2017-08-14,11.360000,11.790000,10.750000,11.600000,11.467681,3100
2017-08-15,11.370000,11.370000,11.200000,11.200000,11.072244,1100
2017-08-16,11.090000,11.340000,10.950000,11.340000,11.210647,3000
2017-08-17,11.250000,11.550000,11.250000,11.360000,11.230418,2100
2017-08-18,11.320000,11.330000,11.200000,11.300000,11.171103,5300
2017-08-21,10.730000,11.000000,10.730000,11.000000,10.874525,2900
2017-08-22,11.000000,11.000000,11.000000,11.000000,10.874525,900
2017-08-23,10.820000,11.250000,10.820000,11.250000,11.121673,400
2017-08-24,11.250000,11.250000,11.250000,11.250000,11.121673,0
2017-08-25,11.250000,11.250000,11.250000,11.250000,11.121673,500
2017-08-28,11.350000,11.350000,10.900000,10.900000,10.775665,1800
2017-08-29,11.050000,11.200000,10.950000,10.950000,10.825095,1500
2017-08-30,10.900000,10.900000,10.550000,10.830000,10.706464,5100
2017-08-31,10.930000,10.930000,10.550000,10.550000,10.429658,900
2017-09-01,10.530000,10.800000,10.530000,10.800000,10.676806,1000
2017-09-05,10.920000,10.920000,10.520000,10.520000,10.400001,300
2017-09-06,10.350000,10.350000,10.130000,10.130000,10.014449,800
2017-09-07,10.040000,10.200000,10.040000,10.040000,9.925475,1300
2017-09-08,10.090000,10.090000,9.670000,9.670000,9.559696,5500
2017-09-11,9.700000,9.720000,9.270000,9.720000,9.609126,700
2017-09-12,9.950000,10.100000,9.680000,10.100000,9.984792,3200
2017-09-13,9.800000,9.900000,9.650000,9.650000,9.539924,4800
2017-09-14,9.650000,10.670000,9.650000,10.450000,10.330798,10500
2017-09-15,10.750000,10.750000,9.980000,10.510000,10.390115,5400
2017-09-18,10.500000,10.850000,10.500000,10.520000,10.400001,6800
2017-09-19,11.950000,11.950000,10.740000,11.200000,11.072244,3200
2017-09-20,11.010000,11.190000,10.740000,10.960000,10.834981,4900
2017-09-21,11.210000,11.740000,10.520000,11.130000,11.003042,8300
2017-09-22,11.100000,11.240000,10.630000,11.100000,10.973385,4000
2017-09-25,11.110000,11.400000,11.100000,11.230000,11.101901,3400
2017-09-26,10.900000,11.050000,10.900000,10.990000,10.864638,2300
2017-09-27,11.110000,11.130000,10.530000,11.090000,10.963498,2500
2017-09-28,11.090000,11.090000,11.090000,11.090000,10.963498,0
2017-09-29,10.760000,10.760000,10.760000,10.760000,10.637262,500
2017-10-02,10.990000,11.120000,10.800000,11.120000,10.993155,1400
2017-10-03,10.900000,10.900000,10.500000,10.500000,10.380228,5500
2017-10-04,10.680000,11.270000,10.600000,11.270000,11.141445,2500
2017-10-05,11.690000,11.690000,10.520000,10.590000,10.469202,1500
2017-10-06,10.510000,10.690000,10.510000,10.690000,10.568061,1100
2017-10-09,10.690000,10.690000,10.690000,10.690000,10.568061,0
2017-10-10,10.630000,10.740000,10.630000,10.740000,10.617491,1300
2017-10-11,11.070000,11.070000,10.500000,10.710000,10.587832,4000
2017-10-12,10.680000,10.760000,10.680000,10.720000,10.597719,900
2017-10-13,10.720000,10.720000,10.720000,10.720000,10.597719,0
2017-10-16,10.550000,10.710000,10.350000,10.710000,10.587832,4200
2017-10-17,10.510000,10.660000,10.510000,10.660000,10.538403,1200
2017-10-18,10.800000,10.890000,10.750000,10.890000,10.765779,2400
2017-10-19,11.000000,11.010000,11.000000,11.010000,10.884411,600
2017-10-20,11.010000,11.010000,11.010000,11.010000,10.884411,0
2017-10-23,11.230000,11.230000,11.000000,11.000000,10.874525,700
2017-10-24,11.000000,11.060000,11.000000,11.060000,10.933841,900
2017-10-25,11.130000,11.130000,11.000000,11.000000,10.874525,300
2017-10-26,11.000000,11.000000,11.000000,11.000000,10.874525,0
2017-10-27,10.970000,11.020000,10.970000,11.020000,10.894297,800
2017-10-30,11.000000,11.380000,11.000000,11.380000,11.250191,1400
2017-10-31,11.000000,11.000000,11.000000,11.000000,10.874525,2600
2017-11-01,11.000000,11.000000,11.000000,11.000000,10.874525,0
2017-11-02,10.350000,11.050000,10.350000,11.050000,10.923955,2200
2017-11-03,11.050000,11.050000,11.050000,11.050000,10.923955,0
2017-11-06,11.000000,11.000000,11.000000,11.000000,10.874525,400
2017-11-07,10.390000,11.000000,10.390000,11.000000,10.874525,900
2017-11-08,11.000000,11.000000,11.000000,11.000000,10.874525,0
2017-11-09,11.000000,11.000000,11.000000,11.000000,10.874525,0
2017-11-10,11.000000,11.890000,11.000000,11.100000,10.973385,700
2017-11-13,11.250000,11.250000,11.240000,11.240000,11.111787,400
2017-11-14,11.240000,11.240000,11.240000,11.240000,11.111787,0
2017-11-15,11.020000,11.020000,11.020000,11.020000,10.894297,400
2017-11-16,11.020000,11.020000,11.020000,11.020000,10.894297,0
2017-11-17,11.020000,11.020000,11.020000,11.020000,10.894297,0
2017-11-20,11.380000,11.380000,11.380000,11.380000,11.250191,200
2017-11-21,11.890000,11.890000,11.250000,11.250000,11.121673,400
2017-11-22,11.250000,11.250000,11.250000,11.250000,11.121673,0
2017-11-24,11.500000,11.500000,11.500000,11.500000,11.368821,100
2017-11-27,11.500000,11.500000,11.500000,11.500000,11.368821,0
2017-11-28,11.240000,11.240000,11.240000,11.240000,11.111787,300
2017-11-29,11.240000,11.240000,11.240000,11.240000,11.111787,0
2017-11-30,11.220000,11.220000,11.220000,11.220000,11.092015,300
2017-12-01,11.220000,11.220000,11.220000,11.220000,11.092015,0
2017-12-04,10.510000,11.000000,10.510000,10.930000,10.805324,8300
2017-12-05,11.000000,11.060000,10.950000,11.060000,10.933841,3000
2017-12-06,10.900000,10.900000,10.520000,10.520000,10.400001,1100
2017-12-07,10.520000,10.520000,10.520000,10.520000,10.520000,0
2017-12-08,10.520000,10.520000,10.520000,10.520000,10.520000,0
2017-12-11,10.520000,10.520000,10.520000,10.520000,10.520000,0
2017-12-12,10.350000,10.350000,10.320000,10.350000,10.350000,3300
2017-12-13,10.310000,11.010000,10.310000,11.000000,11.000000,2300
2017-12-14,10.600000,11.010000,10.520000,11.000000,11.000000,9400
2017-12-15,11.100000,11.250000,11.000000,11.000000,11.000000,10600
2017-12-18,11.150000,11.180000,10.830000,11.000000,11.000000,6200
2017-12-19,11.000000,11.040000,11.000000,11.000000,11.000000,4300
2017-12-20,11.150000,11.150000,10.950000,10.950000,10.950000,1400
2017-12-21,10.730000,11.020000,10.730000,11.000000,11.000000,5600
2017-12-22,11.000000,11.000000,11.000000,11.000000,11.000000,0
2017-12-26,11.000000,11.000000,10.860000,11.000000,11.000000,2000
2017-12-27,11.000000,11.070000,11.000000,11.070000,11.070000,4300
2017-12-28,11.070000,11.070000,11.070000,11.070000,11.070000,0
2017-12-29,11.240000,11.240000,11.240000,11.240000,11.240000,300
2018-01-02,11.230000,11.660000,11.000000,11.050000,11.050000,18700
2018-01-03,11.000000,11.000000,11.000000,11.000000,11.000000,900
2018-01-04,11.250000,11.450000,11.000000,11.000000,11.000000,11200
2018-01-05,11.060000,11.750000,11.000000,11.000000,11.000000,12600
2018-01-08,11.170000,11.480000,11.010000,11.450000,11.450000,3700
2018-01-09,11.450000,11.450000,11.450000,11.450000,11.450000,0
2018-01-10,11.450000,11.600000,11.450000,11.450000,11.450000,1300
2018-01-11,11.450000,11.580000,11.060000,11.060000,11.060000,5900
2018-01-12,11.110000,11.110000,10.800000,10.870000,10.870000,1500
2018-01-16,11.080000,11.200000,11.040000,11.110000,11.110000,7800
2018-01-17,11.120000,11.120000,11.070000,11.070000,11.070000,900
2018-01-18,11.070000,11.070000,11.070000,11.070000,11.070000,0
2018-01-19,11.070000,11.070000,11.070000,11.070000,11.070000,0
2018-01-22,10.870000,11.000000,10.050000,10.420000,10.420000,90200
2018-01-23,10.420000,10.420000,10.420000,10.420000,10.420000,0
2018-01-24,10.250000,10.310000,9.680000,10.000000,10.000000,5800
2018-01-25,10.000000,10.000000,10.000000,10.000000,10.000000,0
2018-01-26,10.000000,10.000000,10.000000,10.000000,10.000000,500
2018-01-29,10.000000,10.000000,10.000000,10.000000,10.000000,0
2018-01-30,10.000000,10.000000,10.000000,10.000000,10.000000,0
2018-01-31,10.000000,10.430000,9.670000,10.170000,10.170000,31500
2018-02-01,9.760000,9.760000,9.760000,9.760000,9.760000,500
2018-02-02,9.990000,9.990000,9.990000,9.990000,9.990000,400
2018-02-05,10.000000,10.000000,10.000000,10.000000,10.000000,1100
2018-02-06,9.820000,9.820000,9.820000,9.820000,9.820000,300
2018-02-07,9.540000,9.540000,9.540000,9.540000,9.540000,1400
2018-02-08,9.400000,9.400000,9.400000,9.400000,9.400000,500
2018-02-09,9.230000,9.490000,9.200000,9.200000,9.200000,1400
2018-02-12,9.230000,9.230000,9.230000,9.230000,9.230000,400
2018-02-13,9.500000,9.750000,9.500000,9.620000,9.620000,3400
2018-02-14,9.620000,9.620000,9.620000,9.620000,9.620000,0
2018-02-15,9.590000,9.810000,9.590000,9.810000,9.810000,400
2018-02-16,9.820000,9.950000,9.820000,9.950000,9.950000,800
2018-02-20,9.510000,9.510000,9.500000,9.500000,9.500000,600
2018-02-21,9.500000,9.680000,9.500000,9.680000,9.680000,600
2018-02-22,9.980000,9.980000,9.530000,9.530000,9.530000,400
2018-02-23,9.530000,9.530000,9.530000,9.530000,9.530000,0
2018-02-26,9.550000,9.960000,9.550000,9.950000,9.950000,400
2018-02-27,9.950000,9.950000,9.950000,9.950000,9.950000,0
2018-02-28,9.750000,9.750000,9.600000,9.600000,9.600000,600
2018-03-01,9.600000,9.600000,9.600000,9.600000,9.600000,0
2018-03-02,9.530000,9.540000,9.530000,9.540000,9.540000,500
2018-03-05,10.000000,10.000000,9.800000,10.000000,10.000000,2400
2018-03-06,10.000000,10.000000,9.990000,9.990000,9.990000,2900
2018-03-07,9.980000,10.000000,9.970000,9.990000,9.990000,3000
2018-03-08,10.000000,10.000000,9.950000,9.950000,9.950000,2400
2018-03-09,10.000000,10.000000,10.000000,10.000000,10.000000,2100
2018-03-12,10.000000,10.000000,9.730000,9.950000,9.950000,2500
2018-03-13,9.800000,10.000000,9.800000,10.000000,10.000000,4400
2018-03-14,10.000000,10.000000,9.480000,9.560000,9.560000,11400
2018-03-15,9.810000,9.990000,9.540000,9.690000,9.690000,5000
2018-03-16,9.690000,9.760000,9.530000,9.530000,9.530000,6900
2018-03-19,9.660000,9.820000,9.500000,9.500000,9.500000,4500
2018-03-20,9.720000,9.720000,9.490000,9.680000,9.680000,7300
2018-03-21,9.480000,9.730000,9.480000,9.730000,9.730000,400
2018-03-22,9.800000,9.990000,9.800000,9.820000,9.820000,4100
2018-03-23,9.950000,9.950000,9.940000,9.940000,9.940000,400
2018-03-26,9.940000,9.940000,9.940000,9.940000,9.940000,0
2018-03-27,10.000000,10.000000,10.000000,10.000000,10.000000,1500
2018-03-28,10.000000,10.000000,10.000000,10.000000,10.000000,1200
2018-03-29,9.950000,10.000000,9.830000,9.840000,9.840000,4700
2018-04-02,9.770000,10.000000,9.500000,9.580000,9.580000,1800
2018-04-03,9.750000,9.950000,9.750000,9.750000,9.750000,800
2018-04-04,9.950000,9.950000,9.950000,9.950000,9.950000,200
2018-04-05,9.990000,9.990000,9.980000,9.980000,9.980000,1100
2018-04-06,9.750000,9.800000,9.700000,9.800000,9.800000,3300
2018-04-09,9.750000,9.750000,9.300000,9.300000,9.300000,3500
2018-04-10,9.400000,9.500000,9.250000,9.350000,9.350000,5000
2018-04-11,9.250000,9.320000,9.070000,9.320000,9.320000,1200
2018-04-12,9.500000,9.500000,9.500000,9.500000,9.500000,400
2018-04-13,9.450000,9.450000,9.440000,9.440000,9.440000,600
2018-04-16,9.950000,9.950000,9.950000,9.950000,9.950000,200
2018-04-17,9.400000,9.400000,9.400000,9.400000,9.400000,700
2018-04-18,9.250000,9.250000,9.200000,9.200000,9.200000,700
2018-04-19,9.250000,9.330000,9.250000,9.300000,9.300000,1900
2018-04-20,9.300000,9.300000,9.300000,9.300000,9.300000,0
2018-04-23,9.430000,9.430000,9.430000,9.430000,9.430000,5000
2018-04-24,9.430000,9.430000,9.430000,9.430000,9.430000,0
2018-04-25,9.100000,9.120000,9.100000,9.120000,9.120000,300
2018-04-26,9.200000,9.200000,8.660000,9.070000,9.070000,8700
2018-04-27,9.040000,9.040000,9.000000,9.000000,9.000000,1100
2018-04-30,8.830000,9.050000,8.830000,8.880000,8.880000,2700
2018-05-01,8.750000,8.900000,8.670000,8.800000,8.800000,15100
2018-05-02,9.330000,9.490000,8.800000,8.900000,8.900000,6200
2018-05-03,8.800000,8.850000,8.720000,8.720000,8.720000,3200
2018-05-04,8.720000,8.720000,8.720000,8.720000,8.720000,0
2018-05-07,8.460000,8.560000,8.330000,8.560000,8.560000,6500
2018-05-08,8.900000,9.030000,8.780000,8.870000,8.870000,8000
2018-05-09,8.800000,8.800000,8.800000,8.800000,8.800000,2300
2018-05-10,9.240000,9.250000,9.240000,9.250000,9.250000,500
2018-05-11,8.530000,8.530000,8.180000,8.180000,8.180000,1700
2018-05-14,8.220000,8.860000,8.190000,8.860000,8.860000,7500
2018-05-15,8.750000,9.230000,8.700000,8.700000,8.700000,19700
2018-05-16,9.000000,9.000000,8.850000,8.850000,8.850000,400
2018-05-17,8.790000,8.790000,8.500000,8.510000,8.510000,4800
2018-05-18,8.340000,8.590000,8.250000,8.380000,8.380000,12400
2018-05-21,8.450000,8.500000,8.450000,8.500000,8.500000,1800
2018-05-22,8.500000,8.500000,8.500000,8.500000,8.500000,0
2018-05-23,8.470000,8.580000,8.300000,8.320000,8.320000,1300
2018-05-24,8.300000,8.300000,8.270000,8.300000,8.300000,1400
2018-05-25,8.500000,8.600000,8.450000,8.450000,8.450000,1800
2018-05-29,8.300000,8.870000,8.300000,8.550000,8.550000,8700
2018-05-30,8.500000,8.700000,8.500000,8.500000,8.500000,1200
2018-05-31,8.840000,8.840000,8.840000,8.840000,8.840000,200
2018-06-01,8.650000,8.750000,8.630000,8.750000,8.750000,2700
2018-06-04,8.750000,8.880000,8.520000,8.800000,8.800000,3000
2018-06-05,8.860000,8.900000,8.860000,8.900000,8.900000,300
2018-06-06,8.800000,8.800000,8.530000,8.530000,8.530000,900
2018-06-07,8.510000,8.680000,8.510000,8.680000,8.680000,600
2018-06-08,8.790000,8.800000,8.650000,8.700000,8.700000,7500
2018-06-11,8.700000,9.110000,8.700000,9.050000,9.050000,13700
2018-06-12,9.060000,9.150000,8.550000,8.550000,8.550000,27400
2018-06-13,8.690000,8.920000,8.650000,8.800000,8.800000,27400
2018-06-14,8.720000,8.800000,8.660000,8.800000,8.800000,3200
2018-06-15,8.700000,8.770000,8.700000,8.770000,8.770000,300
2018-06-18,8.780000,8.800000,8.780000,8.800000,8.800000,400
2018-06-19,8.770000,8.800000,8.560000,8.560000,8.560000,800
2018-06-20,8.560000,8.560000,8.560000,8.560000,8.560000,0
2018-06-21,8.770000,8.770000,8.770000,8.770000,8.770000,100
2018-06-22,8.500000,8.520000,8.180000,8.350000,8.350000,26400
2018-06-25,8.620000,8.670000,8.480000,8.480000,8.480000,13700
2018-06-26,8.350000,8.400000,8.050000,8.400000,8.400000,16500
2018-06-27,8.400000,8.400000,8.400000,8.400000,8.400000,0
2018-06-28,8.530000,8.600000,8.530000,8.590000,8.590000,14000
2018-06-29,8.560000,8.560000,8.560000,8.560000,8.560000,100
