Date,Open,High,Low,Close,Adj Close,Volume
2013-01-02,2.832900,3.231070,2.748040,3.204960,3.204960,1063100
2013-01-03,3.231070,3.550910,3.211490,3.335510,3.335510,1096900
2013-01-04,3.387730,3.459530,3.015670,3.022190,3.022190,464700
2013-01-07,3.002610,3.002610,2.754570,2.767620,2.767620,375300
2013-01-08,2.774150,2.898170,2.748040,2.787210,2.787210,126400
2013-01-09,2.826370,2.872060,2.761100,2.793730,2.793730,96800
2013-01-10,2.839430,3.028720,2.682770,2.924280,2.924280,320300
2013-01-11,2.956920,2.969970,2.832900,2.865540,2.865540,94500
2013-01-14,2.885120,2.924280,2.741510,2.754570,2.754570,85000
2013-01-15,2.774150,2.819840,2.748040,2.748040,2.748040,53900
2013-01-16,2.748040,2.806790,2.748040,2.754570,2.754570,66200
2013-01-17,2.754570,2.937340,2.741510,2.845950,2.845950,112300
2013-01-18,2.885120,2.924280,2.748040,2.800260,2.800260,54200
2013-01-22,2.780680,2.885120,2.780680,2.787210,2.787210,65700
2013-01-23,2.813320,2.865540,2.780680,2.826370,2.826370,116000
2013-01-24,2.865540,2.937340,2.826370,2.859010,2.859010,167300
2013-01-25,2.845950,2.878590,2.774150,2.819840,2.819840,88500
2013-01-28,2.826370,2.898170,2.806790,2.813320,2.813320,59100
2013-01-29,2.826370,2.839430,2.774150,2.774150,2.774150,121800
2013-01-30,2.806790,2.806790,2.689290,2.708880,2.708880,141700
2013-01-31,2.682770,3.159270,2.630550,3.067880,3.067880,857500
2013-02-01,3.054830,3.400780,2.885120,3.113580,3.113580,939600
2013-02-04,3.067880,3.315930,2.904700,2.924280,2.924280,742600
2013-02-05,2.976500,3.133160,2.872060,2.878590,2.878590,157900
2013-02-06,2.904700,2.969970,2.845950,2.891640,2.891640,58100
2013-02-07,2.904700,2.904700,2.806790,2.839430,2.839430,75400
2013-02-08,2.832900,3.296340,2.813320,3.218020,3.218020,997600
2013-02-11,3.387730,3.387730,3.107050,3.231070,3.231070,506500
2013-02-12,3.231070,3.250650,3.022190,3.120100,3.120100,185700
2013-02-13,3.107050,3.361620,3.022190,3.087470,3.087470,221100
2013-02-14,3.093990,3.635770,3.067880,3.590080,3.590080,839800
2013-02-15,3.707570,4.464750,3.707570,4.392950,4.392950,2713500
2013-02-19,4.634460,4.732380,3.727150,3.831590,3.831590,1462600
2013-02-20,3.831590,3.831590,3.466060,3.537860,3.537860,469600
2013-02-21,3.524800,3.524800,3.283290,3.439950,3.439950,425400
2013-02-22,3.446480,3.720630,3.387730,3.485640,3.485640,503000
2013-02-25,3.479110,3.570500,3.231070,3.231070,3.231070,396200
2013-02-26,3.296340,3.309400,3.002610,3.022190,3.022190,235000
2013-02-27,3.002610,3.191910,2.989560,3.054830,3.054830,237200
2013-02-28,3.074410,3.387730,3.061360,3.296340,3.296340,471400
2013-03-01,3.328980,3.687990,3.276760,3.466060,3.466060,885200
2013-03-04,3.433420,3.453000,3.198430,3.348560,3.348560,280000
2013-03-05,3.400780,3.400780,3.231070,3.296340,3.296340,166100
2013-03-06,3.348560,3.368150,3.165800,3.218020,3.218020,136500
2013-03-07,3.191910,3.557440,3.159270,3.537860,3.537860,397400
2013-03-08,3.537860,3.753260,3.426890,3.439950,3.439950,581400
2013-03-11,3.407310,3.446480,3.244130,3.322450,3.322450,228300
2013-03-12,3.348560,3.851170,3.348560,3.655350,3.655350,850900
2013-03-13,3.707570,3.818540,3.518280,3.583550,3.583550,371400
2013-03-14,3.557440,3.681460,3.381200,3.453000,3.453000,165900
2013-03-15,3.472580,3.577020,3.381200,3.453000,3.453000,95100
2013-03-18,3.400780,3.453000,3.335510,3.400780,3.400780,83000
2013-03-19,3.413840,3.714100,3.342040,3.603130,3.603130,463600
2013-03-20,3.648830,4.157960,3.635770,3.936030,3.936030,1407800
2013-03-21,3.949090,4.092690,3.674930,3.701040,3.701040,391900
2013-03-22,3.746740,3.805480,3.498690,3.505220,3.505220,186300
2013-03-25,3.590080,3.759790,3.524800,3.616190,3.616190,190600
2013-03-26,3.720630,3.831590,3.603130,3.681460,3.681460,234900
2013-03-27,3.394260,3.518280,3.204960,3.466060,3.466060,739600
2013-03-28,3.479110,3.479110,3.296340,3.335510,3.335510,180500
2013-04-01,3.361620,3.361620,3.270240,3.361620,3.361620,90700
2013-04-02,3.315930,3.433420,3.263710,3.289820,3.289820,126800
2013-04-03,3.342040,3.342040,3.263710,3.276760,3.276760,109400
2013-04-04,3.270240,3.315930,3.100520,3.218020,3.218020,224400
2013-04-05,3.139690,3.198430,3.035250,3.139690,3.139690,163000
2013-04-08,3.093990,3.139690,2.956920,2.969970,2.969970,123200
2013-04-09,2.963450,2.963450,2.813320,2.859010,2.859010,159500
2013-04-10,2.911230,3.087470,2.885120,3.087470,3.087470,143500
2013-04-11,3.054830,3.126630,2.943860,2.989560,2.989560,80300
2013-04-12,2.983030,3.015670,2.859010,2.885120,2.885120,82600
2013-04-15,2.917750,2.917750,2.624020,2.643600,2.643600,170400
2013-04-16,2.617490,2.787210,2.617490,2.695820,2.695820,68900
2013-04-17,2.689290,2.728460,2.610970,2.695820,2.695820,61900
2013-04-18,2.689290,2.689290,2.421670,2.519580,2.519580,118600
2013-04-19,2.519580,2.591380,2.389030,2.545690,2.545690,112400
2013-04-22,2.597910,2.741510,2.545690,2.676240,2.676240,122600
2013-04-23,2.676240,2.761100,2.584860,2.643600,2.643600,59400
2013-04-24,2.708880,2.826370,2.669710,2.800260,2.800260,88900
2013-04-25,2.872060,3.041780,2.767620,2.983030,2.983030,176600
2013-04-26,2.989560,2.989560,2.832900,2.904700,2.904700,42100
2013-04-29,2.917750,2.917750,2.806790,2.826370,2.826370,28500
2013-04-30,2.806790,2.969970,2.689290,2.819840,2.819840,48100
2013-05-01,2.904700,2.911230,2.806790,2.885120,2.885120,28200
2013-05-02,2.904700,2.976500,2.845950,2.898170,2.898170,61400
2013-05-03,2.976500,2.996080,2.865540,2.891640,2.891640,51000
2013-05-06,2.885120,2.924280,2.721930,2.806790,2.806790,38100
2013-05-07,2.800260,2.872060,2.800260,2.865540,2.865540,20800
2013-05-08,2.872060,2.898170,2.793730,2.813320,2.813320,49800
2013-05-09,2.774150,2.859010,2.741510,2.832900,2.832900,59900
2013-05-10,2.813320,2.904700,2.793730,2.813320,2.813320,34200
2013-05-13,2.806790,2.885120,2.774150,2.832900,2.832900,59100
2013-05-14,2.806790,2.839430,2.748040,2.819840,2.819840,46400
2013-05-15,2.767620,2.878590,2.748040,2.754570,2.754570,40800
2013-05-16,2.748040,2.793730,2.617490,2.734990,2.734990,74300
2013-05-17,2.682770,2.748040,2.617490,2.682770,2.682770,29400
2013-05-20,2.669710,2.806790,2.610970,2.715400,2.715400,83000
2013-05-21,2.695820,3.198430,2.676240,2.996080,2.996080,771100
2013-05-22,3.165800,3.387730,2.937340,3.120100,3.120100,350700
2013-05-23,3.107050,3.107050,2.845950,3.061360,3.061360,152400
2013-05-24,3.015670,3.015670,2.819840,2.852480,2.852480,63400
2013-05-28,2.852480,2.943860,2.774150,2.774150,2.774150,108900
2013-05-29,2.754570,2.832900,2.728460,2.819840,2.819840,71200
2013-05-30,2.826370,2.839430,2.702350,2.708880,2.708880,93000
2013-05-31,2.715400,2.715400,2.676240,2.676240,2.676240,93500
2013-06-03,2.676240,2.689290,2.519580,2.610970,2.610970,94200
2013-06-04,2.610970,2.721930,2.578330,2.578330,2.578330,75500
2013-06-05,2.584860,2.630550,2.519580,2.526110,2.526110,52400
2013-06-06,2.526110,2.545690,2.493470,2.493470,2.493470,52900
2013-06-07,2.473890,2.604440,2.382510,2.467360,2.467360,97300
2013-06-10,2.454310,2.545690,2.395560,2.532640,2.532640,26200
2013-06-11,2.539160,2.610970,2.486950,2.486950,2.486950,51300
2013-06-12,2.493470,2.526110,2.428200,2.447780,2.447780,46300
2013-06-13,2.434730,2.526110,2.408620,2.460840,2.460840,46900
2013-06-14,2.539160,2.539160,2.473890,2.480420,2.480420,29100
2013-06-17,2.486950,2.486950,2.421670,2.447780,2.447780,32600
2013-06-18,2.447780,2.467360,2.349870,2.402090,2.402090,87800
2013-06-19,2.434730,2.434730,2.389030,2.402090,2.402090,15300
2013-06-20,2.395560,2.395560,2.206270,2.232380,2.232380,65300
2013-06-21,2.219320,2.225850,2.069190,2.121410,2.121410,76400
2013-06-24,2.108360,2.108360,1.964750,2.010440,2.010440,84600
2013-06-25,2.010440,2.121410,1.977810,2.069190,2.069190,47000
2013-06-26,2.082250,2.212790,2.036550,2.049610,2.049610,99600
2013-06-27,2.049610,2.447780,2.049610,2.206270,2.206270,341900
2013-06-28,2.232380,2.297650,2.121410,2.180160,2.180160,100000
2013-07-01,2.160570,2.558750,2.154050,2.271540,2.271540,300700
2013-07-02,2.238900,2.473890,2.238900,2.421670,2.421670,121000
2013-07-03,2.415140,2.506530,2.349870,2.480420,2.480420,71100
2013-07-05,2.467360,2.467360,2.382510,2.402090,2.402090,29700
2013-07-08,2.447780,2.689290,2.362920,2.415140,2.415140,158700
2013-07-09,2.454310,2.597910,2.304180,2.330290,2.330290,55500
2013-07-10,2.323760,2.421670,2.186680,2.402090,2.402090,30800
2013-07-11,2.415140,2.415140,2.362920,2.408620,2.408620,16700
2013-07-12,2.382510,2.408620,2.349870,2.362920,2.362920,8300
2013-07-15,2.375980,2.408620,2.297650,2.310700,2.310700,33400
2013-07-16,2.336810,2.375980,2.265010,2.291120,2.291120,20100
2013-07-17,2.278070,2.278070,2.206270,2.265010,2.265010,26700
2013-07-18,2.245430,2.317230,2.219320,2.317230,2.317230,16200
2013-07-19,2.284600,2.330290,2.238900,2.278070,2.278070,8900
2013-07-22,2.271540,2.375980,2.219320,2.278070,2.278070,74000
2013-07-23,2.297650,2.447780,2.271540,2.421670,2.421670,150000
2013-07-24,2.421670,2.604440,2.310700,2.447780,2.447780,274400
2013-07-25,2.434730,2.500000,2.317230,2.369450,2.369450,102200
2013-07-26,2.336810,2.389030,2.284600,2.304180,2.304180,60100
2013-07-29,2.297650,2.447780,2.297650,2.408620,2.408620,83200
2013-07-30,2.493470,2.637080,2.408620,2.637080,2.637080,233200
2013-07-31,2.597910,2.806790,2.480420,2.545690,2.545690,206500
2013-08-01,2.526110,2.637080,2.526110,2.532640,2.532640,50900
2013-08-02,2.558750,2.578330,2.526110,2.552220,2.552220,16200
2013-08-05,2.539160,2.597910,2.513050,2.519580,2.519580,46900
2013-08-06,2.539160,2.617490,2.513050,2.571800,2.571800,38500
2013-08-07,2.545690,2.545690,2.421670,2.473890,2.473890,28300
2013-08-08,2.480420,2.591380,2.480420,2.565270,2.565270,39200
2013-08-09,2.545690,2.565270,2.473890,2.565270,2.565270,27300
2013-08-12,2.545690,2.558750,2.408620,2.558750,2.558750,28300
2013-08-13,2.571800,2.643600,2.467360,2.604440,2.604440,56800
2013-08-14,2.186680,2.382510,2.186680,2.251960,2.251960,200100
2013-08-15,2.232380,2.291120,2.154050,2.258490,2.258490,54800
2013-08-16,2.121410,2.349870,2.088770,2.186680,2.186680,67600
2013-08-19,2.317230,2.375980,2.225850,2.362920,2.362920,47200
2013-08-20,2.356400,2.408620,2.245430,2.271540,2.271540,15300
2013-08-21,2.362920,2.362920,2.186680,2.225850,2.225850,75700
2013-08-22,2.258490,2.265010,2.186680,2.206270,2.206270,27000
2013-08-23,2.251960,2.265010,2.219320,2.265010,2.265010,33200
2013-08-26,2.284600,2.284600,2.193210,2.199740,2.199740,55300
2013-08-27,2.206270,2.219320,2.186680,2.186680,2.186680,43500
2013-08-28,2.186680,2.617490,2.186680,2.565270,2.565270,520000
2013-08-29,2.545690,2.584860,2.447780,2.447780,2.447780,66200
2013-08-30,2.434730,2.695820,2.408620,2.545690,2.545690,151200
2013-09-03,2.539160,2.630550,2.539160,2.552220,2.552220,31100
2013-09-04,2.558750,2.610970,2.486950,2.584860,2.584860,46300
2013-09-05,2.578330,2.610970,2.486950,2.604440,2.604440,59000
2013-09-06,2.610970,2.806790,2.604440,2.761100,2.761100,171400
2013-09-09,2.539160,2.774150,2.447780,2.591380,2.591380,187700
2013-09-10,2.591380,2.702350,2.513050,2.591380,2.591380,28300
2013-09-11,2.565270,2.578330,2.506530,2.513050,2.513050,40300
2013-09-12,2.493470,2.597910,2.480420,2.500000,2.500000,35700
2013-09-13,2.493470,2.571800,2.447780,2.486950,2.486950,34500
2013-09-16,2.493470,2.545690,2.421670,2.500000,2.500000,105700
2013-09-17,2.539160,2.663190,2.513050,2.604440,2.604440,139300
2013-09-18,2.604440,2.774150,2.545690,2.637080,2.637080,115500
2013-09-19,2.624020,2.676240,2.500000,2.558750,2.558750,56700
2013-09-20,2.506530,2.650130,2.493470,2.519580,2.519580,37400
2013-09-23,2.486950,2.558750,2.486950,2.493470,2.493470,10600
2013-09-24,2.500000,2.584860,2.500000,2.519580,2.519580,21400
2013-09-25,2.519580,2.578330,2.486950,2.513050,2.513050,33900
2013-09-26,2.506530,2.545690,2.493470,2.493470,2.493470,24200
2013-09-27,2.506530,2.506530,2.447780,2.486950,2.486950,19300
2013-09-30,2.447780,2.480420,2.362920,2.382510,2.382510,84000
2013-10-01,2.382510,2.480420,2.349870,2.382510,2.382510,86100
2013-10-02,2.395560,2.473890,2.349870,2.369450,2.369450,118900
2013-10-03,2.356400,2.408620,2.225850,2.225850,2.225850,107100
2013-10-04,2.278070,2.382510,2.258490,2.258490,2.258490,34900
2013-10-07,2.265010,2.343340,2.265010,2.278070,2.278070,15500
2013-10-08,2.317230,2.323760,2.225850,2.251960,2.251960,19000
2013-10-09,2.245430,2.310700,2.245430,2.265010,2.265010,19500
2013-10-10,2.291120,2.317230,2.265010,2.284600,2.284600,26200
2013-10-11,2.284600,2.382510,2.258490,2.330290,2.330290,39400
2013-10-14,2.330290,2.349870,2.278070,2.323760,2.323760,21300
2013-10-15,2.323760,2.323760,2.193210,2.199740,2.199740,112000
2013-10-16,2.199740,2.389030,2.154050,2.278070,2.278070,129900
2013-10-17,2.310700,2.317230,2.167100,2.219320,2.219320,54700
2013-10-18,2.212790,2.251960,2.186680,2.251960,2.251960,17500
2013-10-21,2.251960,2.343340,2.251960,2.271540,2.271540,93000
2013-10-22,2.219320,2.284600,2.219320,2.278070,2.278070,41200
2013-10-23,2.251960,2.251960,2.186680,2.212790,2.212790,22800
2013-10-24,2.160570,2.271540,2.160570,2.251960,2.251960,13200
2013-10-25,2.186680,2.232380,2.180160,2.212790,2.212790,27700
2013-10-28,2.225850,2.284600,2.173630,2.173630,2.173630,11800
2013-10-29,2.173630,2.284600,2.167100,2.258490,2.258490,37700
2013-10-30,2.232380,2.297650,2.180160,2.271540,2.271540,24700
2013-10-31,2.238900,2.278070,2.238900,2.258490,2.258490,15300
2013-11-01,2.219320,2.219320,2.173630,2.180160,2.180160,30800
2013-11-04,2.180160,2.212790,2.095300,2.114880,2.114880,56400
2013-11-05,2.232380,2.297650,1.697130,1.736290,1.736290,677000
2013-11-06,1.684070,1.729770,0.737600,0.946480,0.946480,2349000
2013-11-07,0.953000,1.161880,0.822450,1.044390,1.044390,586100
2013-11-08,1.031330,1.233680,1.024800,1.174930,1.174930,483200
2013-11-11,1.174930,1.240210,1.109660,1.155350,1.155350,163600
2013-11-12,1.135770,1.168410,1.109660,1.161880,1.161880,172000
2013-11-13,1.174930,1.266320,1.129240,1.227150,1.227150,192300
2013-11-14,1.253260,1.788510,1.240210,1.599220,1.599220,952000
2013-11-15,1.592690,1.716710,1.422980,1.566580,1.566580,412900
2013-11-18,1.573110,1.612270,1.305480,1.520890,1.520890,322800
2013-11-19,1.501310,1.507830,1.403390,1.436030,1.436030,74600
2013-11-20,1.396870,1.422980,1.272850,1.338120,1.338120,189400
2013-11-21,1.338120,1.442560,1.338120,1.344650,1.344650,112600
2013-11-22,1.357700,1.455610,1.292430,1.377280,1.377280,174300
2013-11-25,1.383810,1.383810,1.292430,1.292430,1.292430,221700
2013-11-26,1.305480,1.383810,1.272850,1.292430,1.292430,111500
2013-11-27,1.285900,1.305480,1.181460,1.259790,1.259790,230900
2013-11-29,1.285900,1.298960,1.259790,1.259790,1.259790,29300
2013-12-02,1.259790,1.272850,1.207570,1.240210,1.240210,59300
2013-12-03,1.227150,1.240210,1.187990,1.233680,1.233680,59400
2013-12-04,1.253260,1.338120,1.187990,1.272850,1.272850,273000
2013-12-05,1.266320,1.292430,1.253260,1.266320,1.266320,72600
2013-12-06,1.272850,1.422980,1.253260,1.259790,1.259790,579900
2013-12-09,1.259790,1.305480,1.240210,1.246740,1.246740,98700
2013-12-10,1.246740,1.312010,1.240210,1.285900,1.285900,269500
2013-12-11,1.285900,1.292430,1.240210,1.246740,1.246740,104800
2013-12-12,1.246740,1.259790,1.194520,1.194520,1.194520,85500
2013-12-13,1.194520,1.201040,1.129240,1.148830,1.148830,137100
2013-12-16,1.174930,1.174930,1.129240,1.129240,1.129240,52700
2013-12-17,1.116190,1.142300,1.057440,1.116190,1.116190,99300
2013-12-18,1.116190,1.142300,1.103130,1.116190,1.116190,79500
2013-12-19,1.109660,1.194520,1.109660,1.181460,1.181460,75500
2013-12-20,1.194520,1.207570,1.109660,1.116190,1.116190,69200
2013-12-23,1.129240,1.207570,1.129240,1.148830,1.148830,86300
2013-12-24,1.142300,1.168410,1.122720,1.168410,1.168410,40800
2013-12-26,1.161880,1.174930,1.122720,1.129240,1.129240,57000
2013-12-27,1.122720,1.187990,1.122720,1.174930,1.174930,203100
2013-12-30,1.174930,1.187990,1.122720,1.122720,1.122720,140600
2013-12-31,1.116190,1.142300,1.057440,1.116190,1.116190,104200
2014-01-02,1.116190,1.168410,1.116190,1.142300,1.142300,79700
2014-01-03,1.174930,1.181460,1.122720,1.168410,1.168410,87500
2014-01-06,1.155350,1.168410,1.129240,1.161880,1.161880,40100
2014-01-07,1.155350,1.462140,1.155350,1.462140,1.462140,1035000
2014-01-08,1.462140,1.579630,1.240210,1.312010,1.312010,735100
2014-01-09,1.338120,1.396870,1.285900,1.370760,1.370760,306400
2014-01-10,1.390340,1.409920,1.331590,1.370760,1.370760,88900
2014-01-13,1.396870,1.429500,1.272850,1.325070,1.325070,156100
2014-01-14,1.325070,1.370760,1.305480,1.325070,1.325070,115700
2014-01-15,1.344650,1.468670,1.305480,1.429500,1.429500,324500
2014-01-16,1.416450,1.527420,1.338120,1.390340,1.390340,500000
2014-01-17,1.383810,1.383810,1.325070,1.331590,1.331590,68900
2014-01-21,1.344650,1.357700,1.312010,1.357700,1.357700,73200
2014-01-22,1.357700,1.455610,1.357700,1.436030,1.436030,134100
2014-01-23,1.442560,1.442560,1.338120,1.364230,1.364230,157000
2014-01-24,1.364230,1.364230,1.312010,1.312010,1.312010,121200
2014-01-27,1.305480,1.325070,1.155350,1.220630,1.220630,212200
2014-01-28,1.266320,1.272850,1.246740,1.266320,1.266320,107100
2014-01-29,1.259790,1.266320,1.207570,1.253260,1.253260,106000
2014-01-30,1.246740,1.246740,1.207570,1.214100,1.214100,50400
2014-01-31,1.214100,1.246740,1.214100,1.240210,1.240210,28500
2014-02-03,1.220630,1.246740,1.201040,1.214100,1.214100,59100
2014-02-04,1.214100,1.240210,1.174930,1.187990,1.187990,81500
2014-02-05,1.187990,1.214100,1.142300,1.161880,1.161880,73400
2014-02-06,1.181460,1.207570,1.174930,1.201040,1.201040,84700
2014-02-07,1.194520,1.214100,1.181460,1.201040,1.201040,61900
2014-02-10,1.174930,1.187990,1.142300,1.155350,1.155350,58500
2014-02-11,1.155350,1.174930,1.142300,1.155350,1.155350,28300
2014-02-12,1.155350,1.246740,1.155350,1.227150,1.227150,50200
2014-02-13,1.214100,1.227150,1.181460,1.214100,1.214100,23700
2014-02-14,1.207570,1.227150,1.181460,1.214100,1.214100,28500
2014-02-18,1.220630,1.220630,1.168410,1.207570,1.207570,24400
2014-02-19,1.214100,1.227150,1.161880,1.194520,1.194520,136000
2014-02-20,1.187990,1.240210,1.187990,1.187990,1.187990,40300
2014-02-21,1.187990,1.305480,1.181460,1.240210,1.240210,170700
2014-02-24,1.246740,1.312010,1.174930,1.272850,1.272850,197200
2014-02-25,1.279370,1.305480,1.214100,1.233680,1.233680,59400
2014-02-26,1.214100,1.266320,1.207570,1.233680,1.233680,38800
2014-02-27,1.370760,2.676240,1.370760,2.258490,2.258490,14187200
2014-02-28,2.154050,2.245430,1.892950,1.899480,1.899480,1622100
2014-03-03,1.892950,2.349870,1.795040,2.212790,2.212790,1726300
2014-03-04,2.310700,2.519580,2.193210,2.336810,2.336810,2896700
2014-03-05,2.251960,2.428200,2.193210,2.349870,2.349870,897300
2014-03-06,2.382510,2.382510,1.990860,2.023500,2.023500,875400
2014-03-07,2.030030,2.082250,1.925590,1.997390,1.997390,407100
2014-03-10,1.997390,2.088770,1.971280,2.088770,2.088770,395900
2014-03-11,2.167100,2.173630,2.003920,2.036550,2.036550,508300
2014-03-12,2.036550,2.310700,1.990860,2.180160,2.180160,844000
2014-03-13,2.173630,2.238900,2.049610,2.069190,2.069190,484700
2014-03-14,2.049610,2.467360,2.049610,2.167100,2.167100,1549900
2014-03-17,2.147520,2.278070,2.062660,2.088770,2.088770,477800
2014-03-18,2.108360,2.395560,2.101830,2.245430,2.245430,773200
2014-03-19,2.245430,2.317230,2.154050,2.219320,2.219320,554900
2014-03-20,2.219320,2.708880,2.219320,2.682770,2.682770,2649000
2014-03-21,2.578330,3.035250,2.343340,2.552220,2.552220,4188000
2014-03-24,2.571800,2.643600,2.069190,2.271540,2.271540,1195300
2014-03-25,2.291120,2.421670,2.121410,2.167100,2.167100,710800
2014-03-26,2.108360,2.193210,1.990860,1.990860,1.990860,581100
2014-03-27,1.990860,2.003920,1.912530,1.932110,1.932110,384100
2014-03-28,1.977810,2.108360,1.971280,2.049610,2.049610,535700
2014-03-31,2.754570,5.091380,2.610970,4.765010,4.765010,27712200
2014-04-01,4.242820,4.784600,3.746740,3.838120,3.838120,8918700
2014-04-02,3.929500,4.360310,3.746740,4.118800,4.118800,2541400
2014-04-03,3.988250,4.105740,3.785900,3.922980,3.922980,977100
2014-04-04,3.798960,4.131850,3.498690,3.661880,3.661880,1242900
2014-04-07,3.668410,3.687990,3.400780,3.433420,3.433420,575600
2014-04-08,3.492170,3.609660,3.322450,3.479110,3.479110,561800
2014-04-09,3.413840,4.047000,3.413840,3.746740,3.746740,2737500
2014-04-10,3.668410,3.753260,3.446480,3.505220,3.505220,860500
2014-04-11,3.466060,3.772850,3.348560,3.472580,3.472580,829700
2014-04-14,3.596610,3.635770,3.348560,3.374670,3.374670,359100
2014-04-15,3.394260,3.746740,3.328980,3.707570,3.707570,797600
2014-04-16,3.727150,3.981720,3.563970,3.955610,3.955610,988300
2014-04-17,4.014360,5.548300,4.007830,5.039160,5.039160,10802400
2014-04-21,5.026110,5.639690,4.523500,4.667100,4.667100,3549600
2014-04-22,4.667100,5.097910,4.523500,4.973890,4.973890,1068600
2014-04-23,5.006530,6.005220,4.895560,5.711490,5.711490,5466200
2014-04-24,5.724540,6.161880,5.417750,5.737600,5.737600,2303200
2014-04-25,5.659270,5.776760,5.385120,5.652740,5.652740,737000
2014-04-28,5.835510,6.096610,5.561360,5.718020,5.718020,1402400
2014-04-29,5.724540,5.822450,4.738900,4.836810,4.836810,1702500
2014-04-30,4.673630,5.052220,4.595300,4.849870,4.849870,1050500
2014-05-01,4.804180,4.895560,4.595300,4.719320,4.719320,535700
2014-05-02,4.719320,5.476500,4.627940,5.143600,5.143600,1298800
2014-05-05,5.013050,5.339430,4.791120,5.026110,5.026110,1009900
2014-05-06,5.202350,5.274150,4.797650,4.849870,4.849870,514900
2014-05-07,4.849870,4.921670,4.621410,4.836810,4.836810,406400
2014-05-08,4.771540,4.895560,4.157960,4.275460,4.275460,807500
2014-05-09,4.308090,4.373370,4.125330,4.144910,4.144910,413300
2014-05-12,4.144910,4.210180,3.994780,4.073110,4.073110,492500
2014-05-13,3.785900,4.366840,3.785900,4.053520,4.053520,1632300
2014-05-14,4.014360,4.432110,4.014360,4.131850,4.131850,713500
2014-05-15,4.033940,4.105740,3.674930,3.733680,3.733680,459900
2014-05-16,3.720630,3.936030,3.668410,3.753260,3.753260,195200
2014-05-19,3.785900,3.818540,3.668410,3.746740,3.746740,118600
2014-05-20,3.687990,3.753260,3.531330,3.590080,3.590080,243600
2014-05-21,3.590080,3.864230,3.570500,3.694520,3.694520,287400
2014-05-22,3.701040,3.792430,3.472580,3.505220,3.505220,262400
2014-05-23,3.420370,3.674930,3.420370,3.596610,3.596610,119600
2014-05-27,3.544390,3.629240,3.426890,3.459530,3.459530,140500
2014-05-28,3.426890,3.746740,3.426890,3.674930,3.674930,256200
2014-05-29,3.590080,3.707570,3.498690,3.635770,3.635770,284600
2014-05-30,3.668410,3.785900,3.537860,3.577020,3.577020,236500
2014-06-02,3.596610,3.740210,3.466060,3.531330,3.531330,103100
2014-06-03,3.459530,3.557440,3.426890,3.518280,3.518280,83600
2014-06-04,3.518280,3.537860,3.328980,3.420370,3.420370,124400
2014-06-05,3.407310,3.485640,3.198430,3.387730,3.387730,212500
2014-06-06,3.355090,3.590080,3.355090,3.544390,3.544390,239100
2014-06-09,3.511750,3.805480,3.466060,3.701040,3.701040,241600
2014-06-10,3.642300,3.864230,3.511750,3.772850,3.772850,231000
2014-06-11,5.208880,6.005220,4.791120,4.908620,4.908620,7886600
2014-06-12,5.006530,5.130550,4.614880,4.706270,4.706270,692000
2014-06-13,4.640990,4.654050,4.347260,4.419060,4.419060,363700
2014-06-16,4.399480,4.719320,4.399480,4.497390,4.497390,336100
2014-06-17,4.516970,4.843340,4.392950,4.771540,4.771540,352400
2014-06-18,4.836810,4.836810,4.575720,4.738900,4.738900,357900
2014-06-19,4.778070,4.823760,4.503920,4.582250,4.582250,236800
2014-06-20,4.647520,4.823760,4.575720,4.699740,4.699740,179600
2014-06-23,4.745430,4.836810,4.510440,4.699740,4.699740,108500
2014-06-24,4.712790,4.712790,4.327680,4.340730,4.340730,215200
2014-06-25,4.288510,4.406010,4.242820,4.373370,4.373370,122700
2014-06-26,4.379900,4.530030,4.281980,4.510440,4.510440,94800
2014-06-27,4.516970,4.556140,4.353790,4.392950,4.392950,94100
2014-06-30,4.373370,4.647520,4.340730,4.484330,4.484330,277800
2014-07-01,4.510440,4.634460,4.484330,4.516970,4.516970,128500
2014-07-02,4.497390,4.634460,4.308090,4.321150,4.321150,144900
2014-07-03,4.386420,4.647520,4.308090,4.314620,4.314620,120000
2014-07-07,4.314620,4.536550,4.197130,4.236290,4.236290,139000
2014-07-08,4.203660,4.249350,4.053520,4.079630,4.079630,140300
2014-07-09,4.144910,4.203660,4.047000,4.125330,4.125330,56800
2014-07-10,4.047000,4.053520,3.922980,3.968670,3.968670,125000
2014-07-11,3.949090,4.112270,3.851170,4.066580,4.066580,75400
2014-07-14,4.105740,4.523500,4.073110,4.451700,4.451700,516700
2014-07-15,4.458220,4.712790,4.216710,4.314620,4.314620,300600
2014-07-16,4.360310,5.372060,4.249350,5.124020,5.124020,3152100
2014-07-17,5.234990,5.234990,4.406010,4.601830,4.601830,663000
2014-07-18,4.686680,6.449090,4.686680,5.731070,5.731070,6538400
2014-07-21,5.456920,5.731070,5.156660,5.215400,5.215400,3017600
2014-07-22,5.176240,5.378590,5.026110,5.124020,5.124020,724300
2014-07-23,5.110970,6.031330,4.895560,5.678850,5.678850,2552200
2014-07-24,5.678850,5.842040,5.372060,5.737600,5.737600,918000
2014-07-25,5.737600,6.325070,5.554830,5.972580,5.972580,2345000
2014-07-28,5.894260,6.259790,5.678850,6.005220,6.005220,1310200
2014-07-29,6.005220,6.749350,5.907310,6.442560,6.442560,2726200
2014-07-30,6.370760,6.618800,6.227150,6.266320,6.266320,779200
2014-07-31,6.135770,6.181460,5.698430,5.815930,5.815930,967200
2014-08-01,5.750650,5.979110,5.718020,5.815930,5.815930,354200
2014-08-04,5.809400,6.135770,5.620100,6.109660,6.109660,812000
2014-08-05,5.972580,6.377280,5.887730,6.122720,6.122720,702400
2014-08-06,6.057440,6.527420,5.822450,5.874670,5.874670,1399800
2014-08-07,5.920370,6.227150,5.913840,6.044390,6.044390,463400
2014-08-08,6.116190,6.116190,5.848560,5.959530,5.959530,309600
2014-08-11,6.057440,6.266320,6.005220,6.161880,6.161880,426700
2014-08-12,6.240210,6.364230,6.129240,6.298960,6.298960,258300
2014-08-13,6.325070,7.101830,6.266320,6.879900,6.879900,1299300
2014-08-14,6.729770,7.571800,6.729770,7.421670,7.421670,1140600
2014-08-15,7.395560,7.780680,6.919060,7.336810,7.336810,915800
2014-08-18,7.480420,7.832900,7.121410,7.173630,7.173630,620600
2014-08-19,7.232380,7.304180,6.879900,7.043080,7.043080,311900
2014-08-20,6.977810,7.245430,6.932110,6.997390,6.997390,233900
2014-08-21,6.977810,7.604440,6.977810,7.212790,7.212790,563900
2014-08-22,7.232380,7.362920,7.016970,7.186680,7.186680,291800
2014-08-25,7.284600,7.617490,7.206270,7.265010,7.265010,494400
2014-08-26,7.317230,7.389030,7.121410,7.147520,7.147520,390800
2014-08-27,7.062660,7.571800,7.016970,7.323760,7.323760,423100
2014-08-28,7.232380,8.093990,7.030030,8.035250,8.035250,1328600
2014-08-29,8.126630,8.557440,8.093990,8.231070,8.231070,785600
2014-09-02,8.231070,8.322450,7.930810,8.231070,8.231070,269900
2014-09-03,8.250650,8.374670,7.963450,8.035250,8.035250,270400
2014-09-04,8.035250,8.191910,7.500000,7.526110,7.526110,381300
2014-09-05,7.402090,7.571800,7.193210,7.493470,7.493470,322300
2014-09-08,7.460840,7.689290,7.323760,7.545690,7.545690,154400
2014-09-09,7.571800,7.571800,6.958220,7.069190,7.069190,402300
2014-09-10,7.003920,7.180160,6.625330,6.736290,6.736290,514000
2014-09-11,6.533940,7.702350,6.436030,7.434730,7.434730,698400
2014-09-12,7.362920,8.054830,7.310700,7.460840,7.460840,563300
2014-09-15,7.532640,7.656660,7.062660,7.075720,7.075720,265200
2014-09-16,6.977810,7.251960,6.932110,7.206270,7.206270,125200
2014-09-17,7.154050,7.349870,7.023500,7.030030,7.030030,130100
2014-09-18,7.121410,7.121410,6.860310,6.886420,6.886420,143700
2014-09-19,6.899480,6.899480,6.351170,6.468670,6.468670,420200
2014-09-22,6.214100,6.533940,5.776760,5.815930,5.815930,628900
2014-09-23,4.673630,6.057440,4.275460,5.920370,5.920370,1652100
2014-09-24,6.590000,7.480000,6.410000,6.560000,6.560000,1555000
2014-09-25,6.480000,6.600000,6.050000,6.260000,6.260000,446600
2014-09-26,6.260000,6.480000,6.110000,6.250000,6.250000,224700
2014-09-29,6.150000,6.740000,6.000000,6.470000,6.470000,401800
2014-09-30,6.520000,6.600000,6.320000,6.380000,6.380000,226900
2014-10-01,6.220000,6.380000,6.150000,6.190000,6.190000,194800
2014-10-02,6.150000,6.240000,5.790000,5.910000,5.910000,263500
2014-10-03,6.020000,6.030000,5.840000,5.940000,5.940000,141800
2014-10-06,6.080000,6.170000,5.550000,5.630000,5.630000,286200
2014-10-07,5.630000,5.730000,5.410000,5.510000,5.510000,146000
2014-10-08,5.480000,5.490000,5.250000,5.330000,5.330000,258600
2014-10-09,5.380000,5.770000,5.250000,5.310000,5.310000,245600
2014-10-10,5.340000,5.450000,5.170000,5.220000,5.220000,124800
2014-10-13,5.240000,5.350000,5.120000,5.220000,5.220000,113300
2014-10-14,5.290000,5.340000,5.070000,5.170000,5.170000,274900
2014-10-15,5.110000,5.950000,5.010000,5.740000,5.740000,400400
2014-10-16,5.570000,5.940000,5.560000,5.580000,5.580000,243200
2014-10-17,5.610000,7.150000,5.600000,6.880000,6.880000,1002000
2014-10-20,6.800000,7.490000,6.400000,7.290000,7.290000,809700
2014-10-21,7.200000,8.060000,7.040000,7.410000,7.410000,1056500
2014-10-22,7.830000,7.950000,7.200000,7.750000,7.750000,559000
2014-10-23,7.750000,8.020000,7.500000,7.620000,7.620000,328300
2014-10-24,7.590000,7.590000,7.140000,7.270000,7.270000,264900
2014-10-27,7.270000,7.500000,6.750000,7.280000,7.280000,337300
2014-10-28,6.970000,7.740000,6.800000,7.220000,7.220000,127700
2014-10-29,7.110000,7.310000,6.880000,7.040000,7.040000,138900
2014-10-30,7.000000,7.000000,5.660000,6.370000,6.370000,303100
2014-10-31,6.020000,6.700000,6.020000,6.610000,6.610000,127600
2014-11-03,6.620000,6.810000,6.260000,6.370000,6.370000,217200
2014-11-04,6.260000,6.490000,6.150000,6.230000,6.230000,246100
2014-11-05,6.150000,6.270000,5.820000,5.940000,5.940000,201200
2014-11-06,5.920000,6.110000,5.790000,5.970000,5.970000,136300
2014-11-07,5.950000,6.170000,5.840000,6.140000,6.140000,123500
2014-11-10,6.010000,6.320000,6.010000,6.100000,6.100000,211400
2014-11-11,6.210000,6.210000,6.020000,6.100000,6.100000,128500
2014-11-12,6.080000,6.350000,6.070000,6.320000,6.320000,160400
2014-11-13,6.400000,6.500000,6.300000,6.460000,6.460000,233900
2014-11-14,6.380000,6.490000,6.130000,6.370000,6.370000,139000
2014-11-17,6.400000,6.540000,6.140000,6.420000,6.420000,282200
2014-11-18,6.400000,6.690000,6.370000,6.610000,6.610000,95400
2014-11-19,6.610000,7.600000,6.610000,7.330000,7.330000,671100
2014-11-20,7.110000,7.940000,7.070000,7.880000,7.880000,493800
2014-11-21,7.760000,8.380000,7.710000,8.140000,8.140000,461300
2014-11-24,8.260000,8.470000,8.000000,8.310000,8.310000,229900
2014-11-25,8.290000,8.500000,7.840000,8.180000,8.180000,238700
2014-11-26,8.050000,9.040000,7.850000,8.660000,8.660000,474900
2014-11-28,8.500000,8.790000,8.310000,8.500000,8.500000,123300
2014-12-01,8.500000,8.500000,7.540000,8.060000,8.060000,217000
2014-12-02,7.930000,8.490000,7.600000,8.130000,8.130000,158500
2014-12-03,8.140000,8.400000,7.860000,8.110000,8.110000,90700
2014-12-04,8.090000,8.250000,7.890000,8.130000,8.130000,137500
2014-12-05,8.100000,8.700000,8.100000,8.600000,8.600000,234600
2014-12-08,8.590000,8.690000,8.270000,8.520000,8.520000,165300
2014-12-09,8.570000,8.990000,8.300000,8.770000,8.770000,282900
2014-12-10,8.500000,8.700000,8.230000,8.360000,8.360000,169800
2014-12-11,8.390000,8.610000,8.190000,8.250000,8.250000,211500
2014-12-12,8.190000,8.480000,7.150000,8.130000,8.130000,239100
2014-12-15,8.350000,8.370000,7.820000,8.000000,8.000000,76700
2014-12-16,7.820000,8.200000,7.630000,7.820000,7.820000,70700
2014-12-17,7.780000,8.580000,7.780000,8.280000,8.280000,125500
2014-12-18,8.290000,8.940000,8.260000,8.520000,8.520000,157600
2014-12-19,8.850000,8.850000,8.400000,8.600000,8.600000,75200
2014-12-22,8.550000,8.600000,8.210000,8.430000,8.430000,64000
2014-12-23,8.370000,8.400000,8.000000,8.120000,8.120000,69900
2014-12-24,8.210000,8.430000,8.150000,8.320000,8.320000,36700
2014-12-26,8.440000,8.800000,8.370000,8.480000,8.480000,119200
2014-12-29,8.480000,8.500000,8.300000,8.450000,8.450000,54300
2014-12-30,8.360000,8.430000,8.100000,8.310000,8.310000,35900
2014-12-31,8.320000,8.390000,8.150000,8.200000,8.200000,55200
2015-01-02,8.080000,8.380000,8.000000,8.210000,8.210000,72800
2015-01-05,8.160000,8.210000,7.620000,7.680000,7.680000,106200
2015-01-06,7.820000,7.880000,7.230000,7.540000,7.540000,162600
2015-01-07,7.600000,7.730000,7.350000,7.640000,7.640000,47200
2015-01-08,7.700000,7.930000,7.500000,7.500000,7.500000,63400
2015-01-09,7.540000,7.710000,7.380000,7.480000,7.480000,33200
2015-01-12,7.410000,7.690000,7.260000,7.580000,7.580000,36900
2015-01-13,7.600000,7.890000,7.380000,7.810000,7.810000,71100
2015-01-14,7.630000,7.790000,7.440000,7.730000,7.730000,46700
2015-01-15,7.700000,7.700000,7.360000,7.480000,7.480000,54800
2015-01-16,7.450000,7.800000,7.410000,7.790000,7.790000,28600
2015-01-20,7.610000,7.800000,7.610000,7.760000,7.760000,28500
2015-01-21,7.770000,7.790000,7.490000,7.630000,7.630000,24600
2015-01-22,7.540000,7.650000,7.300000,7.530000,7.530000,36800
2015-01-23,7.600000,7.720000,7.360000,7.620000,7.620000,33800
2015-01-26,7.670000,7.900000,7.630000,7.680000,7.680000,34000
2015-01-27,7.600000,7.790000,7.410000,7.680000,7.680000,31400
2015-01-28,7.600000,7.780000,7.440000,7.630000,7.630000,41000
2015-01-29,7.660000,7.660000,7.360000,7.490000,7.490000,27900
2015-01-30,7.510000,7.620000,7.270000,7.330000,7.330000,23700
2015-02-02,7.320000,7.500000,7.200000,7.280000,7.280000,25600
2015-02-03,7.260000,7.580000,6.780000,7.050000,7.050000,117200
2015-02-04,6.980000,7.360000,6.820000,7.200000,7.200000,52500
2015-02-05,7.050000,7.380000,7.010000,7.370000,7.370000,30600
2015-02-06,7.350000,7.350000,6.830000,7.190000,7.190000,93000
2015-02-09,7.220000,7.220000,7.030000,7.210000,7.210000,26400
2015-02-10,7.200000,7.200000,7.030000,7.100000,7.100000,19600
2015-02-11,7.000000,7.190000,7.000000,7.150000,7.150000,18300
2015-02-12,7.100000,7.360000,7.100000,7.290000,7.290000,49200
2015-02-13,7.290000,7.500000,7.150000,7.450000,7.450000,49200
2015-02-17,7.350000,7.750000,7.250000,7.690000,7.690000,58300
2015-02-18,7.610000,8.140000,7.550000,8.130000,8.130000,68000
2015-02-19,8.250000,8.380000,7.900000,8.190000,8.190000,78300
2015-02-20,8.000000,8.320000,8.000000,8.200000,8.200000,27800
2015-02-23,8.140000,8.260000,8.000000,8.080000,8.080000,25800
2015-02-24,8.000000,8.170000,8.000000,8.120000,8.120000,21800
2015-02-25,8.100000,8.100000,7.600000,8.070000,8.070000,19200
2015-02-26,8.050000,8.220000,8.000000,8.150000,8.150000,34300
2015-02-27,8.090000,8.200000,8.060000,8.150000,8.150000,29500
2015-03-02,8.250000,8.470000,8.230000,8.340000,8.340000,87500
2015-03-03,8.310000,8.340000,8.090000,8.150000,8.150000,41500
2015-03-04,8.080000,8.080000,7.900000,7.990000,7.990000,54300
2015-03-05,8.050000,8.050000,7.850000,7.950000,7.950000,23700
2015-03-06,7.890000,7.990000,7.790000,7.840000,7.840000,33300
2015-03-09,7.850000,7.850000,7.580000,7.750000,7.750000,40600
2015-03-10,7.640000,7.710000,7.190000,7.450000,7.450000,58400
2015-03-11,7.450000,7.900000,7.440000,7.620000,7.620000,78200
2015-03-12,7.580000,7.700000,7.540000,7.540000,7.540000,71200
2015-03-13,7.740000,7.740000,7.470000,7.620000,7.620000,45300
2015-03-16,7.690000,7.780000,7.570000,7.650000,7.650000,43300
2015-03-17,7.680000,7.930000,7.520000,7.860000,7.860000,55800
2015-03-18,7.780000,8.000000,7.730000,8.000000,8.000000,28900
2015-03-19,7.940000,8.140000,7.880000,8.070000,8.070000,29000
2015-03-20,8.130000,8.250000,8.000000,8.170000,8.170000,76400
2015-03-23,8.110000,8.240000,8.110000,8.180000,8.180000,8900
2015-03-24,8.240000,8.240000,8.030000,8.230000,8.230000,21600
2015-03-25,8.240000,8.250000,8.010000,8.190000,8.190000,28500
2015-03-26,8.090000,8.090000,7.780000,7.920000,7.920000,47900
2015-03-27,7.860000,8.000000,7.750000,7.890000,7.890000,15100
2015-03-30,7.780000,8.000000,7.770000,7.980000,7.980000,41200
2015-03-31,7.990000,8.750000,7.980000,8.280000,8.280000,126600
2015-04-01,8.280000,8.470000,8.050000,8.380000,8.380000,26000
2015-04-02,8.570000,8.630000,8.240000,8.430000,8.430000,85400
2015-04-06,8.490000,8.690000,8.280000,8.320000,8.320000,61600
2015-04-07,8.270000,8.550000,8.260000,8.400000,8.400000,47600
2015-04-08,8.450000,8.470000,8.290000,8.400000,8.400000,32400
2015-04-09,8.360000,8.440000,8.260000,8.390000,8.390000,75100
2015-04-10,8.410000,8.630000,8.390000,8.600000,8.600000,49700
2015-04-13,8.600000,8.660000,8.460000,8.590000,8.590000,87800
2015-04-14,8.580000,8.800000,8.540000,8.660000,8.660000,56400
2015-04-15,8.690000,8.790000,8.600000,8.740000,8.740000,103800
2015-04-16,8.680000,8.800000,8.460000,8.800000,8.800000,51300
2015-04-17,8.640000,8.800000,8.520000,8.730000,8.730000,51800
2015-04-20,8.840000,8.840000,8.560000,8.650000,8.650000,59900
2015-04-21,8.700000,8.710000,8.600000,8.640000,8.640000,43200
2015-04-22,8.680000,8.690000,8.570000,8.630000,8.630000,51000
2015-04-23,8.600000,8.780000,8.570000,8.600000,8.600000,79800
2015-04-24,8.590000,8.640000,8.560000,8.580000,8.580000,52400
2015-04-27,8.550000,8.560000,8.310000,8.430000,8.430000,111500
2015-04-28,8.440000,8.500000,8.270000,8.490000,8.490000,49500
2015-04-29,8.450000,8.540000,8.400000,8.400000,8.400000,51700
2015-04-30,8.260000,8.390000,8.190000,8.200000,8.200000,71600
2015-05-01,8.220000,8.340000,8.220000,8.320000,8.320000,18400
2015-05-04,8.350000,8.480000,8.190000,8.250000,8.250000,38700
2015-05-05,8.350000,8.390000,8.250000,8.270000,8.270000,36600
2015-05-06,8.310000,8.400000,8.240000,8.330000,8.330000,25200
2015-05-07,8.380000,8.590000,8.370000,8.400000,8.400000,92700
2015-05-08,8.470000,8.510000,8.310000,8.400000,8.400000,45000
2015-05-11,8.530000,8.530000,8.380000,8.440000,8.440000,99600
2015-05-12,8.420000,8.540000,8.250000,8.350000,8.350000,148900
2015-05-13,8.420000,8.420000,8.350000,8.390000,8.390000,18700
2015-05-14,8.480000,8.670000,8.230000,8.390000,8.390000,63000
2015-05-15,8.390000,8.870000,8.300000,8.810000,8.810000,39300
2015-05-18,8.810000,8.870000,8.540000,8.730000,8.730000,43100
2015-05-19,8.730000,8.750000,8.590000,8.720000,8.720000,30800
2015-05-20,8.800000,9.480000,8.590000,9.230000,9.230000,57900
2015-05-21,9.300000,9.680000,9.060000,9.550000,9.550000,75100
2015-05-22,9.590000,9.680000,9.060000,9.390000,9.390000,50300
2015-05-26,9.390000,9.950000,9.200000,9.800000,9.800000,68400
2015-05-27,9.800000,9.800000,9.580000,9.690000,9.690000,74100
2015-05-28,9.730000,9.750000,9.530000,9.720000,9.720000,28600
2015-05-29,9.750000,9.750000,9.600000,9.730000,9.730000,66100
2015-06-01,9.720000,9.750000,9.580000,9.720000,9.720000,48600
2015-06-02,9.690000,10.460000,9.550000,10.380000,10.380000,255100
2015-06-03,10.380000,10.400000,10.190000,10.220000,10.220000,48200
2015-06-04,10.250000,10.250000,9.750000,10.000000,10.000000,49200
2015-06-05,9.960000,10.630000,9.900000,10.500000,10.500000,103700
2015-06-08,10.500000,10.580000,10.300000,10.370000,10.370000,123000
2015-06-09,10.400000,10.520000,10.150000,10.490000,10.490000,80400
2015-06-10,10.400000,10.620000,10.320000,10.480000,10.480000,79600
2015-06-11,10.540000,10.550000,10.160000,10.390000,10.390000,52900
2015-06-12,10.410000,10.410000,10.300000,10.400000,10.400000,43000
2015-06-15,10.330000,10.620000,10.230000,10.480000,10.480000,91000
2015-06-16,10.520000,10.630000,10.250000,10.500000,10.500000,36200
2015-06-17,10.570000,10.570000,10.210000,10.250000,10.250000,56300
2015-06-18,10.470000,10.470000,10.190000,10.220000,10.220000,46300
2015-06-19,10.270000,10.320000,10.110000,10.150000,10.150000,36000
2015-06-22,10.250000,10.270000,9.600000,9.720000,9.720000,294200
2015-06-23,9.500000,10.870000,9.180000,10.650000,10.650000,565000
2015-06-24,10.750000,11.100000,10.510000,10.710000,10.710000,354500
2015-06-25,10.800000,10.960000,10.200000,10.270000,10.270000,239300
2015-06-26,10.200000,10.370000,9.970000,10.100000,10.100000,5575300
2015-06-29,10.000000,10.620000,10.000000,10.310000,10.310000,558700
2015-06-30,10.310000,11.090000,10.300000,10.950000,10.950000,1166000
2015-07-01,11.240000,12.110000,11.140000,11.540000,11.540000,762600
2015-07-02,12.490000,12.490000,11.760000,11.900000,11.900000,1023800
2015-07-06,11.840000,12.300000,11.500000,12.020000,12.020000,560900
2015-07-07,12.100000,12.160000,11.400000,11.970000,11.970000,283100
2015-07-08,11.880000,11.970000,11.540000,11.780000,11.780000,177500
2015-07-09,11.740000,12.100000,11.740000,12.000000,12.000000,251300
2015-07-10,12.090000,12.400000,11.850000,12.390000,12.390000,232400
2015-07-13,12.710000,12.750000,12.050000,12.430000,12.430000,211400
2015-07-14,12.350000,12.500000,12.000000,12.400000,12.400000,153500
2015-07-15,12.390000,12.390000,11.800000,12.040000,12.040000,189800
2015-07-16,12.010000,12.220000,11.850000,11.860000,11.860000,89600
2015-07-17,11.830000,12.270000,11.830000,12.100000,12.100000,129500
2015-07-20,12.100000,12.210000,11.510000,11.730000,11.730000,315600
2015-07-21,11.690000,11.950000,11.440000,11.700000,11.700000,128900
2015-07-22,11.600000,11.720000,11.380000,11.580000,11.580000,185800
2015-07-23,11.540000,11.890000,11.540000,11.720000,11.720000,177400
2015-07-24,11.720000,11.940000,11.370000,11.850000,11.850000,162600
2015-07-27,11.850000,12.100000,11.510000,11.850000,11.850000,316800
2015-07-28,11.870000,12.210000,11.700000,12.070000,12.070000,265400
2015-07-29,12.100000,12.590000,11.750000,12.460000,12.460000,188400
2015-07-30,12.350000,12.700000,12.270000,12.570000,12.570000,225700
2015-07-31,12.500000,12.500000,11.870000,12.060000,12.060000,882100
2015-08-03,12.030000,12.430000,11.880000,12.140000,12.140000,286100
2015-08-04,12.140000,12.350000,11.830000,12.140000,12.140000,216800
2015-08-05,12.140000,12.260000,11.800000,12.040000,12.040000,244400
2015-08-06,12.100000,12.100000,11.610000,11.930000,11.930000,243500
2015-08-07,11.850000,12.180000,11.770000,12.010000,12.010000,87400
2015-08-10,12.030000,12.160000,11.830000,11.960000,11.960000,131900
2015-08-11,11.970000,12.330000,11.640000,12.090000,12.090000,130300
2015-08-12,12.090000,12.280000,11.650000,12.260000,12.260000,174700
2015-08-13,12.260000,13.150000,12.080000,12.840000,12.840000,655500
2015-08-14,12.870000,14.350000,12.870000,14.120000,14.120000,345000
2015-08-17,13.910000,14.930000,13.540000,14.550000,14.550000,455300
2015-08-18,14.740000,14.940000,14.120000,14.360000,14.360000,320900
2015-08-19,14.440000,14.640000,13.910000,14.200000,14.200000,174500
2015-08-20,14.170000,14.530000,13.400000,13.470000,13.470000,281300
2015-08-21,13.020000,13.680000,13.010000,13.480000,13.480000,227700
2015-08-24,12.810000,12.880000,10.870000,12.260000,12.260000,372000
2015-08-25,12.610000,12.610000,11.870000,12.180000,12.180000,274600
2015-08-26,12.390000,12.620000,11.960000,12.380000,12.380000,272500
2015-08-27,12.370000,12.920000,11.730000,12.130000,12.130000,333800
2015-08-28,12.040000,12.260000,11.830000,11.950000,11.950000,195400
2015-08-31,11.870000,12.220000,11.750000,12.150000,12.150000,262100
2015-09-01,11.940000,12.140000,11.620000,11.800000,11.800000,230300
2015-09-02,11.780000,12.020000,11.350000,11.940000,11.940000,227700
2015-09-03,12.000000,12.140000,11.520000,11.550000,11.550000,170300
2015-09-04,11.380000,11.820000,11.380000,11.610000,11.610000,211600
2015-09-08,11.750000,12.060000,11.580000,11.950000,11.950000,319300
2015-09-09,12.090000,12.090000,11.720000,11.850000,11.850000,184300
2015-09-10,11.790000,12.050000,11.640000,11.820000,11.820000,193700
2015-09-11,11.710000,11.870000,10.950000,11.510000,11.510000,321900
2015-09-14,11.650000,11.800000,11.200000,11.260000,11.260000,221900
2015-09-15,11.350000,11.630000,11.300000,11.340000,11.340000,151900
2015-09-16,11.400000,11.790000,11.310000,11.680000,11.680000,180900
2015-09-17,11.600000,12.070000,11.470000,11.850000,11.850000,251000
2015-09-18,11.700000,12.170000,11.580000,12.060000,12.060000,409200
2015-09-21,12.070000,12.280000,11.180000,11.480000,11.480000,238200
2015-09-22,11.360000,11.770000,10.260000,10.650000,10.650000,441000
2015-09-23,10.730000,11.120000,10.650000,11.000000,11.000000,140900
2015-09-24,10.900000,11.440000,10.700000,11.200000,11.200000,208700
2015-09-25,11.300000,11.440000,10.670000,10.710000,10.710000,226900
2015-09-28,10.640000,10.810000,10.390000,10.740000,10.740000,249400
2015-09-29,10.820000,11.100000,10.590000,10.690000,10.690000,181400
2015-09-30,10.760000,10.840000,10.390000,10.830000,10.830000,283600
2015-10-01,10.770000,10.850000,10.280000,10.570000,10.570000,220200
2015-10-02,10.480000,10.770000,10.390000,10.740000,10.740000,113000
2015-10-05,10.780000,11.080000,10.690000,11.030000,11.030000,219900
2015-10-06,10.990000,11.330000,10.980000,11.180000,11.180000,184200
2015-10-07,11.300000,11.740000,11.290000,11.550000,11.550000,214900
2015-10-08,11.540000,11.950000,11.410000,11.690000,11.690000,162900
2015-10-09,11.690000,11.960000,11.450000,11.530000,11.530000,184700
2015-10-12,11.580000,12.180000,11.390000,12.130000,12.130000,157400
2015-10-13,12.080000,12.230000,11.480000,11.550000,11.550000,132300
2015-10-14,11.550000,11.990000,11.120000,11.140000,11.140000,279100
2015-10-15,11.210000,11.930000,11.210000,11.750000,11.750000,116700
2015-10-16,11.810000,11.810000,11.310000,11.460000,11.460000,127500
2015-10-19,11.420000,11.860000,11.300000,11.830000,11.830000,95700
2015-10-20,11.850000,12.050000,11.720000,11.860000,11.860000,80300
2015-10-21,11.900000,12.130000,11.590000,11.600000,11.600000,73600
2015-10-22,11.680000,11.850000,11.420000,11.780000,11.780000,97400
2015-10-23,11.790000,12.040000,11.330000,11.440000,11.440000,170200
2015-10-26,11.420000,11.540000,11.100000,11.430000,11.430000,79300
2015-10-27,11.430000,11.810000,11.140000,11.360000,11.360000,160300
2015-10-28,11.400000,11.820000,11.290000,11.670000,11.670000,111400
2015-10-29,11.620000,11.860000,10.660000,10.750000,10.750000,167200
2015-10-30,10.770000,10.770000,10.420000,10.550000,10.550000,207300
2015-11-02,9.720000,9.720000,7.680000,8.310000,8.310000,1577800
2015-11-03,8.230000,8.690000,7.910000,8.500000,8.500000,721200
2015-11-04,8.520000,8.580000,8.280000,8.410000,8.410000,206300
2015-11-05,8.420000,8.420000,8.020000,8.150000,8.150000,270900
2015-11-06,8.170000,8.190000,7.830000,8.040000,8.040000,313900
2015-11-09,8.010000,8.170000,7.660000,8.020000,8.020000,326600
2015-11-10,7.960000,8.460000,7.880000,8.320000,8.320000,290400
2015-11-11,8.320000,8.360000,8.020000,8.150000,8.150000,185200
2015-11-12,8.070000,8.240000,7.750000,7.940000,7.940000,304900
2015-11-13,7.950000,8.330000,7.770000,7.810000,7.810000,398000
2015-11-16,7.790000,7.810000,7.450000,7.480000,7.480000,334100
2015-11-17,7.410000,7.570000,6.590000,6.640000,6.640000,749200
2015-11-18,6.670000,7.140000,6.580000,7.080000,7.080000,441400
2015-11-19,7.190000,7.300000,6.970000,6.990000,6.990000,267300
2015-11-20,7.140000,7.490000,7.000000,7.460000,7.460000,292800
2015-11-23,7.420000,7.610000,7.390000,7.410000,7.410000,178900
2015-11-24,7.340000,7.420000,7.110000,7.360000,7.360000,133300
2015-11-25,7.500000,7.740000,7.360000,7.630000,7.630000,143700
2015-11-27,7.560000,7.670000,7.470000,7.640000,7.640000,59600
2015-11-30,7.630000,7.640000,7.380000,7.550000,7.550000,448800
2015-12-01,7.570000,7.670000,7.390000,7.620000,7.620000,191700
2015-12-02,7.610000,7.630000,7.420000,7.510000,7.510000,186700
2015-12-03,7.520000,7.730000,7.430000,7.720000,7.720000,341300
2015-12-04,7.720000,7.770000,7.580000,7.720000,7.720000,337300
2015-12-07,7.640000,7.640000,7.220000,7.520000,7.520000,368700
2015-12-08,7.430000,7.540000,7.200000,7.460000,7.460000,250800
2015-12-09,7.440000,7.560000,7.170000,7.360000,7.360000,215500
2015-12-10,7.320000,7.450000,7.220000,7.290000,7.290000,175800
2015-12-11,7.180000,7.370000,7.130000,7.250000,7.250000,225500
2015-12-14,7.230000,7.490000,7.040000,7.080000,7.080000,305700
2015-12-15,7.150000,7.300000,7.060000,7.180000,7.180000,171700
2015-12-16,7.190000,7.650000,7.180000,7.610000,7.610000,209800
2015-12-17,7.690000,7.690000,7.260000,7.490000,7.490000,180700
2015-12-18,7.430000,7.500000,7.290000,7.440000,7.440000,247900
2015-12-21,7.470000,7.470000,7.160000,7.320000,7.320000,159500
2015-12-22,7.310000,7.540000,7.210000,7.420000,7.420000,77300
2015-12-23,7.470000,7.680000,7.470000,7.510000,7.510000,99500
2015-12-24,7.540000,7.740000,7.470000,7.690000,7.690000,30700
2015-12-28,7.670000,7.670000,7.290000,7.310000,7.310000,113400
2015-12-29,7.330000,7.370000,7.200000,7.310000,7.310000,117100
2015-12-30,7.270000,7.290000,7.120000,7.220000,7.220000,114300
2015-12-31,7.220000,7.330000,7.080000,7.200000,7.200000,157000
2016-01-04,7.010000,7.130000,6.880000,7.000000,7.000000,367500
2016-01-05,7.000000,7.090000,6.810000,6.990000,6.990000,123000
2016-01-06,6.840000,6.930000,6.680000,6.680000,6.680000,210100
2016-01-07,6.540000,6.570000,6.240000,6.260000,6.260000,168500
2016-01-08,6.320000,6.340000,5.970000,5.990000,5.990000,220100
2016-01-11,6.020000,6.070000,5.790000,5.860000,5.860000,170100
2016-01-12,5.920000,6.040000,5.650000,5.720000,5.720000,190300
2016-01-13,5.710000,6.080000,5.290000,5.750000,5.750000,215000
2016-01-14,5.770000,5.910000,5.400000,5.580000,5.580000,423300
2016-01-15,5.400000,5.600000,5.290000,5.460000,5.460000,908500
2016-01-19,5.560000,5.700000,5.310000,5.410000,5.410000,272000
2016-01-20,5.340000,5.340000,5.120000,5.200000,5.200000,397800
2016-01-21,5.220000,5.670000,5.160000,5.530000,5.530000,317600
2016-01-22,5.680000,5.760000,5.290000,5.530000,5.530000,440600
2016-01-25,5.530000,5.650000,5.240000,5.400000,5.400000,121900
2016-01-26,5.410000,5.590000,5.270000,5.510000,5.510000,196600
2016-01-27,5.580000,5.680000,5.410000,5.560000,5.560000,203100
2016-01-28,5.600000,5.740000,5.480000,5.700000,5.700000,211000
2016-01-29,5.700000,5.930000,5.370000,5.880000,5.880000,267100
2016-02-01,5.810000,5.850000,5.610000,5.730000,5.730000,172800
2016-02-02,5.650000,5.690000,5.380000,5.450000,5.450000,219100
2016-02-03,5.520000,5.520000,5.220000,5.380000,5.380000,188600
2016-02-04,5.340000,5.710000,5.340000,5.520000,5.520000,181200
2016-02-05,5.470000,5.700000,5.260000,5.330000,5.330000,180800
2016-02-08,5.250000,5.490000,5.090000,5.170000,5.170000,259700
2016-02-09,5.100000,5.180000,4.980000,5.080000,5.080000,228200
2016-02-10,5.090000,5.200000,4.920000,5.000000,5.000000,376800
2016-02-11,4.890000,5.060000,4.750000,4.990000,4.990000,263800
2016-02-12,5.030000,5.360000,4.830000,5.010000,5.010000,237800
2016-02-16,5.060000,5.400000,4.840000,5.150000,5.150000,390800
2016-02-17,5.220000,5.750000,5.100000,5.730000,5.730000,332300
2016-02-18,5.740000,5.740000,5.430000,5.580000,5.580000,241700
2016-02-19,5.560000,5.610000,5.430000,5.550000,5.550000,112200
2016-02-22,5.590000,5.800000,5.480000,5.580000,5.580000,103700
2016-02-23,5.550000,5.670000,5.420000,5.560000,5.560000,121300
2016-02-24,5.470000,5.810000,5.340000,5.660000,5.660000,202500
2016-02-25,5.700000,6.200000,5.660000,6.140000,6.140000,213900
2016-02-26,6.160000,6.240000,5.940000,6.010000,6.010000,205200
2016-02-29,6.040000,6.280000,6.010000,6.110000,6.110000,182500
2016-03-01,6.150000,6.230000,5.990000,6.210000,6.210000,115800
2016-03-02,6.200000,6.440000,6.000000,6.240000,6.240000,186000
2016-03-03,6.240000,6.710000,6.010000,6.710000,6.710000,290800
2016-03-04,6.700000,6.780000,6.240000,6.550000,6.550000,294000
2016-03-07,6.540000,6.820000,6.450000,6.550000,6.550000,160700
2016-03-08,6.530000,6.540000,6.220000,6.290000,6.290000,155800
2016-03-09,6.320000,6.450000,6.160000,6.360000,6.360000,101800
2016-03-10,6.410000,6.530000,6.260000,6.320000,6.320000,150600
2016-03-11,7.000000,7.430000,6.500000,7.390000,7.390000,436400
2016-03-14,7.320000,7.350000,6.920000,7.270000,7.270000,266600
2016-03-15,7.230000,7.340000,7.110000,7.140000,7.140000,186600
2016-03-16,7.070000,7.400000,7.020000,7.310000,7.310000,146900
2016-03-17,7.110000,7.600000,7.040000,7.510000,7.510000,260600
2016-03-18,7.610000,7.860000,7.510000,7.660000,7.660000,227800
2016-03-21,7.670000,7.790000,7.540000,7.770000,7.770000,99500
2016-03-22,7.690000,7.840000,7.590000,7.660000,7.660000,107500
2016-03-23,7.580000,7.690000,7.420000,7.430000,7.430000,161200
2016-03-24,7.310000,7.420000,7.150000,7.370000,7.370000,122900
2016-03-28,7.370000,7.600000,7.290000,7.460000,7.460000,59400
2016-03-29,7.410000,7.620000,7.330000,7.580000,7.580000,185100
2016-03-30,7.660000,7.800000,7.550000,7.670000,7.670000,99700
2016-03-31,7.660000,7.720000,7.490000,7.590000,7.590000,100200
2016-04-01,7.550000,7.650000,7.350000,7.450000,7.450000,122800
2016-04-04,7.400000,7.490000,7.310000,7.330000,7.330000,78200
2016-04-05,7.200000,7.490000,7.170000,7.170000,7.170000,124900
2016-04-06,7.150000,7.540000,7.150000,7.390000,7.390000,107600
2016-04-07,7.290000,7.340000,7.120000,7.140000,7.140000,99800
2016-04-08,7.230000,7.280000,7.090000,7.200000,7.200000,836300
2016-04-11,7.270000,7.640000,7.130000,7.570000,7.570000,139800
2016-04-12,7.560000,7.560000,7.230000,7.390000,7.390000,84200
2016-04-13,7.420000,7.780000,7.360000,7.750000,7.750000,139200
2016-04-14,7.750000,7.850000,7.570000,7.590000,7.590000,56500
2016-04-15,7.570000,7.730000,7.570000,7.690000,7.690000,69100
2016-04-18,7.790000,7.850000,7.440000,7.730000,7.730000,79700
2016-04-19,7.740000,7.910000,7.560000,7.700000,7.700000,75900
2016-04-20,7.700000,7.750000,7.510000,7.560000,7.560000,103100
2016-04-21,7.580000,7.710000,7.430000,7.500000,7.500000,95000
2016-04-22,7.530000,7.590000,7.270000,7.370000,7.370000,90000
2016-04-25,7.350000,7.420000,7.020000,7.210000,7.210000,153100
2016-04-26,7.270000,7.390000,7.100000,7.370000,7.370000,59800
2016-04-27,7.410000,7.440000,7.300000,7.400000,7.400000,40100
2016-04-28,7.380000,7.390000,7.240000,7.330000,7.330000,69800
2016-04-29,7.340000,7.390000,7.110000,7.370000,7.370000,77100
2016-05-02,7.370000,7.440000,7.250000,7.300000,7.300000,54000
2016-05-03,7.250000,7.280000,7.130000,7.200000,7.200000,96900
2016-05-04,7.170000,7.270000,7.120000,7.240000,7.240000,133000
2016-05-05,7.250000,7.330000,7.070000,7.130000,7.130000,107500
2016-05-06,7.100000,7.450000,7.030000,7.420000,7.420000,123800
2016-05-09,7.390000,7.890000,7.340000,7.800000,7.800000,117700
2016-05-10,7.340000,7.790000,7.260000,7.340000,7.340000,162500
2016-05-11,7.340000,7.340000,6.910000,7.040000,7.040000,119400
2016-05-12,7.070000,7.140000,6.820000,7.020000,7.020000,160700
2016-05-13,6.980000,7.120000,6.830000,7.010000,7.010000,129000
2016-05-16,7.030000,7.230000,6.900000,6.950000,6.950000,102700
2016-05-17,6.960000,7.120000,6.770000,6.900000,6.900000,100300
2016-05-18,6.900000,7.170000,6.860000,7.130000,7.130000,98600
2016-05-19,7.070000,7.100000,6.930000,6.990000,6.990000,85400
2016-05-20,7.050000,7.300000,6.990000,7.180000,7.180000,139900
2016-05-23,7.140000,7.180000,6.960000,7.040000,7.040000,95800
2016-05-24,7.140000,7.650000,7.110000,7.440000,7.440000,205800
2016-05-25,7.500000,7.540000,7.260000,7.390000,7.390000,87900
2016-05-26,7.390000,7.420000,7.280000,7.330000,7.330000,95000
2016-05-27,7.350000,7.530000,7.190000,7.290000,7.290000,88800
2016-05-31,7.300000,7.330000,6.980000,7.140000,7.140000,120600
2016-06-01,7.140000,7.530000,7.050000,7.510000,7.510000,118600
2016-06-02,7.450000,7.450000,7.140000,7.400000,7.400000,86900
2016-06-03,7.370000,7.410000,7.200000,7.330000,7.330000,62600
2016-06-06,7.340000,7.600000,7.310000,7.520000,7.520000,116500
2016-06-07,7.530000,7.680000,7.460000,7.590000,7.590000,113900
2016-06-08,7.570000,7.630000,7.490000,7.510000,7.510000,55900
2016-06-09,7.480000,7.490000,7.310000,7.440000,7.440000,48600
2016-06-10,7.380000,7.380000,7.240000,7.290000,7.290000,58000
2016-06-13,7.290000,7.330000,7.120000,7.150000,7.150000,51200
2016-06-14,7.130000,7.230000,6.950000,7.050000,7.050000,79900
2016-06-15,7.050000,7.280000,6.940000,7.090000,7.090000,50300
2016-06-16,7.030000,7.230000,6.800000,7.010000,7.010000,124700
2016-06-17,7.000000,7.040000,6.880000,6.970000,6.970000,143800
2016-06-20,7.070000,7.370000,6.820000,7.250000,7.250000,125200
2016-06-21,7.290000,7.360000,7.200000,7.330000,7.330000,110700
2016-06-22,7.370000,7.500000,7.260000,7.380000,7.380000,85900
2016-06-23,7.420000,7.550000,7.390000,7.450000,7.450000,66800
2016-06-24,7.100000,7.280000,7.050000,7.170000,7.170000,297700
2016-06-27,7.050000,7.050000,6.650000,6.740000,6.740000,156700
2016-06-28,6.830000,6.910000,6.640000,6.670000,6.670000,99400
2016-06-29,6.740000,6.980000,6.680000,6.950000,6.950000,86900
2016-06-30,6.990000,7.300000,6.570000,7.270000,7.270000,161600
2016-07-01,7.280000,7.330000,7.020000,7.100000,7.100000,84700
2016-07-05,7.020000,7.100000,6.770000,6.790000,6.790000,56300
2016-07-06,6.750000,7.310000,6.610000,7.140000,7.140000,64900
2016-07-07,7.140000,7.420000,7.090000,7.250000,7.250000,103700
2016-07-08,7.320000,7.390000,7.240000,7.360000,7.360000,130100
2016-07-11,7.410000,7.460000,7.320000,7.370000,7.370000,160400
2016-07-12,7.460000,7.510000,7.340000,7.350000,7.350000,92400
2016-07-13,7.380000,7.430000,7.290000,7.340000,7.340000,61200
2016-07-14,7.390000,7.440000,7.290000,7.370000,7.370000,67500
2016-07-15,7.430000,7.490000,7.160000,7.400000,7.400000,61600
2016-07-18,7.420000,7.610000,7.380000,7.500000,7.500000,58400
2016-07-19,7.460000,7.460000,7.340000,7.390000,7.390000,46000
2016-07-20,7.400000,7.410000,7.300000,7.370000,7.370000,19800
2016-07-21,7.340000,7.390000,7.210000,7.290000,7.290000,44000
2016-07-22,7.290000,7.370000,7.120000,7.240000,7.240000,48200
2016-07-25,7.200000,7.320000,7.150000,7.260000,7.260000,31900
2016-07-26,7.040000,7.330000,7.020000,7.150000,7.150000,64600
2016-07-27,7.190000,7.270000,7.120000,7.190000,7.190000,35600
2016-07-28,7.200000,7.260000,7.100000,7.150000,7.150000,49400
2016-07-29,7.160000,7.160000,6.970000,7.060000,7.060000,123900
2016-08-01,7.070000,7.070000,6.940000,6.990000,6.990000,45300
2016-08-02,6.990000,7.200000,6.900000,6.970000,6.970000,34900
2016-08-03,6.940000,7.260000,6.840000,7.220000,7.220000,49100
2016-08-04,7.280000,7.360000,7.060000,7.240000,7.240000,56000
2016-08-05,7.270000,7.380000,7.200000,7.260000,7.260000,89700
2016-08-08,7.220000,7.290000,7.180000,7.240000,7.240000,53400
2016-08-09,7.690000,7.750000,7.360000,7.540000,7.540000,143300
2016-08-10,7.610000,7.680000,7.400000,7.490000,7.490000,53100
2016-08-11,7.500000,7.640000,7.460000,7.570000,7.570000,60700
2016-08-12,7.460000,7.560000,7.370000,7.500000,7.500000,114800
2016-08-15,7.560000,8.000000,7.560000,7.900000,7.900000,145200
2016-08-16,7.890000,8.140000,7.860000,8.020000,8.020000,144200
2016-08-17,8.010000,8.070000,7.770000,7.880000,7.880000,44200
2016-08-18,7.810000,7.850000,7.650000,7.790000,7.790000,56700
2016-08-19,7.780000,7.850000,7.690000,7.800000,7.800000,72300
2016-08-22,7.740000,7.790000,7.670000,7.760000,7.760000,43200
2016-08-23,7.800000,7.970000,7.710000,7.740000,7.740000,106700
2016-08-24,7.750000,7.850000,7.730000,7.840000,7.840000,30900
2016-08-25,7.790000,7.910000,7.780000,7.900000,7.900000,21200
2016-08-26,7.870000,8.110000,7.860000,7.910000,7.910000,28300
2016-08-29,7.900000,8.050000,7.900000,7.960000,7.960000,31000
2016-08-30,7.990000,8.050000,7.990000,8.030000,8.030000,37200
2016-08-31,7.950000,8.060000,7.850000,7.940000,7.940000,57600
2016-09-01,7.970000,7.970000,7.730000,7.900000,7.900000,62000
2016-09-02,7.950000,8.100000,7.910000,7.970000,7.970000,40300
2016-09-06,7.960000,7.960000,7.670000,7.760000,7.760000,109300
2016-09-07,7.760000,8.010000,7.760000,7.900000,7.900000,80600
2016-09-08,7.930000,7.960000,7.710000,7.760000,7.760000,117400
2016-09-09,7.720000,7.760000,7.640000,7.680000,7.680000,139100
2016-09-12,7.650000,7.850000,7.650000,7.790000,7.790000,64500
2016-09-13,7.750000,7.810000,7.680000,7.750000,7.750000,111600
2016-09-14,7.790000,7.880000,7.680000,7.700000,7.700000,71800
2016-09-15,7.730000,7.800000,7.700000,7.790000,7.790000,97400
2016-09-16,7.790000,8.180000,7.670000,8.130000,8.130000,962900
2016-09-19,8.230000,8.680000,8.220000,8.390000,8.390000,216200
2016-09-20,8.440000,8.440000,7.870000,7.880000,7.880000,99500
2016-09-21,7.880000,7.990000,7.760000,7.890000,7.890000,37800
2016-09-22,7.950000,8.060000,7.880000,8.000000,8.000000,63600
2016-09-23,8.060000,8.270000,7.980000,8.060000,8.060000,108100
2016-09-26,8.050000,8.090000,7.850000,7.860000,7.860000,73400
2016-09-27,7.910000,7.980000,7.800000,7.960000,7.960000,53100
2016-09-28,7.960000,8.170000,7.960000,8.140000,8.140000,36900
2016-09-29,8.150000,8.180000,7.920000,7.940000,7.940000,46500
2016-09-30,8.000000,8.360000,7.930000,8.260000,8.260000,242900
2016-10-03,8.300000,8.300000,7.950000,8.120000,8.120000,70000
2016-10-04,8.110000,8.380000,8.070000,8.080000,8.080000,49900
2016-10-05,8.080000,8.230000,8.040000,8.090000,8.090000,64100
2016-10-06,8.130000,8.280000,7.980000,8.270000,8.270000,54100
2016-10-07,8.330000,8.330000,8.130000,8.130000,8.130000,44800
2016-10-10,8.190000,8.300000,8.130000,8.180000,8.180000,24100
2016-10-11,8.220000,8.230000,8.070000,8.120000,8.120000,35000
2016-10-12,8.130000,8.210000,8.070000,8.160000,8.160000,19800
2016-10-13,8.100000,8.190000,8.040000,8.080000,8.080000,69600
2016-10-14,8.140000,8.140000,8.010000,8.100000,8.100000,38400
2016-10-17,8.050000,8.150000,8.050000,8.100000,8.100000,17600
2016-10-18,8.100000,8.200000,8.000000,8.150000,8.150000,20600
2016-10-19,8.100000,8.400000,8.000000,8.350000,8.350000,105800
2016-10-20,8.350000,8.350000,8.150000,8.250000,8.250000,44000
2016-10-21,8.150000,8.400000,8.150000,8.250000,8.250000,45000
2016-10-24,8.350000,8.400000,8.200000,8.300000,8.300000,24700
2016-10-25,8.350000,8.400000,7.980000,8.000000,8.000000,51400
2016-10-26,7.900000,8.200000,7.850000,7.850000,7.850000,49900
2016-10-27,7.950000,7.950000,7.700000,7.750000,7.750000,43800
2016-10-28,7.750000,7.840000,7.650000,7.700000,7.700000,33900
2016-10-31,7.650000,7.700000,7.550000,7.650000,7.650000,71400
2016-11-01,7.700000,7.800000,7.650000,7.750000,7.750000,58700
2016-11-02,7.650000,7.850000,7.650000,7.700000,7.700000,42700
2016-11-03,7.750000,7.750000,7.600000,7.700000,7.700000,42300
2016-11-04,7.750000,7.850000,7.700000,7.750000,7.750000,28100
2016-11-07,7.850000,8.050000,7.800000,8.000000,8.000000,40600
2016-11-08,8.150000,8.150000,8.050000,8.100000,8.100000,53400
2016-11-09,8.100000,8.350000,7.500000,8.300000,8.300000,90100
2016-11-10,8.350000,8.450000,8.200000,8.300000,8.300000,135100
2016-11-11,8.350000,8.550000,8.300000,8.550000,8.550000,213400
2016-11-14,8.650000,8.750000,8.150000,8.200000,8.200000,122400
2016-11-15,8.250000,8.450000,8.200000,8.300000,8.300000,58100
2016-11-16,8.300000,8.500000,7.850000,8.500000,8.500000,56100
2016-11-17,8.550000,8.850000,8.360000,8.800000,8.800000,85400
2016-11-18,8.800000,9.300000,8.750000,9.250000,9.250000,125800
2016-11-21,9.250000,9.500000,9.150000,9.400000,9.400000,117400
2016-11-22,9.450000,9.500000,9.300000,9.500000,9.500000,60400
2016-11-23,9.450000,9.550000,9.300000,9.500000,9.500000,55500
2016-11-25,9.500000,9.550000,9.400000,9.500000,9.500000,13500
2016-11-28,9.400000,9.450000,9.150000,9.300000,9.300000,34200
2016-11-29,9.300000,9.450000,9.150000,9.250000,9.250000,41100
2016-11-30,9.350000,9.400000,9.150000,9.150000,9.150000,25300
2016-12-01,9.100000,9.300000,9.050000,9.200000,9.200000,68200
2016-12-02,9.200000,9.400000,8.850000,9.000000,9.000000,78500
2016-12-05,9.100000,9.400000,9.100000,9.350000,9.350000,45000
2016-12-06,9.400000,9.600000,9.200000,9.550000,9.550000,79500
2016-12-07,9.600000,10.000000,9.500000,9.700000,9.700000,69200
2016-12-08,9.750000,10.250000,9.650000,10.200000,10.200000,62300
2016-12-09,10.250000,10.750000,9.950000,10.300000,10.300000,80400
2016-12-12,10.250000,10.350000,9.900000,10.000000,10.000000,47900
2016-12-13,10.100000,10.200000,9.800000,9.950000,9.950000,39700
2016-12-14,10.000000,10.000000,9.900000,9.950000,9.950000,32500
2016-12-15,10.000000,10.300000,9.900000,9.950000,9.950000,65400
2016-12-16,10.000000,10.200000,9.550000,9.950000,9.950000,171300
2016-12-19,10.000000,10.200000,9.800000,9.900000,9.900000,40800
2016-12-20,10.000000,10.200000,9.950000,10.100000,10.100000,26400
2016-12-21,10.050000,10.100000,9.650000,10.000000,10.000000,26700
2016-12-22,10.000000,10.200000,9.700000,10.150000,10.150000,49900
2016-12-23,10.150000,10.550000,10.050000,10.400000,10.400000,48900
2016-12-27,10.350000,10.550000,10.100000,10.350000,10.350000,36000
2016-12-28,10.400000,10.450000,9.900000,10.000000,10.000000,58600
2016-12-29,10.050000,10.200000,10.030000,10.100000,10.100000,28300
2016-12-30,9.900000,10.250000,9.900000,10.050000,10.050000,28200
2017-01-03,10.250000,10.250000,9.850000,9.950000,9.950000,59600
2017-01-04,10.050000,10.350000,9.750000,10.300000,10.300000,30200
2017-01-05,10.200000,10.300000,9.850000,10.050000,10.050000,43300
2017-01-06,10.200000,10.850000,9.800000,9.900000,9.900000,53900
2017-01-09,9.800000,9.800000,9.450000,9.550000,9.550000,46900
2017-01-10,9.550000,10.000000,9.550000,10.000000,10.000000,26800
2017-01-11,10.050000,10.050000,9.750000,9.950000,9.950000,29000
2017-01-12,9.800000,9.850000,9.550000,9.700000,9.700000,31200
2017-01-13,9.800000,10.000000,9.750000,9.950000,9.950000,33600
2017-01-17,9.850000,9.850000,9.620000,9.650000,9.650000,38100
2017-01-18,9.700000,9.800000,9.400000,9.550000,9.550000,93800
2017-01-19,9.500000,9.530000,9.300000,9.350000,9.350000,54000
2017-01-20,9.350000,9.600000,9.250000,9.400000,9.400000,69400
2017-01-23,9.350000,9.500000,9.250000,9.300000,9.300000,42900
2017-01-24,9.350000,10.000000,9.250000,9.600000,9.600000,58100
2017-01-25,9.700000,10.050000,9.700000,9.850000,9.850000,75800
2017-01-26,9.800000,9.900000,9.650000,9.800000,9.800000,24400
2017-01-27,9.750000,9.950000,9.500000,9.900000,9.900000,27900
2017-01-30,9.850000,9.850000,9.450000,9.450000,9.450000,33000
2017-01-31,9.500000,9.600000,9.400000,9.600000,9.600000,38100
2017-02-01,9.700000,9.980000,9.650000,9.650000,9.650000,29600
2017-02-02,9.650000,9.650000,9.450000,9.450000,9.450000,48200
2017-02-03,9.550000,9.650000,9.400000,9.550000,9.550000,52600
2017-02-06,9.450000,9.570000,9.450000,9.500000,9.500000,26600
2017-02-07,9.550000,9.710000,9.450000,9.450000,9.450000,51700
2017-02-08,9.450000,9.650000,9.250000,9.400000,9.400000,26500
2017-02-09,9.500000,9.650000,9.260000,9.600000,9.600000,36400
2017-02-10,9.700000,9.900000,9.550000,9.850000,9.850000,28200
2017-02-13,9.950000,9.980000,9.500000,9.600000,9.600000,64200
2017-02-14,9.550000,9.550000,9.430000,9.450000,9.450000,31800
2017-02-15,9.450000,9.750000,9.450000,9.600000,9.600000,35800
2017-02-16,9.650000,9.880000,9.500000,9.800000,9.800000,39400
2017-02-17,9.800000,9.800000,9.600000,9.700000,9.700000,31500
2017-02-21,9.650000,9.650000,9.450000,9.550000,9.550000,26500
2017-02-22,9.450000,9.750000,9.450000,9.700000,9.700000,37900
2017-02-23,9.700000,9.800000,9.450000,9.450000,9.450000,29000
2017-02-24,9.450000,9.700000,9.230000,9.700000,9.700000,47100
2017-02-27,9.700000,9.800000,9.600000,9.750000,9.750000,22000
2017-02-28,9.700000,9.750000,9.450000,9.450000,9.450000,28100
2017-03-01,9.600000,9.900000,9.450000,9.750000,9.750000,44100
2017-03-02,9.650000,9.800000,9.300000,9.500000,9.500000,63500
2017-03-03,9.450000,9.500000,9.000000,9.250000,9.250000,119700
2017-03-06,9.100000,9.450000,9.050000,9.350000,9.350000,32500
2017-03-07,9.350000,9.500000,9.200000,9.300000,9.300000,28800
2017-03-08,9.400000,9.450000,9.000000,9.050000,9.050000,49500
2017-03-09,9.000000,9.200000,8.800000,8.900000,8.900000,44100
2017-03-10,8.950000,9.250000,8.650000,9.100000,9.100000,53500
2017-03-13,9.000000,9.150000,8.000000,9.100000,9.100000,31800
2017-03-14,9.300000,9.550000,9.000000,9.250000,9.250000,50000
2017-03-15,9.350000,9.420000,9.100000,9.350000,9.350000,53000
2017-03-16,9.350000,9.700000,9.350000,9.700000,9.700000,61300
2017-03-17,9.600000,9.800000,9.500000,9.550000,9.550000,150600
2017-03-20,9.550000,9.800000,9.450000,9.650000,9.650000,33500
2017-03-21,9.750000,9.750000,9.400000,9.450000,9.450000,62300
2017-03-22,9.450000,9.500000,9.250000,9.450000,9.450000,37800
2017-03-23,9.500000,9.850000,9.500000,9.800000,9.800000,44100
2017-03-24,9.850000,10.000000,9.800000,9.800000,9.800000,50000
2017-03-27,9.800000,10.000000,9.600000,9.950000,9.950000,37900
2017-03-28,9.900000,10.000000,9.850000,10.000000,10.000000,29300
2017-03-29,10.000000,10.100000,9.900000,10.050000,10.050000,51100
2017-03-30,10.050000,10.050000,9.900000,10.000000,10.000000,30500
2017-03-31,9.950000,10.150000,9.850000,9.950000,9.950000,45900
2017-04-03,10.000000,10.000000,9.650000,9.800000,9.800000,46700
2017-04-04,9.750000,10.000000,9.650000,9.850000,9.850000,27200
2017-04-05,9.940000,10.000000,9.800000,9.800000,9.800000,45800
2017-04-06,9.800000,10.000000,9.730000,9.950000,9.950000,27700
2017-04-07,9.900000,10.050000,9.900000,10.000000,10.000000,37800
2017-04-10,10.000000,10.060000,9.600000,9.850000,9.850000,48100
2017-04-11,9.850000,10.000000,9.770000,10.000000,10.000000,26300
2017-04-12,9.950000,10.050000,9.900000,10.000000,10.000000,53200
2017-04-13,9.950000,10.540000,9.950000,10.200000,10.200000,108900
2017-04-17,10.250000,10.400000,9.900000,10.200000,10.200000,44200
2017-04-18,10.150000,10.250000,9.900000,10.100000,10.100000,91000
2017-04-19,10.180000,10.180000,9.700000,9.850000,9.850000,36700
2017-04-20,9.850000,10.000000,9.350000,9.700000,9.700000,55900
2017-04-21,9.700000,10.050000,8.200000,9.950000,9.950000,44500
2017-04-24,10.200000,10.250000,9.900000,10.200000,10.200000,24600
2017-04-25,10.250000,10.550000,10.060000,10.300000,10.300000,58500
2017-04-26,10.250000,10.600000,10.250000,10.550000,10.550000,80800
2017-04-27,10.550000,10.600000,10.400000,10.500000,10.500000,47100
2017-04-28,10.450000,10.450000,10.100000,10.300000,10.300000,30500
2017-05-01,10.350000,10.500000,10.300000,10.500000,10.500000,26100
2017-05-02,10.500000,10.850000,10.430000,10.750000,10.750000,66600
2017-05-03,10.650000,10.800000,10.450000,10.650000,10.650000,33000
2017-05-04,10.700000,10.700000,10.100000,10.200000,10.200000,40600
2017-05-05,10.200000,10.550000,10.100000,10.200000,10.200000,53700
2017-05-08,10.150000,10.550000,10.050000,10.200000,10.200000,40600
2017-05-09,10.200000,10.400000,9.950000,10.250000,10.250000,83500
2017-05-10,10.200000,10.300000,10.150000,10.250000,10.250000,24800
2017-05-11,10.200000,10.600000,10.150000,10.450000,10.450000,27100
2017-05-12,10.400000,11.000000,10.400000,10.850000,10.850000,46300
2017-05-15,10.850000,11.050000,10.800000,10.950000,10.950000,51700
2017-05-16,10.950000,11.000000,10.880000,10.900000,10.900000,41100
2017-05-17,10.800000,10.950000,10.430000,10.450000,10.450000,67800
2017-05-18,10.450000,10.700000,10.450000,10.550000,10.550000,42000
2017-05-19,10.500000,10.700000,10.450000,10.500000,10.500000,46200
2017-05-22,10.550000,10.650000,10.350000,10.450000,10.450000,41600
2017-05-23,10.450000,10.500000,10.300000,10.400000,10.400000,46900
2017-05-24,10.400000,10.450000,10.200000,10.250000,10.250000,16300
2017-05-25,10.180000,10.200000,9.800000,9.950000,9.950000,28700
2017-05-26,9.900000,10.000000,9.700000,9.900000,9.900000,31000
2017-05-30,9.950000,10.100000,9.900000,9.900000,9.900000,26800
2017-05-31,9.900000,10.000000,9.550000,9.900000,9.900000,92600
2017-06-01,9.900000,10.000000,9.750000,9.900000,9.900000,24700
2017-06-02,9.950000,10.400000,9.950000,10.300000,10.300000,90700
2017-06-05,10.250000,10.500000,10.000000,10.500000,10.500000,86600
2017-06-06,10.350000,10.550000,10.350000,10.450000,10.450000,65000
2017-06-07,10.500000,10.750000,10.500000,10.680000,10.680000,64600
2017-06-08,10.700000,11.300000,10.650000,11.100000,11.100000,124700
2017-06-09,11.250000,11.300000,11.050000,11.200000,11.200000,60900
2017-06-12,11.200000,11.300000,10.800000,11.000000,11.000000,53100
2017-06-13,11.050000,11.400000,10.950000,11.250000,11.250000,138900
2017-06-14,11.300000,11.300000,11.000000,11.150000,11.150000,60900
2017-06-15,11.050000,11.250000,11.000000,11.100000,11.100000,39900
2017-06-16,10.900000,11.000000,10.830000,10.900000,10.900000,136500
2017-06-19,10.900000,11.240000,10.900000,11.100000,11.100000,56600
2017-06-20,11.000000,11.150000,10.850000,11.100000,11.100000,45600
2017-06-21,11.000000,11.100000,10.850000,10.850000,10.850000,55800
2017-06-22,10.950000,11.000000,10.700000,10.750000,10.750000,39000
2017-06-23,10.700000,10.830000,10.400000,10.500000,10.500000,145000
2017-06-26,10.500000,10.850000,10.000000,10.750000,10.750000,84000
2017-06-27,10.700000,10.950000,10.650000,10.800000,10.800000,39900
2017-06-28,10.800000,11.400000,10.800000,11.350000,11.350000,58900
2017-06-29,11.350000,11.350000,11.000000,11.200000,11.200000,27400
2017-06-30,11.280000,11.550000,11.200000,11.450000,11.450000,64000
2017-07-03,11.400000,12.100000,11.400000,11.900000,11.900000,73200
2017-07-05,11.750000,11.900000,11.600000,11.900000,11.900000,47400
2017-07-06,11.850000,11.950000,11.600000,11.650000,11.650000,61400
2017-07-07,11.650000,11.930000,11.650000,11.750000,11.750000,35000
2017-07-10,11.700000,12.000000,11.650000,11.850000,11.850000,45200
2017-07-11,11.800000,11.900000,11.450000,11.750000,11.750000,67600
2017-07-12,11.800000,11.850000,11.500000,11.700000,11.700000,40900
2017-07-13,11.650000,11.800000,11.450000,11.500000,11.500000,25100
2017-07-14,11.450000,11.600000,11.400000,11.500000,11.500000,23800
2017-07-17,11.450000,11.450000,11.250000,11.300000,11.300000,30700
2017-07-18,11.250000,11.350000,11.000000,11.300000,11.300000,62200
2017-07-19,11.250000,11.350000,11.250000,11.300000,11.300000,20600
2017-07-20,11.300000,11.500000,11.150000,11.450000,11.450000,51300
2017-07-21,11.600000,11.600000,11.300000,11.400000,11.400000,57600
2017-07-24,11.350000,11.550000,11.350000,11.450000,11.450000,38900
2017-07-25,11.500000,11.650000,11.500000,11.500000,11.500000,42700
2017-07-26,11.600000,11.650000,11.450000,11.450000,11.450000,31300
2017-07-27,11.450000,11.500000,11.150000,11.200000,11.200000,25000
2017-07-28,11.100000,11.400000,11.050000,11.250000,11.250000,133900
2017-07-31,11.350000,11.600000,11.150000,11.250000,11.250000,105400
2017-08-01,11.350000,11.600000,11.250000,11.550000,11.550000,48800
2017-08-02,11.600000,11.650000,11.250000,11.300000,11.300000,34000
2017-08-03,11.350000,11.500000,11.200000,11.350000,11.350000,32600
2017-08-04,11.350000,11.450000,11.150000,11.250000,11.250000,45900
2017-08-07,11.250000,11.550000,10.980000,11.300000,11.300000,66900
2017-08-08,10.250000,11.250000,10.250000,10.500000,10.500000,79500
2017-08-09,10.450000,10.600000,10.250000,10.350000,10.350000,49900
2017-08-10,10.300000,10.350000,10.000000,10.000000,10.000000,41200
2017-08-11,9.950000,10.100000,9.900000,10.000000,10.000000,48400
2017-08-14,10.000000,10.070000,9.450000,10.000000,10.000000,182200
2017-08-15,9.900000,10.100000,9.900000,9.900000,9.900000,75600
2017-08-16,9.850000,10.000000,9.850000,10.000000,10.000000,49000
2017-08-17,9.900000,10.050000,9.600000,9.650000,9.650000,66700
2017-08-18,9.500000,9.900000,9.250000,9.700000,9.700000,46600
2017-08-21,9.600000,9.650000,9.450000,9.450000,9.450000,41400
2017-08-22,9.550000,9.600000,9.400000,9.500000,9.500000,22300
2017-08-23,9.400000,9.450000,9.150000,9.250000,9.250000,177800
2017-08-24,9.300000,9.350000,9.200000,9.300000,9.300000,30700
2017-08-25,9.200000,9.500000,9.150000,9.500000,9.500000,67700
2017-08-28,9.500000,9.500000,9.250000,9.350000,9.350000,28200
2017-08-29,9.200000,9.400000,9.200000,9.300000,9.300000,33400
2017-08-30,9.250000,9.550000,9.200000,9.400000,9.400000,50900
2017-08-31,9.450000,9.700000,9.450000,9.450000,9.450000,41400
2017-09-01,9.400000,9.700000,9.400000,9.700000,9.700000,51700
2017-09-05,9.700000,9.730000,9.150000,9.200000,9.200000,51400
2017-09-06,9.200000,9.400000,8.900000,9.200000,9.200000,53500
2017-09-07,9.150000,9.200000,8.900000,9.000000,9.000000,53200
2017-09-08,8.950000,9.300000,8.900000,9.150000,9.150000,52300
2017-09-11,9.250000,9.400000,9.200000,9.300000,9.300000,52700
2017-09-12,9.300000,9.350000,9.100000,9.250000,9.250000,29800
2017-09-13,9.300000,9.400000,9.100000,9.100000,9.100000,41200
2017-09-14,9.250000,9.250000,9.050000,9.150000,9.150000,103700
2017-09-15,9.200000,9.300000,8.900000,8.900000,8.900000,127100
2017-09-18,8.950000,9.400000,8.900000,9.300000,9.300000,81700
2017-09-19,9.400000,9.400000,9.150000,9.250000,9.250000,36900
2017-09-20,9.280000,9.350000,9.200000,9.200000,9.200000,33000
2017-09-21,9.200000,9.450000,9.200000,9.450000,9.450000,39100
2017-09-22,9.400000,9.550000,9.200000,9.450000,9.450000,22200
2017-09-25,9.400000,9.500000,9.300000,9.400000,9.400000,35500
2017-09-26,9.450000,9.950000,9.450000,9.850000,9.850000,50300
2017-09-27,9.950000,10.000000,9.500000,10.000000,10.000000,35500
2017-09-28,9.950000,10.000000,9.540000,9.900000,9.900000,33100
2017-09-29,9.950000,10.000000,9.900000,9.900000,9.900000,35400
2017-10-02,10.000000,10.270000,9.900000,10.100000,10.100000,74400
2017-10-03,10.150000,10.170000,9.950000,10.050000,10.050000,40700
2017-10-04,10.050000,10.250000,9.800000,9.950000,9.950000,82400
2017-10-05,10.000000,10.250000,9.550000,10.000000,10.000000,44400
2017-10-06,9.850000,10.100000,9.850000,10.000000,10.000000,7900
2017-10-09,10.050000,10.100000,9.900000,9.950000,9.950000,15900
2017-10-10,10.050000,10.100000,9.750000,10.100000,10.100000,27100
2017-10-11,10.000000,10.150000,9.980000,10.100000,10.100000,30000
2017-10-12,10.150000,10.150000,10.050000,10.070000,10.070000,16700
2017-10-13,10.150000,10.150000,9.950000,10.100000,10.100000,16000
2017-10-16,10.150000,10.150000,9.650000,9.800000,9.800000,60500
2017-10-17,9.750000,10.050000,9.600000,10.000000,10.000000,58700
2017-10-18,10.050000,10.600000,10.050000,10.500000,10.500000,51100
2017-10-19,10.500000,10.500000,10.150000,10.400000,10.400000,47100
2017-10-20,10.500000,10.600000,10.250000,10.500000,10.500000,34900
2017-10-23,10.450000,10.900000,10.350000,10.800000,10.800000,69200
2017-10-24,10.900000,11.180000,10.750000,11.050000,11.050000,45800
2017-10-25,11.050000,11.250000,10.450000,10.600000,10.600000,98700
2017-10-26,10.700000,10.900000,10.600000,10.800000,10.800000,24500
2017-10-27,10.600000,11.150000,10.600000,10.900000,10.900000,45900
2017-10-30,10.800000,10.900000,10.700000,10.850000,10.850000,44000
2017-10-31,10.800000,10.900000,10.600000,10.850000,10.850000,69800
2017-11-01,10.850000,11.000000,10.750000,10.850000,10.850000,32200
2017-11-02,10.800000,11.000000,10.650000,10.900000,10.900000,49100
2017-11-03,10.850000,11.000000,10.570000,10.900000,10.900000,63500
2017-11-06,10.950000,11.100000,10.700000,10.900000,10.900000,31100
2017-11-07,11.700000,11.750000,10.800000,10.850000,10.850000,87600
2017-11-08,10.800000,10.950000,10.500000,10.900000,10.900000,29300
2017-11-09,10.750000,11.060000,10.700000,10.900000,10.900000,39300
2017-11-10,10.900000,11.600000,10.800000,11.200000,11.200000,54700
2017-11-13,11.150000,11.400000,10.900000,11.050000,11.050000,29100
2017-11-14,11.050000,11.050000,10.850000,11.000000,11.000000,14800
2017-11-15,10.900000,11.150000,10.500000,10.850000,10.850000,86300
2017-11-16,10.900000,11.400000,10.900000,11.200000,11.200000,44100
2017-11-17,11.100000,11.300000,10.950000,11.300000,11.300000,54000
2017-11-20,11.300000,11.350000,11.000000,11.300000,11.300000,55900
2017-11-21,11.400000,11.900000,11.250000,11.730000,11.730000,84200
2017-11-22,11.750000,11.900000,11.700000,11.700000,11.700000,24900
2017-11-24,11.750000,11.800000,11.600000,11.700000,11.700000,16700
2017-11-27,11.600000,11.950000,11.550000,11.550000,11.550000,50300
2017-11-28,11.650000,11.800000,11.450000,11.700000,11.700000,52900
2017-11-29,11.700000,12.000000,11.700000,12.000000,12.000000,22700
2017-11-30,12.000000,12.200000,11.850000,12.050000,12.050000,47500
2017-12-01,12.100000,12.200000,11.200000,11.850000,11.850000,38600
2017-12-04,11.950000,12.050000,11.500000,11.550000,11.550000,39100
2017-12-05,11.600000,11.600000,11.300000,11.350000,11.350000,27200
2017-12-06,11.300000,11.450000,11.100000,11.100000,11.100000,2171000
2017-12-07,11.150000,11.600000,11.000000,11.300000,11.300000,48100
2017-12-08,11.350000,11.900000,11.200000,11.750000,11.750000,51200
2017-12-11,11.550000,11.750000,10.800000,10.950000,10.950000,178600
2017-12-12,11.050000,11.450000,11.000000,11.200000,11.200000,53500
2017-12-13,11.250000,11.900000,11.150000,11.850000,11.850000,107500
2017-12-14,11.850000,12.000000,11.450000,11.550000,11.550000,55000
2017-12-15,11.550000,11.850000,11.250000,11.700000,11.700000,171200
2017-12-18,11.800000,11.900000,11.600000,11.700000,11.700000,33400
2017-12-19,11.700000,11.700000,11.150000,11.250000,11.250000,35200
2017-12-20,11.350000,11.450000,11.150000,11.400000,11.400000,38600
2017-12-21,11.400000,11.500000,11.150000,11.450000,11.450000,24300
2017-12-22,11.400000,11.500000,11.200000,11.250000,11.250000,18400
2017-12-26,11.300000,11.400000,11.100000,11.250000,11.250000,39800
2017-12-27,11.400000,11.400000,11.100000,11.150000,11.150000,9400
2017-12-28,11.150000,11.250000,11.050000,11.150000,11.150000,12900
2017-12-29,11.150000,11.500000,11.000000,11.300000,11.300000,58400
2018-01-02,11.350000,11.950000,11.260000,11.900000,11.900000,54800
2018-01-03,11.900000,11.900000,11.350000,11.600000,11.600000,49500
2018-01-04,11.700000,11.750000,11.150000,11.250000,11.250000,65000
2018-01-05,11.300000,11.400000,11.220000,11.350000,11.350000,64400
2018-01-08,11.350000,11.480000,11.200000,11.400000,11.400000,24200
2018-01-09,11.400000,11.700000,11.350000,11.500000,11.500000,25300
2018-01-10,11.450000,11.500000,11.300000,11.450000,11.450000,23400
2018-01-11,11.450000,11.900000,11.450000,11.800000,11.800000,45900
2018-01-12,11.800000,11.800000,11.550000,11.700000,11.700000,20600
2018-01-16,11.700000,11.800000,11.350000,11.400000,11.400000,42000
2018-01-17,11.500000,11.800000,11.430000,11.750000,11.750000,33100
2018-01-18,11.700000,11.900000,11.600000,11.750000,11.750000,51700
2018-01-19,11.800000,12.050000,11.600000,11.950000,11.950000,62900
2018-01-22,11.900000,11.900000,11.600000,11.700000,11.700000,30500
2018-01-23,11.650000,11.800000,11.500000,11.750000,11.750000,17400
2018-01-24,11.870000,11.950000,11.700000,11.700000,11.700000,21500
2018-01-25,11.800000,11.800000,11.350000,11.600000,11.600000,44300
2018-01-26,11.600000,11.750000,11.450000,11.550000,11.550000,13000
2018-01-29,11.450000,11.500000,11.350000,11.350000,11.350000,14900
2018-01-30,11.400000,11.480000,11.000000,11.300000,11.300000,32200
2018-01-31,11.400000,11.550000,11.100000,11.200000,11.200000,33000
2018-02-01,11.150000,11.450000,11.100000,11.200000,11.200000,19900
2018-02-02,11.150000,11.200000,10.700000,10.900000,10.900000,36300
2018-02-05,10.850000,10.850000,10.350000,10.450000,10.450000,60500
2018-02-06,10.250000,10.700000,10.200000,10.550000,10.550000,41600
2018-02-07,10.600000,10.850000,10.450000,10.750000,10.750000,38800
2018-02-08,10.700000,10.750000,10.500000,10.650000,10.650000,56100
2018-02-09,10.750000,10.930000,10.300000,10.800000,10.800000,32900
2018-02-12,10.800000,11.200000,10.700000,10.900000,10.900000,28500
2018-02-13,10.800000,11.050000,10.700000,10.950000,10.950000,23200
2018-02-14,10.900000,11.030000,10.750000,10.950000,10.950000,36000
2018-02-15,11.050000,11.050000,10.700000,10.900000,10.900000,27400
2018-02-16,10.850000,11.250000,10.850000,11.000000,11.000000,24900
2018-02-20,11.450000,11.650000,11.010000,11.050000,11.050000,46200
2018-02-21,11.100000,11.500000,10.900000,11.000000,11.000000,13100
2018-02-22,11.050000,11.050000,10.650000,10.700000,10.700000,19300
2018-02-23,10.800000,10.950000,10.650000,10.850000,10.850000,14600
2018-02-26,10.900000,10.950000,10.750000,10.800000,10.800000,17200
2018-02-27,10.850000,10.950000,10.500000,10.550000,10.550000,16200
2018-02-28,10.550000,10.600000,10.100000,10.100000,10.100000,44700
2018-03-01,10.050000,10.300000,9.500000,10.100000,10.100000,33400
2018-03-02,10.050000,10.350000,9.900000,10.100000,10.100000,27600
2018-03-05,10.100000,10.400000,9.850000,10.300000,10.300000,30700
2018-03-06,10.350000,10.380000,10.050000,10.300000,10.300000,26400
2018-03-07,10.350000,10.800000,10.300000,10.700000,10.700000,31100
2018-03-08,10.500000,10.850000,10.300000,10.550000,10.550000,42300
2018-03-09,10.700000,10.700000,10.400000,10.600000,10.600000,28500
2018-03-12,10.650000,10.800000,10.400000,10.500000,10.500000,20600
2018-03-13,10.350000,10.750000,10.300000,10.500000,10.500000,25600
2018-03-14,10.600000,10.600000,9.850000,9.950000,9.950000,59700
2018-03-15,10.000000,10.100000,9.800000,9.850000,9.850000,33100
2018-03-16,9.800000,10.400000,9.800000,10.200000,10.200000,152800
2018-03-19,10.200000,10.450000,10.100000,10.400000,10.400000,16700
2018-03-20,10.550000,10.850000,10.500000,10.800000,10.800000,26500
2018-03-21,10.750000,11.000000,10.700000,10.900000,10.900000,13700
2018-03-22,10.800000,10.800000,10.400000,10.450000,10.450000,17800
2018-03-23,10.650000,10.950000,10.550000,10.600000,10.600000,41200
2018-03-26,10.700000,10.850000,10.550000,10.700000,10.700000,30000
2018-03-27,10.700000,10.700000,10.250000,10.300000,10.300000,18200
2018-03-28,10.350000,10.600000,10.050000,10.300000,10.300000,25100
2018-03-29,10.350000,11.000000,10.350000,10.900000,10.900000,40100
2018-04-02,10.800000,10.800000,9.850000,10.250000,10.250000,27400
2018-04-03,10.350000,10.450000,10.200000,10.350000,10.350000,16000
2018-04-04,10.300000,10.800000,10.300000,10.650000,10.650000,21000
2018-04-05,10.750000,10.950000,10.600000,10.950000,10.950000,18400
2018-04-06,10.850000,11.000000,10.500000,10.550000,10.550000,16000
2018-04-09,10.650000,10.850000,10.450000,10.650000,10.650000,14600
2018-04-10,10.700000,11.100000,10.300000,11.000000,11.000000,19800
2018-04-11,10.950000,11.050000,10.600000,10.700000,10.700000,16000
2018-04-12,10.750000,10.950000,10.350000,10.400000,10.400000,16700
2018-04-13,10.400000,10.500000,10.200000,10.500000,10.500000,15600
2018-04-16,10.550000,10.650000,10.450000,10.450000,10.450000,22200
2018-04-17,10.550000,10.750000,10.350000,10.450000,10.450000,22100
2018-04-18,10.550000,10.700000,10.480000,10.700000,10.700000,12600
2018-04-19,10.700000,10.700000,10.350000,10.500000,10.500000,17100
2018-04-20,10.450000,10.750000,10.350000,10.400000,10.400000,18200
2018-04-23,10.450000,10.600000,10.300000,10.500000,10.500000,24300
2018-04-24,10.600000,10.750000,10.350000,10.500000,10.500000,22800
2018-04-25,10.500000,10.700000,10.350000,10.550000,10.550000,13300
2018-04-26,10.450000,10.800000,10.450000,10.600000,10.600000,12800
2018-04-27,10.680000,10.680000,10.300000,10.300000,10.300000,25400
2018-04-30,10.350000,10.450000,10.050000,10.100000,10.100000,41000
2018-05-01,10.100000,10.400000,10.100000,10.350000,10.350000,12200
2018-05-02,10.250000,10.600000,10.250000,10.400000,10.400000,12500
2018-05-03,10.300000,10.400000,10.250000,10.350000,10.350000,4900
2018-05-04,10.250000,10.500000,10.250000,10.450000,10.450000,8200
2018-05-07,10.450000,10.650000,10.450000,10.550000,10.550000,12100
2018-05-08,10.500000,11.000000,10.450000,10.700000,10.700000,44700
2018-05-09,10.800000,11.100000,10.600000,10.900000,10.900000,23600
2018-05-10,10.650000,11.050000,10.650000,11.000000,11.000000,17700
2018-05-11,10.950000,11.050000,10.800000,11.050000,11.050000,13600
2018-05-14,11.000000,11.150000,10.850000,10.850000,10.850000,17200
2018-05-15,10.850000,11.000000,10.800000,10.850000,10.850000,20300
2018-05-16,10.900000,11.450000,10.730000,11.350000,11.350000,49900
2018-05-17,11.400000,11.550000,11.200000,11.550000,11.550000,31200
2018-05-18,11.600000,11.900000,11.400000,11.900000,11.900000,47000
2018-05-21,11.900000,11.910000,11.700000,11.900000,11.900000,35800
2018-05-22,11.900000,11.950000,11.700000,11.700000,11.700000,20900
2018-05-23,11.700000,12.100000,11.700000,12.000000,12.000000,50800
2018-05-24,11.900000,12.000000,11.650000,11.750000,11.750000,35900
2018-05-25,11.800000,12.000000,11.650000,11.700000,11.700000,26700
2018-05-29,11.700000,11.950000,11.700000,11.800000,11.800000,13800
2018-05-30,11.850000,12.100000,11.700000,11.850000,11.850000,29700
2018-05-31,11.900000,12.000000,11.700000,11.800000,11.800000,31500
2018-06-01,11.900000,12.000000,11.850000,11.950000,11.950000,23400
2018-06-04,12.050000,12.150000,11.900000,11.900000,11.900000,28100
2018-06-05,11.950000,12.150000,11.850000,11.950000,11.950000,27700
2018-06-06,12.000000,12.000000,11.800000,11.950000,11.950000,30700
2018-06-07,11.900000,12.000000,11.880000,11.950000,11.950000,13600
2018-06-08,11.900000,12.050000,11.900000,11.950000,11.950000,46000
2018-06-11,11.950000,12.350000,11.950000,12.100000,12.100000,35200
2018-06-12,12.100000,12.350000,12.100000,12.300000,12.300000,19700
2018-06-13,12.350000,12.350000,12.050000,12.150000,12.150000,14800
2018-06-14,12.150000,12.250000,12.050000,12.200000,12.200000,11600
2018-06-15,12.250000,12.350000,12.250000,12.250000,12.250000,75700
2018-06-18,12.400000,12.500000,12.100000,12.180000,12.180000,27500
2018-06-19,11.250000,11.610000,10.500000,10.650000,10.650000,151800
2018-06-20,10.600000,10.750000,10.500000,10.700000,10.700000,63800
2018-06-21,10.350000,10.550000,10.200000,10.400000,10.400000,217700
2018-06-22,8.950000,9.200000,8.930000,9.200000,9.200000,5953300
2018-06-25,9.200000,9.450000,9.200000,9.400000,9.400000,1070400
2018-06-26,9.500000,9.550000,9.300000,9.450000,9.450000,598200
2018-06-27,9.500000,9.600000,9.350000,9.350000,9.350000,937500
2018-06-28,9.400000,9.500000,9.350000,9.500000,9.500000,314300
2018-06-29,9.600000,9.850000,9.500000,9.800000,9.800000,1093200
