Date,Open,High,Low,Close,Adj Close,Volume
2013-01-02,26.000000,26.549999,26.000000,26.150000,25.579309,110900
2013-01-03,26.260000,26.540001,26.030001,26.240000,25.667345,116100
2013-01-04,26.379999,26.379999,25.100000,25.150000,24.601133,167100
2013-01-07,25.200001,25.780001,24.850000,25.440001,24.884804,82100
2013-01-08,25.500000,26.110001,25.190001,25.680000,25.119566,77300
2013-01-09,25.900000,26.370001,25.680000,25.990000,25.422800,91000
2013-01-10,26.250000,26.389999,25.660000,25.889999,25.324984,114600
2013-01-11,25.639999,26.080000,25.030001,25.059999,24.513096,93600
2013-01-14,25.129999,25.780001,24.820000,25.700001,25.139130,133000
2013-01-15,25.670000,26.520000,25.290001,26.420000,25.843416,134600
2013-01-16,26.440001,27.000000,26.420000,26.969999,26.381413,155300
2013-01-17,27.100000,27.620001,26.709999,26.930000,26.342287,128400
2013-01-18,27.090000,27.650000,26.950001,27.450001,26.850937,164000
2013-01-22,27.620001,27.740000,26.680000,27.180000,26.586830,139200
2013-01-23,27.260000,27.330000,26.980000,27.129999,26.537922,96600
2013-01-24,27.250000,27.280001,25.629999,25.719999,25.158693,105200
2013-01-25,25.700001,25.700001,24.549999,25.180000,24.630478,193800
2013-01-28,25.000000,25.389999,24.750000,25.040001,24.493534,117700
2013-01-29,25.000000,25.860001,24.629999,25.549999,24.992401,110300
2013-01-30,25.660000,25.760000,25.000000,25.040001,24.493534,100700
2013-01-31,24.990000,25.350000,24.290001,25.219999,24.669605,227300
2013-02-01,25.230000,25.809999,25.040001,25.270000,24.718515,199000
2013-02-04,26.700001,26.700001,25.350000,25.520000,24.963057,227000
2013-02-05,25.540001,26.450001,25.520000,26.260000,25.686909,212900
2013-02-06,26.250000,27.299999,26.160000,27.209999,26.616173,215000
2013-02-07,27.090000,27.170000,26.709999,27.080000,26.489014,116800
2013-02-08,27.219999,28.150000,26.990000,27.950001,27.340027,260000
2013-02-11,28.629999,28.730000,27.950001,28.120001,27.506319,399500
2013-02-12,28.000000,28.150000,27.450001,27.559999,26.958536,168400
2013-02-13,27.780001,27.820000,26.660000,26.900000,26.312941,131400
2013-02-14,26.900000,27.120001,26.660000,26.730000,26.146652,76700
2013-02-15,26.809999,26.809999,25.670000,25.950001,25.383673,182200
2013-02-19,25.990000,26.430000,25.950001,26.030001,25.461927,99600
2013-02-20,26.150000,26.150000,25.400000,25.459999,24.904369,197900
2013-02-21,25.500000,25.730000,23.600000,24.260000,23.730558,283700
2013-02-22,24.610001,24.870001,24.250000,24.530001,23.994665,193100
2013-02-25,24.780001,25.500000,24.620001,25.049999,24.503313,140000
2013-02-26,25.270000,25.930000,25.049999,25.750000,25.188038,125200
2013-02-27,25.809999,26.030001,25.610001,25.629999,25.070658,115500
2013-02-28,25.690001,25.990000,24.930000,24.980000,24.434843,64400
2013-03-01,24.879999,24.950001,24.500000,24.809999,24.268553,82100
2013-03-04,24.680000,25.209999,24.680000,25.120001,24.571789,93100
2013-03-05,25.280001,26.040001,25.280001,25.850000,25.285856,140400
2013-03-06,25.850000,26.540001,25.770000,26.270000,25.696690,136200
2013-03-07,26.299999,26.299999,25.299999,25.459999,24.904369,62800
2013-03-08,25.510000,26.070000,25.139999,25.420000,24.865242,55100
2013-03-11,25.400000,25.400000,24.400000,25.030001,24.483751,119200
2013-03-12,24.950001,25.059999,24.559999,24.670000,24.131609,60800
2013-03-13,24.620001,25.040001,24.250000,24.809999,24.268553,107000
2013-03-14,24.820000,25.000000,24.469999,24.940001,24.395716,150700
2013-03-15,25.000000,25.100000,24.730000,25.049999,24.503313,126400
2013-03-18,24.969999,25.240000,24.700001,24.830000,24.288116,77200
2013-03-19,24.780001,25.299999,24.780001,24.900000,24.356586,116400
2013-03-20,24.910000,25.070000,24.730000,24.840000,24.297901,74300
2013-03-21,24.790001,24.790001,24.320000,24.389999,23.857719,48400
2013-03-22,24.379999,24.549999,23.330000,23.379999,22.869759,135200
2013-03-25,23.400000,23.930000,22.660000,23.150000,22.644781,152000
2013-03-26,23.100000,23.590000,23.059999,23.240000,22.732817,134700
2013-03-27,23.219999,23.360001,22.770000,22.900000,22.400236,191800
2013-03-28,22.770000,22.799999,21.799999,22.340000,21.852457,594800
2013-04-01,22.400000,22.680000,22.010000,22.559999,22.067656,206100
2013-04-02,22.520000,22.680000,22.360001,22.559999,22.067656,140800
2013-04-03,22.520000,22.639999,21.870001,21.900000,21.422058,146700
2013-04-04,21.980000,22.020000,21.040001,21.750000,21.275331,279100
2013-04-05,21.480000,21.930000,21.480000,21.780001,21.304678,92200
2013-04-08,21.860001,22.000000,21.510000,21.770000,21.294897,134000
2013-04-09,21.620001,22.490000,21.559999,21.790001,21.422705,297000
2013-04-10,21.809999,22.180000,21.740000,22.090000,21.717648,120000
2013-04-11,22.010000,22.660000,21.879999,22.280001,21.904446,154900
2013-04-12,22.120001,22.370001,21.750000,22.040001,21.668493,175000
2013-04-15,21.830000,22.000000,21.280001,21.309999,20.950798,148800
2013-04-16,21.410000,21.590000,21.299999,21.530001,21.167088,111000
2013-04-17,21.490000,21.490000,21.020000,21.250000,20.891808,160100
2013-04-18,21.260000,21.379999,21.010000,21.139999,20.783661,81200
2013-04-19,21.080000,21.260000,20.549999,21.250000,20.891808,141300
2013-04-22,21.360001,21.490000,21.020000,21.340000,20.980289,65400
2013-04-23,21.400000,21.719999,21.320000,21.719999,21.353884,48500
2013-04-24,21.620001,21.629999,21.400000,21.500000,21.137592,111800
2013-04-25,21.670000,22.020000,21.520000,21.910000,21.540682,111200
2013-04-26,21.950001,21.959999,21.450001,21.670000,21.304728,101600
2013-04-29,20.450001,21.860001,20.250000,21.790001,21.422705,380600
2013-04-30,21.750000,21.830000,21.299999,21.500000,21.137592,405000
2013-05-01,21.469999,21.730000,21.250000,21.250000,20.891808,137000
2013-05-02,21.280001,21.549999,21.180000,21.400000,21.039278,89100
2013-05-03,21.540001,21.930000,21.520000,21.780001,21.412874,86800
2013-05-06,21.870001,22.530001,21.870001,22.500000,22.120737,67000
2013-05-07,22.870001,24.030001,22.830000,24.030001,23.624947,191300
2013-05-08,24.059999,24.690001,24.040001,24.139999,23.733093,169400
2013-05-09,23.980000,24.530001,23.760000,24.350000,23.939554,120300
2013-05-10,24.299999,24.600000,24.010000,24.190001,23.782251,49700
2013-05-13,24.180000,24.219999,23.610001,23.740000,23.339836,55000
2013-05-14,23.559999,23.740000,23.200001,23.709999,23.310341,88000
2013-05-15,23.600000,23.940001,23.340000,23.520000,23.123545,43200
2013-05-16,23.549999,23.950001,23.520000,23.760000,23.359499,41300
2013-05-17,23.889999,23.940001,23.730000,23.780001,23.379162,37700
2013-05-20,23.809999,23.870001,23.250000,23.830000,23.428320,110000
2013-05-21,23.750000,23.930000,23.540001,23.830000,23.428320,55500
2013-05-22,23.889999,24.000000,23.230000,23.430000,23.035063,143000
2013-05-23,23.139999,23.670000,23.020000,23.559999,23.162870,38800
2013-05-24,23.510000,23.860001,22.930000,23.309999,22.917084,53100
2013-05-28,23.420000,23.860001,23.420000,23.600000,23.202198,74800
2013-05-29,23.480000,23.700001,22.950001,23.230000,22.838430,90900
2013-05-30,23.320000,23.510000,22.780001,22.910000,22.523827,79900
2013-05-31,22.809999,23.040001,22.559999,22.860001,22.474670,117100
2013-06-03,22.920000,23.090000,22.090000,22.139999,21.766804,123900
2013-06-04,22.190001,22.400000,21.629999,21.660000,21.294897,183900
2013-06-05,21.590000,21.590000,21.090000,21.139999,20.783661,110000
2013-06-06,21.209999,21.540001,21.139999,21.469999,21.108097,119600
2013-06-07,21.530001,21.670000,21.400000,21.530001,21.167088,70800
2013-06-10,21.600000,22.170000,21.469999,21.530001,21.167088,125000
2013-06-11,21.389999,21.860001,21.299999,21.370001,21.009785,43100
2013-06-12,21.620001,21.629999,20.750000,20.940001,20.587032,80900
2013-06-13,21.000000,21.160000,20.830000,21.000000,20.646023,54600
2013-06-14,20.980000,21.450001,20.620001,20.750000,20.400234,39000
2013-06-17,20.889999,21.090000,20.650000,20.750000,20.400234,96100
2013-06-18,20.760000,20.900000,20.549999,20.559999,20.213438,77500
2013-06-19,20.549999,20.760000,20.469999,20.530001,20.183947,180200
2013-06-20,20.370001,20.570000,20.280001,20.360001,20.016809,131000
2013-06-21,20.410000,20.450001,19.680000,19.760000,19.426924,209100
2013-06-24,19.690001,19.889999,19.660000,19.760000,19.426924,131000
2013-06-25,19.900000,20.139999,19.860001,20.000000,19.662876,201400
2013-06-26,20.090000,20.799999,20.049999,20.570000,20.223270,118400
2013-06-27,20.620001,21.240000,20.219999,21.200001,20.842649,154000
2013-06-28,21.100000,21.740000,20.940001,21.450001,21.088438,720500
2013-07-01,21.530001,22.250000,21.430000,21.809999,21.442368,169400
2013-07-02,21.870001,21.969999,20.549999,21.379999,21.019617,170100
2013-07-03,21.299999,21.540001,20.809999,21.450001,21.088438,57400
2013-07-05,21.670000,21.860001,21.370001,21.549999,21.186749,29500
2013-07-08,21.629999,21.760000,21.110001,21.700001,21.334225,78300
2013-07-09,21.709999,22.540001,21.549999,22.480000,22.101072,145200
2013-07-10,22.530001,22.570000,21.490000,21.920000,21.550514,75300
2013-07-11,22.010000,22.420000,21.780001,22.340000,21.963434,57000
2013-07-12,22.590000,22.600000,21.930000,22.139999,21.766804,55500
2013-07-15,22.080000,22.150000,21.719999,22.040001,21.668493,69800
2013-07-16,22.129999,22.750000,22.030001,22.629999,22.248547,141400
2013-07-17,22.629999,22.990000,22.320000,22.500000,22.120737,89300
2013-07-18,22.480000,22.830000,22.379999,22.700001,22.317368,84900
2013-07-19,22.719999,23.129999,22.670000,22.990000,22.602476,42500
2013-07-22,23.010000,23.049999,22.780001,22.870001,22.484499,37600
2013-07-23,22.799999,23.110001,22.700001,23.070000,22.681129,77800
2013-07-24,23.059999,23.170000,22.709999,22.790001,22.405849,51800
2013-07-25,22.809999,22.950001,22.570000,22.860001,22.474670,73700
2013-07-26,22.700001,22.820000,22.410000,22.809999,22.425512,64500
2013-07-29,22.750000,22.750000,21.520000,21.719999,21.353884,133600
2013-07-30,21.860001,22.020000,21.580000,21.670000,21.304728,75400
2013-07-31,21.750000,22.049999,21.510000,21.700001,21.334225,35300
2013-08-01,21.820000,22.500000,21.700001,21.920000,21.660313,111500
2013-08-02,21.780001,22.059999,21.629999,21.820000,21.561497,83500
2013-08-05,21.820000,21.900000,21.540001,21.840000,21.581261,52200
2013-08-06,21.850000,21.950001,20.840000,21.340000,21.087185,111700
2013-08-07,21.170000,21.480000,20.690001,20.879999,20.632633,46400
2013-08-08,20.920000,21.030001,20.690001,20.920000,20.672161,74900
2013-08-09,20.850000,21.500000,20.840000,21.309999,21.057539,185300
2013-08-12,21.150000,21.299999,21.129999,21.240000,20.988367,33300
2013-08-13,21.230000,21.230000,20.639999,20.740000,20.494291,87100
2013-08-14,20.620001,21.000000,20.049999,20.889999,20.642513,119200
2013-08-15,20.700001,20.870001,20.250000,20.520000,20.276899,63200
2013-08-16,20.549999,20.860001,20.100000,20.120001,19.881638,96500
2013-08-19,20.209999,20.280001,19.850000,19.879999,19.644480,47000
2013-08-20,19.920000,20.309999,19.850000,20.250000,20.010098,50100
2013-08-21,20.139999,20.500000,20.010000,20.200001,19.960690,26200
2013-08-22,20.190001,20.400000,20.010000,20.219999,19.980453,15800
2013-08-23,20.180000,20.350000,20.120001,20.250000,20.010098,84400
2013-08-26,20.270000,20.440001,20.100000,20.170000,19.931046,27800
2013-08-27,20.129999,20.230000,19.510000,19.580000,19.348034,102200
2013-08-28,19.639999,20.170000,19.510000,19.860001,19.624718,56600
2013-08-29,19.920000,20.500000,19.920000,20.120001,19.881638,126400
2013-08-30,19.600000,20.090000,19.600000,19.629999,19.397442,82200
2013-09-03,19.830000,20.040001,19.549999,19.820000,19.585192,39600
2013-09-04,19.750000,20.000000,19.709999,19.870001,19.634602,59000
2013-09-05,19.950001,19.959999,19.750000,19.889999,19.654362,31800
2013-09-06,20.030001,20.030001,19.799999,19.860001,19.624718,73700
2013-09-09,19.860001,20.000000,19.799999,19.950001,19.713654,159900
2013-09-10,20.020000,20.080000,19.809999,19.889999,19.654362,62900
2013-09-11,19.879999,19.990000,19.600000,19.660000,19.427088,47700
2013-09-12,19.650000,19.700001,19.280001,19.299999,19.071350,76600
2013-09-13,19.370001,19.440001,18.969999,19.000000,18.774906,153700
2013-09-16,19.200001,20.100000,19.100000,19.600000,19.367800,229400
2013-09-17,19.610001,19.740000,19.280001,19.500000,19.268982,48800
2013-09-18,19.559999,19.830000,19.240000,19.620001,19.387562,78200
2013-09-19,19.680000,19.840000,19.410000,19.549999,19.318390,39100
2013-09-20,19.500000,19.540001,19.400000,19.430000,19.199812,79500
2013-09-23,19.420000,19.420000,19.250000,19.260000,19.031826,37800
2013-09-24,19.379999,19.700001,19.379999,19.559999,19.328272,31200
2013-09-25,19.629999,19.850000,19.430000,19.520000,19.288746,24000
2013-09-26,19.620001,19.860001,19.480000,19.840000,19.604954,24000
2013-09-27,19.690001,19.730000,19.490000,19.580000,19.348034,11400
2013-09-30,19.450001,19.900000,19.250000,19.299999,19.071350,55600
2013-10-01,19.240000,19.420000,19.139999,19.200001,18.972538,59300
2013-10-02,19.110001,19.110001,18.690001,18.850000,18.626684,60300
2013-10-03,18.820000,19.290001,18.799999,19.100000,18.873722,30100
2013-10-04,19.049999,19.049999,18.799999,18.830000,18.606920,119900
2013-10-07,18.730000,18.889999,18.650000,18.670000,18.448816,29800
2013-10-08,18.680000,18.879999,18.570000,18.760000,18.537748,34100
2013-10-09,18.760000,18.860001,18.680000,18.690001,18.468578,77200
2013-10-10,18.900000,19.400000,18.900000,19.230000,19.002180,60900
2013-10-11,19.120001,19.600000,19.120001,19.490000,19.259102,39200
2013-10-14,19.379999,19.500000,19.110001,19.260000,19.031826,37700
2013-10-15,19.240000,20.010000,19.110001,19.400000,19.170168,62500
2013-10-16,19.400000,19.549999,19.250000,19.379999,19.150402,70700
2013-10-17,19.340000,19.780001,19.330000,19.480000,19.249220,43800
2013-10-18,19.629999,19.650000,19.400000,19.520000,19.288746,55600
2013-10-21,19.500000,19.580000,19.240000,19.330000,19.100998,27300
2013-10-22,19.360001,19.510000,19.200001,19.290001,19.061472,19500
2013-10-23,19.240000,19.980000,19.200001,19.719999,19.486376,35900
2013-10-24,19.680000,19.700001,19.280001,19.389999,19.160286,45800
2013-10-25,19.450001,19.750000,19.370001,19.459999,19.229456,40900
2013-10-28,19.530001,19.889999,19.420000,19.660000,19.427088,34500
2013-10-29,19.520000,19.520000,18.760000,19.049999,18.824314,85500
2013-10-30,19.080000,19.230000,18.750000,19.059999,18.834196,68700
2013-10-31,18.940001,19.530001,18.860001,19.020000,18.903769,188900
2013-11-01,18.990000,19.360001,18.600000,18.660000,18.545967,79600
2013-11-04,18.639999,18.830000,18.549999,18.580000,18.466455,69000
2013-11-05,18.540001,18.650000,18.480000,18.500000,18.386946,76100
2013-11-06,18.650000,19.200001,18.600000,19.040001,18.923645,81800
2013-11-07,19.150000,19.610001,19.150000,19.240000,19.122423,53700
2013-11-08,19.219999,19.709999,19.209999,19.620001,19.500101,38200
2013-11-11,19.559999,19.750000,19.379999,19.450001,19.331141,40600
2013-11-12,19.350000,19.680000,19.320000,19.570000,19.450405,34500
2013-11-13,19.620001,19.950001,19.540001,19.930000,19.808207,51300
2013-11-14,19.889999,19.980000,19.809999,19.920000,19.798267,39400
2013-11-15,19.870001,19.910000,19.719999,19.780001,19.659122,48000
2013-11-18,19.760000,20.170000,19.760000,20.000000,19.877779,74200
2013-11-19,20.049999,20.160000,19.740000,19.860001,19.738634,36600
2013-11-20,19.980000,20.290001,19.760000,19.959999,19.838022,31500
2013-11-21,20.000000,20.490000,19.990000,20.139999,20.016922,87900
2013-11-22,20.200001,20.400000,20.110001,20.299999,20.175943,79500
2013-11-25,20.290001,20.610001,20.270000,20.459999,20.334967,74000
2013-11-26,20.420000,20.730000,20.420000,20.730000,20.603317,27600
2013-11-27,20.639999,20.969999,20.469999,20.969999,20.841850,48900
2013-11-29,20.980000,21.250000,20.980000,21.160000,21.030689,19600
2013-12-02,21.100000,21.250000,20.700001,20.809999,20.682827,82400
2013-12-03,20.240000,20.969999,20.240000,20.870001,20.742462,50400
2013-12-04,20.850000,20.980000,20.709999,20.730000,20.603317,38500
2013-12-05,20.719999,20.959999,20.520000,20.850000,20.722584,65400
2013-12-06,21.000000,21.120001,20.860001,20.980000,20.851789,25200
2013-12-09,21.000000,21.040001,20.670000,20.790001,20.662951,30200
2013-12-10,20.770000,20.910000,20.510000,20.809999,20.682827,65600
2013-12-11,20.709999,20.709999,20.389999,20.410000,20.285273,36200
2013-12-12,20.330000,20.610001,20.299999,20.360001,20.235579,35000
2013-12-13,20.430000,20.590000,20.240000,20.570000,20.444294,36000
2013-12-16,20.610001,21.049999,20.510000,20.770000,20.643074,49900
2013-12-17,20.700001,21.219999,20.500000,20.610001,20.484051,73300
2013-12-18,20.660000,20.730000,20.360001,20.690001,20.563562,46900
2013-12-19,20.610001,20.959999,20.200001,20.280001,20.156069,36000
2013-12-20,20.250000,20.780001,20.129999,20.139999,20.016922,109000
2013-12-23,20.270000,20.610001,20.010000,20.270000,20.146130,42100
2013-12-24,20.209999,20.440001,19.870001,20.160000,20.036800,12000
2013-12-26,20.190001,20.250000,20.049999,20.110001,19.987106,19400
2013-12-27,20.190001,20.309999,19.780001,19.910000,19.788328,19100
2013-12-30,19.959999,20.020000,19.490000,19.870001,19.748573,40800
2013-12-31,19.959999,20.170000,19.740000,20.000000,19.877779,54600
2014-01-02,19.959999,20.170000,19.770000,20.160000,20.036800,47900
2014-01-03,20.150000,20.690001,20.030001,20.500000,20.374723,38000
2014-01-06,20.530001,20.750000,20.320000,20.360001,20.235579,47500
2014-01-07,20.360001,20.709999,20.360001,20.469999,20.344906,51300
2014-01-08,20.530001,20.910000,20.469999,20.680000,20.553623,37000
2014-01-09,20.799999,20.799999,20.469999,20.570000,20.444294,19600
2014-01-10,20.600000,20.600000,20.139999,20.270000,20.146130,30700
2014-01-13,20.299999,20.299999,19.910000,19.930000,19.808207,25600
2014-01-14,20.049999,20.510000,20.020000,20.389999,20.265394,23300
2014-01-15,20.530001,20.580000,20.000000,20.090000,19.967228,25600
2014-01-16,20.020000,20.049999,19.520000,19.750000,19.629307,49600
2014-01-17,19.809999,20.049999,19.320000,19.400000,19.281445,65500
2014-01-21,19.590000,19.889999,19.350000,19.510000,19.390774,53200
2014-01-22,19.639999,19.980000,19.510000,19.590000,19.470284,37500
2014-01-23,19.549999,19.709999,19.510000,19.540001,19.420589,40900
2014-01-24,19.500000,19.549999,19.219999,19.379999,19.261566,72000
2014-01-27,19.320000,19.540001,18.639999,18.790001,18.675173,71000
2014-01-28,18.389999,18.879999,17.940001,18.469999,18.357128,108400
2014-01-29,18.500000,18.500000,17.950001,18.000000,17.890001,57400
2014-01-30,17.990000,19.580000,17.850000,17.870001,17.870001,52000
2014-01-31,17.680000,18.000000,17.660000,17.940001,17.940001,80400
2014-02-03,17.830000,18.000000,17.430000,17.459999,17.459999,95800
2014-02-04,17.590000,18.230000,17.049999,17.180000,17.180000,94200
2014-02-05,17.020000,17.660000,17.020000,17.610001,17.610001,69300
2014-02-06,17.500000,17.910000,17.389999,17.639999,17.639999,103300
2014-02-07,17.650000,17.740000,17.400000,17.459999,17.459999,94400
2014-02-10,17.459999,17.660000,17.430000,17.500000,17.500000,53800
2014-02-11,17.610001,17.940001,17.610001,17.790001,17.790001,76200
2014-02-12,17.889999,18.299999,17.650000,18.250000,18.250000,61700
2014-02-13,18.160000,18.610001,18.160000,18.549999,18.549999,44100
2014-02-14,18.600000,18.650000,18.110001,18.389999,18.389999,29900
2014-02-18,18.480000,18.860001,18.370001,18.670000,18.670000,49700
2014-02-19,18.559999,18.660000,18.000000,18.010000,18.010000,36500
2014-02-20,18.030001,18.200001,18.000000,18.129999,18.129999,18900
2014-02-21,18.200001,18.360001,18.059999,18.260000,18.260000,34000
2014-02-24,18.230000,18.440001,18.110001,18.330000,18.330000,51000
2014-02-25,18.330000,18.500000,18.280001,18.389999,18.389999,40100
2014-02-26,18.490000,18.750000,18.309999,18.590000,18.590000,43100
2014-02-27,18.490000,19.020000,18.490000,18.870001,18.870001,33700
2014-02-28,18.930000,19.000000,18.250000,18.840000,18.840000,42600
2014-03-03,18.620001,18.959999,18.500000,18.709999,18.709999,21700
2014-03-04,18.870001,19.150000,18.809999,19.090000,19.090000,74400
2014-03-05,19.120001,19.120001,18.580000,18.790001,18.790001,45400
2014-03-06,18.870001,18.969999,18.740000,18.790001,18.790001,20600
2014-03-07,18.920000,19.000000,18.639999,18.690001,18.690001,60800
2014-03-10,18.590000,18.790001,18.320000,18.559999,18.559999,45600
2014-03-11,18.540001,18.680000,18.330000,18.580000,18.580000,26100
2014-03-12,18.530001,18.650000,18.209999,18.250000,18.250000,59500
2014-03-13,18.320000,18.490000,18.120001,18.299999,18.299999,46100
2014-03-14,18.299999,18.490000,18.299999,18.400000,18.400000,32500
2014-03-17,18.490000,18.490000,18.340000,18.360001,18.360001,34700
2014-03-18,18.260000,19.450001,18.170000,19.400000,19.400000,90600
2014-03-19,19.469999,19.469999,19.020000,19.080000,19.080000,28300
2014-03-20,18.809999,19.200001,18.809999,19.000000,19.000000,39800
2014-03-21,19.000000,19.049999,18.910000,18.990000,18.990000,105300
2014-03-24,19.000000,19.000000,18.440001,18.480000,18.480000,180700
2014-03-25,18.629999,19.000000,18.629999,18.889999,18.889999,41800
2014-03-26,19.049999,19.230000,18.650000,18.750000,18.750000,68100
2014-03-27,18.709999,19.500000,18.680000,19.469999,19.469999,59600
2014-03-28,19.590000,19.889999,19.530001,19.559999,19.559999,83400
2014-03-31,19.549999,19.650000,19.530001,19.549999,19.549999,73500
2014-04-01,19.709999,19.719999,19.330000,19.650000,19.650000,75000
2014-04-02,19.680000,19.680000,19.520000,19.580000,19.580000,28100
2014-04-03,19.500000,19.740000,19.320000,19.570000,19.570000,54000
2014-04-04,19.730000,19.740000,19.469999,19.530001,19.530001,81300
2014-04-07,19.400000,19.549999,18.930000,19.309999,19.309999,42300
2014-04-08,19.280001,19.580000,19.110001,19.389999,19.389999,53100
2014-04-09,19.430000,19.500000,18.780001,19.090000,19.090000,58400
2014-04-10,19.040001,19.260000,18.549999,18.879999,18.879999,67500
2014-04-11,18.680000,18.700001,18.340000,18.350000,18.350000,40000
2014-04-14,18.559999,19.160000,18.480000,18.879999,18.879999,116800
2014-04-15,18.920000,19.020000,18.020000,18.510000,18.510000,90500
2014-04-16,18.610001,18.620001,18.290001,18.420000,18.420000,17300
2014-04-17,18.350000,18.680000,18.350000,18.469999,18.469999,18000
2014-04-21,18.450001,18.450001,17.950001,18.180000,18.180000,82600
2014-04-22,18.129999,18.590000,18.020000,18.580000,18.580000,29900
2014-04-23,18.580000,18.700001,18.049999,18.299999,18.299999,29800
2014-04-24,18.410000,18.469999,18.120001,18.350000,18.350000,19000
2014-04-25,18.230000,18.670000,18.190001,18.350000,18.350000,65100
2014-04-28,18.510000,18.570000,18.110001,18.139999,18.139999,41400
2014-04-29,18.280001,18.600000,17.809999,17.900000,17.900000,47000
2014-04-30,17.790001,18.240000,17.520000,18.160000,18.160000,43900
2014-05-01,18.070000,18.500000,17.969999,18.500000,18.500000,137400
2014-05-02,18.600000,18.600000,18.090000,18.170000,18.170000,25300
2014-05-05,18.020000,18.020000,17.500000,17.610001,17.610001,61500
2014-05-06,17.480000,17.650000,16.809999,16.820000,16.820000,51100
2014-05-07,16.820000,17.230000,16.709999,17.170000,17.170000,60300
2014-05-08,17.070000,17.150000,16.650000,16.670000,16.670000,37900
2014-05-09,16.559999,17.040001,16.510000,17.030001,17.030001,45200
2014-05-12,17.209999,17.969999,17.209999,17.830000,17.830000,42100
2014-05-13,17.889999,18.080000,17.129999,17.350000,17.350000,53900
2014-05-14,17.350000,17.959999,16.900000,16.930000,16.930000,34600
2014-05-15,16.900000,17.350000,16.900000,17.049999,17.049999,35800
2014-05-16,17.120001,17.340000,17.000000,17.340000,17.340000,31000
2014-05-19,17.480000,17.480000,17.110001,17.430000,17.430000,26300
2014-05-20,17.330000,17.480000,17.170000,17.270000,17.270000,67800
2014-05-21,17.370001,17.590000,17.290001,17.500000,17.500000,30500
2014-05-22,17.600000,17.660000,17.330000,17.469999,17.469999,28700
2014-05-23,17.510000,17.820000,17.420000,17.600000,17.600000,22700
2014-05-27,17.520000,17.990000,17.520000,17.910000,17.910000,37300
2014-05-28,17.950001,18.030001,17.700001,17.920000,17.920000,34900
2014-05-29,18.110001,18.299999,17.860001,17.990000,17.990000,70000
2014-05-30,18.000000,18.190001,17.580000,17.920000,17.920000,93800
2014-06-02,18.040001,18.250000,17.830000,18.040001,18.040001,41800
2014-06-03,17.940001,18.150000,17.570000,17.730000,17.730000,63300
2014-06-04,17.629999,17.940001,17.070000,17.780001,17.780001,23800
2014-06-05,17.610001,18.299999,17.610001,18.150000,18.150000,25000
2014-06-06,18.200001,18.450001,18.190001,18.379999,18.379999,55000
2014-06-09,18.379999,18.590000,18.330000,18.490000,18.490000,47500
2014-06-10,18.420000,18.590000,18.280001,18.469999,18.469999,20800
2014-06-11,18.320000,18.500000,18.200001,18.370001,18.370001,13400
2014-06-12,18.139999,18.530001,18.139999,18.430000,18.430000,27400
2014-06-13,18.500000,18.570000,18.270000,18.350000,18.350000,15700
2014-06-16,18.280001,18.980000,18.280001,18.959999,18.959999,33600
2014-06-17,18.980000,19.049999,18.850000,18.900000,18.900000,70700
2014-06-18,18.930000,19.040001,18.920000,18.990000,18.990000,37200
2014-06-19,19.000000,19.100000,18.559999,18.870001,18.870001,49400
2014-06-20,18.959999,19.090000,18.910000,18.930000,18.930000,93600
2014-06-23,19.000000,19.100000,18.780001,18.940001,18.940001,32800
2014-06-24,18.840000,19.080000,18.840000,18.920000,18.920000,27500
2014-06-25,18.780001,19.010000,18.610001,18.969999,18.969999,25500
2014-06-26,18.940001,19.100000,18.709999,19.030001,19.030001,42900
2014-06-27,18.900000,19.100000,18.830000,18.940001,18.940001,210900
2014-06-30,18.700001,19.090000,18.209999,18.370001,18.370001,63800
2014-07-01,18.490000,18.860001,18.340000,18.570000,18.570000,222600
2014-07-02,18.480000,18.870001,18.480000,18.820000,18.820000,14500
2014-07-03,18.799999,19.080000,18.639999,19.040001,19.040001,11600
2014-07-07,19.030001,19.030001,18.760000,18.889999,18.889999,20700
2014-07-08,18.850000,19.129999,18.629999,18.950001,18.950001,27600
2014-07-09,18.950001,18.950001,18.250000,18.520000,18.520000,30800
2014-07-10,18.139999,18.469999,17.870001,17.950001,17.950001,25700
2014-07-11,18.020000,18.100000,17.670000,17.730000,17.730000,14800
2014-07-14,17.959999,18.150000,17.930000,17.990000,17.990000,29500
2014-07-15,18.040001,18.040001,17.700001,17.750000,17.750000,25100
2014-07-16,17.850000,18.520000,17.670000,18.219999,18.219999,33600
2014-07-17,18.049999,18.350000,17.370001,17.570000,17.570000,91600
2014-07-18,17.450001,18.059999,17.450001,17.990000,17.990000,28300
2014-07-21,17.830000,17.889999,17.530001,17.620001,17.620001,17400
2014-07-22,17.750000,17.950001,17.700001,17.760000,17.760000,17900
2014-07-23,17.799999,19.209999,17.770000,18.400000,18.400000,38600
2014-07-24,18.520000,18.520000,17.580000,18.110001,18.110001,29700
2014-07-25,17.920000,18.100000,17.610001,17.790001,17.790001,31500
2014-07-28,17.799999,18.309999,17.170000,17.400000,17.400000,42000
2014-07-29,17.350000,17.850000,17.209999,17.480000,17.480000,48400
2014-07-30,17.540001,17.889999,17.030001,17.400000,17.400000,23400
2014-07-31,17.340000,17.559999,17.200001,17.440001,17.440001,81700
2014-08-01,17.530001,17.750000,17.070000,17.180000,17.180000,37700
2014-08-04,17.309999,17.530001,17.049999,17.219999,17.219999,29500
2014-08-05,17.230000,17.549999,17.059999,17.110001,17.110001,33200
2014-08-06,17.070000,17.270000,17.049999,17.129999,17.129999,33200
2014-08-07,17.240000,17.559999,17.110001,17.209999,17.209999,10200
2014-08-08,17.170000,17.270000,17.100000,17.139999,17.139999,33400
2014-08-11,17.280001,17.420000,17.120001,17.370001,17.370001,11500
2014-08-12,17.240000,17.330000,17.190001,17.190001,17.190001,12900
2014-08-13,17.250000,17.379999,17.110001,17.370001,17.370001,17900
2014-08-14,17.320000,17.790001,17.320000,17.510000,17.510000,151900
2014-08-15,17.730000,18.160000,17.600000,17.900000,17.900000,216800
2014-08-18,18.049999,18.299999,17.900000,18.000000,18.000000,27200
2014-08-19,18.000000,18.030001,17.840000,18.000000,18.000000,11200
2014-08-20,17.959999,17.980000,17.730000,17.860001,17.860001,191500
2014-08-21,17.780001,18.209999,17.719999,18.139999,18.139999,25500
2014-08-22,18.180000,18.459999,18.090000,18.260000,18.260000,20200
2014-08-25,18.309999,18.450001,18.170000,18.240000,18.240000,15400
2014-08-26,18.200001,18.309999,18.080000,18.100000,18.100000,28800
2014-08-27,18.070000,18.150000,17.879999,18.150000,18.150000,13600
2014-08-28,17.990000,18.400000,17.920000,18.240000,18.240000,27700
2014-08-29,18.290001,18.330000,18.129999,18.190001,18.190001,23300
2014-09-02,18.320000,18.400000,18.040001,18.370001,18.370001,15600
2014-09-03,18.410000,18.410000,17.930000,18.020000,18.020000,28800
2014-09-04,18.020000,18.309999,17.910000,17.910000,17.910000,10300
2014-09-05,17.820000,17.920000,17.660000,17.809999,17.809999,63000
2014-09-08,17.750000,17.889999,17.730000,17.840000,17.840000,26800
2014-09-09,17.830000,17.889999,17.700001,17.860001,17.860001,23500
2014-09-10,17.900000,18.040001,17.780001,17.969999,17.969999,28100
2014-09-11,17.840000,18.160000,17.809999,18.110001,18.110001,22100
2014-09-12,18.170000,18.260000,17.700001,17.879999,17.879999,22500
2014-09-15,17.990000,17.990000,17.709999,17.900000,17.900000,24300
2014-09-16,17.830000,17.969999,17.730000,17.740000,17.740000,15200
2014-09-17,17.750000,17.969999,17.600000,17.750000,17.750000,69200
2014-09-18,17.950001,18.120001,17.799999,17.940001,17.940001,19400
2014-09-19,17.959999,18.299999,17.290001,17.299999,17.299999,120500
2014-09-22,17.299999,17.660000,17.200001,17.520000,17.520000,31500
2014-09-23,17.549999,17.639999,17.500000,17.620001,17.620001,44100
2014-09-24,17.780001,17.990000,17.600000,17.879999,17.879999,37000
2014-09-25,17.820000,17.860001,17.540001,17.750000,17.750000,51400
2014-09-26,17.709999,17.780001,17.459999,17.760000,17.760000,66700
2014-09-29,17.570000,17.780001,17.530001,17.730000,17.730000,34300
2014-09-30,18.150000,18.160000,16.900000,17.090000,17.090000,316800
2014-10-01,17.100000,17.139999,16.540001,16.670000,16.670000,274100
2014-10-02,16.700001,16.950001,16.680000,16.799999,16.799999,203500
2014-10-03,16.980000,17.150000,16.830000,17.000000,17.000000,131200
2014-10-06,17.030001,17.150000,16.860001,17.000000,17.000000,50300
2014-10-07,16.870001,16.950001,16.520000,16.549999,16.549999,162600
2014-10-08,16.480000,16.959999,16.070000,16.540001,16.540001,56000
2014-10-09,17.080000,17.080000,16.160000,16.389999,16.389999,68500
2014-10-10,16.280001,16.670000,16.280001,16.420000,16.420000,73200
2014-10-13,16.309999,16.719999,16.200001,16.430000,16.430000,57800
2014-10-14,16.610001,16.690001,16.240000,16.450001,16.450001,149400
2014-10-15,16.139999,16.559999,15.950000,16.469999,16.469999,111300
2014-10-16,16.330000,16.990000,16.090000,16.790001,16.790001,95900
2014-10-17,17.010000,17.190001,16.750000,17.020000,17.020000,84800
2014-10-20,16.990000,17.240000,16.950001,17.190001,17.190001,51000
2014-10-21,17.250000,17.379999,17.160000,17.260000,17.260000,29600
2014-10-22,17.250000,17.410000,16.990000,17.270000,17.270000,58100
2014-10-23,17.309999,17.540001,17.090000,17.379999,17.379999,53400
2014-10-24,17.440001,17.450001,16.799999,17.120001,17.120001,59200
2014-10-27,17.059999,17.250000,16.850000,16.870001,16.870001,185000
2014-10-28,17.040001,17.389999,17.040001,17.299999,17.299999,103600
2014-10-29,17.370001,17.389999,17.150000,17.260000,17.260000,63100
2014-10-30,17.260000,17.410000,17.250000,17.320000,17.320000,50300
2014-10-31,17.600000,17.600000,17.250000,17.420000,17.420000,99200
2014-11-03,17.480000,17.480000,17.250000,17.350000,17.350000,80000
2014-11-04,17.379999,17.379999,17.030001,17.290001,17.290001,45700
2014-11-05,17.350000,17.480000,17.129999,17.190001,17.190001,25500
2014-11-06,17.170000,17.170000,16.730000,16.900000,16.900000,52600
2014-11-07,16.900000,17.170000,16.799999,17.139999,17.139999,98300
2014-11-10,17.200001,17.320000,16.900000,17.240000,17.240000,32500
2014-11-11,16.969999,17.270000,16.969999,17.240000,17.240000,34100
2014-11-12,17.129999,17.340000,16.850000,16.990000,16.990000,39800
2014-11-13,16.950001,16.950001,16.330000,16.540001,16.540001,49800
2014-11-14,16.500000,16.700001,16.400000,16.670000,16.670000,82500
2014-11-17,16.600000,16.600000,16.420000,16.459999,16.459999,56300
2014-11-18,16.430000,16.530001,16.320000,16.500000,16.500000,65800
2014-11-19,16.500000,16.570000,16.139999,16.270000,16.270000,74800
2014-11-20,16.170000,16.590000,16.139999,16.570000,16.570000,38700
2014-11-21,16.700001,16.700001,16.440001,16.549999,16.549999,54500
2014-11-24,16.570000,16.900000,16.570000,16.900000,16.900000,105700
2014-11-25,16.690001,17.280001,16.690001,17.250000,17.250000,110300
2014-11-26,17.100000,17.190001,16.480000,16.620001,16.620001,38600
2014-11-28,16.700001,16.700001,16.260000,16.309999,16.309999,22500
2014-12-01,16.190001,16.780001,16.030001,16.100000,16.100000,48800
2014-12-02,16.219999,16.480000,16.100000,16.250000,16.250000,35200
2014-12-03,16.280001,16.580000,16.280001,16.450001,16.450001,31600
2014-12-04,16.590000,16.590000,16.190001,16.400000,16.400000,34800
2014-12-05,16.370001,16.590000,16.230000,16.420000,16.420000,45300
2014-12-08,16.379999,16.520000,16.150000,16.370001,16.370001,40400
2014-12-09,16.200001,16.780001,16.200001,16.740000,16.740000,37900
2014-12-10,16.700001,16.700001,16.350000,16.400000,16.400000,55900
2014-12-11,16.500000,16.719999,16.500000,16.530001,16.530001,43000
2014-12-12,16.290001,16.500000,16.280001,16.350000,16.350000,79900
2014-12-15,16.309999,16.400000,16.240000,16.290001,16.290001,39100
2014-12-16,16.299999,16.719999,16.280001,16.559999,16.559999,106500
2014-12-17,16.650000,17.270000,16.490000,17.200001,17.200001,89400
2014-12-18,17.350000,17.410000,16.959999,17.290001,17.290001,71500
2014-12-19,17.250000,17.450001,17.250000,17.270000,17.270000,96800
2014-12-22,17.340000,17.389999,17.250000,17.360001,17.360001,24100
2014-12-23,17.379999,17.400000,17.209999,17.290001,17.290001,26200
2014-12-24,17.290001,17.400000,17.290001,17.360001,17.360001,12800
2014-12-26,17.450001,17.450001,17.290001,17.360001,17.360001,16800
2014-12-29,17.410000,17.450001,17.309999,17.410000,17.410000,43100
2014-12-30,17.350000,17.420000,17.270000,17.290001,17.290001,30200
2014-12-31,17.400000,17.500000,17.250000,17.410000,17.410000,127200
2015-01-02,17.459999,17.650000,17.260000,17.290001,17.290001,68700
2015-01-05,17.250000,17.290001,16.940001,17.120001,17.120001,60200
2015-01-06,17.110001,17.120001,16.700001,17.000000,17.000000,60000
2015-01-07,17.129999,17.150000,16.990000,17.080000,17.080000,63300
2015-01-08,17.219999,17.450001,17.040001,17.430000,17.430000,108700
2015-01-09,17.410000,17.549999,17.360001,17.459999,17.459999,151000
2015-01-12,17.430000,17.430000,16.940001,17.049999,17.049999,69000
2015-01-13,17.360001,17.469999,17.100000,17.320000,17.320000,105400
2015-01-14,17.139999,17.389999,17.139999,17.350000,17.350000,105000
2015-01-15,17.299999,17.379999,17.129999,17.320000,17.320000,144100
2015-01-16,17.240000,17.379999,17.180000,17.330000,17.330000,97300
2015-01-20,17.420000,17.450001,17.040001,17.120001,17.120001,51500
2015-01-21,17.010000,17.170000,16.910000,17.129999,17.129999,28700
2015-01-22,17.219999,17.450001,17.100000,17.450001,17.450001,65800
2015-01-23,17.420000,17.459999,17.160000,17.360001,17.360001,25400
2015-01-26,17.299999,17.370001,17.030001,17.049999,17.049999,85000
2015-01-27,17.500000,17.809999,17.270000,17.690001,17.690001,300700
2015-01-28,17.860001,17.860001,17.299999,17.379999,17.379999,65700
2015-01-29,17.459999,17.750000,17.139999,17.730000,17.730000,90400
2015-01-30,17.559999,17.750000,17.450001,17.660000,17.660000,64100
2015-02-02,17.719999,17.750000,17.530001,17.700001,17.700001,77100
2015-02-03,17.580000,17.750000,17.490000,17.750000,17.750000,188300
2015-02-04,17.719999,17.799999,17.490000,17.650000,17.650000,69900
2015-02-05,17.750000,17.750000,17.540001,17.610001,17.610001,54900
2015-02-06,17.670000,17.780001,17.580000,17.650000,17.650000,111500
2015-02-09,17.580000,17.770000,17.370001,17.490000,17.490000,71900
2015-02-10,17.540001,17.620001,17.370001,17.459999,17.459999,76500
2015-02-11,17.410000,17.450001,17.270000,17.309999,17.309999,66400
2015-02-12,17.440001,17.590000,17.280001,17.530001,17.530001,115100
2015-02-13,17.469999,17.780001,17.459999,17.750000,17.750000,34300
2015-02-17,17.809999,17.950001,17.690001,17.740000,17.740000,31800
2015-02-18,17.690001,17.860001,17.410000,17.490000,17.490000,75900
2015-02-19,17.459999,17.780001,17.420000,17.650000,17.650000,177500
2015-02-20,17.690001,17.709999,17.139999,17.200001,17.200001,73800
2015-02-23,17.219999,17.379999,17.000000,17.299999,17.299999,116900
2015-02-24,17.350000,17.450001,17.000000,17.219999,17.219999,58900
2015-02-25,17.190001,17.440001,17.000000,17.330000,17.330000,32400
2015-02-26,17.280001,17.459999,17.120001,17.370001,17.370001,45000
2015-02-27,17.389999,17.389999,17.150000,17.299999,17.299999,138500
2015-03-02,17.299999,18.809999,17.230000,18.059999,18.059999,1004900
2015-03-03,17.980000,18.430000,17.879999,17.990000,17.990000,190600
2015-03-04,17.900000,18.219999,17.900000,18.080000,18.080000,167600
2015-03-05,18.100000,18.389999,17.959999,18.080000,18.080000,198700
2015-03-06,18.150000,18.340000,17.930000,18.080000,18.080000,152600
2015-03-09,18.010000,18.299999,17.950001,18.100000,18.100000,106400
2015-03-10,17.959999,18.160000,17.629999,18.020000,18.020000,71100
2015-03-11,17.920000,18.090000,17.850000,18.020000,18.020000,88400
2015-03-12,18.100000,18.570000,18.100000,18.340000,18.340000,97800
2015-03-13,18.360001,18.400000,18.000000,18.340000,18.340000,69800
2015-03-16,18.430000,18.430000,17.870001,17.910000,17.910000,123900
2015-03-17,17.990000,18.100000,17.840000,18.040001,18.040001,113700
2015-03-18,18.059999,18.100000,17.870001,18.080000,18.080000,56300
2015-03-19,18.090000,18.170000,18.030001,18.150000,18.150000,93400
2015-03-20,18.230000,18.430000,18.100000,18.110001,18.110001,135900
2015-03-23,18.040001,18.240000,18.000000,18.030001,18.030001,86200
2015-03-24,18.000000,18.100000,18.000000,18.059999,18.059999,41400
2015-03-25,18.100000,18.170000,17.680000,17.700001,17.700001,69900
2015-03-26,17.719999,18.010000,17.660000,17.889999,17.889999,89500
2015-03-27,17.860001,18.040001,17.549999,17.950001,17.950001,82900
2015-03-30,17.959999,18.350000,17.820000,18.270000,18.270000,105300
2015-03-31,18.250000,18.440001,18.090000,18.320000,18.320000,116200
2015-04-01,18.240000,18.660000,18.240000,18.620001,18.620001,108300
2015-04-02,18.549999,18.780001,18.549999,18.700001,18.700001,46700
2015-04-06,18.639999,18.690001,18.540001,18.639999,18.639999,213200
2015-04-07,18.660000,18.850000,18.620001,18.809999,18.809999,100300
2015-04-08,18.840000,18.900000,18.660000,18.889999,18.889999,51300
2015-04-09,18.889999,18.889999,18.430000,18.600000,18.600000,62700
2015-04-10,18.670000,18.670000,18.510000,18.650000,18.650000,80500
2015-04-13,18.700001,18.889999,18.430000,18.809999,18.809999,67100
2015-04-14,18.870001,18.889999,18.629999,18.840000,18.840000,37400
2015-04-15,18.900000,19.590000,18.680000,19.440001,19.440001,152900
2015-04-16,19.469999,20.000000,19.440001,19.809999,19.809999,125000
2015-04-17,19.770000,19.900000,19.610001,19.719999,19.719999,72900
2015-04-20,19.830000,19.940001,19.639999,19.740000,19.740000,106300
2015-04-21,19.750000,19.750000,19.309999,19.379999,19.379999,38500
2015-04-22,19.320000,19.530001,19.120001,19.410000,19.410000,54400
2015-04-23,19.309999,19.360001,19.150000,19.219999,19.219999,29200
2015-04-24,19.160000,19.389999,18.920000,19.090000,19.090000,55300
2015-04-27,19.070000,19.700001,18.790001,19.469999,19.469999,86200
2015-04-28,20.000000,21.049999,19.860001,20.760000,20.760000,308100
2015-04-29,20.750000,20.879999,20.680000,20.740000,20.740000,273400
2015-04-30,20.879999,21.129999,20.549999,20.680000,20.680000,392000
2015-05-01,20.639999,20.950001,20.580000,20.750000,20.750000,230000
2015-05-04,20.850000,20.889999,20.660000,20.850000,20.850000,312500
2015-05-05,20.850000,20.900000,20.400000,20.750000,20.750000,239000
2015-05-06,20.740000,20.809999,20.600000,20.740000,20.740000,294500
2015-05-07,20.750000,20.940001,20.700001,20.820000,20.820000,304800
2015-05-08,21.020000,21.020000,20.799999,20.910000,20.910000,192900
2015-05-11,21.070000,21.590000,21.070000,21.500000,21.500000,380400
2015-05-12,21.500000,21.500000,20.900000,21.190001,21.190001,162000
2015-05-13,21.190001,21.309999,21.030001,21.180000,21.180000,91500
2015-05-14,21.250000,21.420000,21.180000,21.309999,21.309999,136300
2015-05-15,21.340000,21.440001,21.100000,21.389999,21.389999,177000
2015-05-18,21.440001,22.450001,21.400000,22.389999,22.389999,390200
2015-05-19,22.450001,22.950001,22.330000,22.480000,22.480000,558100
2015-05-20,22.590000,22.940001,22.260000,22.900000,22.900000,197600
2015-05-21,22.969999,23.559999,22.830000,23.500000,23.500000,196300
2015-05-22,23.389999,23.790001,23.160000,23.740000,23.740000,338400
2015-05-26,23.700001,23.850000,23.160000,23.290001,23.290001,317100
2015-05-27,23.340000,23.400000,23.059999,23.170000,23.170000,176300
2015-05-28,22.990000,23.299999,22.950001,23.129999,23.129999,125100
2015-05-29,23.120001,23.120001,22.629999,23.040001,23.040001,246000
2015-06-01,22.920000,23.290001,22.610001,22.900000,22.900000,244700
2015-06-02,22.709999,23.219999,22.709999,23.150000,23.150000,113900
2015-06-03,23.160000,23.290001,22.969999,23.209999,23.209999,152400
2015-06-04,23.059999,23.150000,22.850000,23.120001,23.120001,112600
2015-06-05,23.129999,23.459999,23.000000,23.200001,23.200001,199500
2015-06-08,23.059999,23.309999,23.000000,23.200001,23.200001,161300
2015-06-09,23.250000,23.490000,23.030001,23.440001,23.440001,104600
2015-06-10,23.500000,24.430000,23.459999,24.150000,24.150000,285900
2015-06-11,24.360001,24.430000,23.860001,23.920000,23.920000,110900
2015-06-12,23.809999,23.860001,23.580000,23.620001,23.620001,118600
2015-06-15,23.510000,23.760000,23.320000,23.549999,23.549999,202000
2015-06-16,23.459999,23.700001,23.450001,23.670000,23.670000,121800
2015-06-17,23.690001,23.770000,23.260000,23.400000,23.400000,167500
2015-06-18,23.389999,23.570000,23.230000,23.520000,23.520000,128100
2015-06-19,23.500000,23.799999,23.280001,23.680000,23.680000,288400
2015-06-22,23.780001,23.950001,23.350000,23.610001,23.610001,136300
2015-06-23,23.680000,24.120001,23.530001,23.780001,23.780001,235600
2015-06-24,23.680000,24.000000,23.680000,23.809999,23.809999,237800
2015-06-25,23.790001,23.830000,23.540001,23.620001,23.620001,162400
2015-06-26,23.719999,23.980000,23.389999,23.670000,23.670000,509800
2015-06-29,23.660000,23.780001,22.629999,22.660000,22.660000,162700
2015-06-30,22.870001,23.090000,22.600000,22.820000,22.820000,174800
2015-07-01,23.030001,23.480000,22.870001,23.209999,23.209999,144300
2015-07-02,23.250000,23.410000,22.930000,23.240000,23.240000,122200
2015-07-06,23.049999,23.410000,22.930000,23.389999,23.389999,138900
2015-07-07,23.450001,23.450001,22.980000,23.100000,23.100000,103700
2015-07-08,22.969999,23.129999,22.730000,22.860001,22.860001,56300
2015-07-09,23.040001,23.450001,22.780001,22.840000,22.840000,126300
2015-07-10,23.020000,23.379999,23.000000,23.129999,23.129999,117800
2015-07-13,23.270000,23.270000,22.930000,23.100000,23.100000,88600
2015-07-14,23.000000,23.430000,22.969999,23.389999,23.389999,101500
2015-07-15,23.430000,23.430000,22.980000,23.049999,23.049999,64000
2015-07-16,23.120001,23.340000,22.490000,23.270000,23.270000,54400
2015-07-17,23.360001,23.420000,23.219999,23.379999,23.379999,57900
2015-07-20,23.309999,24.160000,23.209999,23.969999,23.969999,168300
2015-07-21,24.070000,24.360001,23.510000,23.730000,23.730000,180300
2015-07-22,23.750000,24.330000,23.510000,24.180000,24.180000,141200
2015-07-23,24.290001,24.290001,23.709999,23.850000,23.850000,133000
2015-07-24,23.750000,23.820000,23.530001,23.770000,23.770000,160700
2015-07-27,24.250000,24.250000,22.650000,23.830000,23.830000,234700
2015-07-28,23.719999,23.790001,23.270000,23.320000,23.320000,145900
2015-07-29,23.350000,23.350000,22.370001,22.660000,22.660000,470500
2015-07-30,22.570000,22.830000,22.350000,22.389999,22.389999,349500
2015-07-31,22.389999,22.830000,22.350000,22.610001,22.610001,230500
2015-08-03,22.559999,22.559999,22.000000,22.180000,22.180000,115700
2015-08-04,22.180000,22.490000,22.049999,22.190001,22.190001,139600
2015-08-05,22.350000,22.760000,22.190001,22.379999,22.379999,120500
2015-08-06,22.469999,22.469999,21.809999,21.990000,21.990000,55800
2015-08-07,21.840000,22.049999,21.570000,22.030001,22.030001,124900
2015-08-10,22.040001,22.360001,21.940001,22.360001,22.360001,125900
2015-08-11,22.290001,22.510000,22.180000,22.389999,22.389999,102400
2015-08-12,22.299999,22.299999,21.969999,22.049999,22.049999,107200
2015-08-13,22.010000,22.090000,21.900000,21.900000,21.900000,73100
2015-08-14,21.840000,22.320000,21.790001,22.290001,22.290001,50800
2015-08-17,22.150000,22.250000,21.889999,22.000000,22.000000,57000
2015-08-18,22.059999,22.219999,21.580000,21.650000,21.650000,91400
2015-08-19,21.620001,21.930000,21.350000,21.650000,21.650000,116200
2015-08-20,21.270000,21.639999,21.049999,21.070000,21.070000,125600
2015-08-21,20.750000,21.760000,20.389999,21.570000,21.570000,152400
2015-08-24,21.000000,21.930000,21.000000,21.540001,21.540001,195800
2015-08-25,21.980000,21.980000,21.000000,21.430000,21.430000,263800
2015-08-26,21.860001,21.990000,21.340000,21.930000,21.930000,195900
2015-08-27,22.040001,22.040001,21.629999,21.889999,21.889999,154500
2015-08-28,21.790001,21.990000,21.730000,21.840000,21.840000,106500
2015-08-31,21.740000,22.290001,21.670000,22.260000,22.260000,117300
2015-09-01,22.090000,22.180000,21.580000,21.740000,21.740000,202800
2015-09-02,21.879999,21.969999,21.410000,21.870001,21.870001,151500
2015-09-03,21.969999,22.170000,21.610001,21.780001,21.780001,303200
2015-09-04,21.520000,22.260000,21.520000,21.959999,21.959999,60200
2015-09-08,22.150000,22.500000,22.150000,22.469999,22.469999,79400
2015-09-09,22.620001,22.830000,22.000000,22.250000,22.250000,110500
2015-09-10,22.270000,22.530001,22.270000,22.490000,22.490000,55700
2015-09-11,22.389999,22.540001,22.350000,22.500000,22.500000,59000
2015-09-14,22.540001,22.780001,22.280001,22.490000,22.490000,55200
2015-09-15,22.549999,22.740000,22.389999,22.549999,22.549999,92400
2015-09-16,22.620001,22.969999,22.620001,22.860001,22.860001,74300
2015-09-17,22.840000,22.990000,22.260000,22.320000,22.320000,152200
2015-09-18,22.010000,22.459999,21.639999,22.280001,22.280001,168000
2015-09-21,22.370001,22.730000,22.270000,22.410000,22.410000,93500
2015-09-22,22.299999,22.559999,22.270000,22.420000,22.420000,53900
2015-09-23,22.530001,22.670000,22.309999,22.530001,22.530001,98800
2015-09-24,22.490000,23.049999,22.490000,22.959999,22.959999,150200
2015-09-25,23.180000,23.490000,22.980000,23.240000,23.240000,210300
2015-09-28,23.240000,23.440001,22.950001,23.090000,23.090000,231900
2015-09-29,23.240000,23.260000,22.580000,22.680000,22.680000,120100
2015-09-30,22.790001,23.170000,21.809999,23.100000,23.100000,270300
2015-10-01,23.260000,23.260000,22.690001,22.879999,22.879999,104500
2015-10-02,22.719999,22.990000,22.570000,22.910000,22.910000,125900
2015-10-05,23.030001,23.309999,22.820000,22.940001,22.940001,99000
2015-10-06,22.870001,23.030001,22.750000,22.910000,22.910000,100100
2015-10-07,23.070000,23.500000,22.990000,23.500000,23.500000,109900
2015-10-08,23.219999,23.559999,23.219999,23.270000,23.270000,95000
2015-10-09,23.389999,23.400000,22.450001,22.480000,22.480000,141000
2015-10-12,22.500000,23.340000,22.500000,23.129999,23.129999,195000
2015-10-13,23.129999,23.230000,22.969999,23.110001,23.110001,59500
2015-10-14,23.059999,23.059999,22.610001,22.639999,22.639999,95800
2015-10-15,22.680000,22.709999,22.400000,22.510000,22.510000,52500
2015-10-16,22.600000,22.719999,22.360001,22.400000,22.400000,63200
2015-10-19,22.360001,22.480000,21.000000,22.129999,22.129999,68200
2015-10-20,22.100000,22.389999,21.700001,21.750000,21.750000,111900
2015-10-21,21.879999,21.879999,21.280001,21.400000,21.400000,102200
2015-10-22,21.400000,21.790001,21.219999,21.309999,21.309999,117500
2015-10-23,21.379999,21.719999,21.100000,21.670000,21.670000,211600
2015-10-26,21.740000,21.910000,21.170000,21.830000,21.830000,123000
2015-10-27,21.000000,21.959999,20.520000,21.129999,21.129999,353900
2015-10-28,21.250000,21.270000,20.900000,21.110001,21.110001,361100
2015-10-29,21.020000,21.650000,20.969999,21.290001,21.290001,81900
2015-10-30,21.250000,21.379999,20.700001,20.930000,20.930000,172300
2015-11-02,20.910000,21.299999,20.700001,21.070000,21.070000,92800
2015-11-03,21.070000,21.520000,20.920000,21.230000,21.230000,108600
2015-11-04,21.320000,21.510000,21.139999,21.400000,21.400000,96300
2015-11-05,21.299999,22.490000,21.049999,21.219999,21.219999,68400
2015-11-06,21.260000,21.600000,20.820000,21.389999,21.389999,148100
2015-11-09,21.389999,21.510000,20.950001,21.020000,21.020000,201600
2015-11-10,21.049999,22.500000,20.730000,21.120001,21.120001,75500
2015-11-11,21.120001,21.230000,20.690001,20.910000,20.910000,69200
2015-11-12,20.820000,20.990000,20.510000,20.549999,20.549999,124900
2015-11-13,20.440001,20.610001,20.049999,20.370001,20.370001,77100
2015-11-16,20.370001,20.559999,20.260000,20.510000,20.510000,61100
2015-11-17,20.490000,20.959999,20.280001,20.590000,20.590000,102000
2015-11-18,20.590000,20.969999,20.400000,20.860001,20.860001,89000
2015-11-19,20.799999,21.540001,20.700001,21.040001,21.040001,99200
2015-11-20,21.010000,21.340000,20.860001,21.260000,21.260000,79400
2015-11-23,21.200001,21.639999,21.160000,21.610001,21.610001,121200
2015-11-24,21.280001,21.700001,21.190001,21.570000,21.570000,78300
2015-11-25,21.570000,21.740000,21.450001,21.540001,21.540001,57000
2015-11-27,21.559999,21.760000,21.549999,21.680000,21.680000,31700
2015-11-30,21.709999,21.879999,21.520000,21.670000,21.670000,101000
2015-12-01,21.760000,22.459999,21.670000,22.309999,22.309999,102700
2015-12-02,22.299999,22.299999,21.840000,22.000000,22.000000,62800
2015-12-03,22.070000,22.150000,21.690001,21.889999,21.889999,111400
2015-12-04,21.900000,22.299999,21.900000,22.180000,22.180000,104400
2015-12-07,22.080000,22.360001,21.700001,21.900000,21.900000,202400
2015-12-08,21.790001,21.940001,21.530001,21.760000,21.760000,71300
2015-12-09,21.760000,22.030001,21.660000,21.770000,21.770000,97200
2015-12-10,21.780001,21.980000,21.620001,21.809999,21.809999,92900
2015-12-11,21.540001,22.049999,21.540001,21.809999,21.809999,185600
2015-12-14,21.780001,21.990000,21.730000,21.850000,21.850000,111000
2015-12-15,21.990000,22.420000,21.860001,22.400000,22.400000,116500
2015-12-16,22.490000,22.639999,22.180000,22.520000,22.520000,158500
2015-12-17,22.280001,23.410000,22.110001,23.370001,23.370001,227900
2015-12-18,23.410000,23.430000,23.059999,23.139999,23.139999,219000
2015-12-21,23.160000,23.330000,22.190001,22.330000,22.330000,103900
2015-12-22,22.330000,22.879999,21.870001,22.240000,22.240000,122900
2015-12-23,22.270000,22.379999,22.049999,22.299999,22.299999,61300
2015-12-24,22.280001,22.660000,22.219999,22.410000,22.410000,22800
2015-12-28,22.370001,22.490000,21.940001,22.059999,22.059999,61500
2015-12-29,22.049999,22.510000,22.049999,22.320000,22.320000,61600
2015-12-30,22.350000,22.400000,22.040001,22.070000,22.070000,52600
2015-12-31,22.059999,22.340000,21.690001,21.709999,21.709999,112000
2016-01-04,21.660000,21.660000,21.400000,21.600000,21.600000,149900
2016-01-05,21.600000,22.020000,21.559999,21.809999,21.809999,100700
2016-01-06,21.610001,21.879999,21.500000,21.670000,21.670000,119200
2016-01-07,21.450001,21.629999,21.000000,21.000000,21.000000,145700
2016-01-08,21.040001,21.160000,20.379999,20.450001,20.450001,152400
2016-01-11,20.440001,20.889999,20.230000,20.530001,20.530001,129900
2016-01-12,20.650000,20.680000,20.010000,20.250000,20.250000,105700
2016-01-13,20.280001,20.600000,19.549999,19.600000,19.600000,120100
2016-01-14,19.730000,20.490000,19.360001,19.680000,19.680000,122100
2016-01-15,19.200001,19.610001,18.580000,19.219999,19.219999,113000
2016-01-19,19.400000,19.400000,18.870001,19.120001,19.120001,114300
2016-01-20,18.920000,19.410000,18.870001,19.320000,19.320000,260200
2016-01-21,19.430000,19.430000,18.969999,19.120001,19.120001,102000
2016-01-22,19.240000,19.400000,18.950001,19.350000,19.350000,172700
2016-01-25,19.309999,19.309999,18.920000,19.030001,19.030001,91700
2016-01-26,19.209999,19.360001,18.969999,19.309999,19.309999,128800
2016-01-27,21.950001,22.790001,20.190001,21.100000,21.100000,529600
2016-01-28,21.190001,21.950001,20.059999,20.170000,20.170000,183700
2016-01-29,20.280001,20.629999,20.049999,20.480000,20.480000,114500
2016-02-01,20.450001,20.450001,19.879999,20.070000,20.070000,113500
2016-02-02,19.889999,20.299999,19.719999,20.230000,20.230000,155300
2016-02-03,20.299999,20.299999,19.910000,19.990000,19.990000,231000
2016-02-04,20.040001,20.260000,19.670000,19.740000,19.740000,128500
2016-02-05,19.760000,19.760000,18.900000,19.430000,19.430000,184800
2016-02-08,19.240000,19.770000,18.940001,19.580000,19.580000,130800
2016-02-09,19.340000,19.510000,19.010000,19.219999,19.219999,96700
2016-02-10,19.250000,19.750000,18.940001,18.990000,18.990000,53700
2016-02-11,18.709999,18.950001,18.590000,18.639999,18.639999,133300
2016-02-12,18.780001,19.600000,18.740000,19.250000,19.250000,87900
2016-02-16,19.360001,19.959999,18.840000,19.600000,19.600000,98000
2016-02-17,19.650000,19.730000,19.360001,19.639999,19.639999,117500
2016-02-18,19.540001,19.990000,19.400000,19.650000,19.650000,161400
2016-02-19,19.639999,20.020000,19.209999,19.280001,19.280001,146300
2016-02-22,19.410000,19.910000,19.309999,19.350000,19.350000,80800
2016-02-23,19.400000,19.730000,19.250000,19.450001,19.450001,112300
2016-02-24,19.400000,19.540001,19.240000,19.469999,19.469999,128900
2016-02-25,19.510000,19.760000,19.420000,19.740000,19.740000,70500
2016-02-26,19.799999,20.070000,19.709999,20.000000,20.000000,69100
2016-02-29,20.010000,20.120001,19.809999,19.969999,19.969999,130600
2016-03-01,20.090000,20.250000,19.900000,20.209999,20.209999,90100
2016-03-02,20.240000,20.290001,19.990000,20.049999,20.049999,142800
2016-03-03,20.070000,20.400000,20.070000,20.139999,20.139999,105100
2016-03-04,20.000000,20.080000,19.760000,19.950001,19.950001,186200
2016-03-07,19.950001,20.330000,19.920000,20.000000,20.000000,130200
2016-03-08,19.980000,20.000000,19.320000,19.430000,19.430000,161300
2016-03-09,19.469999,19.700001,19.400000,19.610001,19.610001,84600
2016-03-10,19.629999,20.030001,19.370001,19.959999,19.959999,151600
2016-03-11,20.000000,20.480000,19.379999,20.459999,20.459999,163100
2016-03-14,20.340000,20.450001,20.180000,20.379999,20.379999,76000
2016-03-15,20.389999,20.490000,20.120001,20.260000,20.260000,121100
2016-03-16,20.190001,20.320000,19.900000,20.160000,20.160000,128000
2016-03-17,20.110001,20.490000,19.139999,20.410000,20.410000,73900
2016-03-18,20.500000,20.879999,20.360001,20.570000,20.570000,124300
2016-03-21,20.480000,20.870001,20.480000,20.660000,20.660000,141400
2016-03-22,20.480000,20.709999,20.360001,20.590000,20.590000,47600
2016-03-23,20.530001,20.530001,20.209999,20.209999,20.209999,73600
2016-03-24,20.080000,20.469999,19.510000,20.400000,20.400000,97000
2016-03-28,20.420000,20.840000,20.420000,20.559999,20.559999,129800
2016-03-29,20.430000,20.930000,20.299999,20.930000,20.930000,113300
2016-03-30,20.879999,20.959999,20.799999,20.879999,20.879999,111300
2016-03-31,20.809999,20.990000,20.680000,20.809999,20.809999,384800
2016-04-01,20.570000,21.469999,20.570000,21.280001,21.280001,201800
2016-04-04,21.250000,21.320000,21.129999,21.180000,21.180000,123900
2016-04-05,20.969999,21.110001,20.469999,20.510000,20.510000,95200
2016-04-06,20.520000,20.660000,20.360001,20.480000,20.480000,38400
2016-04-07,20.309999,20.639999,20.250000,20.620001,20.620001,111100
2016-04-08,20.650000,20.790001,20.540001,20.730000,20.730000,103900
2016-04-11,20.700001,20.870001,20.370001,20.440001,20.440001,78500
2016-04-12,20.500000,20.860001,20.440001,20.780001,20.780001,189500
2016-04-13,20.799999,21.469999,20.799999,21.379999,21.379999,203000
2016-04-14,21.400000,21.709999,21.270000,21.580000,21.580000,127700
2016-04-15,21.469999,21.639999,21.459999,21.490000,21.490000,76000
2016-04-18,21.340000,21.600000,21.299999,21.400000,21.400000,63300
2016-04-19,21.379999,21.650000,21.200001,21.639999,21.639999,81000
2016-04-20,21.580000,21.790001,21.530001,21.570000,21.570000,62600
2016-04-21,21.430000,21.980000,21.370001,21.879999,21.879999,154100
2016-04-22,21.969999,22.180000,21.910000,22.160000,22.160000,118300
2016-04-25,22.190001,22.450001,21.870001,22.450001,22.450001,154900
2016-04-26,22.900000,22.969999,21.350000,22.080000,22.080000,396300
2016-04-27,21.950001,22.209999,21.320000,21.969999,21.969999,254700
2016-04-28,21.860001,22.030001,21.549999,21.700001,21.700001,382000
2016-04-29,21.620001,21.799999,21.320000,21.549999,21.549999,126300
2016-05-02,21.540001,21.629999,21.219999,21.299999,21.299999,84600
2016-05-03,21.250000,21.309999,20.950001,21.240000,21.240000,108400
2016-05-04,21.230000,21.379999,20.930000,21.170000,21.170000,104700
2016-05-05,21.200001,21.420000,21.020000,21.090000,21.090000,51500
2016-05-06,21.010000,21.110001,20.879999,20.940001,20.940001,81700
2016-05-09,20.900000,21.200001,19.510000,20.950001,20.950001,103500
2016-05-10,20.910000,21.440001,20.910000,21.320000,21.320000,70600
2016-05-11,21.250000,21.510000,20.740000,20.799999,20.799999,72200
2016-05-12,20.820000,20.950001,20.650000,20.840000,20.840000,88400
2016-05-13,20.760000,20.879999,20.600000,20.639999,20.639999,47500
2016-05-16,20.580000,20.670000,20.420000,20.559999,20.559999,137700
2016-05-17,20.440001,20.750000,20.230000,20.260000,20.260000,158200
2016-05-18,20.250000,20.940001,20.250000,20.650000,20.650000,181600
2016-05-19,20.500000,20.500000,20.080000,20.290001,20.290001,78500
2016-05-20,20.360001,20.400000,20.070000,20.070000,20.070000,190000
2016-05-23,20.139999,20.219999,19.889999,19.930000,19.930000,339800
2016-05-24,20.100000,20.520000,19.860001,20.420000,20.420000,654400
2016-05-25,20.490000,20.809999,20.340000,20.750000,20.750000,194300
2016-05-26,20.750000,20.900000,20.410000,20.440001,20.440001,103300
2016-05-27,20.520000,20.549999,20.350000,20.520000,20.520000,76700
2016-05-31,20.500000,20.590000,20.389999,20.559999,20.559999,246700
2016-06-01,20.469999,20.950001,20.400000,20.870001,20.870001,163600
2016-06-02,20.860001,20.930000,20.500000,20.910000,20.910000,123500
2016-06-03,20.799999,20.879999,20.400000,20.850000,20.850000,152700
2016-06-06,20.799999,21.150000,20.760000,21.090000,21.090000,107500
2016-06-07,21.250000,21.250000,21.020000,21.080000,21.080000,114000
2016-06-08,21.049999,21.400000,20.930000,21.260000,21.260000,190400
2016-06-09,21.190001,21.190001,20.660000,20.700001,20.700001,93600
2016-06-10,20.690001,21.150000,20.540001,20.580000,20.580000,114000
2016-06-13,20.520000,20.580000,20.230000,20.290001,20.290001,84200
2016-06-14,20.290001,20.420000,20.040001,20.170000,20.170000,87900
2016-06-15,20.290001,20.389999,20.010000,20.049999,20.049999,67900
2016-06-16,19.990000,19.990000,19.709999,19.830000,19.830000,116300
2016-06-17,19.870001,20.280001,19.830000,20.230000,20.230000,224200
2016-06-20,20.290001,20.770000,20.100000,20.570000,20.570000,139800
2016-06-21,20.629999,20.780001,20.350000,20.670000,20.670000,83700
2016-06-22,20.620001,20.709999,20.469999,20.530001,20.530001,87600
2016-06-23,20.750000,21.100000,20.510000,20.990000,20.990000,105000
2016-06-24,20.290001,20.549999,19.790001,19.910000,19.910000,425100
2016-06-27,19.650000,19.650000,18.740000,18.750000,18.750000,167200
2016-06-28,18.959999,19.500000,18.760000,19.430000,19.430000,182000
2016-06-29,19.629999,19.650000,19.400000,19.570000,19.570000,96700
2016-06-30,19.680000,19.950001,19.480000,19.920000,19.920000,85700
2016-07-01,20.000000,20.430000,19.770000,19.860001,19.860001,74400
2016-07-05,19.750000,19.750000,19.290001,19.330000,19.330000,58700
2016-07-06,19.280001,19.510000,19.070000,19.389999,19.389999,56900
2016-07-07,19.450001,19.660000,19.250000,19.430000,19.430000,57100
2016-07-08,19.639999,20.340000,19.639999,20.100000,20.100000,178000
2016-07-11,20.129999,20.389999,20.129999,20.340000,20.340000,86100
2016-07-12,20.490000,21.260000,20.299999,21.190001,21.190001,220100
2016-07-13,21.120001,21.430000,20.930000,21.250000,21.250000,124700
2016-07-14,21.469999,21.469999,21.270000,21.379999,21.379999,134700
2016-07-15,21.500000,21.500000,21.240000,21.469999,21.469999,88600
2016-07-18,21.379999,21.670000,21.350000,21.510000,21.510000,92100
2016-07-19,21.500000,21.650000,21.440001,21.500000,21.500000,77600
2016-07-20,21.469999,21.530001,21.299999,21.370001,21.370001,85900
2016-07-21,21.340000,21.420000,21.139999,21.150000,21.150000,57700
2016-07-22,21.010000,21.500000,21.010000,21.469999,21.469999,81300
2016-07-25,21.480000,21.620001,21.260000,21.400000,21.400000,127000
2016-07-26,22.000000,22.870001,21.660000,22.000000,22.000000,472900
2016-07-27,22.090000,22.160000,21.889999,22.000000,22.000000,269800
2016-07-28,21.910000,22.559999,21.860001,22.190001,22.190001,137000
2016-07-29,22.150000,22.459999,22.080000,22.299999,22.299999,152800
2016-08-01,22.480000,22.920000,22.299999,22.490000,22.490000,363100
2016-08-02,22.510000,22.820000,22.480000,22.620001,22.620001,219500
2016-08-03,22.520000,22.900000,22.520000,22.850000,22.850000,194700
2016-08-04,22.799999,23.000000,22.700001,22.900000,22.900000,158500
2016-08-05,23.129999,23.280001,22.820000,22.920000,22.920000,265700
2016-08-08,22.850000,23.160000,22.559999,23.139999,23.139999,212000
2016-08-09,23.070000,23.219999,22.940001,22.950001,22.950001,298800
2016-08-10,23.030001,23.219999,22.879999,23.120001,23.120001,130200
2016-08-11,23.100000,23.350000,22.879999,23.219999,23.219999,81800
2016-08-12,23.090000,23.290001,23.020000,23.129999,23.129999,53200
2016-08-15,23.110001,23.299999,22.850000,23.250000,23.250000,188400
2016-08-16,23.040001,23.400000,23.040001,23.350000,23.350000,79100
2016-08-17,23.440001,23.840000,23.370001,23.730000,23.730000,213400
2016-08-18,23.799999,24.040001,23.730000,23.860001,23.860001,164300
2016-08-19,23.850000,23.940001,23.719999,23.830000,23.830000,99100
2016-08-22,23.820000,24.150000,23.510000,24.080000,24.080000,124600
2016-08-23,24.230000,24.790001,24.219999,24.740000,24.740000,248700
2016-08-24,24.879999,25.090000,24.730000,25.070000,25.070000,317500
2016-08-25,25.000000,25.209999,24.900000,25.200001,25.200001,199100
2016-08-26,25.049999,25.309999,24.410000,24.950001,24.950001,290200
2016-08-29,25.000000,25.240000,24.809999,25.120001,25.120001,117000
2016-08-30,25.219999,25.889999,25.150000,25.790001,25.790001,276800
2016-08-31,25.670000,26.180000,25.549999,26.059999,26.059999,158700
2016-09-01,26.120001,26.280001,25.530001,26.049999,26.049999,193400
2016-09-02,26.100000,26.219999,25.870001,26.219999,26.219999,78500
2016-09-06,26.110001,26.219999,25.209999,26.200001,26.200001,130600
2016-09-07,26.200001,26.940001,25.980000,26.930000,26.930000,169800
2016-09-08,26.930000,27.209999,26.830000,27.150000,27.150000,199800
2016-09-09,26.290001,26.770000,25.860001,25.879999,25.879999,144300
2016-09-12,25.709999,25.990000,25.620001,25.850000,25.850000,147500
2016-09-13,25.700001,25.700001,24.930000,25.120001,25.120001,259000
2016-09-14,25.010000,25.430000,25.000000,25.030001,25.030001,181200
2016-09-15,25.080000,25.430000,25.080000,25.360001,25.360001,92400
2016-09-16,25.250000,25.280001,25.080000,25.180000,25.180000,221400
2016-09-19,25.570000,25.959999,25.370001,25.500000,25.500000,132200
2016-09-20,25.700001,25.820000,25.510000,25.770000,25.770000,106700
2016-09-21,25.770000,25.990000,25.389999,25.500000,25.500000,109600
2016-09-22,25.709999,25.879999,25.440001,25.790001,25.790001,185800
2016-09-23,25.629999,25.709999,25.170000,25.180000,25.180000,198100
2016-09-26,24.910000,25.180000,24.320000,24.959999,24.959999,151000
2016-09-27,24.790001,25.040001,24.750000,24.940001,24.940001,217800
2016-09-28,25.150000,25.450001,24.920000,25.430000,25.430000,129200
2016-09-29,25.290001,25.379999,24.850000,24.850000,24.850000,88700
2016-09-30,24.959999,25.209999,24.850000,25.059999,25.059999,104700
2016-10-03,24.850000,25.370001,24.850000,25.340000,25.340000,133200
2016-10-04,25.340000,25.639999,25.340000,25.629999,25.629999,79400
2016-10-05,25.700001,25.820000,25.469999,25.480000,25.480000,59100
2016-10-06,25.510000,25.510000,25.160000,25.190001,25.190001,59000
2016-10-07,25.200001,25.209999,24.900000,24.969999,24.969999,162000
2016-10-10,25.000000,25.260000,24.889999,24.900000,24.900000,187900
2016-10-11,24.900000,24.950001,24.450001,24.730000,24.730000,255200
2016-10-12,24.740000,25.219999,24.030001,24.940001,24.940001,113600
2016-10-13,24.690001,24.790001,24.490000,24.580000,24.580000,71200
2016-10-14,24.770000,24.900000,24.480000,24.510000,24.510000,92900
2016-10-17,24.570000,24.730000,24.379999,24.639999,24.639999,83600
2016-10-18,24.900000,24.900000,24.500000,24.559999,24.559999,74100
2016-10-19,24.559999,24.820000,24.549999,24.809999,24.809999,63000
2016-10-20,24.719999,24.920000,24.389999,24.450001,24.450001,77400
2016-10-21,24.219999,24.469999,24.200001,24.330000,24.330000,56700
2016-10-24,24.549999,24.900000,24.549999,24.900000,24.900000,104600
2016-10-25,26.000000,27.250000,25.500000,27.150000,27.150000,475300
2016-10-26,26.500000,28.450001,26.500000,28.200001,28.200001,443600
2016-10-27,28.200001,28.600000,26.650000,26.750000,26.750000,171200
2016-10-28,26.900000,27.240000,26.500000,26.850000,26.850000,186100
2016-10-31,27.299999,27.600000,26.900000,27.549999,27.549999,259100
2016-11-01,27.500000,27.549999,26.799999,26.950001,26.950001,151400
2016-11-02,26.950001,27.000000,26.450001,26.850000,26.850000,131400
2016-11-03,27.000000,27.350000,26.750000,26.850000,26.850000,224100
2016-11-04,26.799999,27.350000,26.799999,27.049999,27.049999,260800
2016-11-07,27.400000,28.250000,27.230000,28.000000,28.000000,247000
2016-11-08,28.000000,28.000000,26.950001,27.049999,27.049999,158800
2016-11-09,27.200001,27.379999,26.480000,26.950001,26.950001,391600
2016-11-10,27.250000,28.549999,27.049999,28.250000,28.250000,383900
2016-11-11,28.150000,28.299999,27.250000,27.450001,27.450001,363000
2016-11-14,27.000000,27.500000,25.950001,26.650000,26.650000,298600
2016-11-15,26.650000,27.350000,26.350000,26.900000,26.900000,394100
2016-11-16,26.900000,28.850000,26.900000,28.700001,28.700001,456100
2016-11-17,28.700001,29.030001,28.250000,28.900000,28.900000,352100
2016-11-18,29.000000,31.100000,28.900000,31.000000,31.000000,364300
2016-11-21,31.049999,32.299999,31.049999,31.650000,31.650000,578400
2016-11-22,31.850000,32.500000,31.650000,31.650000,31.650000,483200
2016-11-23,31.650000,32.099998,31.110001,31.600000,31.600000,222700
2016-11-25,31.700001,31.900000,31.400000,31.600000,31.600000,80000
2016-11-28,31.350000,31.900000,30.450001,30.900000,30.900000,293600
2016-11-29,30.700001,31.400000,29.650000,29.850000,29.850000,501200
2016-11-30,30.049999,30.230000,28.750000,29.049999,29.049999,623000
2016-12-01,29.049999,29.950001,28.650000,29.549999,29.549999,261000
2016-12-02,29.700001,29.850000,29.299999,29.350000,29.350000,194200
2016-12-05,31.299999,32.000000,30.850000,31.850000,31.850000,1149400
2016-12-06,31.650000,31.879999,30.049999,30.150000,30.150000,4581900
2016-12-07,30.049999,31.299999,29.799999,30.500000,30.500000,932500
2016-12-08,30.750000,32.000000,30.700001,31.049999,31.049999,837900
2016-12-09,31.400000,32.750000,31.280001,32.750000,32.750000,923800
2016-12-12,32.549999,33.250000,32.169998,32.450001,32.450001,551200
2016-12-13,32.450001,33.500000,32.230000,33.250000,33.250000,552600
2016-12-14,33.200001,33.700001,32.849998,33.000000,33.000000,556800
2016-12-15,33.000000,33.000000,32.099998,32.349998,32.349998,437700
2016-12-16,32.400002,32.830002,32.150002,32.700001,32.700001,751200
2016-12-19,32.849998,32.900002,32.099998,32.650002,32.650002,376100
2016-12-20,32.250000,32.650002,31.250000,32.400002,32.400002,391300
2016-12-21,32.500000,32.599998,32.099998,32.400002,32.400002,177000
2016-12-22,32.400002,33.000000,31.950001,32.200001,32.200001,197000
2016-12-23,32.349998,32.360001,31.709999,31.900000,31.900000,184100
2016-12-27,31.750000,32.400002,31.610001,32.250000,32.250000,167300
2016-12-28,32.150002,32.200001,31.500000,31.700001,31.700001,158300
2016-12-29,31.650000,32.099998,31.400000,31.549999,31.549999,179800
2016-12-30,31.549999,32.000000,31.400000,31.600000,31.600000,205400
2017-01-03,32.000000,32.500000,31.350000,31.650000,31.650000,289800
2017-01-04,31.900000,32.200001,31.799999,32.150002,32.150002,320600
2017-01-05,32.049999,32.250000,30.900000,30.900000,30.900000,270100
2017-01-06,30.900000,31.100000,30.750000,30.900000,30.900000,173300
2017-01-09,30.850000,31.150000,30.410000,30.600000,30.600000,115700
2017-01-10,30.750000,31.500000,30.549999,31.450001,31.450001,200100
2017-01-11,31.500000,31.600000,31.049999,31.500000,31.500000,230100
2017-01-12,31.450001,31.549999,30.530001,30.950001,30.950001,162500
2017-01-13,29.700001,30.000000,28.700001,29.100000,29.100000,751100
2017-01-17,28.799999,29.100000,27.730000,28.750000,28.750000,623000
2017-01-18,28.900000,29.600000,28.799999,29.250000,29.250000,425500
2017-01-19,29.299999,29.299999,28.900000,29.200001,29.200001,254300
2017-01-20,29.250000,29.430000,28.840000,29.100000,29.100000,272800
2017-01-23,28.950001,28.950001,27.900000,28.100000,28.100000,258100
2017-01-24,27.350000,28.799999,26.600000,28.450001,28.450001,790500
2017-01-25,28.500000,28.900000,26.799999,26.900000,26.900000,638400
2017-01-26,26.750000,27.150000,26.700001,26.950001,26.950001,393800
2017-01-27,26.799999,26.900000,26.180000,26.200001,26.200001,255900
2017-01-30,26.100000,26.400000,25.350000,25.650000,25.650000,512300
2017-01-31,25.650000,26.330000,25.010000,26.200001,26.200001,338900
2017-02-01,26.299999,26.650000,26.049999,26.299999,26.299999,268500
2017-02-02,26.150000,26.350000,25.980000,26.100000,26.100000,252400
2017-02-03,26.250000,26.500000,26.000000,26.049999,26.049999,473600
2017-02-06,25.900000,26.200001,25.389999,26.049999,26.049999,515500
2017-02-07,26.150000,26.250000,25.480000,25.750000,25.750000,274300
2017-02-08,25.600000,25.850000,25.200001,25.600000,25.600000,296900
2017-02-09,25.600000,26.299999,25.600000,26.000000,26.000000,289100
2017-02-10,26.200001,26.250000,25.680000,26.000000,26.000000,284600
2017-02-13,26.100000,26.549999,26.049999,26.299999,26.299999,425900
2017-02-14,26.200001,26.799999,26.129999,26.350000,26.350000,343100
2017-02-15,26.400000,26.480000,26.100000,26.299999,26.299999,132400
2017-02-16,26.250000,26.700001,25.799999,26.700001,26.700001,514000
2017-02-17,26.650000,26.850000,26.450001,26.750000,26.750000,322300
2017-02-21,26.900000,27.850000,26.900000,27.549999,27.549999,430400
2017-02-22,27.650000,27.850000,27.250000,27.350000,27.350000,309200
2017-02-23,27.500000,27.629999,26.879999,27.450001,27.450001,184100
2017-02-24,27.350000,27.350000,27.030001,27.299999,27.299999,150900
2017-02-27,27.200001,27.650000,27.129999,27.650000,27.650000,188900
2017-02-28,27.450001,27.549999,27.100000,27.299999,27.299999,457100
2017-03-01,27.650000,28.200001,27.500000,28.150000,28.150000,241200
2017-03-02,28.049999,28.100000,27.049999,27.200001,27.200001,230800
2017-03-03,27.299999,27.350000,27.000000,27.150000,27.150000,194600
2017-03-06,27.000000,27.049999,26.299999,26.700001,26.700001,179100
2017-03-07,26.750000,26.799999,26.400000,26.500000,26.500000,176600
2017-03-08,26.600000,27.000000,26.400000,26.600000,26.600000,263800
2017-03-09,26.600000,26.700001,26.200001,26.650000,26.650000,187400
2017-03-10,26.850000,26.850000,26.200001,26.600000,26.600000,189900
2017-03-13,26.549999,26.950001,26.180000,26.350000,26.350000,183300
2017-03-14,26.150000,26.350000,25.900000,26.299999,26.299999,162000
2017-03-15,26.350000,26.799999,26.330000,26.700001,26.700001,227800
2017-03-16,26.900000,27.000000,26.750000,26.799999,26.799999,108200
2017-03-17,26.799999,27.100000,26.379999,26.900000,26.900000,429400
2017-03-20,26.850000,27.049999,26.650000,26.750000,26.750000,147100
2017-03-21,26.850000,26.900000,25.650000,26.049999,26.049999,296800
2017-03-22,25.850000,26.200001,25.299999,26.000000,26.000000,429400
2017-03-23,26.100000,26.250000,25.750000,25.799999,25.799999,221300
2017-03-24,25.900000,26.299999,25.799999,26.000000,26.000000,283200
2017-03-27,25.600000,26.549999,25.450001,26.500000,26.500000,218400
2017-03-28,26.450001,27.049999,26.250000,26.700001,26.700001,241100
2017-03-29,26.500000,27.450001,25.650000,27.200001,27.200001,334800
2017-03-30,27.299999,28.200001,27.200001,28.200001,28.200001,390900
2017-03-31,28.150000,28.250000,27.700001,27.950001,27.950001,348900
2017-04-03,27.950001,28.049999,26.799999,26.850000,26.850000,215500
2017-04-04,26.799999,27.400000,26.750000,27.250000,27.250000,217800
2017-04-05,27.400000,27.629999,26.549999,26.799999,26.799999,286800
2017-04-06,26.799999,27.000000,26.500000,26.900000,26.900000,199100
2017-04-07,26.799999,27.200001,26.600000,27.200001,27.200001,180600
2017-04-10,27.250000,27.500000,26.700001,26.850000,26.850000,202900
2017-04-11,26.750000,27.250000,26.600000,27.200001,27.200001,143900
2017-04-12,27.200001,27.200001,26.680000,26.799999,26.799999,74800
2017-04-13,26.750000,26.850000,26.400000,26.600000,26.600000,114300
2017-04-17,26.650000,26.700001,26.400000,26.650000,26.650000,148400
2017-04-18,26.549999,26.750000,26.299999,26.650000,26.650000,415900
2017-04-19,27.049999,27.120001,26.549999,26.750000,26.750000,257600
2017-04-20,26.850000,27.250000,26.850000,27.250000,27.250000,129500
2017-04-21,27.100000,27.900000,27.000000,27.850000,27.850000,235400
2017-04-24,28.200001,28.580000,27.450001,27.450001,27.450001,596300
2017-04-25,27.850000,28.650000,26.950001,27.000000,27.000000,747800
2017-04-26,26.950001,27.600000,26.600000,27.450001,27.450001,268300
2017-04-27,27.400000,27.400000,25.900000,26.799999,26.799999,475100
2017-04-28,26.549999,26.700001,25.450001,26.000000,26.000000,468200
2017-05-01,26.049999,26.150000,25.600000,25.750000,25.750000,223100
2017-05-02,25.750000,25.950001,25.400000,25.799999,25.799999,358400
2017-05-03,25.750000,26.250000,25.549999,26.000000,26.000000,299100
2017-05-04,26.100000,26.700001,26.100000,26.700001,26.700001,150600
2017-05-05,26.650000,27.000000,26.450001,26.850000,26.850000,192600
2017-05-08,26.700001,27.299999,26.600000,27.200001,27.200001,233500
2017-05-09,27.250000,27.500000,26.900000,27.000000,27.000000,168500
2017-05-10,27.000000,27.200001,26.950001,27.100000,27.100000,145600
2017-05-11,26.950001,27.250000,26.799999,26.900000,26.900000,180600
2017-05-12,26.799999,27.049999,26.379999,26.600000,26.600000,128600
2017-05-15,26.799999,27.100000,26.750000,27.049999,27.049999,89100
2017-05-16,27.000000,27.700001,26.799999,27.700001,27.700001,231400
2017-05-17,27.200001,27.250000,26.900000,27.000000,27.000000,211800
2017-05-18,27.049999,27.500000,26.850000,27.200001,27.200001,165400
2017-05-19,27.150000,27.549999,27.150000,27.299999,27.299999,163600
2017-05-22,27.299999,27.650000,27.000000,27.400000,27.400000,180900
2017-05-23,27.350000,27.600000,27.200001,27.450001,27.450001,167600
2017-05-24,27.450001,27.549999,27.200001,27.299999,27.299999,167000
2017-05-25,27.350000,27.549999,27.250000,27.330000,27.330000,182800
2017-05-26,27.200001,27.750000,27.200001,27.350000,27.350000,143600
2017-05-30,27.350000,27.500000,27.000000,27.299999,27.299999,130400
2017-05-31,27.299999,27.389999,26.700001,26.799999,26.799999,274700
2017-06-01,26.799999,27.400000,26.700001,27.299999,27.299999,91500
2017-06-02,27.200001,28.250000,27.200001,27.850000,27.850000,155100
2017-06-05,27.950001,27.950001,27.250000,27.450001,27.450001,125200
2017-06-06,27.200001,27.500000,26.950001,27.400000,27.400000,141600
2017-06-07,27.500000,27.950001,27.400000,27.950001,27.950001,128000
2017-06-08,28.000000,29.100000,27.850000,28.850000,28.850000,187600
2017-06-09,28.700001,29.879999,28.700001,29.400000,29.400000,214000
2017-06-12,29.250000,29.799999,28.500000,28.650000,28.650000,368000
2017-06-13,28.750000,28.799999,27.850000,27.900000,27.900000,338800
2017-06-14,27.900000,28.350000,27.500000,28.350000,28.350000,391100
2017-06-15,28.000000,28.500000,28.000000,28.350000,28.350000,136200
2017-06-16,28.150000,28.450001,27.750000,27.950001,27.950001,445200
2017-06-19,28.000000,28.150000,27.480000,27.600000,27.600000,137000
2017-06-20,27.450001,27.600000,27.080000,27.299999,27.299999,182600
2017-06-21,27.299999,27.299999,26.900000,27.049999,27.049999,124400
2017-06-22,27.049999,27.049999,26.600000,26.700001,26.700001,109200
2017-06-23,26.850000,27.100000,26.450001,26.650000,26.650000,416000
2017-06-26,26.650000,27.000000,26.400000,26.950001,26.950001,129800
2017-06-27,27.049999,27.200001,26.600000,26.900000,26.900000,170600
2017-06-28,27.049999,27.450001,27.000000,27.350000,27.350000,182100
2017-06-29,27.650000,27.850000,27.049999,27.799999,27.799999,180300
2017-06-30,27.850000,27.850000,27.350000,27.680000,27.680000,153900
2017-07-03,27.700001,28.400000,27.299999,28.250000,28.250000,102100
2017-07-05,28.150000,28.299999,27.500000,28.299999,28.299999,138000
2017-07-06,28.150000,28.370001,27.049999,27.900000,27.900000,136400
2017-07-07,28.100000,28.299999,27.799999,28.200001,28.200001,71400
2017-07-10,28.150000,28.200001,27.500000,27.549999,27.549999,136200
2017-07-11,27.600000,27.600000,27.129999,27.549999,27.549999,183500
2017-07-12,27.600000,28.059999,27.549999,27.900000,27.900000,84100
2017-07-13,27.900000,27.950001,27.500000,27.950001,27.950001,87600
2017-07-14,27.750000,28.000000,27.549999,27.650000,27.650000,93900
2017-07-17,27.650000,27.650000,26.799999,27.049999,27.049999,206300
2017-07-18,27.000000,27.049999,26.549999,26.600000,26.600000,140800
2017-07-19,26.650000,27.299999,26.650000,27.000000,27.000000,128100
2017-07-20,27.049999,27.549999,27.049999,27.500000,27.500000,157700
2017-07-21,27.750000,27.750000,27.250000,27.500000,27.500000,148700
2017-07-24,27.400000,27.799999,27.200001,27.700001,27.700001,166900
2017-07-25,25.000000,26.760000,25.000000,26.250000,26.250000,813100
2017-07-26,26.150000,26.730000,26.000000,26.500000,26.500000,379300
2017-07-27,26.500000,27.129999,26.350000,27.000000,27.000000,237600
2017-07-28,26.900000,26.900000,26.400000,26.600000,26.600000,183100
2017-07-31,26.750000,26.750000,26.100000,26.250000,26.250000,431800
2017-08-01,26.450001,26.850000,26.250000,26.850000,26.850000,167800
2017-08-02,26.850000,26.850000,26.150000,26.350000,26.350000,158000
2017-08-03,26.250000,26.600000,25.650000,25.750000,25.750000,138900
2017-08-04,25.850000,26.150000,25.650000,26.049999,26.049999,336100
2017-08-07,26.000000,26.950001,25.549999,25.900000,25.900000,197700
2017-08-08,25.900000,26.400000,25.780001,25.799999,25.799999,155300
2017-08-09,25.549999,25.799999,25.250000,25.450001,25.450001,179500
2017-08-10,25.250000,25.549999,25.200001,25.250000,25.250000,156600
2017-08-11,25.200001,25.600000,24.500000,24.900000,24.900000,173200
2017-08-14,25.100000,25.500000,24.900000,25.500000,25.500000,191600
2017-08-15,25.549999,25.600000,25.049999,25.100000,25.100000,143400
2017-08-16,25.100000,25.350000,24.650000,24.650000,24.650000,170500
2017-08-17,24.450001,24.830000,24.200001,24.250000,24.250000,237700
2017-08-18,24.100000,24.750000,24.000000,24.700001,24.700001,205300
2017-08-21,24.600000,24.700001,24.450001,24.650000,24.650000,159900
2017-08-22,24.700001,24.850000,24.530001,24.650000,24.650000,131900
2017-08-23,24.500000,24.850000,24.450001,24.750000,24.750000,80400
2017-08-24,24.900000,24.900000,24.500000,24.850000,24.850000,144300
2017-08-25,25.000000,25.450001,24.850000,25.150000,25.150000,158800
2017-08-28,25.200001,25.450001,25.150000,25.299999,25.299999,176500
2017-08-29,25.100000,25.299999,24.900000,25.200001,25.200001,144800
2017-08-30,25.150000,25.350000,24.900000,25.000000,25.000000,191300
2017-08-31,25.150000,25.450001,25.049999,25.250000,25.250000,206300
2017-09-01,25.299999,25.500000,25.200001,25.450001,25.450001,115400
2017-09-05,25.350000,25.400000,24.950001,25.000000,25.000000,140000
2017-09-06,25.100000,25.299999,24.750000,24.750000,24.750000,175500
2017-09-07,24.850000,24.850000,24.200001,24.350000,24.350000,136800
2017-09-08,24.350000,24.700001,24.250000,24.350000,24.350000,172500
2017-09-11,24.500000,24.750000,24.299999,24.500000,24.500000,227400
2017-09-12,24.600000,26.100000,24.600000,26.049999,26.049999,369400
2017-09-13,25.950001,26.000000,25.799999,25.900000,25.900000,127400
2017-09-14,25.799999,26.000000,25.299999,25.400000,25.400000,137400
2017-09-15,25.400000,25.450001,24.760000,25.100000,25.100000,734300
2017-09-18,25.200001,25.850000,25.200001,25.600000,25.600000,395500
2017-09-19,25.650000,25.700001,25.100000,25.250000,25.250000,212300
2017-09-20,25.299999,25.680000,25.100000,25.500000,25.500000,138500
2017-09-21,25.450001,25.600000,25.150000,25.549999,25.549999,214400
2017-09-22,25.500000,25.799999,25.350000,25.750000,25.750000,81300
2017-09-25,25.600000,25.799999,24.809999,25.799999,25.799999,108700
2017-09-26,25.700001,26.450001,25.700001,26.250000,26.250000,173200
2017-09-27,26.350000,26.850000,26.299999,26.650000,26.650000,465800
2017-09-28,26.700001,26.750000,26.250000,26.650000,26.650000,213100
2017-09-29,26.600000,27.100000,26.549999,27.000000,27.000000,287800
2017-10-02,27.049999,27.799999,26.900000,27.700001,27.700001,308100
2017-10-03,27.900000,28.750000,27.900000,28.100000,28.100000,416600
2017-10-04,27.950001,28.049999,26.830000,27.799999,27.799999,113700
2017-10-05,27.799999,28.480000,27.700001,28.350000,28.350000,227100
2017-10-06,28.350000,28.799999,28.250000,28.299999,28.299999,165400
2017-10-09,28.250000,28.400000,28.100000,28.200001,28.200001,98900
2017-10-10,28.000000,28.850000,27.980000,28.750000,28.750000,189500
2017-10-11,28.700001,28.900000,28.400000,28.750000,28.750000,197100
2017-10-12,28.799999,28.799999,28.500000,28.600000,28.600000,99500
2017-10-13,28.650000,28.700001,28.250000,28.450001,28.450001,129800
2017-10-16,28.549999,28.799999,28.450001,28.750000,28.750000,88000
2017-10-17,28.700001,28.750000,28.430000,28.549999,28.549999,120300
2017-10-18,28.500000,28.750000,28.500000,28.600000,28.600000,89400
2017-10-19,28.100000,28.700001,28.059999,28.650000,28.650000,108400
2017-10-20,29.049999,29.049999,28.730000,28.850000,28.850000,147500
2017-10-23,28.950001,29.400000,28.459999,28.600000,28.600000,273400
2017-10-24,29.750000,30.950001,27.430000,28.049999,28.049999,697500
2017-10-25,28.200001,29.650000,28.000000,28.799999,28.799999,561800
2017-10-26,28.799999,29.250000,28.750000,28.850000,28.850000,301300
2017-10-27,28.799999,29.700001,28.650000,29.549999,29.549999,199600
2017-10-30,29.500000,29.799999,28.850000,28.900000,28.900000,218000
2017-10-31,28.799999,29.150000,28.660000,29.049999,29.049999,178500
2017-11-01,29.100000,29.379999,28.650000,28.799999,28.799999,180800
2017-11-02,28.750000,29.150000,28.500000,29.049999,29.049999,142700
2017-11-03,29.000000,29.000000,28.400000,28.750000,28.750000,213700
2017-11-06,28.750000,29.000000,28.549999,28.799999,28.799999,140600
2017-11-07,28.950001,29.000000,27.950001,28.049999,28.049999,177700
2017-11-08,27.799999,28.000000,27.530001,27.799999,27.799999,154800
2017-11-09,27.549999,28.000000,27.549999,27.900000,27.900000,111800
2017-11-10,27.850000,28.250000,27.850000,28.100000,28.100000,84400
2017-11-13,28.049999,28.400000,27.879999,28.400000,28.400000,118100
2017-11-14,28.200001,28.600000,28.100000,28.549999,28.549999,98800
2017-11-15,28.350000,28.750000,28.250000,28.549999,28.549999,137700
2017-11-16,28.750000,28.850000,28.549999,28.700001,28.700001,149800
2017-11-17,28.500000,29.500000,28.450001,29.500000,29.500000,261200
2017-11-20,29.500000,29.950001,28.830000,29.900000,29.900000,136700
2017-11-21,30.000000,30.950001,29.950001,30.299999,30.299999,424400
2017-11-22,30.350000,30.600000,30.150000,30.350000,30.350000,133500
2017-11-24,30.450001,30.450001,29.799999,30.250000,30.250000,73300
2017-11-27,30.250000,30.340000,29.700001,30.000000,30.000000,118200
2017-11-28,30.100000,30.430000,29.750000,30.250000,30.250000,308400
2017-11-29,30.350000,30.950001,30.150000,30.700001,30.700001,501700
2017-11-30,30.900000,30.950001,30.200001,30.500000,30.500000,271100
2017-12-01,30.450001,30.680000,29.400000,30.500000,30.500000,148000
2017-12-04,31.000000,31.299999,30.650000,30.750000,30.750000,121100
2017-12-05,30.750000,30.750000,29.700001,29.850000,29.850000,157600
2017-12-06,29.750000,30.250000,29.650000,30.049999,30.049999,145400
2017-12-07,30.049999,30.250000,29.700001,30.049999,30.049999,115400
2017-12-08,30.100000,30.150000,29.299999,29.350000,29.350000,112200
2017-12-11,29.450001,29.549999,28.850000,28.930000,28.930000,162100
2017-12-12,28.900000,29.180000,28.799999,29.150000,29.150000,178400
2017-12-13,29.049999,29.350000,28.700001,28.750000,28.750000,133500
2017-12-14,28.799999,28.900000,28.450001,28.549999,28.549999,208900
2017-12-15,28.600000,29.549999,28.450001,29.049999,29.049999,592900
2017-12-18,29.200001,29.750000,29.150000,29.400000,29.400000,151200
2017-12-19,29.350000,29.549999,29.049999,29.150000,29.150000,166200
2017-12-20,29.350000,29.450001,28.950001,29.100000,29.100000,132400
2017-12-21,29.150000,29.600000,29.000000,29.600000,29.600000,175500
2017-12-22,29.600000,29.700001,28.900000,29.150000,29.150000,100200
2017-12-26,29.049999,29.250000,28.650000,28.799999,28.799999,141300
2017-12-27,28.850000,29.000000,28.400000,28.650000,28.650000,148000
2017-12-28,28.750000,29.900000,28.500000,28.549999,28.549999,222200
2017-12-29,28.600000,29.049999,28.450001,28.950001,28.950001,169800
2018-01-02,28.950001,29.200001,28.549999,28.850000,28.850000,176900
2018-01-03,28.799999,28.950001,28.350000,28.450001,28.450001,146400
2018-01-04,28.549999,29.000000,28.500000,28.850000,28.850000,134500
2018-01-05,28.900000,29.000000,28.549999,28.850000,28.850000,149800
2018-01-08,28.799999,29.250000,28.580000,29.250000,29.250000,211600
2018-01-09,29.250000,29.700001,29.250000,29.549999,29.549999,302400
2018-01-10,29.500000,30.049999,29.500000,29.700001,29.700001,220400
2018-01-11,29.850000,31.350000,29.799999,31.350000,31.350000,310400
2018-01-12,31.350000,32.549999,31.299999,32.349998,32.349998,259300
2018-01-16,32.500000,32.599998,31.510000,31.799999,31.799999,269400
2018-01-17,31.799999,32.080002,31.549999,31.700001,31.700001,196700
2018-01-18,31.700001,31.900000,31.500000,31.549999,31.549999,91700
2018-01-19,31.549999,31.680000,31.200001,31.350000,31.350000,313100
2018-01-22,31.350000,31.549999,30.950001,31.299999,31.299999,228700
2018-01-23,31.250000,32.000000,30.000000,31.950001,31.950001,339400
2018-01-24,31.549999,31.850000,30.950001,31.150000,31.150000,408400
2018-01-25,31.250000,31.250000,30.250000,30.299999,30.299999,348800
2018-01-26,30.299999,30.400000,30.000000,30.200001,30.200001,289900
2018-01-29,30.150000,30.900000,29.950001,30.250000,30.250000,145600
2018-01-30,29.950001,30.299999,29.850000,29.950001,29.950001,142200
2018-01-31,30.000000,30.200001,29.450001,29.450001,29.450001,160300
2018-02-01,29.350000,30.200001,29.049999,30.200001,30.200001,231200
2018-02-02,30.150000,30.200001,29.500000,29.600000,29.600000,156000
2018-02-05,29.350000,29.700001,28.450001,28.450001,28.450001,189900
2018-02-06,27.850000,28.900000,27.000000,28.750000,28.750000,279600
2018-02-07,28.650000,28.850000,28.400000,28.600000,28.600000,173200
2018-02-08,28.750000,28.750000,27.750000,27.750000,27.750000,187000
2018-02-09,28.049999,28.650000,27.700001,28.450001,28.450001,184300
2018-02-12,28.500000,28.549999,27.950001,28.299999,28.299999,106500
2018-02-13,28.100000,28.600000,27.950001,28.500000,28.500000,132300
2018-02-14,28.350000,29.150000,28.350000,29.100000,29.100000,119900
2018-02-15,29.350000,29.500000,29.100000,29.250000,29.250000,157300
2018-02-16,29.299999,30.000000,29.299999,29.750000,29.750000,193600
2018-02-20,29.700001,29.950001,29.100000,29.299999,29.299999,84700
2018-02-21,29.350000,29.629999,28.900000,29.150000,29.150000,128000
2018-02-22,29.150000,29.200001,28.700001,28.950001,28.950001,120800
2018-02-23,29.150000,29.250000,28.600000,29.250000,29.250000,94200
2018-02-26,29.250000,29.450001,28.730000,29.450001,29.450001,57100
2018-02-27,29.400000,29.799999,29.150000,29.400000,29.400000,119600
2018-02-28,29.400000,29.600000,28.650000,28.700001,28.700001,145500
2018-03-01,28.600000,28.850000,28.200001,28.250000,28.250000,170300
2018-03-02,28.000000,29.150000,27.950001,29.100000,29.100000,81100
2018-03-05,28.900000,29.549999,28.650000,29.450001,29.450001,131200
2018-03-06,29.600000,30.000000,29.049999,29.850000,29.850000,139800
2018-03-07,29.549999,30.299999,29.549999,30.150000,30.150000,78700
2018-03-08,30.150000,30.400000,30.000000,30.200001,30.200001,73100
2018-03-09,30.400000,30.799999,30.250000,30.750000,30.750000,105600
2018-03-12,30.799999,31.000000,29.799999,30.950001,30.950001,114200
2018-03-13,31.000000,31.000000,30.600000,30.650000,30.650000,107300
2018-03-14,30.750000,30.900000,30.450001,30.500000,30.500000,116200
2018-03-15,30.600000,30.850000,30.250000,30.400000,30.400000,113600
2018-03-16,30.400000,30.750000,30.400000,30.500000,30.500000,288300
2018-03-19,30.500000,30.650000,30.200001,30.450001,30.450001,147900
2018-03-20,30.549999,30.600000,30.049999,30.150000,30.150000,77100
2018-03-21,30.200001,30.250000,29.930000,30.000000,30.000000,150300
2018-03-22,29.700001,29.950001,29.150000,29.200001,29.200001,109200
2018-03-23,29.150000,29.150000,28.000000,28.000000,28.000000,121800
2018-03-26,28.350000,29.150000,28.150000,29.000000,29.000000,151500
2018-03-27,29.150000,29.450001,28.950001,29.000000,29.000000,137800
2018-03-28,29.000000,29.400000,28.799999,29.049999,29.049999,235800
2018-03-29,29.049999,29.049999,28.549999,28.650000,28.650000,332600
2018-04-02,28.500000,28.500000,27.100000,28.000000,28.000000,283500
2018-04-03,28.100000,28.400000,27.600000,28.350000,28.350000,264600
2018-04-04,28.000000,28.850000,27.049999,28.850000,28.850000,229600
2018-04-05,28.900000,29.000000,28.250000,28.480000,28.480000,155700
2018-04-06,28.150000,28.150000,27.000000,27.750000,27.750000,399700
2018-04-09,27.950001,28.100000,27.299999,27.400000,27.400000,186500
2018-04-10,27.650000,27.900000,27.200001,27.750000,27.750000,394100
2018-04-11,27.650000,27.850000,27.500000,27.799999,27.799999,97400
2018-04-12,27.900000,28.049999,27.700001,27.700001,27.700001,134700
2018-04-13,27.850000,27.850000,27.200001,27.299999,27.299999,142200
2018-04-16,27.299999,27.549999,26.850000,27.200001,27.200001,258000
2018-04-17,27.250000,27.500000,27.080000,27.299999,27.299999,198100
2018-04-18,27.299999,27.600000,27.200001,27.200001,27.200001,91400
2018-04-19,27.100000,27.549999,27.100000,27.200001,27.200001,104300
2018-04-20,27.100000,27.400000,27.100000,27.250000,27.250000,91000
2018-04-23,27.350000,27.400000,27.110001,27.299999,27.299999,68600
2018-04-24,25.000000,27.100000,24.500000,26.230000,26.230000,471800
2018-04-25,25.700001,26.200001,25.700001,26.000000,26.000000,443000
2018-04-26,26.049999,27.150000,25.500000,25.600000,25.600000,374500
2018-04-27,25.549999,25.950001,25.500000,25.799999,25.799999,285100
2018-04-30,26.049999,26.180000,25.500000,25.500000,25.500000,163500
2018-05-01,25.500000,26.600000,25.400000,26.350000,26.350000,278300
2018-05-02,26.250000,26.750000,26.100000,26.400000,26.400000,182300
2018-05-03,26.250000,26.629999,26.150000,26.350000,26.350000,202600
2018-05-04,26.150000,26.900000,26.150000,26.750000,26.750000,152900
2018-05-07,26.750000,27.049999,26.600000,26.799999,26.799999,136800
2018-05-08,27.049999,27.150000,26.799999,26.850000,26.850000,165600
2018-05-09,26.900000,27.200001,26.750000,27.049999,27.049999,144800
2018-05-10,27.100000,27.400000,26.480000,27.299999,27.299999,164400
2018-05-11,27.299999,27.549999,27.100000,27.250000,27.250000,224300
2018-05-14,27.299999,27.549999,27.150000,27.350000,27.350000,149700
2018-05-15,27.250000,27.930000,27.250000,27.850000,27.850000,217600
2018-05-16,27.700001,28.600000,27.700001,28.350000,28.350000,261700
2018-05-17,28.299999,28.950001,28.200001,28.549999,28.549999,350100
2018-05-18,28.700001,28.700001,28.150000,28.250000,28.250000,418100
2018-05-21,28.400000,28.500000,28.150000,28.379999,28.379999,108500
2018-05-22,28.400000,28.600000,28.100000,28.100000,28.100000,93200
2018-05-23,28.100000,28.150000,27.879999,28.100000,28.100000,119600
2018-05-24,28.100000,28.100000,27.549999,27.650000,27.650000,147800
2018-05-25,27.450001,27.799999,27.200001,27.500000,27.500000,323800
2018-05-29,27.350000,27.700001,26.750000,26.900000,26.900000,173600
2018-05-30,27.049999,27.250000,26.950001,27.049999,27.049999,174500
2018-05-31,27.049999,27.100000,26.709999,26.799999,26.799999,122000
2018-06-01,26.950001,27.100000,26.799999,26.900000,26.900000,130600
2018-06-04,27.049999,27.950001,26.950001,27.799999,27.799999,257600
2018-06-05,27.700001,27.750000,27.500000,27.700001,27.700001,109700
2018-06-06,27.650000,28.100000,27.600000,28.000000,28.000000,87300
2018-06-07,28.150000,28.200001,27.900000,28.100000,28.100000,101200
2018-06-08,28.100000,28.350000,27.950001,28.000000,28.000000,99800
2018-06-11,29.350000,29.900000,28.850000,29.100000,29.100000,224400
2018-06-12,29.200001,29.350000,28.900000,28.950001,28.950001,117400
2018-06-13,28.950001,29.200001,28.850000,29.000000,29.000000,136100
2018-06-14,29.000000,29.000000,28.500000,28.700001,28.700001,284500
2018-06-15,28.600000,28.950001,28.250000,28.400000,28.400000,298700
2018-06-18,28.350000,28.750000,28.200001,28.549999,28.549999,266400
2018-06-19,28.250000,28.700001,27.910000,28.450001,28.450001,237300
2018-06-20,28.549999,28.549999,28.150000,28.350000,28.350000,203100
2018-06-21,28.400000,28.549999,28.129999,28.350000,28.350000,158000
2018-06-22,28.549999,28.799999,28.200001,28.549999,28.549999,460000
2018-06-25,28.450001,28.450001,28.049999,28.200001,28.200001,163100
2018-06-26,28.299999,28.400000,27.900000,28.350000,28.350000,123000
2018-06-27,28.350000,28.350000,27.650000,27.650000,27.650000,109800
2018-06-28,27.600000,27.850000,27.350000,27.350000,27.350000,161000
2018-06-29,27.450001,27.700001,26.900000,26.950001,26.950001,168500
