Date,Open,High,Low,Close,Adj Close,Volume
2013-01-02,4.650000,4.850000,4.450000,4.740000,4.549257,120200
2013-01-03,4.780000,4.800000,4.630000,4.670000,4.482074,88500
2013-01-04,4.710000,4.790000,4.580000,4.660000,4.472476,66700
2013-01-07,4.600000,4.770000,4.500000,4.500000,4.318915,19900
2013-01-08,4.510000,4.740000,4.500000,4.560000,4.376501,30400
2013-01-09,4.610000,4.730000,4.600000,4.680000,4.491672,76200
2013-01-10,4.700000,4.770000,4.640000,4.700000,4.510867,10200
2013-01-11,4.720000,4.900000,4.600000,4.670000,4.482074,25800
2013-01-14,4.630000,4.680000,4.630000,4.640000,4.453281,30800
2013-01-15,4.580000,4.710000,4.580000,4.670000,4.482074,33600
2013-01-16,4.640000,4.650000,4.550000,4.570000,4.386098,6200
2013-01-17,4.600000,4.670000,4.550000,4.640000,4.453281,15600
2013-01-18,4.620000,4.650000,4.550000,4.640000,4.453281,30600
2013-01-22,4.630000,4.640000,4.350000,4.540000,4.357305,28000
2013-01-23,4.550000,4.700000,4.530000,4.660000,4.472476,56500
2013-01-24,4.670000,4.700000,4.600000,4.620000,4.434086,13200
2013-01-25,4.670000,4.670000,4.400000,4.430000,4.251732,16200
2013-01-28,4.470000,4.740000,4.470000,4.730000,4.539660,26600
2013-01-29,4.710000,4.780000,4.580000,4.760000,4.568452,41900
2013-01-30,4.730000,4.730000,4.550000,4.580000,4.395696,17900
2013-01-31,4.580000,4.820000,4.560000,4.810000,4.616440,51500
2013-02-01,4.850000,4.850000,4.660000,4.710000,4.520464,42300
2013-02-04,4.710000,4.770000,4.450000,4.500000,4.318915,59800
2013-02-05,4.530000,4.670000,4.530000,4.600000,4.414891,8400
2013-02-06,4.570000,4.620000,4.420000,4.530000,4.347708,17300
2013-02-07,4.550000,4.630000,4.350000,4.400000,4.222939,14400
2013-02-08,4.420000,4.460000,4.390000,4.400000,4.222939,14200
2013-02-11,4.420000,4.420000,4.230000,4.290000,4.117365,35600
2013-02-12,4.280000,4.400000,4.260000,4.370000,4.194147,15700
2013-02-13,4.300000,4.370000,4.220000,4.300000,4.126963,16800
2013-02-14,4.270000,4.350000,4.260000,4.340000,4.165354,8400
2013-02-15,4.390000,4.390000,4.230000,4.260000,4.088573,44700
2013-02-19,4.290000,4.540000,4.290000,4.450000,4.270927,99600
2013-02-20,4.470000,4.510000,4.180000,4.240000,4.069377,50000
2013-02-21,4.220000,4.220000,4.000000,4.080000,3.915816,50200
2013-02-22,4.120000,4.240000,4.070000,4.240000,4.069377,42900
2013-02-25,4.270000,4.290000,3.880000,3.900000,3.743060,51300
2013-02-26,3.940000,4.140000,3.910000,3.990000,3.829438,29300
2013-02-27,3.970000,4.100000,3.960000,3.990000,3.829438,34000
2013-02-28,3.990000,4.020000,3.650000,3.680000,3.531913,150300
2013-03-01,3.610000,3.770000,3.560000,3.760000,3.608693,27000
2013-03-04,3.760000,3.800000,3.710000,3.770000,3.618291,16100
2013-03-05,3.810000,3.930000,3.760000,3.920000,3.762255,33100
2013-03-06,3.930000,4.030000,3.850000,3.920000,3.762255,24800
2013-03-07,3.910000,4.070000,3.860000,4.010000,3.848633,77600
2013-03-08,4.080000,4.140000,4.060000,4.090000,3.925414,36400
2013-03-11,4.060000,4.100000,3.960000,3.990000,3.829438,11200
2013-03-12,3.970000,4.060000,3.950000,3.970000,3.810243,28800
2013-03-13,3.970000,4.040000,3.910000,3.930000,3.771852,27800
2013-03-14,3.950000,4.110000,3.890000,4.110000,3.944609,157400
2013-03-15,4.120000,4.220000,4.000000,4.110000,3.944609,242200
2013-03-18,4.040000,4.120000,4.000000,4.090000,3.925414,93200
2013-03-19,4.120000,4.130000,3.660000,3.720000,3.570303,73100
2013-03-20,3.740000,3.950000,3.740000,3.930000,3.771852,36800
2013-03-21,3.900000,4.020000,3.820000,3.850000,3.695072,42800
2013-03-22,3.870000,3.950000,3.860000,3.900000,3.743060,15200
2013-03-25,3.930000,4.000000,3.930000,3.990000,3.829438,97100
2013-03-26,4.030000,4.060000,3.950000,4.020000,3.858231,49700
2013-03-27,3.970000,3.990000,3.830000,3.840000,3.685474,17600
2013-03-28,3.870000,3.980000,3.830000,3.940000,3.781450,50300
2013-04-01,3.920000,3.920000,3.630000,3.640000,3.493522,30400
2013-04-02,3.680000,3.880000,3.490000,3.530000,3.387949,28000
2013-04-03,3.540000,3.720000,3.330000,3.630000,3.483925,36500
2013-04-04,3.650000,3.720000,3.590000,3.660000,3.512718,17500
2013-04-05,3.580000,3.920000,3.580000,3.780000,3.627889,33300
2013-04-08,3.830000,3.830000,3.580000,3.630000,3.483925,48000
2013-04-09,3.650000,3.730000,3.570000,3.660000,3.512718,40500
2013-04-10,3.680000,3.750000,3.530000,3.610000,3.464730,35500
2013-04-11,3.610000,3.640000,3.470000,3.520000,3.378351,15000
2013-04-12,3.570000,3.570000,3.430000,3.550000,3.407144,25200
2013-04-15,3.510000,3.620000,3.460000,3.470000,3.330363,65600
2013-04-16,3.520000,3.590000,3.400000,3.500000,3.359156,48900
2013-04-17,3.450000,3.470000,3.080000,3.170000,3.042436,97800
2013-04-18,3.300000,3.360000,3.230000,3.300000,3.167204,73500
2013-04-19,3.290000,3.340000,3.090000,3.270000,3.138412,62300
2013-04-22,3.160000,3.400000,3.160000,3.350000,3.215192,113700
2013-04-23,3.390000,3.390000,3.230000,3.300000,3.167204,21400
2013-04-24,3.310000,3.340000,3.230000,3.260000,3.128814,21000
2013-04-25,3.260000,3.340000,3.230000,3.260000,3.128814,69100
2013-04-26,3.250000,3.300000,3.070000,3.090000,2.965655,63600
2013-04-29,3.190000,3.190000,3.090000,3.180000,3.052033,46700
2013-04-30,3.250000,3.340000,3.210000,3.300000,3.167204,103500
2013-05-01,3.270000,3.280000,2.560000,2.860000,2.744910,139200
2013-05-02,2.870000,2.870000,2.720000,2.740000,2.629739,116900
2013-05-03,2.770000,3.050000,2.770000,3.000000,2.879277,81000
2013-05-06,2.930000,3.100000,2.910000,3.100000,2.975252,80300
2013-05-07,3.000000,3.000000,2.620000,2.800000,2.687325,75500
2013-05-08,2.680000,2.760000,2.680000,2.730000,2.620142,38600
2013-05-09,2.720000,2.770000,2.630000,2.700000,2.591349,67100
2013-05-10,2.720000,2.780000,2.650000,2.720000,2.610544,121700
2013-05-13,2.680000,2.780000,2.530000,2.540000,2.437788,95700
2013-05-14,2.550000,2.610000,2.390000,2.420000,2.322617,226400
2013-05-15,2.400000,2.430000,2.100000,2.200000,2.111470,114400
2013-05-16,2.200000,2.230000,2.110000,2.180000,2.092274,118600
2013-05-17,2.200000,2.350000,2.200000,2.320000,2.226640,147500
2013-05-20,2.300000,2.340000,2.290000,2.330000,2.236238,64500
2013-05-21,2.320000,2.410000,2.310000,2.350000,2.255433,97300
2013-05-22,2.340000,2.480000,2.340000,2.470000,2.370605,93500
2013-05-23,2.450000,2.540000,2.410000,2.500000,2.399397,33600
2013-05-24,2.500000,2.500000,2.400000,2.420000,2.322617,47500
2013-05-28,2.480000,2.530000,2.410000,2.460000,2.361007,73400
2013-05-29,2.440000,2.460000,2.390000,2.400000,2.303421,75300
2013-05-30,2.400000,2.440000,2.360000,2.410000,2.313019,77400
2013-05-31,2.410000,2.430000,2.230000,2.310000,2.217043,151500
2013-06-03,2.330000,2.600000,2.290000,2.520000,2.418592,229200
2013-06-04,2.560000,2.660000,2.430000,2.500000,2.399397,215100
2013-06-05,2.510000,2.730000,2.490000,2.560000,2.456983,168100
2013-06-06,2.570000,2.570000,2.530000,2.560000,2.456983,144300
2013-06-07,2.580000,2.600000,2.490000,2.500000,2.399397,147500
2013-06-10,2.510000,2.600000,2.460000,2.560000,2.456983,135000
2013-06-11,2.520000,2.550000,2.470000,2.500000,2.399397,96000
2013-06-12,2.520000,2.520000,2.470000,2.480000,2.380202,120300
2013-06-13,2.480000,2.570000,2.470000,2.550000,2.447385,62500
2013-06-14,2.560000,2.560000,2.480000,2.500000,2.399397,63000
2013-06-17,2.540000,2.540000,2.440000,2.470000,2.370605,76100
2013-06-18,2.490000,2.490000,2.280000,2.470000,2.370605,74000
2013-06-19,2.470000,2.520000,2.430000,2.500000,2.399397,58600
2013-06-20,2.440000,2.520000,2.400000,2.440000,2.341812,64800
2013-06-21,2.460000,2.460000,2.350000,2.460000,2.361007,198200
2013-06-24,2.440000,2.500000,2.330000,2.350000,2.255433,198700
2013-06-25,2.360000,2.390000,2.280000,2.320000,2.226640,225700
2013-06-26,2.330000,2.370000,2.280000,2.300000,2.207445,106200
2013-06-27,2.330000,2.390000,2.270000,2.310000,2.217043,143900
2013-06-28,2.310000,2.740000,2.250000,2.480000,2.380202,4976700
2013-07-01,2.460000,2.610000,2.440000,2.500000,2.399397,90100
2013-07-02,2.390000,2.680000,2.360000,2.490000,2.389800,145600
2013-07-03,2.550000,2.630000,2.520000,2.580000,2.476178,41700
2013-07-05,2.580000,2.580000,2.450000,2.500000,2.399397,46500
2013-07-08,2.480000,2.510000,2.420000,2.490000,2.389800,106000
2013-07-09,2.420000,2.510000,2.420000,2.480000,2.380202,33000
2013-07-10,2.440000,2.520000,2.420000,2.450000,2.351409,108200
2013-07-11,2.490000,2.490000,2.390000,2.430000,2.332214,56400
2013-07-12,2.420000,2.500000,2.400000,2.500000,2.399397,49100
2013-07-15,2.380000,2.490000,2.380000,2.440000,2.341812,51200
2013-07-16,2.460000,2.470000,2.370000,2.430000,2.332214,47600
2013-07-17,2.440000,2.500000,2.420000,2.480000,2.380202,28000
2013-07-18,2.460000,2.520000,2.420000,2.490000,2.389800,74600
2013-07-19,2.410000,2.520000,2.410000,2.510000,2.408995,219200
2013-07-22,2.510000,2.580000,2.500000,2.560000,2.456983,70900
2013-07-23,2.540000,2.590000,2.520000,2.520000,2.418592,29300
2013-07-24,2.500000,2.560000,2.380000,2.470000,2.370605,78200
2013-07-25,2.480000,2.530000,2.480000,2.500000,2.399397,32900
2013-07-26,2.500000,2.500000,2.410000,2.450000,2.351409,24000
2013-07-29,2.420000,2.530000,2.380000,2.500000,2.399397,35600
2013-07-30,2.510000,2.560000,2.440000,2.550000,2.447385,77300
2013-07-31,2.550000,2.550000,2.110000,2.370000,2.274629,385300
2013-08-01,2.500000,2.500000,2.350000,2.460000,2.361007,74800
2013-08-02,2.420000,2.420000,2.270000,2.400000,2.303421,43800
2013-08-05,2.380000,2.390000,2.300000,2.390000,2.293824,69700
2013-08-06,2.360000,2.410000,2.340000,2.390000,2.293824,34800
2013-08-07,2.310000,2.440000,2.290000,2.400000,2.303421,69200
2013-08-08,2.390000,2.500000,2.350000,2.470000,2.370605,36500
2013-08-09,2.510000,2.840000,2.420000,2.710000,2.600947,85200
2013-08-12,2.710000,2.840000,2.640000,2.680000,2.572154,83600
2013-08-13,2.740000,2.800000,2.700000,2.780000,2.668130,24100
2013-08-14,2.700000,2.840000,2.650000,2.780000,2.668130,35100
2013-08-15,2.710000,2.720000,2.520000,2.650000,2.543361,32100
2013-08-16,2.940000,2.990000,2.630000,2.700000,2.591349,8000
2013-08-19,2.660000,2.950000,2.510000,2.650000,2.543361,32800
2013-08-20,2.610000,2.760000,2.590000,2.630000,2.524166,57600
2013-08-21,2.630000,2.630000,2.560000,2.560000,2.456983,17500
2013-08-22,2.560000,2.600000,2.500000,2.500000,2.399397,16100
2013-08-23,2.550000,2.600000,2.520000,2.520000,2.418592,30300
2013-08-26,2.550000,2.580000,2.510000,2.540000,2.437788,47500
2013-08-27,2.520000,2.570000,2.520000,2.530000,2.428190,10500
2013-08-28,2.540000,2.710000,2.540000,2.630000,2.524166,48700
2013-08-29,2.830000,2.830000,2.630000,2.720000,2.610544,27100
2013-08-30,2.750000,2.800000,2.660000,2.740000,2.629739,34500
2013-09-03,2.750000,2.800000,2.670000,2.730000,2.620142,54500
2013-09-04,2.700000,2.850000,2.700000,2.820000,2.706520,25000
2013-09-05,2.820000,3.260000,2.820000,3.260000,3.128814,274200
2013-09-06,3.250000,3.250000,3.080000,3.100000,2.975252,109100
2013-09-09,3.100000,3.270000,3.010000,3.100000,2.975252,211000
2013-09-10,3.120000,3.190000,2.810000,3.020000,2.898472,148400
2013-09-11,3.030000,3.090000,3.000000,3.080000,2.956057,150900
2013-09-12,3.050000,3.150000,3.000000,3.000000,2.879277,148600
2013-09-13,3.000000,3.060000,3.000000,3.030000,2.908069,10700
2013-09-16,3.090000,3.140000,3.090000,3.110000,2.984850,69400
2013-09-17,3.110000,3.190000,3.050000,3.160000,3.032838,38600
2013-09-18,3.110000,3.180000,3.100000,3.130000,3.004045,284300
2013-09-19,3.150000,3.250000,3.110000,3.140000,3.013643,22100
2013-09-20,3.120000,3.240000,3.100000,3.180000,3.052033,26400
2013-09-23,3.180000,3.180000,3.050000,3.140000,3.013643,23900
2013-09-24,3.140000,3.160000,3.100000,3.150000,3.023241,30700
2013-09-25,3.160000,3.230000,3.140000,3.200000,3.071229,54500
2013-09-26,3.230000,3.380000,3.220000,3.310000,3.176802,55400
2013-09-27,3.300000,3.330000,3.240000,3.280000,3.148009,47400
2013-09-30,3.270000,3.290000,3.180000,3.240000,3.109619,36700
2013-10-01,3.270000,3.330000,3.210000,3.240000,3.109619,5600
2013-10-02,3.270000,3.440000,3.200000,3.390000,3.253583,29600
2013-10-03,3.360000,3.440000,3.360000,3.400000,3.263180,24700
2013-10-04,3.430000,3.530000,3.430000,3.470000,3.330363,59600
2013-10-07,3.420000,3.440000,3.340000,3.390000,3.253583,42000
2013-10-08,3.340000,3.400000,3.280000,3.300000,3.167204,48500
2013-10-09,3.340000,3.430000,3.340000,3.390000,3.253583,172900
2013-10-10,3.410000,3.430000,3.350000,3.370000,3.234387,6400
2013-10-11,3.280000,3.460000,3.280000,3.420000,3.282376,10700
2013-10-14,3.370000,3.380000,3.250000,3.370000,3.234387,8700
2013-10-15,3.380000,3.460000,3.370000,3.460000,3.320766,3200
2013-10-16,3.450000,3.450000,3.310000,3.410000,3.272778,25400
2013-10-17,3.410000,3.410000,3.270000,3.320000,3.186399,37900
2013-10-18,3.280000,3.390000,3.260000,3.360000,3.224790,44200
2013-10-21,3.390000,3.390000,3.350000,3.390000,3.253583,30100
2013-10-22,3.450000,3.500000,3.350000,3.370000,3.234387,37600
2013-10-23,3.420000,3.440000,3.380000,3.400000,3.263180,22300
2013-10-24,3.450000,3.450000,3.360000,3.400000,3.263180,24000
2013-10-25,3.430000,3.430000,3.380000,3.390000,3.253583,12900
2013-10-28,3.370000,3.450000,3.340000,3.340000,3.205595,112900
2013-10-29,3.500000,3.500000,3.350000,3.380000,3.243985,26700
2013-10-30,3.380000,3.500000,3.370000,3.500000,3.359156,42100
2013-10-31,3.430000,3.500000,3.250000,3.250000,3.119216,86800
2013-11-01,3.250000,3.250000,3.100000,3.200000,3.071229,28000
2013-11-04,3.220000,3.460000,3.220000,3.410000,3.272778,25000
2013-11-05,3.470000,3.500000,3.450000,3.450000,3.311168,17800
2013-11-06,3.440000,3.470000,3.140000,3.190000,3.061631,69400
2013-11-07,3.180000,3.250000,3.060000,3.160000,3.032838,45500
2013-11-08,3.170000,3.300000,3.110000,3.110000,2.984850,17300
2013-11-11,3.110000,3.240000,3.110000,3.140000,3.013643,30400
2013-11-12,3.130000,3.270000,3.130000,3.180000,3.052033,28500
2013-11-13,3.440000,3.440000,3.210000,3.220000,3.090424,17800
2013-11-14,3.250000,3.270000,3.140000,3.150000,3.023241,30400
2013-11-15,3.130000,3.240000,3.090000,3.130000,3.004045,25400
2013-11-18,3.210000,3.270000,3.120000,3.160000,3.032838,39200
2013-11-19,3.190000,3.290000,3.160000,3.240000,3.109619,35000
2013-11-20,3.230000,3.270000,3.200000,3.230000,3.100021,27100
2013-11-21,3.240000,3.410000,3.230000,3.400000,3.263180,225000
2013-11-22,3.400000,3.530000,3.330000,3.500000,3.359156,166700
2013-11-25,3.470000,3.500000,3.300000,3.430000,3.291973,32700
2013-11-26,3.420000,3.450000,3.350000,3.380000,3.243985,97700
2013-11-27,3.360000,3.450000,3.360000,3.450000,3.311168,64400
2013-11-29,3.430000,3.490000,3.300000,3.420000,3.282376,52600
2013-12-02,3.390000,3.510000,3.310000,3.500000,3.359156,186800
2013-12-03,3.500000,3.530000,3.400000,3.500000,3.359156,52500
2013-12-04,3.460000,3.500000,3.410000,3.420000,3.282376,60500
2013-12-05,3.450000,3.510000,3.330000,3.450000,3.311168,62800
2013-12-06,3.470000,3.530000,3.440000,3.480000,3.339961,27000
2013-12-09,3.460000,3.510000,3.360000,3.450000,3.311168,113600
2013-12-10,3.470000,3.680000,3.470000,3.500000,3.359156,136500
2013-12-11,3.470000,3.530000,3.300000,3.490000,3.349559,75200
2013-12-12,3.450000,3.680000,3.450000,3.630000,3.483925,198000
2013-12-13,3.640000,4.230000,3.550000,4.190000,4.021390,351000
2013-12-16,4.270000,4.270000,3.970000,4.030000,3.867829,72200
2013-12-17,3.970000,3.970000,3.900000,3.930000,3.771852,21800
2013-12-18,3.960000,3.960000,3.810000,3.860000,3.704669,34400
2013-12-19,3.850000,3.880000,3.810000,3.810000,3.656681,7500
2013-12-20,3.800000,3.980000,3.500000,3.940000,3.781450,62900
2013-12-23,3.930000,4.030000,3.760000,3.900000,3.743060,39900
2013-12-24,3.960000,3.960000,3.830000,3.880000,3.723865,6500
2013-12-26,3.910000,3.910000,3.780000,3.830000,3.675876,14500
2013-12-27,3.840000,3.870000,3.640000,3.860000,3.704669,50600
2013-12-30,3.820000,4.000000,3.770000,3.940000,3.781450,89400
2013-12-31,3.930000,4.040000,3.890000,4.020000,3.858231,45200
2014-01-02,4.000000,4.140000,3.950000,4.070000,3.906219,37400
2014-01-03,4.080000,4.150000,4.060000,4.130000,3.963804,16900
2014-01-06,4.150000,4.150000,4.000000,4.060000,3.896621,32800
2014-01-07,4.050000,4.050000,3.890000,3.900000,3.743060,65200
2014-01-08,3.810000,4.010000,3.790000,3.970000,3.810243,17600
2014-01-09,3.970000,4.000000,3.900000,3.950000,3.791048,13500
2014-01-10,3.950000,3.980000,3.890000,3.900000,3.743060,553700
2014-01-13,3.900000,3.940000,3.860000,3.940000,3.781450,17600
2014-01-14,3.950000,4.030000,3.910000,4.000000,3.839036,23100
2014-01-15,4.020000,4.030000,3.980000,4.010000,3.848633,9000
2014-01-16,4.010000,4.070000,4.000000,4.010000,3.848633,11200
2014-01-17,4.020000,4.060000,4.010000,4.020000,3.858231,6100
2014-01-21,4.000000,4.000000,3.810000,3.830000,3.675876,34900
2014-01-22,3.860000,4.170000,3.850000,4.130000,3.963804,74500
2014-01-23,4.090000,4.110000,3.990000,4.090000,3.925414,34200
2014-01-24,4.070000,4.100000,3.950000,3.990000,3.829438,47000
2014-01-27,4.000000,4.070000,3.950000,3.950000,3.791048,32000
2014-01-28,3.970000,4.060000,3.950000,3.990000,3.829438,15800
2014-01-29,4.010000,4.020000,3.950000,3.990000,3.829438,21500
2014-01-30,4.020000,4.040000,3.950000,3.990000,3.829438,26500
2014-01-31,3.950000,4.000000,3.950000,3.970000,3.810243,14100
2014-02-03,3.970000,4.010000,3.950000,3.970000,3.810243,53400
2014-02-04,3.970000,4.030000,3.950000,3.960000,3.800645,23000
2014-02-05,3.980000,4.030000,3.950000,3.980000,3.819840,27600
2014-02-06,4.010000,4.010000,3.980000,4.010000,3.848633,7900
2014-02-07,4.010000,4.030000,3.960000,4.010000,3.848633,17200
2014-02-10,3.980000,3.980000,3.950000,3.960000,3.800645,11000
2014-02-11,3.960000,3.980000,3.940000,3.950000,3.791048,18900
2014-02-12,3.950000,4.000000,3.950000,3.970000,3.810243,9900
2014-02-13,3.970000,3.970000,3.830000,3.930000,3.771852,29300
2014-02-14,3.900000,3.960000,3.770000,3.810000,3.656681,18100
2014-02-18,3.770000,3.840000,3.670000,3.840000,3.685474,40000
2014-02-19,3.840000,3.870000,3.800000,3.830000,3.675876,19600
2014-02-20,3.860000,3.860000,3.710000,3.760000,3.608693,22700
2014-02-21,3.760000,3.790000,3.710000,3.740000,3.589498,17000
2014-02-24,3.750000,3.830000,3.620000,3.650000,3.503120,30500
2014-02-25,3.630000,3.740000,3.630000,3.650000,3.503120,22000
2014-02-26,3.620000,3.620000,3.500000,3.560000,3.416742,24300
2014-02-27,3.520000,3.560000,3.320000,3.500000,3.359156,80200
2014-02-28,3.500000,3.650000,3.450000,3.580000,3.435937,53500
2014-03-03,3.580000,3.580000,3.340000,3.420000,3.282376,34100
2014-03-04,3.570000,3.570000,3.310000,3.390000,3.253583,45400
2014-03-05,3.450000,3.870000,3.430000,3.740000,3.589498,86600
2014-03-06,3.710000,4.000000,3.680000,3.870000,3.714267,74400
2014-03-07,3.850000,3.970000,3.610000,3.810000,3.656681,54800
2014-03-10,3.810000,3.990000,3.550000,3.630000,3.483925,43800
2014-03-11,3.610000,3.730000,3.410000,3.480000,3.339961,11500
2014-03-12,3.480000,3.640000,3.450000,3.630000,3.483925,27500
2014-03-13,3.600000,3.810000,3.390000,3.590000,3.445534,44600
2014-03-14,3.610000,3.770000,3.400000,3.600000,3.455132,15200
2014-03-17,3.590000,3.980000,3.590000,3.850000,3.695072,49100
2014-03-18,3.860000,4.000000,3.590000,3.620000,3.474327,56100
2014-03-19,3.750000,3.750000,3.640000,3.650000,3.503120,18900
2014-03-20,3.650000,3.650000,3.620000,3.630000,3.483925,15000
2014-03-21,3.630000,3.710000,3.540000,3.550000,3.407144,193300
2014-03-24,3.610000,3.680000,3.510000,3.540000,3.397547,25600
2014-03-25,3.550000,3.800000,3.390000,3.780000,3.627889,137100
2014-03-26,3.780000,3.780000,3.550000,3.560000,3.416742,13100
2014-03-27,3.500000,3.700000,3.440000,3.670000,3.522315,28600
2014-03-28,3.640000,3.780000,3.640000,3.740000,3.589498,28000
2014-03-31,3.720000,3.850000,3.710000,3.780000,3.627889,10400
2014-04-01,3.730000,3.870000,3.680000,3.780000,3.627889,51400
2014-04-02,3.770000,3.830000,3.720000,3.810000,3.656681,32500
2014-04-03,3.800000,3.810000,3.600000,3.680000,3.531913,37200
2014-04-04,3.660000,3.730000,3.650000,3.690000,3.541510,45000
2014-04-07,3.640000,3.640000,3.450000,3.550000,3.407144,81200
2014-04-08,3.550000,3.650000,3.500000,3.550000,3.407144,7500
2014-04-09,3.590000,3.590000,3.450000,3.520000,3.378351,7500
2014-04-10,3.500000,3.850000,3.460000,3.670000,3.522315,29300
2014-04-11,3.530000,3.670000,3.460000,3.530000,3.387949,21700
2014-04-14,3.480000,3.670000,3.450000,3.630000,3.483925,21600
2014-04-15,3.770000,3.770000,3.640000,3.660000,3.512718,6200
2014-04-16,3.650000,3.650000,3.520000,3.590000,3.445534,6800
2014-04-17,3.550000,3.580000,3.450000,3.490000,3.349559,24600
2014-04-21,3.490000,3.690000,3.450000,3.650000,3.503120,37500
2014-04-22,3.720000,3.720000,3.540000,3.650000,3.503120,7000
2014-04-23,3.630000,3.640000,3.540000,3.580000,3.435937,2300
2014-04-24,3.480000,3.590000,3.450000,3.560000,3.416742,40900
2014-04-25,3.600000,3.600000,3.490000,3.500000,3.359156,3300
2014-04-28,3.410000,3.590000,3.400000,3.510000,3.368754,26500
2014-04-29,3.600000,3.640000,3.500000,3.550000,3.407144,25900
2014-04-30,3.400000,3.610000,3.400000,3.550000,3.407144,86500
2014-05-01,3.580000,3.580000,3.400000,3.530000,3.387949,51300
2014-05-02,3.470000,3.580000,3.470000,3.550000,3.407144,12200
2014-05-05,3.450000,3.550000,3.390000,3.500000,3.359156,25400
2014-05-06,3.510000,3.550000,3.410000,3.500000,3.359156,19600
2014-05-07,3.560000,3.560000,3.410000,3.440000,3.301571,13200
2014-05-08,3.420000,3.550000,3.410000,3.510000,3.368754,10700
2014-05-09,3.590000,3.590000,3.330000,3.440000,3.301571,10000
2014-05-12,3.490000,3.500000,3.420000,3.460000,3.320766,20400
2014-05-13,3.480000,3.540000,3.450000,3.510000,3.368754,45900
2014-05-14,3.450000,3.510000,3.450000,3.500000,3.359156,2200
2014-05-15,3.520000,3.520000,3.450000,3.480000,3.339961,13900
2014-05-16,3.450000,3.570000,3.450000,3.540000,3.397547,9300
2014-05-19,3.530000,3.550000,3.510000,3.530000,3.387949,9900
2014-05-20,3.520000,3.580000,3.460000,3.530000,3.387949,7500
2014-05-21,3.520000,3.600000,3.460000,3.540000,3.397547,31600
2014-05-22,3.470000,3.550000,3.450000,3.520000,3.378351,24100
2014-05-23,3.540000,3.640000,3.450000,3.640000,3.493522,12400
2014-05-27,4.000000,4.330000,3.880000,3.970000,3.810243,178000
2014-05-28,3.820000,3.950000,3.820000,3.950000,3.791048,62200
2014-05-29,3.910000,3.990000,3.810000,3.880000,3.723865,29200
2014-05-30,3.840000,4.000000,3.810000,3.970000,3.810243,16600
2014-06-02,3.710000,3.970000,3.700000,3.870000,3.714267,9200
2014-06-03,3.850000,3.910000,3.810000,3.890000,3.733462,4700
2014-06-04,3.900000,4.150000,3.780000,3.960000,3.800645,48700
2014-06-05,4.150000,4.150000,3.910000,3.940000,3.781450,7600
2014-06-06,3.940000,3.960000,3.790000,3.950000,3.791048,55500
2014-06-09,3.720000,4.000000,3.720000,4.000000,3.839036,17900
2014-06-10,3.940000,3.940000,3.840000,3.880000,3.723865,5800
2014-06-11,3.690000,4.010000,3.690000,3.880000,3.723865,17800
2014-06-12,3.730000,3.920000,3.730000,3.760000,3.608693,10400
2014-06-13,3.730000,3.860000,3.640000,3.680000,3.531913,14200
2014-06-16,3.670000,3.670000,3.610000,3.640000,3.493522,5400
2014-06-17,3.460000,3.700000,3.460000,3.510000,3.368754,12500
2014-06-18,3.520000,3.670000,3.520000,3.650000,3.503120,16600
2014-06-19,3.570000,3.720000,3.560000,3.700000,3.551108,17000
2014-06-20,3.700000,3.990000,3.600000,3.970000,3.810243,41200
2014-06-23,3.950000,3.970000,3.730000,3.940000,3.781450,9200
2014-06-24,3.850000,3.930000,3.840000,3.880000,3.723865,7000
2014-06-25,3.820000,4.000000,3.800000,3.920000,3.762255,31600
2014-06-26,3.870000,4.000000,3.870000,3.970000,3.810243,13800
2014-06-27,3.880000,4.040000,3.700000,4.040000,3.877426,207300
2014-06-30,3.980000,4.020000,3.860000,3.930000,3.771852,6700
2014-07-01,3.780000,4.060000,3.780000,4.010000,3.848633,5300
2014-07-02,3.950000,4.050000,3.890000,4.030000,3.867829,9300
2014-07-03,4.010000,4.030000,3.920000,4.020000,3.858231,4400
2014-07-07,3.920000,3.960000,3.840000,3.850000,3.695072,5700
2014-07-08,4.000000,4.040000,3.770000,3.820000,3.666279,33900
2014-07-09,3.800000,3.900000,3.670000,3.770000,3.618291,29900
2014-07-10,3.680000,3.900000,3.680000,3.880000,3.723865,20400
2014-07-11,3.860000,4.040000,3.770000,3.990000,3.829438,3500
2014-07-14,3.970000,4.010000,3.770000,3.970000,3.810243,23400
2014-07-15,3.970000,4.020000,3.930000,3.980000,3.819840,1200
2014-07-16,3.840000,3.910000,3.840000,3.900000,3.743060,10400
2014-07-17,3.920000,4.020000,3.630000,3.690000,3.541510,33300
2014-07-18,3.640000,3.850000,3.640000,3.830000,3.675876,33100
2014-07-21,3.850000,3.880000,3.690000,3.750000,3.599096,19800
2014-07-22,3.820000,3.830000,3.770000,3.830000,3.675876,2500
2014-07-23,3.780000,3.880000,3.730000,3.860000,3.704669,11300
2014-07-24,3.810000,3.880000,3.750000,3.870000,3.714267,6400
2014-07-25,3.860000,3.950000,3.860000,3.910000,3.752657,12600
2014-07-28,3.940000,3.950000,3.900000,3.940000,3.781450,8100
2014-07-29,3.920000,3.950000,3.910000,3.950000,3.791048,39400
2014-07-30,3.900000,3.940000,3.870000,3.940000,3.781450,10000
2014-07-31,3.880000,3.900000,3.780000,3.850000,3.695072,51300
2014-08-01,3.680000,3.790000,3.620000,3.700000,3.551108,30500
2014-08-04,3.700000,3.700000,3.540000,3.580000,3.435937,23000
2014-08-05,3.600000,3.690000,3.490000,3.590000,3.445534,67700
2014-08-06,3.530000,3.620000,3.510000,3.570000,3.426339,68900
2014-08-07,3.730000,3.740000,3.490000,3.550000,3.407144,14600
2014-08-08,3.530000,3.560000,3.500000,3.540000,3.397547,9800
2014-08-11,3.640000,3.700000,3.600000,3.650000,3.503120,17500
2014-08-12,3.550000,3.750000,3.490000,3.650000,3.503120,154100
2014-08-13,3.670000,3.680000,3.510000,3.610000,3.464730,40500
2014-08-14,3.610000,3.610000,3.560000,3.590000,3.445534,7800
2014-08-15,3.570000,3.650000,3.550000,3.600000,3.455132,11000
2014-08-18,3.620000,3.710000,3.620000,3.670000,3.522315,27000
2014-08-19,3.670000,3.700000,3.650000,3.660000,3.512718,33700
2014-08-20,3.660000,3.710000,3.600000,3.610000,3.464730,70900
2014-08-21,3.650000,3.740000,3.630000,3.670000,3.522315,34500
2014-08-22,3.660000,3.750000,3.650000,3.690000,3.541510,47100
2014-08-25,3.710000,3.740000,3.700000,3.720000,3.570303,27700
2014-08-26,3.730000,3.840000,3.730000,3.740000,3.589498,18100
2014-08-27,3.760000,3.800000,3.740000,3.760000,3.608693,17200
2014-08-28,3.760000,3.880000,3.760000,3.810000,3.656681,20400
2014-08-29,3.830000,3.890000,3.830000,3.860000,3.704669,8500
2014-09-02,3.870000,3.920000,3.830000,3.850000,3.695072,27700
2014-09-03,3.890000,3.890000,3.830000,3.830000,3.675876,17800
2014-09-04,3.900000,3.900000,3.820000,3.820000,3.666279,18500
2014-09-05,3.820000,3.880000,3.800000,3.810000,3.656681,16500
2014-09-08,3.800000,3.830000,3.740000,3.740000,3.589498,32300
2014-09-09,3.720000,3.830000,3.720000,3.750000,3.599096,16700
2014-09-10,3.740000,3.750000,3.720000,3.720000,3.570303,17500
2014-09-11,3.720000,3.770000,3.700000,3.710000,3.560705,38800
2014-09-12,3.700000,3.780000,3.700000,3.740000,3.589498,11700
2014-09-15,3.710000,3.760000,3.710000,3.720000,3.570303,16600
2014-09-16,3.700000,3.720000,3.700000,3.710000,3.560705,27900
2014-09-17,3.730000,3.760000,3.710000,3.710000,3.560705,58300
2014-09-18,3.720000,3.790000,3.700000,3.730000,3.579901,322200
2014-09-19,3.750000,3.780000,3.660000,3.750000,3.599096,185400
2014-09-22,3.740000,3.780000,3.660000,3.690000,3.541510,47700
2014-09-23,3.680000,3.770000,3.680000,3.720000,3.570303,20200
2014-09-24,3.750000,3.780000,3.700000,3.740000,3.589498,108900
2014-09-25,3.740000,3.800000,3.680000,3.750000,3.599096,29300
2014-09-26,3.770000,3.800000,3.760000,3.780000,3.627889,6800
2014-09-29,3.780000,3.780000,3.760000,3.770000,3.618291,8800
2014-09-30,3.750000,3.810000,3.740000,3.780000,3.627889,20000
2014-10-01,3.790000,3.790000,3.700000,3.750000,3.599096,20900
2014-10-02,3.790000,3.790000,3.720000,3.750000,3.599096,7600
2014-10-03,3.820000,3.820000,3.740000,3.770000,3.618291,14100
2014-10-06,3.790000,3.840000,3.790000,3.820000,3.666279,8700
2014-10-07,3.700000,3.760000,3.650000,3.750000,3.599096,32000
2014-10-08,3.750000,3.840000,3.730000,3.820000,3.666279,4300
2014-10-09,3.760000,3.770000,3.750000,3.750000,3.599096,8100
2014-10-10,3.730000,3.770000,3.690000,3.750000,3.599096,7900
2014-10-13,3.800000,3.830000,3.720000,3.770000,3.618291,14600
2014-10-14,3.750000,3.760000,3.560000,3.610000,3.464730,52200
2014-10-15,3.550000,3.700000,3.350000,3.350000,3.215192,197500
2014-10-16,3.300000,3.520000,3.300000,3.400000,3.263180,36900
2014-10-17,3.450000,3.700000,3.420000,3.430000,3.291973,39900
2014-10-20,3.450000,3.460000,3.270000,3.300000,3.167204,72400
2014-10-21,3.380000,3.700000,3.330000,3.490000,3.349559,59900
2014-10-22,3.520000,3.570000,3.150000,3.290000,3.157607,69500
2014-10-23,3.340000,3.490000,3.160000,3.330000,3.195997,429200
2014-10-24,3.340000,3.450000,3.320000,3.340000,3.205595,20500
2014-10-27,3.340000,3.440000,3.320000,3.430000,3.291973,32200
2014-10-28,3.410000,3.500000,3.340000,3.420000,3.282376,37500
2014-10-29,3.450000,3.450000,3.400000,3.410000,3.272778,16500
2014-10-30,3.490000,3.490000,3.360000,3.400000,3.263180,24000
2014-10-31,3.490000,3.490000,3.360000,3.410000,3.272778,38800
2014-11-03,3.450000,3.460000,3.330000,3.340000,3.205595,45000
2014-11-04,3.310000,3.400000,3.310000,3.340000,3.205595,29100
2014-11-05,3.370000,3.460000,3.310000,3.320000,3.186399,23100
2014-11-06,3.520000,3.590000,3.390000,3.510000,3.368754,48300
2014-11-07,3.500000,3.530000,3.400000,3.500000,3.359156,16700
2014-11-10,3.530000,3.600000,3.310000,3.400000,3.263180,124200
2014-11-11,3.430000,3.490000,3.360000,3.400000,3.263180,30900
2014-11-12,3.400000,3.490000,3.400000,3.420000,3.282376,45500
2014-11-13,3.440000,3.500000,3.390000,3.410000,3.272778,44800
2014-11-14,3.420000,3.500000,3.300000,3.370000,3.234387,56600
2014-11-17,3.330000,3.340000,3.180000,3.210000,3.080826,34600
2014-11-18,3.220000,3.260000,3.080000,3.090000,2.965655,51300
2014-11-19,3.090000,3.270000,2.940000,2.980000,2.860081,65500
2014-11-20,2.950000,3.020000,2.900000,2.980000,2.860081,18000
2014-11-21,3.010000,3.040000,2.810000,2.860000,2.744910,31600
2014-11-24,2.820000,2.930000,2.750000,2.830000,2.716118,91900
2014-11-25,2.860000,2.860000,2.760000,2.780000,2.668130,27900
2014-11-26,2.800000,2.850000,2.750000,2.810000,2.696922,191100
2014-11-28,2.810000,2.930000,2.780000,2.810000,2.696922,23200
2014-12-01,2.820000,2.820000,2.690000,2.700000,2.591349,184300
2014-12-02,2.720000,2.800000,2.720000,2.740000,2.629739,12300
2014-12-03,2.730000,2.850000,2.720000,2.850000,2.735313,29800
2014-12-04,2.880000,2.900000,2.820000,2.890000,2.773703,24200
2014-12-05,2.890000,3.000000,2.890000,2.980000,2.860081,49700
2014-12-08,2.950000,2.950000,2.830000,2.880000,2.764106,24000
2014-12-09,2.900000,2.930000,2.810000,2.880000,2.764106,11900
2014-12-10,2.900000,2.950000,2.760000,2.760000,2.648935,34700
2014-12-11,2.760000,2.890000,2.760000,2.800000,2.687325,43800
2014-12-12,2.800000,2.920000,2.800000,2.820000,2.706520,12600
2014-12-15,2.850000,2.920000,2.790000,2.920000,2.802496,26700
2014-12-16,2.920000,2.950000,2.860000,2.890000,2.773703,38800
2014-12-17,2.880000,2.940000,2.860000,2.870000,2.754508,10400
2014-12-18,2.920000,2.940000,2.890000,2.890000,2.773703,133800
2014-12-19,2.890000,2.980000,2.850000,2.980000,2.860081,41400
2014-12-22,2.980000,2.980000,2.920000,2.950000,2.831289,15300
2014-12-23,2.930000,3.040000,2.930000,3.000000,2.879277,30700
2014-12-24,3.000000,3.020000,2.910000,3.010000,2.888874,13600
2014-12-26,3.040000,3.100000,3.000000,3.050000,2.927264,37600
2014-12-29,3.010000,3.140000,2.880000,3.090000,2.965655,60100
2014-12-30,3.120000,3.190000,3.040000,3.080000,2.956057,22400
2014-12-31,3.090000,3.190000,3.090000,3.100000,2.975252,8300
2015-01-02,3.000000,3.130000,2.960000,3.090000,2.965655,48600
2015-01-05,3.030000,3.180000,2.970000,3.070000,2.946460,27100
2015-01-06,3.030000,3.150000,2.960000,3.090000,2.965655,36400
2015-01-07,3.040000,3.100000,2.940000,3.000000,2.879277,42900
2015-01-08,3.190000,3.210000,3.020000,3.020000,2.898472,2800
2015-01-09,3.120000,3.160000,3.000000,3.030000,2.908069,15400
2015-01-12,3.040000,3.040000,2.950000,2.970000,2.850484,2900
2015-01-13,3.230000,3.230000,2.800000,2.890000,2.773703,34000
2015-01-14,2.760000,2.760000,2.580000,2.690000,2.581751,87700
2015-01-15,2.690000,2.800000,2.600000,2.700000,2.591349,13100
2015-01-16,2.910000,2.940000,2.740000,2.750000,2.639337,7600
2015-01-20,2.740000,2.740000,2.630000,2.630000,2.524166,6800
2015-01-21,2.810000,2.810000,2.580000,2.690000,2.581751,19400
2015-01-22,2.650000,2.750000,2.590000,2.710000,2.600947,20000
2015-01-23,2.650000,2.650000,2.540000,2.560000,2.456983,12100
2015-01-26,2.600000,2.750000,2.350000,2.690000,2.581751,165200
2015-01-27,2.590000,2.670000,2.580000,2.630000,2.524166,156000
2015-01-28,2.580000,2.680000,2.550000,2.550000,2.447385,5200
2015-01-29,2.550000,2.600000,2.390000,2.530000,2.428190,19500
2015-01-30,2.450000,2.560000,2.420000,2.450000,2.351409,31900
2015-02-02,2.480000,2.480000,2.400000,2.430000,2.332214,7100
2015-02-03,2.450000,2.450000,2.400000,2.420000,2.322617,20800
2015-02-04,2.430000,2.630000,2.330000,2.480000,2.380202,22600
2015-02-05,2.380000,2.400000,2.310000,2.340000,2.245836,32500
2015-02-06,2.410000,2.460000,2.110000,2.250000,2.159457,53300
2015-02-09,2.140000,2.280000,2.060000,2.240000,2.149860,25300
2015-02-10,2.200000,2.200000,2.020000,2.050000,1.967506,74400
2015-02-11,1.980000,2.040000,1.980000,2.040000,1.957908,73900
2015-02-12,2.100000,2.200000,2.100000,2.120000,2.034689,32000
2015-02-13,2.160000,2.340000,2.130000,2.340000,2.245836,27500
2015-02-17,2.370000,2.400000,2.340000,2.360000,2.265031,18700
2015-02-18,2.410000,2.410000,2.350000,2.360000,2.265031,9800
2015-02-19,2.340000,2.400000,2.340000,2.360000,2.265031,10500
2015-02-20,2.440000,2.580000,2.440000,2.580000,2.476178,117400
2015-02-23,2.650000,2.880000,2.610000,2.830000,2.716118,167900
2015-02-24,2.950000,3.190000,2.850000,3.060000,2.936862,152300
2015-02-25,3.100000,3.100000,2.900000,2.900000,2.783301,54800
2015-02-26,2.800000,2.880000,2.610000,2.770000,2.658532,123300
2015-02-27,2.740000,2.850000,2.710000,2.740000,2.629739,16800
2015-03-02,2.780000,2.860000,2.750000,2.800000,2.687325,37300
2015-03-03,2.870000,3.210000,2.850000,2.860000,2.744910,25100
2015-03-04,2.950000,3.010000,2.770000,2.820000,2.706520,31500
2015-03-05,2.900000,2.900000,2.730000,2.840000,2.725715,11900
2015-03-06,2.850000,2.900000,2.720000,2.820000,2.706520,5100
2015-03-09,2.770000,2.880000,2.760000,2.870000,2.754508,8400
2015-03-10,2.780000,2.820000,2.650000,2.750000,2.639337,31500
2015-03-11,2.880000,2.900000,2.750000,2.790000,2.677727,19400
2015-03-12,2.870000,2.870000,2.750000,2.800000,2.687325,24700
2015-03-13,2.810000,2.840000,2.750000,2.760000,2.648935,5800
2015-03-16,2.750000,2.820000,2.700000,2.700000,2.591349,7700
2015-03-17,2.700000,2.800000,2.700000,2.770000,2.658532,24800
2015-03-18,2.750000,2.820000,2.750000,2.760000,2.648935,6500
2015-03-19,2.760000,2.790000,2.700000,2.710000,2.600947,9700
2015-03-20,2.720000,2.770000,2.650000,2.650000,2.543361,63300
2015-03-23,2.690000,2.770000,2.690000,2.710000,2.600947,42100
2015-03-24,2.830000,2.830000,2.660000,2.710000,2.600947,17600
2015-03-25,2.690000,2.750000,2.610000,2.750000,2.639337,15500
2015-03-26,2.700000,2.730000,2.650000,2.650000,2.543361,32900
2015-03-27,2.700000,2.770000,2.690000,2.740000,2.629739,18600
2015-03-30,2.700000,2.740000,2.660000,2.720000,2.610544,14800
2015-03-31,2.700000,2.730000,2.680000,2.730000,2.620142,34100
2015-04-01,2.700000,2.730000,2.700000,2.730000,2.620142,3600
2015-04-02,2.730000,2.740000,2.670000,2.710000,2.600947,9100
2015-04-06,2.740000,2.750000,2.660000,2.700000,2.591349,45000
2015-04-07,2.670000,2.750000,2.670000,2.750000,2.639337,7200
2015-04-08,2.660000,2.730000,2.660000,2.730000,2.620142,5100
2015-04-09,2.740000,2.750000,2.710000,2.730000,2.620142,3600
2015-04-10,2.710000,2.710000,2.610000,2.670000,2.562556,26000
2015-04-13,2.650000,2.800000,2.650000,2.730000,2.620142,34200
2015-04-14,2.660000,2.860000,2.600000,2.730000,2.620142,70500
2015-04-15,2.730000,2.800000,2.700000,2.770000,2.658532,30600
2015-04-16,2.770000,2.990000,2.760000,2.760000,2.648935,37300
2015-04-17,2.830000,2.900000,2.780000,2.900000,2.783301,29300
2015-04-20,2.900000,3.100000,2.860000,2.960000,2.840886,21800
2015-04-21,2.930000,2.960000,2.700000,2.700000,2.591349,74700
2015-04-22,2.790000,2.790000,2.700000,2.760000,2.648935,19800
2015-04-23,2.720000,2.780000,2.650000,2.710000,2.600947,11600
2015-04-24,2.650000,2.720000,2.590000,2.590000,2.485775,43300
2015-04-27,2.620000,2.660000,2.580000,2.580000,2.476178,19500
2015-04-28,2.580000,2.710000,2.550000,2.550000,2.447385,29900
2015-04-29,2.700000,2.720000,2.600000,2.630000,2.524166,4000
2015-04-30,2.550000,2.650000,2.550000,2.610000,2.504971,3300
2015-05-01,2.580000,2.660000,2.580000,2.620000,2.514568,3700
2015-05-04,2.600000,2.680000,2.560000,2.650000,2.543361,18900
2015-05-05,2.640000,2.670000,2.560000,2.580000,2.476178,35400
2015-05-06,2.560000,2.680000,2.510000,2.520000,2.418592,39400
2015-05-07,2.500000,2.530000,2.470000,2.530000,2.428190,35000
2015-05-08,2.530000,2.650000,2.520000,2.620000,2.514568,25400
2015-05-11,2.640000,2.680000,2.580000,2.590000,2.485775,49900
2015-05-12,2.540000,2.550000,2.450000,2.530000,2.428190,70200
2015-05-13,2.500000,2.600000,2.330000,2.460000,2.361007,95200
2015-05-14,2.540000,2.570000,2.490000,2.500000,2.399397,7700
2015-05-15,2.510000,2.540000,2.490000,2.510000,2.408995,13600
2015-05-18,2.500000,2.510000,2.400000,2.400000,2.303421,22800
2015-05-19,2.400000,2.430000,2.350000,2.350000,2.255433,24300
2015-05-20,2.440000,2.440000,2.350000,2.350000,2.255433,6600
2015-05-21,2.350000,2.370000,2.310000,2.350000,2.255433,71400
2015-05-22,2.370000,2.390000,2.350000,2.390000,2.293824,9300
2015-05-26,2.370000,2.400000,2.260000,2.280000,2.188250,32800
2015-05-27,2.310000,2.400000,2.310000,2.310000,2.217043,35000
2015-05-28,2.310000,2.320000,2.260000,2.260000,2.169055,20700
2015-05-29,2.260000,2.280000,2.230000,2.230000,2.140262,28200
2015-06-01,2.210000,2.210000,2.110000,2.120000,2.034689,23600
2015-06-02,2.130000,2.250000,2.130000,2.220000,2.130665,24300
2015-06-03,2.220000,2.270000,2.200000,2.220000,2.130665,24100
2015-06-04,2.210000,2.250000,2.200000,2.200000,2.111470,17100
2015-06-05,2.200000,2.210000,2.150000,2.150000,2.063482,27700
2015-06-08,2.150000,2.210000,2.120000,2.180000,2.092274,7900
2015-06-09,2.150000,2.190000,2.150000,2.170000,2.082677,14600
2015-06-10,2.180000,2.220000,2.180000,2.190000,2.101872,17800
2015-06-11,2.190000,2.240000,2.190000,2.220000,2.130665,30000
2015-06-12,2.200000,2.220000,2.190000,2.190000,2.101872,27100
2015-06-15,2.210000,2.220000,2.130000,2.140000,2.053884,71500
2015-06-16,2.150000,2.170000,2.130000,2.170000,2.082677,24200
2015-06-17,2.240000,2.340000,2.190000,2.320000,2.226640,81100
2015-06-18,2.250000,2.340000,2.200000,2.200000,2.111470,35800
2015-06-19,2.280000,2.330000,2.240000,2.260000,2.169055,74200
2015-06-22,2.280000,2.350000,2.250000,2.300000,2.207445,30400
2015-06-23,2.270000,2.340000,2.250000,2.320000,2.226640,17700
2015-06-24,2.350000,2.350000,2.260000,2.280000,2.188250,29000
2015-06-25,2.300000,2.350000,2.270000,2.300000,2.207445,19400
2015-06-26,2.320000,2.350000,2.270000,2.270000,2.178653,59500
2015-06-29,2.330000,2.330000,2.240000,2.270000,2.178653,21900
2015-06-30,2.340000,2.340000,2.260000,2.290000,2.197848,3700
2015-07-01,2.280000,2.340000,2.250000,2.300000,2.207445,8400
2015-07-02,2.350000,2.430000,2.300000,2.370000,2.274629,41600
2015-07-06,2.410000,2.440000,2.290000,2.300000,2.207445,18500
2015-07-07,2.400000,2.400000,2.310000,2.400000,2.303421,17200
2015-07-08,2.400000,2.400000,2.250000,2.250000,2.159457,8700
2015-07-09,2.300000,2.300000,2.250000,2.250000,2.159457,7000
2015-07-10,2.250000,2.320000,2.240000,2.270000,2.178653,27800
2015-07-13,2.260000,2.380000,2.250000,2.380000,2.284226,800
2015-07-14,2.290000,2.360000,2.280000,2.300000,2.207445,8100
2015-07-15,2.230000,2.240000,2.200000,2.200000,2.111470,6000
2015-07-16,2.200000,2.240000,2.190000,2.210000,2.121067,51200
2015-07-17,2.220000,2.220000,2.180000,2.180000,2.092274,13200
2015-07-20,2.200000,2.200000,2.160000,2.180000,2.092274,2400
2015-07-21,2.160000,2.180000,2.150000,2.160000,2.073079,16700
2015-07-22,2.240000,2.240000,2.140000,2.170000,2.082677,12300
2015-07-23,2.190000,2.200000,2.150000,2.180000,2.092274,13000
2015-07-24,2.130000,2.150000,2.100000,2.100000,2.015494,19600
2015-07-27,2.100000,2.200000,2.100000,2.160000,2.073079,13300
2015-07-28,2.190000,2.260000,2.110000,2.120000,2.034689,51900
2015-07-29,2.200000,2.280000,2.140000,2.250000,2.159457,25500
2015-07-30,2.150000,2.300000,2.150000,2.210000,2.121067,52900
2015-07-31,2.330000,2.350000,2.200000,2.230000,2.140262,36400
2015-08-03,2.240000,2.250000,2.220000,2.220000,2.130665,1500
2015-08-04,2.220000,2.300000,2.200000,2.200000,2.111470,25300
2015-08-05,2.130000,2.200000,2.100000,2.150000,2.063482,6600
2015-08-06,2.150000,2.200000,2.150000,2.190000,2.101872,3900
2015-08-07,2.190000,2.190000,2.120000,2.120000,2.034689,4800
2015-08-10,2.200000,2.550000,2.200000,2.520000,2.418592,126200
2015-08-11,2.590000,3.030000,2.500000,2.800000,2.687325,302600
2015-08-12,2.880000,3.010000,2.700000,3.000000,2.879277,249900
2015-08-13,3.020000,3.020000,2.860000,2.990000,2.869679,81700
2015-08-14,3.000000,3.000000,2.770000,2.860000,2.744910,14500
2015-08-17,3.030000,3.030000,2.850000,2.860000,2.744910,59300
2015-08-18,2.900000,3.050000,2.840000,3.000000,2.879277,33000
2015-08-19,3.050000,3.240000,2.880000,2.900000,2.783301,52600
2015-08-20,3.040000,3.050000,2.770000,2.810000,2.696922,32500
2015-08-21,2.920000,2.920000,2.720000,2.800000,2.687325,28400
2015-08-24,2.530000,2.720000,2.530000,2.560000,2.456983,11200
2015-08-25,2.660000,2.680000,2.510000,2.510000,2.408995,83100
2015-08-26,2.510000,2.590000,2.510000,2.580000,2.476178,15800
2015-08-27,2.700000,2.710000,2.550000,2.600000,2.495373,33000
2015-08-28,2.770000,2.790000,2.550000,2.550000,2.447385,39500
2015-08-31,2.630000,2.630000,2.560000,2.580000,2.476178,8000
2015-09-01,2.720000,2.800000,2.550000,2.730000,2.620142,25200
2015-09-02,2.670000,2.760000,2.630000,2.670000,2.562556,40600
2015-09-03,2.630000,2.740000,2.630000,2.720000,2.610544,6400
2015-09-04,2.790000,2.800000,2.720000,2.780000,2.668130,16800
2015-09-08,2.960000,2.990000,2.730000,2.770000,2.658532,90700
2015-09-09,2.800000,2.800000,2.750000,2.750000,2.639337,24200
2015-09-10,2.760000,2.770000,2.580000,2.610000,2.504971,31600
2015-09-11,2.750000,2.750000,2.560000,2.700000,2.591349,15400
2015-09-14,2.620000,2.620000,2.310000,2.530000,2.428190,44600
2015-09-15,2.530000,2.700000,2.530000,2.600000,2.495373,22700
2015-09-16,2.590000,2.650000,2.420000,2.510000,2.408995,18300
2015-09-17,2.510000,2.630000,2.410000,2.490000,2.389800,28300
2015-09-18,2.480000,2.550000,2.440000,2.500000,2.399397,32800
2015-09-21,2.340000,2.580000,2.340000,2.500000,2.399397,20100
2015-09-22,2.500000,2.560000,2.460000,2.490000,2.389800,12900
2015-09-23,2.500000,2.540000,2.450000,2.520000,2.418592,17200
2015-09-24,2.440000,2.460000,2.350000,2.410000,2.313019,19800
2015-09-25,2.400000,2.500000,2.400000,2.450000,2.351409,9300
2015-09-28,2.410000,2.500000,2.400000,2.420000,2.322617,17800
2015-09-29,2.400000,2.500000,2.400000,2.460000,2.361007,6100
2015-09-30,2.500000,2.500000,2.400000,2.490000,2.389800,10100
2015-10-01,2.460000,2.480000,2.400000,2.470000,2.370605,4000
2015-10-02,2.400000,2.470000,2.400000,2.460000,2.361007,10800
2015-10-05,2.450000,2.510000,2.410000,2.490000,2.389800,21100
2015-10-06,2.460000,2.560000,2.410000,2.490000,2.389800,24700
2015-10-07,2.490000,2.620000,2.490000,2.550000,2.447385,40100
2015-10-08,2.410000,2.570000,2.410000,2.460000,2.361007,18900
2015-10-09,2.510000,2.520000,2.480000,2.520000,2.418592,10100
2015-10-12,2.530000,2.530000,2.460000,2.500000,2.399397,4600
2015-10-13,2.400000,2.480000,2.400000,2.430000,2.332214,5900
2015-10-14,2.430000,2.560000,2.410000,2.420000,2.322617,2900
2015-10-15,2.400000,2.520000,2.400000,2.490000,2.389800,18400
2015-10-16,2.460000,2.520000,2.410000,2.450000,2.351409,19900
2015-10-19,2.490000,2.520000,2.410000,2.510000,2.408995,1200
2015-10-20,2.500000,2.520000,2.470000,2.520000,2.418592,22100
2015-10-21,2.450000,2.500000,2.450000,2.490000,2.389800,4900
2015-10-22,2.500000,2.520000,2.460000,2.460000,2.361007,25400
2015-10-23,2.470000,2.470000,2.470000,2.470000,2.370605,500
2015-10-26,2.440000,2.520000,2.410000,2.520000,2.418592,8300
2015-10-27,2.410000,2.510000,2.310000,2.450000,2.351409,28000
2015-10-28,2.490000,2.500000,2.430000,2.480000,2.380202,14800
2015-10-29,2.420000,2.470000,2.280000,2.300000,2.207445,12100
2015-10-30,2.330000,2.440000,2.280000,2.310000,2.217043,30400
2015-11-02,2.410000,2.420000,2.330000,2.380000,2.284226,11200
2015-11-03,2.360000,2.420000,2.340000,2.390000,2.293824,25900
2015-11-04,2.330000,2.420000,2.330000,2.400000,2.303421,15900
2015-11-05,2.420000,2.480000,2.390000,2.400000,2.303421,13600
2015-11-06,2.380000,2.490000,2.350000,2.490000,2.389800,8600
2015-11-09,2.460000,2.500000,2.370000,2.480000,2.380202,13500
2015-11-10,2.530000,2.530000,2.490000,2.490000,2.389800,4500
2015-11-11,2.500000,2.610000,2.500000,2.610000,2.504971,16000
2015-11-12,2.600000,2.630000,2.530000,2.570000,2.466580,13800
2015-11-13,2.600000,2.600000,2.530000,2.600000,2.495373,24400
2015-11-16,2.600000,2.680000,2.510000,2.670000,2.562556,37700
2015-11-17,2.460000,2.620000,2.460000,2.570000,2.466580,64700
2015-11-18,2.550000,2.640000,2.530000,2.560000,2.456983,19200
2015-11-19,2.600000,2.670000,2.550000,2.610000,2.504971,9900
2015-11-20,2.600000,2.630000,2.560000,2.570000,2.466580,1900
2015-11-23,2.530000,2.570000,2.290000,2.310000,2.217043,64200
2015-11-24,2.430000,2.480000,2.340000,2.340000,2.245836,28400
2015-11-25,2.360000,2.380000,2.290000,2.330000,2.236238,38500
2015-11-27,2.330000,2.400000,2.260000,2.320000,2.226640,15100
2015-11-30,2.360000,2.390000,2.310000,2.380000,2.284226,17500
2015-12-01,2.100000,2.390000,2.100000,2.370000,2.274629,43400
2015-12-02,2.230000,2.520000,2.230000,2.340000,2.245836,15600
2015-12-03,2.390000,2.610000,2.390000,2.480000,2.380202,20600
2015-12-04,2.360000,2.520000,2.320000,2.360000,2.265031,47400
2015-12-07,2.490000,2.490000,2.300000,2.360000,2.265031,27500
2015-12-08,2.370000,2.450000,2.270000,2.400000,2.303421,63300
2015-12-09,2.180000,2.520000,2.180000,2.400000,2.303421,33400
2015-12-10,2.370000,2.410000,2.300000,2.390000,2.293824,23400
2015-12-11,2.400000,2.400000,2.300000,2.310000,2.217043,7600
2015-12-14,2.340000,2.400000,2.320000,2.370000,2.274629,11600
2015-12-15,2.400000,2.460000,2.360000,2.400000,2.303421,21000
2015-12-16,2.340000,2.490000,2.340000,2.390000,2.293824,55100
2015-12-17,2.500000,2.500000,2.350000,2.360000,2.265031,34500
2015-12-18,2.370000,2.550000,2.370000,2.480000,2.380202,15200
2015-12-21,2.650000,2.800000,2.600000,2.710000,2.600947,94600
2015-12-22,2.760000,2.780000,2.610000,2.710000,2.600947,34200
2015-12-23,2.750000,2.800000,2.690000,2.720000,2.610544,55000
2015-12-24,2.710000,2.800000,2.710000,2.740000,2.629739,16600
2015-12-28,2.740000,2.980000,2.740000,2.830000,2.716118,22900
2015-12-29,2.850000,2.900000,2.810000,2.820000,2.706520,43000
2015-12-30,2.820000,2.870000,2.760000,2.760000,2.648935,34400
2015-12-31,2.790000,2.950000,2.790000,2.920000,2.802496,30400
2016-01-04,2.910000,2.910000,2.800000,2.840000,2.725715,26300
2016-01-05,2.850000,2.900000,2.840000,2.840000,2.725715,20800
2016-01-06,2.830000,2.970000,2.800000,2.880000,2.764106,66400
2016-01-07,2.850000,2.890000,2.750000,2.790000,2.677727,41100
2016-01-08,2.910000,2.930000,2.810000,2.840000,2.725715,25700
2016-01-11,2.840000,2.930000,2.730000,2.790000,2.677727,25800
2016-01-12,2.820000,2.880000,2.790000,2.840000,2.725715,13600
2016-01-13,2.820000,2.880000,2.790000,2.820000,2.706520,30200
2016-01-14,2.850000,2.850000,2.760000,2.790000,2.677727,29800
2016-01-15,2.720000,2.770000,2.720000,2.740000,2.629739,26700
2016-01-19,2.800000,2.800000,2.720000,2.770000,2.658532,24300
2016-01-20,2.720000,2.800000,2.710000,2.730000,2.620142,36000
2016-01-21,2.750000,2.770000,2.700000,2.730000,2.620142,31100
2016-01-22,2.720000,2.790000,2.720000,2.770000,2.658532,19600
2016-01-25,2.700000,2.780000,2.700000,2.730000,2.620142,21300
2016-01-26,2.740000,2.770000,2.700000,2.720000,2.610544,13800
2016-01-27,2.740000,2.750000,2.700000,2.700000,2.591349,13500
2016-01-28,2.640000,2.750000,2.640000,2.740000,2.629739,11300
2016-01-29,2.730000,2.800000,2.700000,2.700000,2.591349,29400
2016-02-01,2.700000,2.800000,2.700000,2.760000,2.648935,7100
2016-02-02,2.720000,2.790000,2.680000,2.710000,2.600947,15300
2016-02-03,2.760000,2.760000,2.680000,2.700000,2.591349,9800
2016-02-04,2.700000,2.800000,2.700000,2.720000,2.610544,15000
2016-02-05,2.610000,2.740000,2.610000,2.660000,2.552959,13200
2016-02-08,2.680000,2.720000,2.620000,2.650000,2.543361,11700
2016-02-09,2.620000,2.670000,2.600000,2.600000,2.495373,33700
2016-02-10,2.710000,2.740000,2.540000,2.560000,2.456983,13300
2016-02-11,2.530000,2.720000,2.460000,2.500000,2.399397,70200
2016-02-12,2.550000,2.690000,2.400000,2.680000,2.572154,13800
2016-02-16,2.450000,2.590000,2.450000,2.590000,2.485775,9000
2016-02-17,2.530000,2.690000,2.520000,2.660000,2.552959,11500
2016-02-18,2.680000,2.700000,2.590000,2.590000,2.485775,5800
2016-02-19,2.660000,2.700000,2.600000,2.630000,2.524166,16100
2016-02-22,2.670000,2.740000,2.650000,2.650000,2.543361,14600
2016-02-23,2.720000,2.720000,2.640000,2.640000,2.533764,12000
2016-02-24,2.680000,2.700000,2.600000,2.630000,2.524166,24100
2016-02-25,2.690000,2.700000,2.630000,2.640000,2.533764,13500
2016-02-26,2.670000,2.700000,2.650000,2.690000,2.581751,15300
2016-02-29,2.650000,2.690000,2.590000,2.590000,2.485775,17700
2016-03-01,2.560000,2.740000,2.540000,2.700000,2.591349,14200
2016-03-02,2.580000,2.720000,2.560000,2.700000,2.591349,27300
2016-03-03,2.610000,2.700000,2.610000,2.640000,2.533764,31500
2016-03-04,2.570000,2.770000,2.570000,2.680000,2.572154,18700
2016-03-07,2.760000,2.880000,2.710000,2.830000,2.716118,45400
2016-03-08,2.790000,2.900000,2.750000,2.760000,2.648935,31000
2016-03-09,2.800000,2.900000,2.740000,2.830000,2.716118,27300
2016-03-10,2.750000,2.850000,2.740000,2.790000,2.677727,19300
2016-03-11,2.770000,2.830000,2.770000,2.780000,2.716818,7800
2016-03-14,2.850000,2.850000,2.640000,2.640000,2.580000,9100
2016-03-15,2.790000,2.790000,2.500000,2.510000,2.452955,378400
2016-03-16,2.510000,2.600000,2.460000,2.580000,2.521364,26800
2016-03-17,2.560000,2.600000,2.470000,2.500000,2.443182,22800
2016-03-18,2.460000,2.560000,2.460000,2.530000,2.472500,15300
2016-03-21,2.500000,2.550000,2.390000,2.390000,2.335682,39100
2016-03-22,2.430000,2.470000,2.360000,2.380000,2.325909,23200
2016-03-23,2.360000,2.370000,2.220000,2.260000,2.208637,80000
2016-03-24,2.270000,2.400000,2.240000,2.330000,2.277045,52800
2016-03-28,2.340000,2.450000,2.340000,2.370000,2.316136,43100
2016-03-29,2.350000,2.530000,2.350000,2.420000,2.365000,48900
2016-03-30,2.460000,2.530000,2.440000,2.490000,2.433409,21900
2016-03-31,2.490000,2.500000,2.340000,2.370000,2.316136,21900
2016-04-01,2.390000,2.500000,2.390000,2.440000,2.384546,20400
2016-04-04,2.480000,2.490000,2.410000,2.420000,2.365000,26400
2016-04-05,2.380000,2.510000,2.330000,2.430000,2.374773,22300
2016-04-06,2.490000,2.580000,2.370000,2.480000,2.423636,19400
2016-04-07,2.540000,2.590000,2.390000,2.530000,2.472500,19100
2016-04-08,2.550000,2.600000,2.550000,2.570000,2.511591,24800
2016-04-11,2.600000,2.650000,2.590000,2.620000,2.560455,12600
2016-04-12,2.650000,2.740000,2.540000,2.560000,2.501818,18500
2016-04-13,2.610000,2.640000,2.520000,2.590000,2.531136,32800
2016-04-14,2.650000,2.730000,2.560000,2.660000,2.599545,20100
2016-04-15,2.650000,2.710000,2.550000,2.570000,2.511591,34800
2016-04-18,2.590000,2.700000,2.490000,2.570000,2.511591,21500
2016-04-19,2.560000,2.640000,2.540000,2.570000,2.511591,13900
2016-04-20,2.700000,2.700000,2.550000,2.590000,2.531136,12600
2016-04-21,2.570000,2.600000,2.470000,2.570000,2.511591,20200
2016-04-22,2.610000,2.670000,2.500000,2.570000,2.511591,38900
2016-04-25,2.570000,2.640000,2.500000,2.560000,2.501818,19400
2016-04-26,2.560000,2.620000,2.560000,2.570000,2.511591,1700
2016-04-27,2.620000,2.620000,2.450000,2.470000,2.413864,19800
2016-04-28,2.460000,2.630000,2.460000,2.600000,2.540909,16600
2016-04-29,2.640000,2.640000,2.570000,2.570000,2.511591,9700
2016-05-02,2.580000,2.640000,2.580000,2.600000,2.540909,13500
2016-05-03,2.590000,2.650000,2.490000,2.630000,2.570227,25400
2016-05-04,2.640000,2.700000,2.560000,2.700000,2.638636,42600
2016-05-05,2.680000,2.700000,2.450000,2.470000,2.413864,82500
2016-05-06,2.440000,2.500000,2.350000,2.350000,2.296591,69600
2016-05-09,2.320000,2.500000,2.320000,2.390000,2.335682,119500
2016-05-10,2.370000,2.460000,2.340000,2.360000,2.306364,43600
2016-05-11,2.350000,2.390000,2.260000,2.300000,2.247727,42000
2016-05-12,2.290000,2.390000,2.220000,2.220000,2.169545,47400
2016-05-13,2.200000,2.350000,2.200000,2.310000,2.257500,15400
2016-05-16,2.280000,2.430000,2.220000,2.270000,2.218409,20400
2016-05-17,2.260000,2.340000,2.190000,2.250000,2.198864,36800
2016-05-18,2.240000,2.330000,2.240000,2.270000,2.218409,14700
2016-05-19,2.280000,2.340000,2.250000,2.250000,2.198864,20300
2016-05-20,2.270000,2.370000,2.250000,2.250000,2.198864,20900
2016-05-23,2.280000,2.370000,2.050000,2.120000,2.071818,171000
2016-05-24,2.150000,2.270000,2.150000,2.210000,2.159773,25300
2016-05-25,2.240000,2.310000,2.220000,2.220000,2.169545,19600
2016-05-26,2.370000,2.370000,2.210000,2.270000,2.218409,39400
2016-05-27,2.290000,2.350000,2.170000,2.170000,2.120682,53200
2016-05-31,2.200000,2.250000,2.150000,2.200000,2.150000,42200
2016-06-01,2.240000,2.380000,2.150000,2.180000,2.130455,42000
2016-06-02,2.190000,2.330000,2.190000,2.220000,2.169545,21700
2016-06-03,2.230000,2.290000,2.150000,2.200000,2.150000,35000
2016-06-06,2.180000,2.280000,2.180000,2.200000,2.150000,70300
2016-06-07,2.200000,2.310000,2.200000,2.200000,2.150000,75100
2016-06-08,2.200000,2.270000,2.180000,2.200000,2.150000,84700
2016-06-09,2.180000,2.200000,2.160000,2.200000,2.150000,79000
2016-06-10,2.160000,2.170000,2.100000,2.170000,2.170000,36200
2016-06-13,2.150000,2.200000,2.150000,2.170000,2.170000,32500
2016-06-14,2.170000,2.170000,2.060000,2.080000,2.080000,63400
2016-06-15,2.100000,2.100000,2.020000,2.100000,2.100000,28200
2016-06-16,2.090000,2.190000,2.080000,2.120000,2.120000,25000
2016-06-17,2.110000,2.200000,2.080000,2.120000,2.120000,80300
2016-06-20,2.160000,2.210000,2.120000,2.140000,2.140000,26800
2016-06-21,2.150000,2.210000,2.100000,2.200000,2.200000,30000
2016-06-22,2.160000,2.200000,2.150000,2.150000,2.150000,38600
2016-06-23,2.130000,2.220000,2.130000,2.140000,2.140000,47700
2016-06-24,2.000000,2.140000,2.000000,2.080000,2.080000,67100
2016-06-27,2.080000,2.080000,1.890000,1.910000,1.910000,76200
2016-06-28,1.940000,2.040000,1.850000,1.970000,1.970000,39900
2016-06-29,1.920000,1.980000,1.880000,1.950000,1.950000,37600
2016-06-30,2.010000,2.030000,1.940000,1.970000,1.970000,33100
2016-07-01,1.990000,2.050000,1.970000,2.020000,2.020000,33900
2016-07-05,2.010000,2.050000,1.990000,2.010000,2.010000,21400
2016-07-06,2.020000,2.190000,2.020000,2.090000,2.090000,43100
2016-07-07,2.070000,2.170000,2.040000,2.090000,2.090000,105600
2016-07-08,2.130000,2.170000,2.120000,2.130000,2.130000,39200
2016-07-11,2.140000,2.200000,2.140000,2.170000,2.170000,28900
2016-07-12,2.180000,2.280000,2.150000,2.190000,2.190000,88300
2016-07-13,2.190000,2.340000,2.070000,2.180000,2.180000,106100
2016-07-14,2.260000,2.280000,2.170000,2.200000,2.200000,49200
2016-07-15,2.190000,2.410000,2.130000,2.180000,2.180000,84100
2016-07-18,2.200000,2.270000,2.170000,2.190000,2.190000,44900
2016-07-19,2.190000,2.230000,2.160000,2.200000,2.200000,42300
2016-07-20,2.170000,2.230000,2.150000,2.190000,2.190000,22700
2016-07-21,2.200000,2.230000,2.150000,2.170000,2.170000,22500
2016-07-22,2.180000,2.220000,2.110000,2.190000,2.190000,20000
2016-07-25,2.230000,2.230000,2.160000,2.190000,2.190000,19300
2016-07-26,2.210000,2.230000,2.140000,2.190000,2.190000,20100
2016-07-27,2.190000,2.220000,2.120000,2.160000,2.160000,30500
2016-07-28,2.160000,2.200000,2.140000,2.170000,2.170000,46700
2016-07-29,2.160000,2.160000,2.030000,2.030000,2.030000,71500
2016-08-01,2.010000,2.070000,1.960000,1.980000,1.980000,37200
2016-08-02,2.020000,2.080000,1.960000,2.000000,2.000000,24400
2016-08-03,2.020000,2.020000,1.930000,1.930000,1.930000,71900
2016-08-04,1.980000,2.040000,1.950000,1.960000,1.960000,26900
2016-08-05,1.950000,2.000000,1.920000,1.930000,1.930000,9300
2016-08-08,1.950000,1.980000,1.900000,1.920000,1.920000,19400
2016-08-09,1.900000,1.960000,1.710000,1.730000,1.730000,72900
2016-08-10,1.730000,1.820000,1.730000,1.800000,1.800000,25200
2016-08-11,1.820000,1.820000,1.800000,1.820000,1.820000,5200
2016-08-12,1.810000,1.890000,1.800000,1.840000,1.840000,13300
2016-08-15,1.800000,1.860000,1.800000,1.840000,1.840000,13700
2016-08-16,1.810000,1.870000,1.790000,1.790000,1.790000,6600
2016-08-17,1.800000,1.860000,1.780000,1.800000,1.800000,11600
2016-08-18,1.800000,1.880000,1.800000,1.840000,1.840000,19100
2016-08-19,1.830000,1.890000,1.830000,1.860000,1.860000,19200
2016-08-22,1.920000,1.920000,1.840000,1.870000,1.870000,9700
2016-08-23,1.860000,1.860000,1.820000,1.840000,1.840000,6800
2016-08-24,1.840000,1.840000,1.790000,1.790000,1.790000,25300
2016-08-25,1.780000,1.840000,1.780000,1.800000,1.800000,49200
2016-08-26,1.780000,1.870000,1.640000,1.650000,1.650000,74300
2016-08-29,1.730000,1.730000,1.650000,1.690000,1.690000,34000
2016-08-30,1.810000,1.810000,1.690000,1.730000,1.730000,36600
2016-08-31,1.740000,1.740000,1.690000,1.730000,1.730000,10700
2016-09-01,1.750000,1.760000,1.700000,1.710000,1.710000,5800
2016-09-02,1.720000,1.760000,1.690000,1.690000,1.690000,6400
2016-09-06,1.660000,1.790000,1.660000,1.730000,1.730000,35200
2016-09-07,1.730000,1.780000,1.700000,1.700000,1.700000,27600
2016-09-08,1.730000,1.730000,1.690000,1.700000,1.700000,10300
2016-09-09,1.690000,1.730000,1.670000,1.670000,1.670000,21800
2016-09-12,1.670000,1.690000,1.610000,1.630000,1.630000,63300
2016-09-13,1.640000,1.720000,1.530000,1.530000,1.530000,97300
2016-09-14,1.530000,1.560000,1.460000,1.480000,1.480000,85100
2016-09-15,1.510000,1.560000,1.460000,1.550000,1.550000,37800
2016-09-16,1.550000,1.680000,1.500000,1.570000,1.570000,31100
2016-09-19,1.570000,1.650000,1.540000,1.590000,1.590000,24800
2016-09-20,1.590000,1.740000,1.550000,1.700000,1.700000,155300
2016-09-21,1.720000,1.770000,1.640000,1.740000,1.740000,47500
2016-09-22,1.730000,1.760000,1.650000,1.650000,1.650000,33000
2016-09-23,1.650000,1.760000,1.610000,1.660000,1.660000,199100
2016-09-26,1.610000,1.660000,1.610000,1.610000,1.610000,12500
2016-09-27,1.670000,1.670000,1.600000,1.620000,1.620000,11000
2016-09-28,1.630000,1.660000,1.600000,1.610000,1.610000,10600
2016-09-29,1.620000,1.660000,1.600000,1.610000,1.610000,10300
2016-09-30,1.630000,1.670000,1.540000,1.540000,1.540000,47200
2016-10-03,1.510000,1.700000,1.510000,1.580000,1.580000,46000
2016-10-04,1.580000,1.690000,1.580000,1.590000,1.590000,16600
2016-10-05,1.640000,1.700000,1.530000,1.540000,1.540000,44800
2016-10-06,1.590000,1.590000,1.530000,1.530000,1.530000,13800
2016-10-07,1.520000,1.590000,1.520000,1.570000,1.570000,14900
2016-10-10,1.570000,1.610000,1.540000,1.590000,1.590000,19500
2016-10-11,1.570000,1.620000,1.550000,1.590000,1.590000,66000
2016-10-12,1.600000,1.670000,1.580000,1.590000,1.590000,64400
2016-10-13,1.520000,1.600000,1.520000,1.580000,1.580000,71000
2016-10-14,1.580000,1.610000,1.580000,1.610000,1.610000,12600
2016-10-17,1.610000,1.610000,1.600000,1.600000,1.600000,800
2016-10-18,1.600000,1.630000,1.600000,1.600000,1.600000,11700
2016-10-19,1.610000,1.630000,1.600000,1.610000,1.610000,9100
2016-10-20,1.620000,1.620000,1.610000,1.610000,1.610000,8900
2016-10-21,1.600000,1.630000,1.540000,1.610000,1.610000,110900
2016-10-24,1.590000,1.610000,1.530000,1.580000,1.580000,60900
2016-10-25,1.540000,1.580000,1.520000,1.560000,1.560000,125600
2016-10-26,1.610000,1.610000,1.510000,1.520000,1.520000,174800
2016-10-27,1.500000,1.550000,1.490000,1.490000,1.490000,55700
2016-10-28,1.450000,1.450000,1.320000,1.380000,1.380000,122400
2016-10-31,1.390000,1.510000,1.390000,1.440000,1.440000,40800
2016-11-01,1.470000,1.500000,1.390000,1.470000,1.470000,28600
2016-11-02,1.440000,1.500000,1.380000,1.450000,1.450000,21200
2016-11-03,1.420000,1.490000,1.420000,1.450000,1.450000,32500
2016-11-04,1.450000,1.490000,1.420000,1.420000,1.420000,30500
2016-11-07,1.430000,1.450000,1.360000,1.420000,1.420000,61600
2016-11-08,1.450000,1.450000,1.390000,1.420000,1.420000,33300
2016-11-09,1.420000,1.460000,1.390000,1.460000,1.460000,106400
2016-11-10,1.470000,1.490000,1.420000,1.450000,1.450000,16200
2016-11-11,1.430000,1.470000,1.430000,1.460000,1.460000,31000
2016-11-14,1.470000,1.500000,1.470000,1.480000,1.480000,31400
2016-11-15,1.390000,1.460000,1.360000,1.420000,1.420000,81000
2016-11-16,1.400000,1.450000,1.390000,1.410000,1.410000,32800
2016-11-17,1.430000,1.510000,1.430000,1.450000,1.450000,14100
2016-11-18,1.410000,1.500000,1.380000,1.490000,1.490000,43700
2016-11-21,1.470000,1.500000,1.390000,1.440000,1.440000,17600
2016-11-22,1.450000,1.460000,1.420000,1.420000,1.420000,15400
2016-11-23,1.450000,1.450000,1.420000,1.420000,1.420000,4200
2016-11-25,1.410000,1.440000,1.360000,1.420000,1.420000,10300
2016-11-28,1.410000,1.450000,1.410000,1.410000,1.410000,14000
2016-11-29,1.430000,1.450000,1.370000,1.430000,1.430000,119300
2016-11-30,1.410000,1.490000,1.200000,1.460000,1.460000,3516400
2016-12-01,1.450000,1.480000,1.450000,1.460000,1.460000,30300
2016-12-02,1.470000,1.480000,1.470000,1.470000,1.470000,6000
2016-12-05,1.470000,1.470000,1.440000,1.440000,1.440000,82400
2016-12-06,1.460000,1.470000,1.440000,1.450000,1.450000,69300
2016-12-07,1.450000,1.500000,1.440000,1.480000,1.480000,116000
2016-12-08,1.490000,1.520000,1.480000,1.520000,1.520000,92900
2016-12-09,1.520000,1.550000,1.520000,1.540000,1.540000,106900
2016-12-12,1.540000,1.540000,1.470000,1.500000,1.500000,109300
2016-12-13,1.500000,1.500000,1.430000,1.440000,1.440000,24100
2016-12-14,1.460000,1.460000,1.350000,1.370000,1.370000,34300
2016-12-15,1.370000,1.440000,1.370000,1.420000,1.420000,22900
2016-12-16,1.500000,1.510000,1.420000,1.430000,1.430000,91000
2016-12-19,1.450000,1.460000,1.390000,1.400000,1.400000,72500
2016-12-20,1.410000,1.450000,1.410000,1.450000,1.450000,48100
2016-12-21,1.460000,1.500000,1.450000,1.490000,1.490000,53300
2016-12-22,1.500000,1.530000,1.440000,1.450000,1.450000,43200
2016-12-23,1.450000,1.470000,1.430000,1.470000,1.470000,27700
2016-12-27,1.460000,1.550000,1.460000,1.520000,1.520000,32400
2016-12-28,1.540000,1.540000,1.490000,1.500000,1.500000,55100
2016-12-29,1.490000,1.540000,1.440000,1.440000,1.440000,20000
2016-12-30,1.480000,1.480000,1.330000,1.360000,1.360000,792000
2017-01-03,1.420000,1.440000,1.360000,1.420000,1.420000,37500
2017-01-04,1.430000,1.500000,1.430000,1.470000,1.470000,75800
2017-01-05,1.450000,1.470000,1.440000,1.460000,1.460000,17200
2017-01-06,1.470000,1.480000,1.440000,1.440000,1.440000,7900
2017-01-09,1.430000,1.460000,1.400000,1.400000,1.400000,34700
2017-01-10,1.380000,1.420000,1.380000,1.380000,1.380000,5400
2017-01-11,1.350000,1.390000,1.310000,1.330000,1.330000,137000
2017-01-12,1.380000,1.380000,1.330000,1.340000,1.340000,16400
2017-01-13,1.340000,1.340000,1.290000,1.300000,1.300000,61900
2017-01-17,1.290000,1.320000,1.290000,1.300000,1.300000,20500
2017-01-18,1.300000,1.320000,1.270000,1.300000,1.300000,36800
2017-01-19,1.290000,1.320000,1.290000,1.300000,1.300000,26300
2017-01-20,1.300000,1.330000,1.290000,1.300000,1.300000,37100
2017-01-23,1.290000,1.300000,1.280000,1.280000,1.280000,7900
2017-01-24,1.300000,1.330000,1.280000,1.290000,1.290000,18800
2017-01-25,1.290000,1.350000,1.290000,1.320000,1.320000,14200
2017-01-26,1.350000,1.350000,1.270000,1.320000,1.320000,24400
2017-01-27,1.320000,1.330000,1.300000,1.320000,1.320000,6400
2017-01-30,1.300000,1.300000,1.290000,1.290000,1.290000,9000
2017-01-31,1.280000,1.320000,1.280000,1.290000,1.290000,13100
2017-02-01,1.290000,1.320000,1.290000,1.310000,1.310000,8100
2017-02-02,1.320000,1.320000,1.300000,1.300000,1.300000,5400
2017-02-03,1.320000,1.330000,1.300000,1.320000,1.320000,4800
2017-02-06,1.330000,1.330000,1.290000,1.300000,1.300000,29400
2017-02-07,1.300000,1.310000,1.280000,1.300000,1.300000,18800
2017-02-08,1.300000,1.300000,1.280000,1.280000,1.280000,7300
2017-02-09,1.280000,1.300000,1.280000,1.290000,1.290000,18200
2017-02-10,1.300000,1.300000,1.200000,1.230000,1.230000,104200
2017-02-13,1.220000,1.250000,1.220000,1.230000,1.230000,61500
2017-02-14,1.230000,1.270000,1.220000,1.250000,1.250000,36200
2017-02-15,1.250000,1.270000,1.230000,1.250000,1.250000,30800
2017-02-16,1.250000,1.270000,1.220000,1.220000,1.220000,15100
2017-02-17,1.240000,1.240000,1.200000,1.220000,1.220000,63000
2017-02-21,1.200000,1.240000,1.200000,1.220000,1.220000,21400
2017-02-22,1.210000,1.230000,1.180000,1.200000,1.200000,26100
2017-02-23,1.210000,1.210000,1.030000,1.100000,1.100000,137100
2017-02-24,1.100000,1.100000,1.050000,1.090000,1.090000,67400
2017-02-27,1.080000,1.130000,1.060000,1.070000,1.070000,115800
2017-02-28,1.080000,1.090000,1.050000,1.070000,1.070000,101600
2017-03-01,1.090000,1.090000,1.030000,1.040000,1.040000,130400
2017-03-02,1.080000,1.130000,1.020000,1.040000,1.040000,118500
2017-03-03,1.100000,1.100000,1.000000,1.020000,1.020000,157400
2017-03-06,1.000000,1.050000,1.000000,1.030000,1.030000,23300
2017-03-07,1.040000,1.060000,1.000000,1.050000,1.050000,50500
2017-03-08,1.060000,1.060000,1.030000,1.040000,1.040000,36700
2017-03-09,1.020000,1.050000,1.000000,1.000000,1.000000,81200
2017-03-10,1.030000,1.100000,1.020000,1.040000,1.040000,67400
2017-03-13,1.040000,1.100000,1.020000,1.100000,1.100000,29300
2017-03-14,1.090000,1.120000,1.080000,1.100000,1.100000,91600
2017-03-15,1.090000,1.100000,1.070000,1.070000,1.070000,100200
2017-03-16,1.070000,1.110000,1.070000,1.090000,1.090000,50900
2017-03-17,1.100000,1.120000,1.090000,1.090000,1.090000,61100
2017-03-20,1.090000,1.120000,1.080000,1.100000,1.100000,41400
2017-03-21,1.100000,1.140000,1.090000,1.100000,1.100000,50700
2017-03-22,1.090000,1.140000,1.090000,1.120000,1.120000,21400
2017-03-23,1.130000,1.150000,1.130000,1.130000,1.130000,68500
2017-03-24,1.140000,1.170000,1.140000,1.160000,1.160000,22200
2017-03-27,1.180000,1.220000,1.150000,1.200000,1.200000,60400
2017-03-28,1.210000,1.290000,1.200000,1.250000,1.250000,248500
2017-03-29,1.270000,1.350000,1.270000,1.310000,1.310000,97100
2017-03-30,1.310000,1.330000,1.260000,1.280000,1.280000,46200
2017-03-31,1.280000,1.320000,1.260000,1.260000,1.260000,40800
2017-04-03,1.320000,1.350000,1.260000,1.260000,1.260000,35100
2017-04-04,1.270000,1.280000,1.260000,1.260000,1.260000,8300
2017-04-05,1.280000,1.290000,1.050000,1.220000,1.220000,38700
2017-04-06,1.210000,1.320000,1.210000,1.270000,1.270000,50100
2017-04-07,1.250000,1.300000,1.250000,1.260000,1.260000,16600
2017-04-10,1.270000,1.270000,1.240000,1.240000,1.240000,12300
2017-04-11,1.290000,1.300000,1.220000,1.270000,1.270000,31900
2017-04-12,1.250000,1.290000,1.250000,1.280000,1.280000,7300
2017-04-13,1.280000,1.300000,1.250000,1.300000,1.300000,13500
2017-04-17,1.300000,1.310000,1.260000,1.280000,1.280000,14200
2017-04-18,1.280000,1.300000,1.270000,1.270000,1.270000,11300
2017-04-19,1.270000,1.290000,1.230000,1.240000,1.240000,15700
2017-04-20,1.270000,1.300000,1.240000,1.240000,1.240000,11300
2017-04-21,1.250000,1.300000,1.250000,1.280000,1.280000,8100
2017-04-24,1.310000,1.320000,1.270000,1.300000,1.300000,25800
2017-04-25,1.330000,1.330000,1.300000,1.310000,1.310000,9800
2017-04-26,1.300000,1.370000,1.300000,1.350000,1.350000,9300
2017-04-27,1.350000,1.420000,1.350000,1.410000,1.410000,84400
2017-04-28,1.420000,1.470000,1.320000,1.410000,1.410000,68000
2017-05-01,1.390000,1.400000,1.380000,1.380000,1.380000,15600
2017-05-02,1.360000,1.390000,1.360000,1.370000,1.370000,11200
2017-05-03,1.350000,1.400000,1.350000,1.380000,1.380000,56100
2017-05-04,1.400000,1.470000,1.360000,1.460000,1.460000,153500
2017-05-05,1.470000,1.540000,1.460000,1.520000,1.520000,161700
2017-05-08,1.530000,1.550000,1.530000,1.550000,1.550000,33500
2017-05-09,1.540000,1.540000,1.480000,1.510000,1.510000,40200
2017-05-10,1.490000,1.520000,1.440000,1.510000,1.510000,41400
2017-05-11,1.520000,1.520000,1.500000,1.500000,1.500000,19100
2017-05-12,1.500000,1.500000,1.480000,1.480000,1.480000,27800
2017-05-15,1.490000,1.500000,1.460000,1.500000,1.500000,21700
2017-05-16,1.500000,1.500000,1.450000,1.480000,1.480000,16400
2017-05-17,1.460000,1.490000,1.440000,1.440000,1.440000,14600
2017-05-18,1.470000,1.470000,1.430000,1.460000,1.460000,5700
2017-05-19,1.340000,1.490000,1.330000,1.420000,1.420000,13100
2017-05-22,1.420000,1.420000,1.400000,1.420000,1.420000,13500
2017-05-23,1.410000,1.440000,1.400000,1.440000,1.440000,28900
2017-05-24,1.440000,1.440000,1.340000,1.400000,1.400000,31800
2017-05-25,1.410000,1.430000,1.390000,1.430000,1.430000,11900
2017-05-26,1.410000,1.420000,1.380000,1.390000,1.390000,19300
2017-05-30,1.380000,1.400000,1.370000,1.400000,1.400000,61100
2017-05-31,1.410000,1.440000,1.390000,1.430000,1.430000,11300
2017-06-01,1.450000,1.450000,1.360000,1.390000,1.390000,51100
2017-06-02,1.390000,1.410000,1.390000,1.400000,1.400000,9000
2017-06-05,1.420000,1.440000,1.400000,1.420000,1.420000,7100
2017-06-06,1.430000,1.430000,1.400000,1.420000,1.420000,14200
2017-06-07,1.340000,1.400000,1.300000,1.370000,1.370000,19800
2017-06-08,1.390000,1.400000,1.380000,1.400000,1.400000,8400
2017-06-09,1.400000,1.420000,1.400000,1.420000,1.420000,3300
2017-06-12,1.380000,1.420000,1.310000,1.320000,1.320000,30200
2017-06-13,1.330000,1.340000,1.320000,1.320000,1.320000,7800
2017-06-14,1.330000,1.390000,1.330000,1.370000,1.370000,52000
2017-06-15,1.340000,1.370000,1.340000,1.350000,1.350000,7200
2017-06-16,1.350000,1.350000,1.300000,1.340000,1.340000,33900
2017-06-19,1.350000,1.370000,1.340000,1.350000,1.350000,229500
2017-06-20,1.340000,1.360000,1.340000,1.340000,1.340000,10600
2017-06-21,1.360000,1.360000,1.340000,1.350000,1.350000,21500
2017-06-22,1.340000,1.350000,1.320000,1.330000,1.330000,26200
2017-06-23,1.350000,1.350000,1.330000,1.340000,1.340000,24700
2017-06-26,1.380000,1.380000,1.350000,1.350000,1.350000,3900
2017-06-27,1.340000,1.370000,1.340000,1.360000,1.360000,22100
2017-06-28,1.350000,1.350000,1.270000,1.300000,1.300000,46000
2017-06-29,1.310000,1.340000,1.300000,1.310000,1.310000,27600
2017-06-30,1.320000,1.350000,1.310000,1.340000,1.340000,17900
2017-07-03,1.340000,1.360000,1.340000,1.350000,1.350000,4800
2017-07-05,1.350000,1.360000,1.320000,1.330000,1.330000,12200
2017-07-06,1.340000,1.340000,1.310000,1.320000,1.320000,11100
2017-07-07,1.340000,1.360000,1.340000,1.340000,1.340000,9500
2017-07-10,1.340000,1.360000,1.320000,1.320000,1.320000,12500
2017-07-11,1.320000,1.350000,1.320000,1.340000,1.340000,10900
2017-07-12,1.350000,1.350000,1.260000,1.330000,1.330000,21300
2017-07-13,1.340000,1.360000,1.340000,1.340000,1.340000,19200
2017-07-14,1.350000,1.370000,1.340000,1.340000,1.340000,12100
2017-07-17,1.350000,1.380000,1.340000,1.360000,1.360000,3100
2017-07-18,1.350000,1.360000,1.340000,1.340000,1.340000,7100
2017-07-19,1.350000,1.430000,1.340000,1.430000,1.430000,25700
2017-07-20,1.420000,1.420000,1.360000,1.390000,1.390000,31600
2017-07-21,1.380000,1.410000,1.370000,1.390000,1.390000,6800
2017-07-24,1.380000,1.400000,1.290000,1.350000,1.350000,31800
2017-07-25,1.360000,1.400000,1.330000,1.330000,1.330000,16600
2017-07-26,1.360000,1.390000,1.320000,1.390000,1.390000,8000
2017-07-27,1.370000,1.370000,1.340000,1.370000,1.370000,6000
2017-07-28,1.330000,1.340000,1.320000,1.330000,1.330000,6700
2017-07-31,1.320000,1.340000,1.320000,1.330000,1.330000,10500
2017-08-01,1.330000,1.360000,1.330000,1.360000,1.360000,28500
2017-08-02,1.360000,1.370000,1.310000,1.350000,1.350000,37900
2017-08-03,1.390000,1.450000,1.340000,1.350000,1.350000,87800
2017-08-04,1.360000,1.390000,1.350000,1.360000,1.360000,79800
2017-08-07,1.360000,1.420000,1.350000,1.420000,1.420000,102600
2017-08-08,1.440000,1.440000,1.410000,1.440000,1.440000,135800
2017-08-09,1.470000,1.470000,1.440000,1.450000,1.450000,24200
2017-08-10,1.460000,1.460000,1.440000,1.450000,1.450000,15600
2017-08-11,1.450000,1.460000,1.450000,1.460000,1.460000,34800
2017-08-14,1.460000,1.500000,1.460000,1.470000,1.470000,53500
2017-08-15,1.460000,1.500000,1.460000,1.480000,1.480000,57800
2017-08-16,1.500000,1.500000,1.490000,1.490000,1.490000,19900
2017-08-17,1.490000,1.490000,1.480000,1.480000,1.480000,11000
2017-08-18,1.470000,1.480000,1.470000,1.480000,1.480000,4900
2017-08-21,1.480000,1.480000,1.470000,1.470000,1.470000,10600
2017-08-22,1.470000,1.480000,1.470000,1.480000,1.480000,7300
2017-08-23,1.480000,1.480000,1.480000,1.480000,1.480000,3600
2017-08-24,1.460000,1.480000,1.460000,1.460000,1.460000,10200
2017-08-25,1.470000,1.530000,1.470000,1.530000,1.530000,26700
2017-08-28,1.530000,1.560000,1.500000,1.540000,1.540000,25900
2017-08-29,1.490000,1.540000,1.490000,1.530000,1.530000,18700
2017-08-30,1.540000,1.540000,1.530000,1.530000,1.530000,6700
2017-08-31,1.540000,1.540000,1.470000,1.470000,1.470000,28600
2017-09-01,1.500000,1.500000,1.380000,1.380000,1.380000,179200
2017-09-05,1.380000,1.400000,1.380000,1.400000,1.400000,184800
2017-09-06,1.390000,1.400000,1.350000,1.370000,1.370000,76700
2017-09-07,1.380000,1.440000,1.360000,1.440000,1.440000,305600
2017-09-08,1.450000,1.490000,1.430000,1.470000,1.470000,16400
2017-09-11,1.480000,1.480000,1.440000,1.480000,1.480000,27500
2017-09-12,1.480000,1.480000,1.460000,1.470000,1.470000,13800
2017-09-13,1.470000,1.480000,1.360000,1.450000,1.450000,49800
2017-09-14,1.440000,1.470000,1.440000,1.450000,1.450000,35400
2017-09-15,1.440000,1.460000,1.380000,1.380000,1.380000,52300
2017-09-18,1.380000,1.410000,1.380000,1.410000,1.410000,13200
2017-09-19,1.410000,1.430000,1.360000,1.390000,1.390000,23400
2017-09-20,1.380000,1.400000,1.360000,1.360000,1.360000,9400
2017-09-21,1.380000,1.410000,1.360000,1.390000,1.390000,26500
2017-09-22,1.370000,1.410000,1.360000,1.400000,1.400000,12600
2017-09-25,1.400000,1.440000,1.400000,1.430000,1.430000,29000
2017-09-26,1.430000,1.460000,1.430000,1.450000,1.450000,10100
2017-09-27,1.450000,1.480000,1.450000,1.460000,1.460000,17900
2017-09-28,1.470000,1.480000,1.450000,1.460000,1.460000,18500
2017-09-29,1.450000,1.480000,1.450000,1.460000,1.460000,23000
2017-10-02,1.460000,1.500000,1.460000,1.490000,1.490000,21700
2017-10-03,1.500000,1.520000,1.500000,1.510000,1.510000,17800
2017-10-04,1.510000,1.530000,1.510000,1.510000,1.510000,23100
2017-10-05,1.510000,1.510000,1.450000,1.500000,1.500000,10900
2017-10-06,1.500000,1.510000,1.490000,1.510000,1.510000,16700
2017-10-09,1.520000,1.530000,1.520000,1.520000,1.520000,8900
2017-10-10,1.530000,1.630000,1.530000,1.630000,1.630000,502600
2017-10-11,1.670000,1.700000,1.640000,1.660000,1.660000,158400
2017-10-12,1.650000,1.740000,1.640000,1.700000,1.700000,32800
2017-10-13,1.710000,1.730000,1.620000,1.700000,1.700000,37900
2017-10-16,1.700000,1.710000,1.670000,1.670000,1.670000,104700
2017-10-17,1.650000,1.660000,1.560000,1.560000,1.560000,51100
2017-10-18,1.560000,1.560000,1.510000,1.540000,1.540000,34100
2017-10-19,1.510000,1.530000,1.500000,1.510000,1.510000,32400
2017-10-20,1.570000,1.650000,1.520000,1.520000,1.520000,30800
2017-10-23,1.520000,1.540000,1.470000,1.510000,1.510000,52000
2017-10-24,1.500000,1.540000,1.490000,1.510000,1.510000,81200
2017-10-25,1.540000,1.540000,1.490000,1.540000,1.540000,30500
2017-10-26,1.570000,1.580000,1.520000,1.520000,1.520000,49000
2017-10-27,1.540000,1.540000,1.500000,1.520000,1.520000,23700
2017-10-30,1.520000,1.520000,1.500000,1.510000,1.510000,10200
2017-10-31,1.500000,1.510000,1.490000,1.510000,1.510000,24300
2017-11-01,1.510000,1.510000,1.490000,1.500000,1.500000,9900
2017-11-02,1.500000,1.520000,1.420000,1.440000,1.440000,92000
2017-11-03,1.440000,1.500000,1.440000,1.500000,1.500000,36500
2017-11-06,1.490000,1.510000,1.450000,1.500000,1.500000,61500
2017-11-07,1.500000,1.500000,1.480000,1.480000,1.480000,19400
2017-11-08,1.490000,1.500000,1.470000,1.490000,1.490000,30000
2017-11-09,1.490000,1.490000,1.470000,1.480000,1.480000,13500
2017-11-10,1.470000,1.480000,1.440000,1.440000,1.440000,19400
2017-11-13,1.430000,1.480000,1.350000,1.430000,1.430000,40600
2017-11-14,1.430000,1.440000,1.420000,1.440000,1.440000,19200
2017-11-15,1.430000,1.450000,1.420000,1.430000,1.430000,15900
2017-11-16,1.440000,1.460000,1.430000,1.430000,1.430000,8600
2017-11-17,1.430000,1.450000,1.420000,1.430000,1.430000,10000
2017-11-20,1.430000,1.440000,1.430000,1.430000,1.430000,6000
2017-11-21,1.440000,1.460000,1.410000,1.410000,1.410000,67000
2017-11-22,1.420000,1.430000,1.400000,1.420000,1.420000,18700
2017-11-24,1.410000,1.420000,1.400000,1.420000,1.420000,16100
2017-11-27,1.430000,1.440000,1.400000,1.400000,1.400000,19500
2017-11-28,1.430000,1.430000,1.390000,1.390000,1.390000,25200
2017-11-29,1.390000,1.410000,1.370000,1.370000,1.370000,16800
2017-11-30,1.380000,1.380000,1.340000,1.350000,1.350000,156700
2017-12-01,1.350000,1.380000,1.330000,1.340000,1.340000,60500
2017-12-04,1.350000,1.350000,1.330000,1.330000,1.330000,23000
2017-12-05,1.340000,1.360000,1.330000,1.350000,1.350000,13800
2017-12-06,1.350000,1.350000,1.310000,1.330000,1.330000,30600
2017-12-07,1.330000,1.340000,1.300000,1.320000,1.320000,385400
2017-12-08,1.320000,1.370000,1.310000,1.320000,1.320000,170200
2017-12-11,1.330000,1.330000,1.290000,1.300000,1.300000,292400
2017-12-12,1.300000,1.320000,1.290000,1.300000,1.300000,262400
2017-12-13,1.310000,1.340000,1.310000,1.320000,1.320000,53800
2017-12-14,1.320000,1.350000,1.290000,1.340000,1.340000,54500
2017-12-15,1.320000,1.390000,1.300000,1.360000,1.360000,137700
2017-12-18,1.760000,1.950000,1.710000,1.920000,1.920000,1154500
2017-12-19,1.920000,1.970000,1.900000,1.940000,1.940000,192300
2017-12-20,1.960000,1.980000,1.900000,1.910000,1.910000,73200
2017-12-21,1.950000,2.040000,1.910000,2.020000,2.020000,70000
2017-12-22,2.020000,2.170000,2.000000,2.170000,2.170000,156500
2017-12-26,2.170000,2.400000,2.140000,2.360000,2.360000,147600
2017-12-27,2.370000,2.390000,2.360000,2.390000,2.390000,75800
2017-12-28,2.370000,2.400000,2.210000,2.270000,2.270000,90700
2017-12-29,2.240000,2.290000,2.130000,2.250000,2.250000,47100
2018-01-02,2.260000,2.270000,2.110000,2.180000,2.180000,26000
2018-01-03,2.190000,2.250000,2.150000,2.200000,2.200000,27600
2018-01-04,2.190000,2.240000,2.150000,2.170000,2.170000,7100
2018-01-05,2.150000,2.230000,2.060000,2.140000,2.140000,22200
2018-01-08,2.140000,2.190000,2.090000,2.170000,2.170000,5600
2018-01-09,2.150000,2.150000,2.090000,2.110000,2.110000,6500
2018-01-10,2.120000,2.150000,2.070000,2.120000,2.120000,9800
2018-01-11,2.140000,2.170000,2.080000,2.130000,2.130000,79800
2018-01-12,2.170000,2.170000,2.090000,2.140000,2.140000,18300
2018-01-16,2.130000,2.160000,2.080000,2.130000,2.130000,8300
2018-01-17,2.150000,2.170000,2.100000,2.160000,2.160000,61800
2018-01-18,2.170000,2.250000,2.170000,2.240000,2.240000,47300
2018-01-19,2.290000,2.440000,2.190000,2.380000,2.380000,100800
2018-01-22,2.410000,2.410000,2.270000,2.310000,2.310000,52100
2018-01-23,2.330000,2.360000,2.200000,2.270000,2.270000,52800
2018-01-24,2.320000,2.410000,2.250000,2.350000,2.350000,67400
2018-01-25,2.330000,2.410000,2.210000,2.240000,2.240000,55000
2018-01-26,2.260000,2.290000,2.200000,2.240000,2.240000,38100
2018-01-29,2.230000,2.280000,2.160000,2.180000,2.180000,107900
2018-01-30,2.160000,2.200000,2.100000,2.150000,2.150000,155000
2018-01-31,2.140000,2.250000,2.120000,2.130000,2.130000,14500
2018-02-01,2.110000,2.230000,2.050000,2.110000,2.110000,68500
2018-02-02,2.110000,2.250000,2.000000,2.110000,2.110000,30100
2018-02-05,2.090000,2.230000,2.010000,2.110000,2.110000,25400
2018-02-06,2.060000,2.100000,1.910000,2.080000,2.080000,123500
2018-02-07,2.090000,2.230000,2.090000,2.100000,2.100000,6500
2018-02-08,2.100000,2.140000,2.040000,2.040000,2.040000,8300
2018-02-09,2.100000,2.250000,2.020000,2.180000,2.180000,24600
2018-02-12,2.190000,2.240000,2.060000,2.110000,2.110000,8700
2018-02-13,2.130000,2.200000,2.100000,2.200000,2.200000,2300
2018-02-14,2.160000,2.160000,1.920000,2.090000,2.090000,37900
2018-02-15,2.130000,2.210000,2.040000,2.100000,2.100000,11500
2018-02-16,2.080000,2.150000,2.000000,2.050000,2.050000,80000
2018-02-20,2.020000,2.130000,2.020000,2.050000,2.050000,22700
2018-02-21,2.020000,2.070000,1.990000,2.020000,2.020000,10200
2018-02-22,2.010000,2.040000,1.990000,2.010000,2.010000,7900
2018-02-23,2.020000,2.080000,1.940000,1.940000,1.940000,19000
2018-02-26,1.920000,2.000000,1.910000,1.970000,1.970000,34100
2018-02-27,1.980000,2.000000,1.940000,1.980000,1.980000,16600
2018-02-28,1.980000,1.990000,1.910000,1.960000,1.960000,33100
2018-03-01,2.080000,2.080000,1.880000,1.960000,1.960000,33300
2018-03-02,1.990000,1.990000,1.910000,1.980000,1.980000,19600
2018-03-05,1.960000,2.000000,1.810000,1.970000,1.970000,69200
2018-03-06,1.850000,2.070000,1.850000,2.020000,2.020000,91800
2018-03-07,2.060000,2.070000,1.990000,1.990000,1.990000,19200
2018-03-08,2.010000,2.140000,2.010000,2.140000,2.140000,17400
2018-03-09,2.130000,2.130000,1.920000,1.960000,1.960000,26100
2018-03-12,1.970000,2.000000,1.920000,1.950000,1.950000,18200
2018-03-13,2.030000,2.030000,1.950000,1.970000,1.970000,6300
2018-03-14,1.980000,2.030000,1.970000,1.980000,1.980000,70300
2018-03-15,1.990000,2.000000,1.960000,1.970000,1.970000,85200
2018-03-16,1.990000,2.000000,1.990000,1.990000,1.990000,20200
2018-03-19,1.990000,2.000000,1.970000,2.000000,2.000000,38800
2018-03-20,2.000000,2.120000,1.920000,1.990000,1.990000,136900
2018-03-21,2.000000,2.100000,1.940000,1.960000,1.960000,11700
2018-03-22,1.960000,1.990000,1.950000,1.990000,1.990000,139000
2018-03-23,1.980000,1.990000,1.930000,1.970000,1.970000,106700
2018-03-26,1.980000,2.000000,1.950000,2.000000,2.000000,246400
2018-03-27,2.000000,2.010000,1.950000,1.980000,1.980000,7600
2018-03-28,1.970000,2.020000,1.950000,1.950000,1.950000,5200
2018-03-29,1.960000,1.990000,1.940000,1.940000,1.940000,5600
2018-04-02,1.940000,1.940000,1.830000,1.930000,1.930000,24100
2018-04-03,1.850000,1.940000,1.850000,1.920000,1.920000,25800
2018-04-04,1.900000,1.900000,1.830000,1.880000,1.880000,32700
2018-04-05,1.890000,1.900000,1.850000,1.900000,1.900000,25700
2018-04-06,1.880000,1.920000,1.870000,1.890000,1.890000,62800
2018-04-09,1.900000,1.910000,1.870000,1.900000,1.900000,83000
2018-04-10,1.910000,1.930000,1.810000,1.930000,1.930000,24600
2018-04-11,1.910000,1.940000,1.820000,1.880000,1.880000,44700
2018-04-12,1.860000,1.940000,1.860000,1.920000,1.920000,52200
2018-04-13,1.950000,1.980000,1.920000,1.950000,1.950000,15000
2018-04-16,1.930000,1.950000,1.850000,1.870000,1.870000,12400
2018-04-17,1.880000,1.920000,1.840000,1.890000,1.890000,5700
2018-04-18,1.890000,1.940000,1.860000,1.930000,1.930000,29100
2018-04-19,1.940000,1.940000,1.870000,1.870000,1.870000,2000
2018-04-20,1.860000,1.880000,1.820000,1.850000,1.850000,3800
2018-04-23,1.860000,1.890000,1.860000,1.890000,1.890000,1400
2018-04-24,1.880000,1.880000,1.840000,1.840000,1.840000,3400
2018-04-25,1.850000,1.860000,1.820000,1.820000,1.820000,2900
2018-04-26,1.860000,1.880000,1.820000,1.870000,1.870000,13100
2018-04-27,1.890000,1.890000,1.820000,1.880000,1.880000,30400
2018-04-30,1.870000,1.900000,1.820000,1.880000,1.880000,35700
2018-05-01,1.870000,1.900000,1.820000,1.900000,1.900000,2500
2018-05-02,1.880000,1.880000,1.820000,1.820000,1.820000,5100
2018-05-03,1.820000,1.990000,1.820000,1.830000,1.830000,85800
2018-05-04,1.860000,1.970000,1.840000,1.940000,1.940000,12400
2018-05-07,1.970000,1.980000,1.890000,1.940000,1.940000,2800
2018-05-08,1.970000,2.000000,1.920000,1.930000,1.930000,35600
2018-05-09,1.930000,1.930000,1.740000,1.770000,1.770000,58700
2018-05-10,1.780000,1.800000,1.760000,1.780000,1.780000,14200
2018-05-11,1.770000,1.810000,1.740000,1.800000,1.800000,8100
2018-05-14,1.800000,1.830000,1.790000,1.800000,1.800000,27900
2018-05-15,1.780000,1.830000,1.780000,1.790000,1.790000,17100
2018-05-16,1.820000,1.820000,1.710000,1.720000,1.720000,74500
2018-05-17,1.690000,1.740000,1.660000,1.720000,1.720000,21500
2018-05-18,1.710000,1.770000,1.700000,1.770000,1.770000,9200
2018-05-21,1.750000,1.790000,1.700000,1.750000,1.750000,21000
2018-05-22,1.730000,1.730000,1.650000,1.700000,1.700000,127900
2018-05-23,1.650000,1.680000,1.650000,1.680000,1.680000,12500
2018-05-24,1.670000,1.670000,1.620000,1.650000,1.650000,25500
2018-05-25,1.640000,1.640000,1.600000,1.610000,1.610000,16000
2018-05-29,1.620000,1.630000,1.610000,1.620000,1.620000,22500
2018-05-30,1.620000,1.680000,1.620000,1.620000,1.620000,59300
2018-05-31,1.620000,1.630000,1.570000,1.630000,1.630000,42400
2018-06-01,1.630000,1.680000,1.620000,1.680000,1.680000,27800
2018-06-04,1.680000,1.750000,1.680000,1.710000,1.710000,11700
2018-06-05,1.710000,1.780000,1.710000,1.760000,1.760000,45300
2018-06-06,1.760000,1.830000,1.740000,1.760000,1.760000,110600
2018-06-07,1.740000,1.760000,1.730000,1.740000,1.740000,23200
2018-06-08,1.730000,1.740000,1.650000,1.650000,1.650000,7200
2018-06-11,1.680000,1.740000,1.610000,1.630000,1.630000,17600
2018-06-12,1.620000,1.630000,1.560000,1.610000,1.610000,56600
2018-06-13,1.640000,1.640000,1.560000,1.560000,1.560000,40100
2018-06-14,1.590000,1.600000,1.560000,1.560000,1.560000,47200
2018-06-15,1.570000,1.630000,1.550000,1.600000,1.600000,34500
2018-06-18,1.610000,1.640000,1.550000,1.590000,1.590000,47600
2018-06-19,1.590000,1.590000,1.550000,1.550000,1.550000,33200
2018-06-20,1.570000,1.580000,1.550000,1.570000,1.570000,68200
2018-06-21,1.570000,1.600000,1.530000,1.550000,1.550000,39400
2018-06-22,1.560000,1.570000,1.530000,1.550000,1.550000,39600
2018-06-25,1.540000,1.570000,1.530000,1.560000,1.560000,49100
2018-06-26,1.550000,1.570000,1.530000,1.550000,1.550000,21000
2018-06-27,1.540000,1.560000,1.490000,1.520000,1.520000,511600
2018-06-28,1.550000,1.560000,1.520000,1.540000,1.540000,6200
2018-06-29,1.570000,1.640000,1.540000,1.620000,1.620000,170600
