Date,Open,High,Low,Close,Adj Close,Volume
2013-01-02,34.509998,34.509998,32.320000,33.290001,33.290001,242700
2013-01-03,33.340000,33.990002,33.099998,33.400002,33.400002,85400
2013-01-04,33.610001,33.610001,32.799999,33.369999,33.369999,89600
2013-01-07,33.110001,33.290001,32.500000,33.189999,33.189999,63900
2013-01-08,33.240002,33.240002,32.290001,32.610001,32.610001,91300
2013-01-09,32.610001,32.980000,32.380001,32.549999,32.549999,60100
2013-01-10,32.639999,32.639999,31.870001,32.110001,32.110001,112500
2013-01-11,32.180000,33.410000,32.150002,33.240002,33.240002,83900
2013-01-14,33.139999,33.150002,31.950001,32.209999,32.209999,85400
2013-01-15,31.959999,32.410000,31.799999,32.180000,32.180000,73300
2013-01-16,32.189999,32.410000,31.920000,31.940001,31.940001,66900
2013-01-17,32.150002,32.369999,31.910000,32.090000,32.090000,63800
2013-01-18,32.000000,32.860001,32.000000,32.459999,32.459999,45600
2013-01-22,31.549999,32.520000,31.549999,32.459999,32.459999,90300
2013-01-23,32.529999,32.820000,32.369999,32.480000,32.480000,85400
2013-01-24,32.520000,33.240002,32.349998,33.169998,33.169998,130600
2013-01-25,33.230000,33.279999,32.919998,33.259998,33.259998,52800
2013-01-28,33.250000,33.750000,32.970001,33.590000,33.590000,71200
2013-01-29,33.630001,33.720001,33.200001,33.520000,33.520000,94300
2013-01-30,33.570000,34.689999,33.529999,33.730000,33.730000,132900
2013-01-31,33.750000,34.619999,33.580002,34.099998,34.099998,128700
2013-02-01,34.330002,34.360001,33.849998,33.980000,33.980000,71300
2013-02-04,33.590000,33.910000,32.689999,33.759998,33.759998,163700
2013-02-05,33.840000,33.939999,33.410000,33.790001,33.790001,49400
2013-02-06,33.650002,33.959999,33.520000,33.939999,33.939999,52200
2013-02-07,33.849998,33.950001,33.340000,33.709999,33.709999,43600
2013-02-08,33.799999,33.939999,32.700001,33.689999,33.689999,65900
2013-02-11,33.680000,34.119999,33.630001,34.009998,34.009998,29100
2013-02-12,34.040001,34.540001,33.860001,34.040001,34.040001,32900
2013-02-13,34.029999,34.980000,34.029999,34.950001,34.950001,62200
2013-02-14,34.990002,35.180000,34.650002,34.790001,34.790001,26500
2013-02-15,35.000000,35.000000,34.580002,34.740002,34.740002,75000
2013-02-19,34.779999,36.480000,34.700001,36.410000,36.410000,227600
2013-02-20,36.330002,37.000000,35.290001,35.450001,35.450001,82800
2013-02-21,36.209999,38.439999,36.209999,37.630001,37.630001,163900
2013-02-22,37.959999,38.180000,37.650002,38.180000,38.180000,108400
2013-02-25,38.230000,39.119999,38.139999,38.320000,38.320000,183400
2013-02-26,38.450001,38.680000,38.139999,38.400002,38.400002,135000
2013-02-27,38.310001,39.369999,38.139999,38.990002,38.990002,81000
2013-02-28,38.970001,39.750000,38.910000,39.189999,39.189999,100300
2013-03-01,38.849998,39.450001,37.200001,38.549999,38.549999,275500
2013-03-04,36.869999,38.090000,36.439999,37.919998,37.919998,403800
2013-03-05,38.209999,38.500000,37.560001,38.000000,38.000000,312500
2013-03-06,38.009998,38.610001,37.580002,38.060001,38.060001,86700
2013-03-07,37.980000,38.169998,37.669998,38.000000,38.000000,129200
2013-03-08,38.119999,38.560001,37.799999,38.430000,38.430000,245700
2013-03-11,38.240002,38.950001,37.849998,37.959999,37.959999,85100
2013-03-12,37.849998,38.410000,37.570000,38.380001,38.380001,73000
2013-03-13,38.290001,38.680000,38.160000,38.430000,38.430000,61200
2013-03-14,38.500000,38.869999,38.200001,38.610001,38.610001,82900
2013-03-15,38.540001,39.150002,38.419998,38.779999,38.779999,101500
2013-03-18,38.419998,39.259998,38.389999,38.750000,38.750000,59700
2013-03-19,38.880001,39.389999,38.220001,38.950001,38.950001,82800
2013-03-20,39.029999,39.360001,38.900002,39.310001,39.310001,39200
2013-03-21,39.020000,39.279999,38.849998,38.970001,38.970001,62400
2013-03-22,39.139999,39.560001,38.900002,39.439999,39.439999,59000
2013-03-25,39.450001,39.900002,39.189999,39.689999,39.689999,71300
2013-03-26,39.930000,40.000000,39.400002,39.950001,39.950001,163700
2013-03-27,39.630001,40.630001,39.430000,40.410000,40.410000,95900
2013-03-28,40.529999,41.009998,39.849998,40.320000,40.320000,105400
2013-04-01,40.349998,40.810001,40.119999,40.580002,40.580002,170000
2013-04-02,40.820000,41.200001,40.410000,40.889999,40.889999,97800
2013-04-03,41.029999,41.029999,39.480000,39.740002,39.740002,54900
2013-04-04,39.740002,40.279999,39.610001,39.980000,39.980000,95300
2013-04-05,39.410000,40.080002,39.410000,39.830002,39.830002,91000
2013-04-08,40.000000,40.000000,39.259998,39.680000,39.680000,39200
2013-04-09,39.840000,39.840000,39.320000,39.639999,39.639999,56500
2013-04-10,39.650002,42.020000,39.650002,41.660000,41.660000,126100
2013-04-11,41.500000,41.930000,40.630001,40.660000,40.660000,104900
2013-04-12,40.400002,40.770000,40.099998,40.279999,40.279999,99800
2013-04-15,40.130001,40.439999,38.529999,38.740002,38.740002,132100
2013-04-16,38.959999,40.980000,38.959999,40.959999,40.959999,169500
2013-04-17,40.639999,41.020000,39.610001,40.680000,40.680000,208700
2013-04-18,40.669998,41.459999,40.549999,41.000000,41.000000,219700
2013-04-19,41.040001,41.770000,40.880001,41.310001,41.310001,100600
2013-04-22,41.000000,41.320000,40.380001,40.790001,40.790001,66900
2013-04-23,41.029999,42.450001,41.009998,41.290001,41.290001,166800
2013-04-24,41.169998,41.930000,40.639999,41.180000,41.180000,134500
2013-04-25,41.240002,41.380001,39.070000,41.130001,41.130001,62600
2013-04-26,41.580002,43.470001,41.470001,41.560001,41.560001,139900
2013-04-29,41.799999,41.799999,40.540001,41.130001,41.130001,248200
2013-04-30,41.000000,41.939999,40.779999,41.779999,41.779999,194000
2013-05-01,41.580002,41.830002,40.419998,40.509998,40.509998,181100
2013-05-02,40.680000,41.470001,40.680000,40.930000,40.930000,75400
2013-05-03,41.380001,41.750000,41.029999,41.349998,41.349998,132400
2013-05-06,41.250000,41.590000,40.869999,41.009998,41.009998,87600
2013-05-07,40.990002,41.450001,40.990002,41.400002,41.400002,51200
2013-05-08,41.200001,41.599998,40.970001,41.330002,41.330002,99900
2013-05-09,41.520000,41.540001,41.049999,41.250000,41.250000,63600
2013-05-10,41.369999,42.119999,41.250000,42.009998,42.009998,54300
2013-05-13,41.830002,42.509998,41.700001,42.480000,42.480000,127900
2013-05-14,42.439999,43.119999,42.310001,43.049999,43.049999,121300
2013-05-15,43.029999,43.570000,42.770000,43.090000,43.090000,106300
2013-05-16,43.009998,43.380001,42.580002,43.070000,43.070000,138900
2013-05-17,43.299999,44.000000,43.150002,43.810001,43.810001,154300
2013-05-20,43.750000,44.009998,43.549999,43.840000,43.840000,62300
2013-05-21,43.740002,44.560001,43.400002,43.599998,43.599998,41200
2013-05-22,43.549999,44.400002,42.730000,42.970001,42.970001,69800
2013-05-23,42.669998,43.570000,42.669998,43.470001,43.470001,78500
2013-05-24,43.480000,43.520000,42.869999,43.439999,43.439999,50800
2013-05-28,43.840000,45.080002,43.610001,45.000000,45.000000,158200
2013-05-29,44.860001,44.980000,44.369999,44.709999,44.709999,94200
2013-05-30,44.709999,45.130001,44.430000,44.860001,44.860001,86900
2013-05-31,44.590000,45.360001,44.439999,44.709999,44.709999,79300
2013-06-03,44.650002,45.740002,44.500000,45.669998,45.669998,159800
2013-06-04,45.610001,46.119999,44.750000,45.310001,45.310001,95600
2013-06-05,45.480000,45.480000,44.400002,44.750000,44.750000,59500
2013-06-06,44.849998,45.250000,44.160000,44.299999,44.299999,65800
2013-06-07,44.669998,44.700001,44.049999,44.480000,44.480000,62700
2013-06-10,44.660000,44.660000,44.110001,44.490002,44.490002,79500
2013-06-11,43.959999,44.049999,43.689999,43.820000,43.820000,58100
2013-06-12,43.950001,43.950001,43.279999,43.480000,43.480000,47000
2013-06-13,43.369999,44.130001,43.049999,43.990002,43.990002,76400
2013-06-14,44.049999,44.139999,43.560001,44.080002,44.080002,147300
2013-06-17,44.480000,44.619999,43.150002,44.270000,44.270000,130600
2013-06-18,44.250000,44.500000,43.919998,44.299999,44.299999,132200
2013-06-19,44.380001,44.900002,44.139999,44.139999,44.139999,167900
2013-06-20,43.740002,44.529999,43.619999,43.759998,43.759998,67200
2013-06-21,44.169998,44.759998,44.169998,44.430000,44.430000,231300
2013-06-24,44.250000,44.930000,44.209999,44.279999,44.279999,133300
2013-06-25,44.630001,44.720001,43.849998,43.889999,43.889999,147700
2013-06-26,44.080002,44.599998,43.860001,44.139999,44.139999,215400
2013-06-27,44.029999,44.919998,44.029999,44.779999,44.779999,161300
2013-06-28,45.029999,46.480000,44.270000,46.240002,46.240002,1165000
2013-07-01,46.150002,46.200001,44.200001,44.849998,44.849998,279600
2013-07-02,44.900002,45.509998,44.330002,44.750000,44.750000,215400
2013-07-03,44.509998,45.110001,44.369999,45.000000,45.000000,63300
2013-07-05,45.700001,45.700001,44.700001,45.250000,45.250000,76000
2013-07-08,45.490002,45.810001,45.060001,45.650002,45.650002,139700
2013-07-09,45.799999,46.150002,45.590000,45.950001,45.950001,179400
2013-07-10,46.000000,46.349998,45.750000,46.139999,46.139999,66900
2013-07-11,46.459999,47.070000,46.189999,46.660000,46.660000,86200
2013-07-12,46.689999,47.139999,46.340000,46.470001,46.470001,51200
2013-07-15,46.369999,47.360001,46.169998,46.810001,46.810001,58800
2013-07-16,46.720001,47.139999,46.209999,46.520000,46.520000,56600
2013-07-17,46.590000,47.400002,45.889999,46.330002,46.330002,106200
2013-07-18,46.529999,47.040001,46.450001,46.910000,46.910000,53100
2013-07-19,46.939999,47.000000,46.650002,46.950001,46.950001,52400
2013-07-22,46.830002,47.240002,46.500000,47.169998,47.169998,65500
2013-07-23,47.700001,47.700001,46.610001,47.040001,47.040001,77800
2013-07-24,47.060001,47.250000,46.360001,46.650002,46.650002,120000
2013-07-25,47.150002,47.150002,46.439999,46.889999,46.889999,97100
2013-07-26,46.520000,47.980000,46.119999,47.919998,47.919998,110500
2013-07-29,47.700001,48.139999,46.470001,47.139999,47.139999,137900
2013-07-30,47.169998,47.480000,46.799999,46.980000,46.980000,66100
2013-07-31,50.000000,59.389999,47.000000,50.939999,50.939999,291100
2013-08-01,51.439999,53.529999,51.439999,53.139999,53.139999,132400
2013-08-02,52.779999,53.730000,52.549999,53.000000,53.000000,114300
2013-08-05,52.270000,52.990002,52.139999,52.360001,52.360001,104500
2013-08-06,52.259998,52.400002,51.770000,52.200001,52.200001,51300
2013-08-07,51.959999,52.040001,51.110001,51.230000,51.230000,60500
2013-08-08,51.299999,51.500000,50.599998,50.680000,50.680000,74000
2013-08-09,50.500000,51.619999,50.500000,51.290001,51.290001,47100
2013-08-12,51.220001,51.450001,51.180000,51.410000,51.410000,49000
2013-08-13,51.549999,52.160000,51.369999,51.860001,51.860001,30000
2013-08-14,51.709999,52.689999,51.540001,52.599998,52.599998,84700
2013-08-15,52.119999,52.349998,49.150002,49.349998,49.349998,69300
2013-08-16,49.029999,50.290001,48.740002,50.020000,50.020000,72400
2013-08-19,49.830002,50.470001,49.660000,50.290001,50.290001,46100
2013-08-20,50.270000,50.380001,49.770000,50.340000,50.340000,28500
2013-08-21,50.060001,50.070000,49.570000,49.910000,49.910000,65700
2013-08-22,50.099998,50.599998,49.709999,50.230000,50.230000,100400
2013-08-23,50.250000,50.990002,50.040001,50.700001,50.700001,90700
2013-08-26,50.650002,50.970001,49.720001,49.959999,49.959999,62600
2013-08-27,49.590000,50.680000,48.200001,48.250000,48.250000,79000
2013-08-28,48.119999,48.750000,47.799999,48.360001,48.360001,59400
2013-08-29,48.299999,49.599998,48.230000,49.259998,49.259998,31000
2013-08-30,49.080002,49.570000,47.419998,47.599998,47.599998,59400
2013-09-03,48.080002,49.209999,47.410000,48.490002,48.490002,90700
2013-09-04,48.520000,49.090000,47.889999,48.049999,48.049999,67400
2013-09-05,48.639999,48.799999,47.810001,48.110001,48.110001,42800
2013-09-06,47.980000,48.639999,47.250000,47.980000,47.980000,49800
2013-09-09,47.990002,49.049999,47.990002,48.919998,48.919998,50700
2013-09-10,48.990002,50.540001,48.610001,50.400002,50.400002,87500
2013-09-11,50.349998,50.660000,49.930000,50.430000,50.430000,111500
2013-09-12,50.189999,50.560001,49.700001,50.150002,50.150002,113200
2013-09-13,50.389999,50.389999,49.340000,50.150002,50.150002,75600
2013-09-16,50.630001,51.330002,50.349998,50.480000,50.480000,98800
2013-09-17,50.480000,51.570000,50.230000,50.750000,50.750000,86400
2013-09-18,50.619999,52.320000,50.619999,52.209999,52.209999,74200
2013-09-19,52.689999,52.820000,52.049999,52.540001,52.540001,38800
2013-09-20,52.490002,53.029999,51.599998,51.669998,51.669998,161300
2013-09-23,51.869999,52.730000,51.680000,52.279999,52.279999,105500
2013-09-24,52.369999,52.880001,51.509998,52.169998,52.169998,144800
2013-09-25,52.070000,52.290001,51.259998,51.369999,51.369999,92200
2013-09-26,51.990002,52.599998,51.459999,52.509998,52.509998,63400
2013-09-27,52.799999,53.340000,52.619999,52.980000,52.980000,97000
2013-09-30,52.349998,53.250000,51.410000,52.610001,52.610001,130000
2013-10-01,52.889999,53.299999,52.430000,53.290001,53.290001,101400
2013-10-02,53.000000,53.189999,52.750000,53.029999,53.029999,151800
2013-10-03,53.000000,53.119999,52.779999,52.959999,52.959999,221000
2013-10-04,53.029999,53.299999,53.009998,53.090000,53.090000,45400
2013-10-07,52.889999,53.119999,52.770000,52.860001,52.860001,149900
2013-10-08,52.889999,53.340000,52.610001,52.889999,52.889999,185100
2013-10-09,53.189999,53.560001,52.770000,53.340000,53.340000,146900
2013-10-10,54.080002,55.180000,53.810001,55.060001,55.060001,93100
2013-10-11,55.049999,55.990002,54.680000,55.810001,55.810001,180400
2013-10-14,55.660000,55.660000,54.570000,55.430000,55.430000,91300
2013-10-15,55.450001,55.520000,54.669998,54.959999,54.959999,106100
2013-10-16,55.430000,56.650002,55.259998,56.590000,56.590000,77400
2013-10-17,56.480000,58.040001,56.250000,58.020000,58.020000,97900
2013-10-18,58.610001,59.099998,57.740002,58.439999,58.439999,149600
2013-10-21,58.660000,58.810001,57.599998,57.799999,57.799999,134600
2013-10-22,57.860001,58.279999,57.560001,58.130001,58.130001,117500
2013-10-23,57.990002,59.270000,57.779999,58.889999,58.889999,55500
2013-10-24,58.889999,59.410000,58.270000,58.900002,58.900002,53300
2013-10-25,59.000000,59.009998,57.820000,58.000000,58.000000,88700
2013-10-28,58.110001,58.169998,57.500000,57.990002,57.990002,44400
2013-10-29,58.189999,58.669998,57.470001,58.459999,58.459999,53700
2013-10-30,58.540001,58.939999,57.630001,58.900002,58.900002,77700
2013-10-31,59.020000,59.250000,58.349998,58.570000,58.570000,87200
2013-11-01,58.459999,58.590000,56.450001,57.349998,57.349998,107600
2013-11-04,57.500000,59.220001,57.200001,58.869999,58.869999,202300
2013-11-05,58.439999,60.450001,58.119999,60.000000,60.000000,182400
2013-11-06,60.490002,61.009998,57.450001,58.480000,58.480000,356300
2013-11-07,57.990002,57.990002,55.970001,56.290001,56.290001,253500
2013-11-08,56.240002,58.340000,56.130001,58.220001,58.220001,146600
2013-11-11,57.869999,58.680000,57.310001,57.430000,57.430000,99900
2013-11-12,57.410000,59.889999,56.900002,59.349998,59.349998,113400
2013-11-13,59.090000,59.660000,58.709999,59.459999,59.459999,56800
2013-11-14,59.290001,59.619999,58.279999,58.349998,58.349998,60100
2013-11-15,58.279999,59.430000,58.119999,58.650002,58.650002,116100
2013-11-18,58.990002,59.570000,58.139999,58.279999,58.279999,63500
2013-11-19,58.169998,58.799999,57.070000,57.270000,57.270000,150900
2013-11-20,57.270000,57.549999,55.689999,56.040001,56.040001,205500
2013-11-21,56.119999,56.500000,55.410000,55.990002,55.990002,331500
2013-11-22,55.919998,56.360001,55.189999,55.689999,55.689999,258900
2013-11-25,55.900002,56.910000,55.389999,56.779999,56.779999,231200
2013-11-26,56.779999,57.830002,56.270000,57.580002,57.580002,167600
2013-11-27,57.889999,59.310001,57.459999,59.040001,59.040001,189500
2013-11-29,59.410000,59.730000,58.939999,59.439999,59.439999,66600
2013-12-02,59.299999,61.080002,59.299999,60.959999,60.959999,344200
2013-12-03,60.959999,61.119999,60.549999,60.830002,60.830002,207800
2013-12-04,60.639999,61.230000,60.160000,60.610001,60.610001,167200
2013-12-05,60.599998,60.779999,59.900002,60.070000,60.070000,82300
2013-12-06,60.709999,61.150002,60.150002,60.439999,60.439999,103500
2013-12-09,60.320000,61.060001,59.619999,60.980000,60.980000,167000
2013-12-10,61.049999,61.590000,60.209999,60.869999,60.869999,251200
2013-12-11,60.919998,61.490002,59.970001,60.099998,60.099998,178100
2013-12-12,60.040001,61.220001,59.720001,60.509998,60.509998,131500
2013-12-13,60.500000,60.930000,59.790001,60.500000,60.500000,110200
2013-12-16,60.799999,61.470001,60.279999,61.340000,61.340000,128500
2013-12-17,61.439999,62.480000,60.950001,62.259998,62.259998,126100
2013-12-18,62.520000,62.639999,61.200001,62.049999,62.049999,106800
2013-12-19,61.919998,62.189999,60.919998,61.000000,61.000000,52700
2013-12-20,61.299999,64.029999,60.380001,63.840000,63.840000,301300
2013-12-23,64.309998,65.279999,61.880001,64.330002,64.330002,188600
2013-12-24,64.370003,65.120003,63.060001,63.250000,63.250000,88800
2013-12-26,63.369999,63.900002,62.650002,63.150002,63.150002,142100
2013-12-27,63.450001,63.450001,61.799999,62.599998,62.599998,86100
2013-12-30,62.720001,62.720001,61.580002,61.889999,61.889999,116200
2013-12-31,61.980000,64.419998,61.980000,62.669998,62.669998,189200
2014-01-02,62.549999,62.549999,59.639999,60.730000,60.730000,121800
2014-01-03,60.869999,61.610001,60.840000,61.200001,61.200001,65600
2014-01-06,61.410000,61.950001,61.130001,61.270000,61.270000,99300
2014-01-07,61.369999,62.130001,61.369999,61.849998,61.849998,99000
2014-01-08,61.639999,61.930000,60.720001,61.400002,61.400002,141700
2014-01-09,61.669998,61.669998,60.590000,60.779999,60.779999,87800
2014-01-10,60.830002,61.490002,60.000000,61.410000,61.410000,93800
2014-01-13,61.040001,61.189999,59.270000,59.770000,59.770000,63600
2014-01-14,59.930000,61.049999,59.930000,60.560001,60.560001,74100
2014-01-15,60.630001,61.790001,60.630001,61.639999,61.639999,168900
2014-01-16,61.369999,62.349998,61.270000,62.049999,62.049999,105200
2014-01-17,62.150002,62.619999,61.790001,62.169998,62.169998,99600
2014-01-21,62.459999,63.320000,62.119999,62.759998,62.759998,121100
2014-01-22,65.500000,70.080002,64.809998,69.970001,69.970001,498100
2014-01-23,69.959999,70.050003,67.809998,68.169998,68.169998,575600
2014-01-24,67.510002,68.139999,65.480003,66.080002,66.080002,470100
2014-01-27,66.480003,67.099998,65.389999,66.110001,66.110001,393200
2014-01-28,66.120003,67.099998,66.000000,66.790001,66.790001,357400
2014-01-29,66.360001,67.489998,63.939999,65.160004,65.160004,346700
2014-01-30,65.809998,67.190002,65.489998,66.889999,66.889999,389600
2014-01-31,66.110001,67.120003,66.059998,66.239998,66.239998,205300
2014-02-03,66.089996,66.769997,63.119999,64.110001,64.110001,166900
2014-02-04,64.620003,65.709999,63.630001,65.019997,65.019997,125700
2014-02-05,65.000000,65.739998,63.790001,65.129997,65.129997,126400
2014-02-06,65.500000,66.110001,64.410004,65.129997,65.129997,150000
2014-02-07,65.129997,65.629997,64.410004,65.150002,65.150002,77200
2014-02-10,65.260002,65.839996,63.480000,65.180000,65.180000,141600
2014-02-11,65.379997,66.500000,63.970001,64.559998,64.559998,135500
2014-02-12,64.790001,65.470001,64.139999,65.169998,65.169998,103000
2014-02-13,64.699997,68.680000,64.699997,68.160004,68.160004,173200
2014-02-14,68.169998,68.169998,67.000000,67.500000,67.500000,145200
2014-02-18,67.389999,69.029999,67.239998,68.430000,68.430000,188000
2014-02-19,67.989998,68.470001,67.269997,67.500000,67.500000,234900
2014-02-20,67.760002,68.199997,66.290001,66.370003,66.370003,162800
2014-02-21,66.370003,66.410004,65.459999,66.059998,66.059998,157800
2014-02-24,65.959999,67.169998,65.839996,66.099998,66.099998,148600
2014-02-25,66.580002,66.580002,65.220001,65.580002,65.580002,146100
2014-02-26,69.760002,70.410004,65.870003,67.639999,67.639999,466300
2014-02-27,67.209999,67.220001,66.180000,66.750000,66.750000,244800
2014-02-28,66.430000,67.470001,65.610001,66.169998,66.169998,186200
2014-03-03,65.519997,67.139999,65.019997,66.760002,66.760002,235200
2014-03-04,67.500000,67.699997,66.639999,67.330002,67.330002,319700
2014-03-05,67.199997,67.489998,66.410004,66.940002,66.940002,191600
2014-03-06,66.790001,67.529999,66.510002,67.199997,67.199997,155100
2014-03-07,67.410004,67.760002,66.910004,67.570000,67.570000,164200
2014-03-10,67.320000,67.839996,66.900002,67.290001,67.290001,118700
2014-03-11,67.570000,67.570000,66.650002,66.790001,66.790001,160400
2014-03-12,65.989998,66.360001,65.680000,66.360001,66.360001,111700
2014-03-13,66.400002,66.400002,64.330002,64.680000,64.680000,97400
2014-03-14,64.279999,65.500000,63.590000,65.110001,65.110001,141200
2014-03-17,65.389999,66.570000,64.709999,66.050003,66.050003,175500
2014-03-18,66.150002,66.629997,65.580002,66.339996,66.339996,65000
2014-03-19,66.410004,67.110001,65.980003,66.480003,66.480003,121700
2014-03-20,66.199997,67.660004,66.019997,67.080002,67.080002,98100
2014-03-21,67.459999,67.459999,65.559998,65.650002,65.650002,138500
2014-03-24,65.820000,66.199997,63.709999,64.739998,64.739998,108600
2014-03-25,65.190002,65.419998,63.869999,64.879997,64.879997,95900
2014-03-26,65.500000,65.699997,63.389999,63.520000,63.520000,83800
2014-03-27,63.389999,63.689999,62.080002,62.660000,62.660000,84600
2014-03-28,62.630001,63.889999,62.080002,62.169998,62.169998,89200
2014-03-31,62.709999,63.939999,62.290001,63.380001,63.380001,245400
2014-04-01,63.520000,64.099998,62.500000,63.590000,63.590000,321900
2014-04-02,63.669998,64.139999,63.110001,63.689999,63.689999,96000
2014-04-03,63.529999,63.849998,62.580002,62.900002,62.900002,98600
2014-04-04,63.349998,63.689999,59.860001,60.759998,60.759998,193300
2014-04-07,60.330002,61.020000,59.570000,60.320000,60.320000,248800
2014-04-08,60.549999,61.029999,59.560001,60.490002,60.490002,265300
2014-04-09,60.669998,61.400002,60.470001,61.250000,61.250000,272400
2014-04-10,61.270000,61.700001,58.680000,59.310001,59.310001,134100
2014-04-11,58.770000,60.020000,57.259998,57.820000,57.820000,153400
2014-04-14,58.509998,59.209999,57.189999,57.759998,57.759998,130800
2014-04-15,57.990002,59.389999,57.430000,59.119999,59.119999,457900
2014-04-16,59.759998,60.290001,58.410000,60.230000,60.230000,206800
2014-04-17,60.230000,62.360001,59.669998,61.529999,61.529999,131500
2014-04-21,61.639999,62.180000,61.049999,62.139999,62.139999,179700
2014-04-22,62.060001,62.900002,62.000000,62.119999,62.119999,97100
2014-04-23,62.139999,62.810001,57.180000,62.520000,62.520000,147700
2014-04-24,62.730000,62.950001,61.820000,62.599998,62.599998,180100
2014-04-25,62.230000,62.820000,62.029999,62.520000,62.520000,238500
2014-04-28,62.880001,63.330002,61.500000,62.599998,62.599998,422700
2014-04-29,62.820000,63.000000,62.209999,62.570000,62.570000,243700
2014-04-30,66.470001,71.459999,65.000000,71.199997,71.199997,767000
2014-05-01,70.790001,71.669998,67.419998,68.610001,68.610001,388600
2014-05-02,68.940002,69.559998,66.260002,67.900002,67.900002,238400
2014-05-05,67.570000,68.300003,66.830002,68.000000,68.000000,160600
2014-05-06,67.570000,68.180000,67.080002,67.360001,67.360001,121500
2014-05-07,67.760002,68.320000,66.430000,68.139999,68.139999,145200
2014-05-08,67.849998,69.000000,66.800003,66.900002,66.900002,102100
2014-05-09,66.589996,67.599998,65.449997,65.760002,65.760002,189600
2014-05-12,66.309998,68.230003,65.800003,68.050003,68.050003,205300
2014-05-13,68.050003,68.809998,66.660004,66.769997,66.769997,295500
2014-05-14,66.519997,66.750000,65.230003,65.389999,65.389999,144900
2014-05-15,64.889999,65.769997,63.730000,65.010002,65.010002,94700
2014-05-16,64.940002,65.949997,64.919998,65.879997,65.879997,95700
2014-05-19,65.750000,67.120003,65.620003,66.970001,66.970001,81400
2014-05-20,66.739998,67.190002,65.860001,66.389999,66.389999,150600
2014-05-21,66.550003,67.160004,65.910004,66.389999,66.389999,110200
2014-05-22,66.360001,67.669998,65.690002,67.540001,67.540001,134800
2014-05-23,67.629997,68.089996,65.860001,67.959999,67.959999,111300
2014-05-27,68.629997,68.629997,66.800003,67.779999,67.779999,143300
2014-05-28,67.599998,68.239998,67.209999,67.589996,67.589996,52700
2014-05-29,67.690002,67.849998,66.650002,67.570000,67.570000,85100
2014-05-30,67.620003,68.199997,66.900002,67.879997,67.879997,87100
2014-06-02,67.879997,68.709999,66.589996,67.970001,67.970001,163400
2014-06-03,67.540001,68.699997,67.099998,67.720001,67.720001,141500
2014-06-04,67.510002,67.699997,66.440002,67.360001,67.360001,117400
2014-06-05,67.570000,68.389999,66.660004,68.169998,68.169998,132500
2014-06-06,68.550003,68.889999,68.000000,68.690002,68.690002,164400
2014-06-09,68.449997,69.500000,68.300003,69.300003,69.300003,191300
2014-06-10,69.019997,69.489998,68.660004,69.089996,69.089996,89500
2014-06-11,68.589996,69.419998,68.519997,69.059998,69.059998,76600
2014-06-12,68.750000,69.290001,68.190002,68.510002,68.510002,63800
2014-06-13,68.849998,69.769997,68.349998,68.970001,68.970001,89500
2014-06-16,68.849998,69.419998,68.220001,68.989998,68.989998,102500
2014-06-17,69.010002,70.220001,68.360001,68.830002,68.830002,73400
2014-06-18,68.660004,69.190002,68.040001,68.930000,68.930000,56100
2014-06-19,69.129997,69.129997,68.279999,68.580002,68.580002,103100
2014-06-20,68.930000,70.739998,68.320000,70.449997,70.449997,192200
2014-06-23,70.540001,70.540001,69.419998,70.239998,70.239998,73400
2014-06-24,69.809998,71.870003,69.769997,70.669998,70.669998,152400
2014-06-25,70.550003,71.570000,70.279999,71.050003,71.050003,84500
2014-06-26,71.129997,71.129997,69.669998,70.260002,70.260002,78200
2014-06-27,69.839996,70.330002,69.620003,70.050003,70.050003,191200
2014-06-30,69.970001,72.070000,69.580002,70.820000,70.820000,168600
2014-07-01,70.889999,72.660004,70.889999,71.290001,71.290001,153800
2014-07-02,71.160004,71.739998,69.800003,70.120003,70.120003,137800
2014-07-03,70.239998,70.940002,70.110001,70.510002,70.510002,102300
2014-07-07,70.440002,70.440002,69.050003,69.370003,69.370003,81100
2014-07-08,69.169998,69.269997,67.529999,68.129997,68.129997,117400
2014-07-09,68.459999,68.629997,67.709999,67.930000,67.930000,80500
2014-07-10,66.629997,67.209999,66.010002,66.800003,66.800003,158900
2014-07-11,66.610001,66.839996,65.919998,66.300003,66.300003,82100
2014-07-14,66.959999,66.959999,66.089996,66.480003,66.480003,75300
2014-07-15,66.339996,66.930000,65.220001,65.949997,65.949997,169400
2014-07-16,66.500000,66.580002,65.120003,65.699997,65.699997,99400
2014-07-17,65.379997,65.599998,63.740002,64.099998,64.099998,161300
2014-07-18,63.970001,66.370003,63.970001,66.089996,66.089996,80700
2014-07-21,65.900002,65.900002,64.599998,64.959999,64.959999,95400
2014-07-22,65.360001,65.660004,65.000000,65.500000,65.500000,54200
2014-07-23,65.639999,66.260002,65.230003,65.540001,65.540001,57200
2014-07-24,65.589996,65.910004,64.750000,65.330002,65.330002,108600
2014-07-25,64.790001,65.059998,64.070000,64.650002,64.650002,120900
2014-07-28,64.720001,64.879997,63.759998,64.620003,64.620003,107500
2014-07-29,64.959999,66.489998,64.160004,65.910004,65.910004,256700
2014-07-30,67.500000,67.500000,62.180000,62.360001,62.360001,715100
2014-07-31,61.660000,62.000000,60.139999,60.439999,60.439999,245000
2014-08-01,60.430000,60.610001,59.669998,60.450001,60.450001,148900
2014-08-04,60.709999,61.189999,60.189999,60.820000,60.820000,210600
2014-08-05,60.590000,62.320000,60.470001,62.290001,62.290001,146100
2014-08-06,62.000000,63.070000,62.000000,62.810001,62.810001,161500
2014-08-07,62.990002,63.410000,62.810001,63.310001,63.310001,230800
2014-08-08,63.369999,64.169998,63.270000,63.810001,63.810001,147900
2014-08-11,64.080002,64.989998,63.759998,63.889999,63.889999,200800
2014-08-12,63.450001,63.990002,63.060001,63.500000,63.500000,124600
2014-08-13,63.779999,63.950001,63.250000,63.299999,63.299999,98300
2014-08-14,63.290001,63.720001,62.830002,63.000000,63.000000,123800
2014-08-15,63.560001,63.660000,61.910000,63.020000,63.020000,145300
2014-08-18,63.599998,63.599998,62.799999,63.099998,63.099998,137100
2014-08-19,63.119999,63.660000,63.099998,63.310001,63.310001,51300
2014-08-20,63.150002,63.840000,62.639999,63.279999,63.279999,83300
2014-08-21,63.110001,63.860001,62.439999,63.189999,63.189999,81800
2014-08-22,63.060001,64.139999,62.810001,63.490002,63.490002,123800
2014-08-25,63.779999,64.440002,63.220001,63.459999,63.459999,63900
2014-08-26,63.540001,63.950001,63.150002,63.389999,63.389999,81700
2014-08-27,63.189999,63.200001,61.560001,61.669998,61.669998,189300
2014-08-28,61.490002,61.490002,60.509998,60.680000,60.680000,152200
2014-08-29,60.900002,60.900002,60.000000,60.480000,60.480000,177000
2014-09-02,60.650002,60.869999,60.020000,60.580002,60.580002,266400
2014-09-03,60.750000,60.869999,60.330002,60.689999,60.689999,131800
2014-09-04,60.689999,62.779999,60.410000,62.660000,62.660000,206700
2014-09-05,62.750000,63.759998,61.950001,63.000000,63.000000,1001100
2014-09-08,63.099998,63.770000,62.349998,62.790001,62.790001,280800
2014-09-09,62.500000,63.419998,62.389999,62.439999,62.439999,280600
2014-09-10,62.619999,63.900002,62.419998,63.380001,63.380001,132900
2014-09-11,63.029999,65.250000,62.849998,65.040001,65.040001,302500
2014-09-12,64.959999,65.279999,63.950001,64.720001,64.720001,170200
2014-09-15,64.830002,65.559998,64.089996,64.349998,64.349998,281100
2014-09-16,64.180000,64.790001,63.230000,63.610001,63.610001,157800
2014-09-17,63.549999,64.510002,63.150002,63.790001,63.790001,169700
2014-09-18,63.990002,64.110001,63.380001,63.869999,63.869999,198900
2014-09-19,63.980000,63.980000,62.270000,62.500000,62.500000,277700
2014-09-22,62.259998,62.700001,62.000000,62.410000,62.410000,123800
2014-09-23,62.200001,62.810001,62.150002,62.259998,62.259998,284600
2014-09-24,62.290001,62.610001,61.849998,62.380001,62.380001,227300
2014-09-25,62.220001,62.500000,60.369999,61.060001,61.060001,158600
2014-09-26,61.070000,61.240002,60.009998,61.090000,61.090000,127400
2014-09-29,60.439999,62.110001,60.439999,62.029999,62.029999,208000
2014-09-30,61.980000,62.380001,60.930000,60.970001,60.970001,282700
2014-10-01,61.000000,61.299999,59.540001,60.500000,60.500000,234500
2014-10-02,60.520000,61.410000,60.060001,61.070000,61.070000,83400
2014-10-03,61.680000,62.500000,61.470001,61.950001,61.950001,164600
2014-10-06,62.000000,62.349998,61.509998,61.660000,61.660000,117000
2014-10-07,61.520000,61.750000,60.480000,60.580002,60.580002,100100
2014-10-08,60.520000,62.080002,60.209999,61.970001,61.970001,345900
2014-10-09,61.790001,62.570000,60.860001,61.689999,61.689999,296300
2014-10-10,61.430000,62.880001,60.880001,61.230000,61.230000,210900
2014-10-13,61.139999,63.000000,60.770000,61.750000,61.750000,236900
2014-10-14,62.310001,63.020000,61.279999,61.500000,61.500000,334100
2014-10-15,60.720001,62.240002,60.220001,61.970001,61.970001,291000
2014-10-16,61.150002,61.830002,60.340000,61.410000,61.410000,267000
2014-10-17,62.220001,62.330002,60.700001,61.509998,61.509998,242600
2014-10-20,61.270000,61.910000,60.849998,61.830002,61.830002,179800
2014-10-21,62.119999,62.630001,61.090000,62.299999,62.299999,209700
2014-10-22,62.520000,63.490002,61.900002,62.380001,62.380001,158000
2014-10-23,62.779999,63.840000,61.919998,63.669998,63.669998,255200
2014-10-24,63.910000,64.639999,63.349998,64.379997,64.379997,103200
2014-10-27,64.260002,65.129997,63.709999,64.639999,64.639999,139300
2014-10-28,64.750000,66.620003,64.750000,66.110001,66.110001,189600
2014-10-29,64.309998,67.989998,63.160000,66.650002,66.650002,498100
2014-10-30,66.209999,69.860001,66.209999,69.570000,69.570000,410900
2014-10-31,70.320000,70.680000,68.959999,69.610001,69.610001,319400
2014-11-03,69.580002,69.809998,68.400002,69.040001,69.040001,181900
2014-11-04,69.050003,70.209999,68.379997,69.440002,69.440002,171400
2014-11-05,69.779999,70.239998,69.089996,69.139999,69.139999,152100
2014-11-06,69.250000,70.599998,68.860001,70.129997,70.129997,193900
2014-11-07,70.040001,70.050003,69.059998,69.279999,69.279999,138400
2014-11-10,69.400002,70.489998,68.970001,70.430000,70.430000,211100
2014-11-11,70.279999,70.480003,69.500000,69.709999,69.709999,157100
2014-11-12,69.309998,70.449997,68.739998,70.250000,70.250000,200400
2014-11-13,70.330002,70.419998,68.889999,69.110001,69.110001,128800
2014-11-14,68.970001,69.989998,68.809998,69.279999,69.279999,135000
2014-11-17,69.070000,69.419998,67.940002,68.099998,68.099998,118200
2014-11-18,68.169998,69.050003,68.099998,68.330002,68.330002,85600
2014-11-19,68.129997,68.500000,66.459999,67.849998,67.849998,182400
2014-11-20,67.620003,68.989998,67.620003,68.779999,68.779999,166000
2014-11-21,69.610001,69.610001,68.230003,68.339996,68.339996,97000
2014-11-24,68.260002,69.279999,68.260002,68.849998,68.849998,142700
2014-11-25,68.910004,68.910004,67.940002,68.529999,68.529999,147500
2014-11-26,68.529999,69.449997,68.370003,68.879997,68.879997,105300
2014-11-28,68.949997,70.419998,68.379997,69.160004,69.160004,61000
2014-12-01,68.889999,70.330002,68.190002,69.459999,69.459999,162200
2014-12-02,69.440002,71.279999,69.440002,71.160004,71.160004,213400
2014-12-03,70.959999,72.370003,70.849998,71.730003,71.730003,153700
2014-12-04,71.519997,71.919998,69.959999,70.379997,70.379997,149400
2014-12-05,70.370003,71.669998,70.239998,71.559998,71.559998,138000
2014-12-08,71.300003,72.800003,69.699997,69.930000,69.930000,196100
2014-12-09,69.180000,70.360001,67.739998,70.080002,70.080002,205200
2014-12-10,69.580002,70.959999,67.800003,68.129997,68.129997,198400
2014-12-11,68.250000,69.180000,67.570000,67.910004,67.910004,123100
2014-12-12,67.129997,67.730003,66.019997,66.309998,66.309998,134500
2014-12-15,66.349998,66.430000,65.000000,65.370003,65.370003,217100
2014-12-16,65.070000,66.650002,64.389999,65.650002,65.650002,106900
2014-12-17,65.660004,67.470001,65.169998,67.379997,67.379997,151600
2014-12-18,68.180000,69.349998,67.300003,69.339996,69.339996,130100
2014-12-19,69.160004,69.550003,68.160004,69.339996,69.339996,238500
2014-12-22,69.360001,69.379997,67.680000,68.430000,68.430000,138200
2014-12-23,68.629997,69.349998,67.510002,68.910004,68.910004,113600
2014-12-24,69.120003,69.120003,68.000000,68.330002,68.330002,75600
2014-12-26,68.599998,70.300003,68.360001,69.370003,69.370003,81300
2014-12-29,69.309998,70.309998,68.790001,69.680000,69.680000,60100
2014-12-30,69.599998,69.970001,68.879997,69.650002,69.650002,120000
2014-12-31,69.980003,69.980003,68.290001,68.389999,68.389999,99300
2015-01-02,68.849998,69.279999,66.370003,67.559998,67.559998,92400
2015-01-05,67.029999,68.279999,66.639999,67.070000,67.070000,137200
2015-01-06,67.669998,67.870003,66.559998,66.800003,66.800003,173600
2015-01-07,67.320000,67.550003,66.430000,67.379997,67.379997,145000
2015-01-08,67.940002,68.989998,67.760002,68.400002,68.400002,69800
2015-01-09,68.580002,69.410004,67.839996,69.190002,69.190002,150500
2015-01-12,68.989998,69.580002,68.180000,69.540001,69.540001,120100
2015-01-13,69.900002,71.279999,68.120003,69.639999,69.639999,154400
2015-01-14,68.970001,70.250000,68.779999,69.639999,69.639999,104900
2015-01-15,69.849998,70.040001,69.110001,69.199997,69.199997,122500
2015-01-16,68.970001,70.430000,68.849998,70.309998,70.309998,107800
2015-01-20,70.199997,70.900002,69.070000,70.480003,70.480003,129700
2015-01-21,70.339996,71.419998,69.599998,70.989998,70.989998,147200
2015-01-22,71.510002,71.709999,70.290001,71.470001,71.470001,157400
2015-01-23,71.389999,72.230003,71.089996,71.629997,71.629997,71200
2015-01-26,71.650002,72.309998,71.010002,71.669998,71.669998,145700
2015-01-27,75.010002,76.080002,74.309998,75.839996,75.839996,399900
2015-01-28,77.059998,78.889999,75.150002,75.769997,75.769997,293300
2015-01-29,75.769997,77.989998,74.889999,77.889999,77.889999,231800
2015-01-30,77.190002,78.260002,74.389999,75.220001,75.220001,276600
2015-02-02,75.150002,75.360001,73.400002,75.129997,75.129997,129100
2015-02-03,75.419998,76.199997,74.449997,75.300003,75.300003,246300
2015-02-04,74.779999,75.430000,73.720001,74.169998,74.169998,206400
2015-02-05,74.360001,76.000000,73.779999,75.820000,75.820000,172100
2015-02-06,75.809998,76.589996,74.919998,76.029999,76.029999,175000
2015-02-09,76.019997,77.279999,75.720001,76.349998,76.349998,173400
2015-02-10,76.849998,77.589996,76.169998,77.150002,77.150002,168800
2015-02-11,76.949997,77.320000,75.779999,76.629997,76.629997,110800
2015-02-12,76.940002,77.570000,75.849998,77.349998,77.349998,152800
2015-02-13,77.339996,78.040001,76.480003,77.699997,77.699997,124300
2015-02-17,77.800003,77.800003,76.339996,76.959999,76.959999,78500
2015-02-18,76.650002,77.550003,76.099998,77.269997,77.269997,96400
2015-02-19,77.089996,77.779999,76.919998,77.449997,77.449997,64000
2015-02-20,77.610001,78.150002,76.330002,77.800003,77.800003,113600
2015-02-23,77.709999,77.709999,73.239998,74.680000,74.680000,420200
2015-02-24,74.389999,75.419998,74.000000,74.470001,74.470001,165700
2015-02-25,70.000000,70.000000,62.360001,64.860001,64.860001,1674200
2015-02-26,64.570000,67.040001,64.089996,66.010002,66.010002,487400
2015-02-27,66.010002,67.080002,65.760002,66.650002,66.650002,320500
2015-03-02,66.650002,67.540001,65.709999,66.900002,66.900002,364500
2015-03-03,66.959999,67.389999,66.720001,67.070000,67.070000,214000
2015-03-04,66.720001,67.800003,66.250000,66.860001,66.860001,240600
2015-03-05,66.379997,66.449997,64.120003,64.150002,64.150002,278600
2015-03-06,63.700001,64.110001,62.290001,62.540001,62.540001,203900
2015-03-09,62.369999,64.300003,62.369999,63.759998,63.759998,346900
2015-03-10,63.439999,64.779999,62.509998,64.330002,64.330002,243400
2015-03-11,64.330002,65.209999,63.490002,64.639999,64.639999,329300
2015-03-12,65.000000,66.860001,64.919998,66.790001,66.790001,207400
2015-03-13,66.690002,67.180000,65.949997,66.209999,66.209999,275800
2015-03-16,66.709999,67.519997,66.230003,67.349998,67.349998,200000
2015-03-17,67.059998,67.580002,66.820000,67.269997,67.269997,152600
2015-03-18,67.250000,67.629997,66.070000,66.760002,66.760002,305600
2015-03-19,66.800003,67.690002,66.290001,67.379997,67.379997,261700
2015-03-20,67.730003,67.809998,66.370003,66.500000,66.500000,288000
2015-03-23,66.620003,66.650002,66.000000,66.110001,66.110001,177500
2015-03-24,65.900002,67.400002,65.900002,66.510002,66.510002,260100
2015-03-25,67.160004,67.169998,65.279999,65.320000,65.320000,318100
2015-03-26,65.389999,65.720001,63.150002,63.380001,63.380001,306900
2015-03-27,63.520000,65.629997,63.520000,65.150002,65.150002,206900
2015-03-30,65.410004,66.910004,65.120003,66.260002,66.260002,88700
2015-03-31,65.949997,66.510002,64.900002,66.150002,66.150002,198200
2015-04-01,65.930000,66.150002,64.949997,65.860001,65.860001,155200
2015-04-02,66.059998,66.940002,65.540001,66.099998,66.099998,122700
2015-04-06,65.750000,67.349998,65.750000,67.099998,67.099998,132500
2015-04-07,67.029999,67.150002,66.169998,66.239998,66.239998,143000
2015-04-08,66.419998,68.290001,66.220001,67.580002,67.580002,143500
2015-04-09,67.430000,67.809998,66.099998,67.099998,67.099998,77500
2015-04-10,67.489998,67.959999,66.940002,67.910004,67.910004,87000
2015-04-13,68.099998,68.790001,67.690002,68.459999,68.459999,121300
2015-04-14,68.309998,68.320000,67.480003,68.070000,68.070000,96400
2015-04-15,68.370003,69.089996,67.949997,68.839996,68.839996,143600
2015-04-16,68.839996,68.930000,66.779999,67.160004,67.160004,132300
2015-04-17,66.690002,67.260002,65.419998,66.470001,66.470001,158900
2015-04-20,66.709999,67.830002,66.050003,67.150002,67.150002,125700
2015-04-21,67.339996,67.500000,66.650002,67.160004,67.160004,133100
2015-04-22,67.349998,67.349998,65.870003,66.980003,66.980003,98600
2015-04-23,66.900002,67.580002,66.269997,67.290001,67.290001,120600
2015-04-24,67.110001,68.309998,66.989998,68.199997,68.199997,211500
2015-04-27,67.879997,68.330002,67.360001,67.730003,67.730003,147300
2015-04-28,68.010002,68.089996,66.949997,67.690002,67.690002,157700
2015-04-29,69.190002,69.190002,58.130001,62.259998,62.259998,1798300
2015-04-30,61.549999,62.470001,60.160000,60.619999,60.619999,948500
2015-05-01,60.509998,60.740002,59.299999,60.709999,60.709999,366700
2015-05-04,60.570000,61.470001,60.330002,61.000000,61.000000,628700
2015-05-05,60.720001,61.189999,60.349998,60.720001,60.720001,352000
2015-05-06,61.049999,61.049999,59.990002,60.250000,60.250000,239500
2015-05-07,60.150002,60.560001,59.980000,60.200001,60.200001,186500
2015-05-08,60.919998,61.340000,60.500000,60.660000,60.660000,146900
2015-05-11,60.750000,60.980000,60.529999,60.650002,60.650002,149600
2015-05-12,60.310001,60.959999,60.049999,60.650002,60.650002,135700
2015-05-13,60.910000,61.360001,60.400002,61.160000,61.160000,135400
2015-05-14,61.549999,62.500000,60.990002,62.360001,62.360001,145500
2015-05-15,62.459999,62.700001,62.139999,62.700001,62.700001,130700
2015-05-18,62.500000,63.840000,62.439999,63.380001,63.380001,233100
2015-05-19,63.430000,64.010002,63.150002,63.880001,63.880001,152500
2015-05-20,64.059998,64.320000,63.730000,64.099998,64.099998,180800
2015-05-21,64.120003,64.570000,63.779999,64.160004,64.160004,131200
2015-05-22,63.860001,63.959999,63.330002,63.540001,63.540001,117000
2015-05-26,63.169998,63.430000,62.639999,63.040001,63.040001,241600
2015-05-27,63.200001,63.830002,62.630001,63.590000,63.590000,107700
2015-05-28,63.310001,64.139999,63.000000,64.019997,64.019997,108000
2015-05-29,63.840000,64.680000,63.830002,64.300003,64.300003,158600
2015-06-01,64.620003,64.620003,62.820000,62.880001,62.880001,149400
2015-06-02,62.570000,63.220001,62.130001,62.470001,62.470001,188400
2015-06-03,62.680000,63.490002,62.400002,63.320000,63.320000,104400
2015-06-04,62.990002,63.820000,62.490002,62.770000,62.770000,239300
2015-06-05,62.730000,63.759998,62.169998,62.900002,62.900002,191900
2015-06-08,62.910000,63.959999,62.910000,63.299999,63.299999,298900
2015-06-09,63.349998,64.120003,63.060001,64.050003,64.050003,292400
2015-06-10,64.480003,67.529999,64.080002,66.709999,66.709999,345100
2015-06-11,66.750000,67.199997,66.110001,66.779999,66.779999,217400
2015-06-12,66.620003,67.660004,66.040001,67.629997,67.629997,222600
2015-06-15,66.970001,67.470001,66.269997,67.260002,67.260002,137800
2015-06-16,67.370003,68.809998,67.370003,68.629997,68.629997,235400
2015-06-17,68.720001,69.349998,68.559998,69.040001,69.040001,260700
2015-06-18,69.230003,70.000000,69.019997,69.680000,69.680000,154300
2015-06-19,69.650002,69.690002,68.669998,68.930000,68.930000,306300
2015-06-22,69.589996,70.040001,69.110001,69.650002,69.650002,147000
2015-06-23,69.750000,70.260002,69.529999,70.050003,70.050003,155100
2015-06-24,69.989998,70.629997,69.900002,70.580002,70.580002,153700
2015-06-25,70.750000,70.839996,68.180000,70.760002,70.760002,153700
2015-06-26,70.989998,71.919998,68.169998,71.500000,71.500000,440500
2015-06-29,71.290001,71.290001,67.320000,70.400002,70.400002,172500
2015-06-30,70.739998,71.459999,69.629997,70.089996,70.089996,242800
2015-07-01,70.809998,71.059998,70.000000,71.000000,71.000000,164300
2015-07-02,70.989998,71.180000,70.400002,70.519997,70.519997,190000
2015-07-06,70.059998,71.099998,69.720001,70.879997,70.879997,89900
2015-07-07,70.750000,71.709999,70.019997,70.839996,70.839996,209400
2015-07-08,70.519997,70.820000,69.839996,70.279999,70.279999,182200
2015-07-09,70.910004,71.279999,69.559998,69.709999,69.709999,178600
2015-07-10,70.500000,70.889999,69.930000,70.760002,70.760002,110100
2015-07-13,71.089996,71.720001,70.769997,71.379997,71.379997,97600
2015-07-14,71.459999,71.879997,70.730003,70.750000,70.750000,199200
2015-07-15,70.879997,71.160004,70.290001,70.540001,70.540001,117600
2015-07-16,70.769997,71.690002,70.510002,71.599998,71.599998,144700
2015-07-17,71.739998,71.860001,70.900002,71.260002,71.260002,137000
2015-07-20,71.449997,71.760002,70.529999,70.769997,70.769997,175100
2015-07-21,70.589996,71.000000,69.489998,69.839996,69.839996,270600
2015-07-22,69.639999,70.000000,69.419998,69.730003,69.730003,232800
2015-07-23,69.720001,69.989998,68.620003,69.070000,69.070000,189900
2015-07-24,68.860001,69.370003,68.570000,68.949997,68.949997,181500
2015-07-27,69.059998,69.260002,67.349998,67.480003,67.480003,217400
2015-07-28,67.870003,68.790001,66.760002,67.139999,67.139999,291900
2015-07-29,73.000000,74.989998,68.940002,74.730003,74.730003,1083900
2015-07-30,74.419998,77.290001,74.419998,76.459999,76.459999,544200
2015-07-31,76.720001,78.129997,75.900002,76.470001,76.470001,268100
2015-08-03,76.470001,76.470001,74.760002,75.290001,75.290001,259100
2015-08-04,75.419998,77.139999,74.879997,76.029999,76.029999,252600
2015-08-05,76.500000,77.139999,75.669998,75.809998,75.809998,236200
2015-08-06,76.120003,76.120003,73.720001,74.290001,74.290001,170400
2015-08-07,73.940002,74.349998,73.070000,73.589996,73.589996,113700
2015-08-10,73.949997,75.309998,73.949997,74.940002,74.940002,171200
2015-08-11,74.349998,74.849998,74.040001,74.239998,74.239998,261800
2015-08-12,73.820000,74.680000,73.620003,74.410004,74.410004,163200
2015-08-13,74.379997,75.239998,73.910004,74.809998,74.809998,132200
2015-08-14,74.599998,75.809998,74.330002,75.500000,75.500000,121200
2015-08-17,75.220001,76.250000,74.800003,75.889999,75.889999,172700
2015-08-18,75.690002,76.970001,75.080002,75.400002,75.400002,88800
2015-08-19,74.919998,75.750000,74.500000,75.040001,75.040001,55700
2015-08-20,74.580002,75.089996,73.709999,74.180000,74.180000,111000
2015-08-21,73.070000,74.010002,72.470001,73.019997,73.019997,160200
2015-08-24,70.019997,72.139999,67.000000,72.139999,72.139999,271700
2015-08-25,74.260002,74.800003,71.760002,72.010002,72.010002,219500
2015-08-26,73.529999,73.879997,71.519997,73.529999,73.529999,237900
2015-08-27,74.019997,74.169998,71.440002,73.269997,73.269997,199500
2015-08-28,72.949997,73.599998,72.320000,73.360001,73.360001,123700
2015-08-31,72.970001,74.250000,72.300003,72.389999,72.389999,228800
2015-09-01,71.180000,72.279999,70.709999,71.360001,71.360001,378300
2015-09-02,72.110001,73.190002,71.400002,72.519997,72.519997,152000
2015-09-03,72.720001,73.260002,72.199997,72.940002,72.940002,188600
2015-09-04,72.059998,72.900002,71.870003,72.220001,72.220001,107300
2015-09-08,73.150002,74.309998,72.290001,73.900002,73.900002,113600
2015-09-09,74.470001,74.470001,72.910004,72.989998,72.989998,109300
2015-09-10,72.919998,74.089996,72.690002,73.639999,73.639999,238400
2015-09-11,73.190002,73.860001,72.809998,73.599998,73.599998,127200
2015-09-14,73.629997,73.629997,72.519997,72.870003,72.870003,102500
2015-09-15,73.410004,74.150002,72.690002,73.930000,73.930000,144600
2015-09-16,73.910004,75.050003,73.910004,74.610001,74.610001,164300
2015-09-17,74.629997,74.849998,72.120003,72.180000,72.180000,472700
2015-09-18,71.190002,71.529999,68.150002,68.550003,68.550003,284500
2015-09-21,68.930000,69.930000,67.400002,67.510002,67.510002,342200
2015-09-22,66.889999,67.470001,66.000000,66.750000,66.750000,329400
2015-09-23,66.879997,66.879997,65.000000,65.669998,65.669998,371600
2015-09-24,65.309998,66.190002,65.190002,65.580002,65.580002,239800
2015-09-25,66.190002,66.190002,64.139999,64.160004,64.160004,245100
2015-09-28,64.059998,64.180000,62.680000,62.759998,62.759998,214500
2015-09-29,62.930000,62.930000,61.660000,61.860001,61.860001,191800
2015-09-30,62.509998,63.169998,61.369999,62.529999,62.529999,200000
2015-10-01,62.509998,63.020000,61.849998,62.630001,62.630001,168600
2015-10-02,62.119999,63.450001,61.410000,63.400002,63.400002,145400
2015-10-05,63.709999,64.370003,63.250000,63.750000,63.750000,151000
2015-10-06,63.599998,63.830002,62.169998,62.250000,62.250000,149800
2015-10-07,62.570000,64.290001,62.330002,63.799999,63.799999,345500
2015-10-08,63.599998,64.580002,63.540001,63.660000,63.660000,147400
2015-10-09,63.849998,64.599998,63.779999,64.239998,64.239998,270500
2015-10-12,64.300003,64.660004,63.889999,64.489998,64.489998,71300
2015-10-13,64.300003,65.029999,63.930000,64.220001,64.220001,201100
2015-10-14,64.300003,64.440002,62.330002,62.490002,62.490002,76900
2015-10-15,62.669998,63.599998,62.180000,63.270000,63.270000,110300
2015-10-16,63.360001,64.360001,62.990002,63.279999,63.279999,196900
2015-10-19,63.000000,63.410000,62.410000,63.070000,63.070000,110000
2015-10-20,62.930000,63.580002,62.790001,63.279999,63.279999,148600
2015-10-21,63.509998,63.610001,61.480000,61.529999,61.529999,112800
2015-10-22,61.700001,62.360001,60.919998,61.480000,61.480000,258100
2015-10-23,52.200001,55.000000,43.349998,46.619999,46.619999,2258100
2015-10-26,46.290001,47.610001,46.290001,46.810001,46.810001,836200
2015-10-27,46.540001,47.259998,44.529999,45.700001,45.700001,829300
2015-10-28,45.939999,47.360001,43.529999,46.270000,46.270000,732500
2015-10-29,46.130001,48.080002,45.959999,47.590000,47.590000,256000
2015-10-30,47.419998,48.500000,45.470001,48.299999,48.299999,366500
2015-11-02,48.279999,49.080002,47.630001,48.950001,48.950001,384100
2015-11-03,49.580002,52.180000,49.020000,51.080002,51.080002,452600
2015-11-04,51.049999,53.990002,50.380001,51.330002,51.330002,249700
2015-11-05,51.439999,52.750000,51.279999,52.599998,52.599998,205300
2015-11-06,52.349998,54.400002,52.139999,54.369999,54.369999,288400
2015-11-09,54.259998,54.259998,52.509998,52.540001,52.540001,222900
2015-11-10,52.270000,52.790001,51.810001,52.639999,52.639999,342600
2015-11-11,52.959999,53.439999,52.310001,52.939999,52.939999,101600
2015-11-12,52.580002,53.230000,51.939999,52.810001,52.810001,197100
2015-11-13,52.400002,53.630001,52.090000,53.459999,53.459999,173900
2015-11-16,53.369999,54.290001,52.849998,54.250000,54.250000,169400
2015-11-17,54.430000,54.820000,53.660000,54.330002,54.330002,176300
2015-11-18,54.349998,55.240002,53.900002,54.580002,54.580002,202500
2015-11-19,54.439999,56.849998,53.869999,54.189999,54.189999,117100
2015-11-20,54.459999,55.009998,54.099998,54.160000,54.160000,101500
2015-11-23,54.200001,54.619999,53.680000,54.070000,54.070000,100800
2015-11-24,53.779999,55.529999,53.509998,55.490002,55.490002,197100
2015-11-25,55.500000,57.369999,55.020000,56.619999,56.619999,187900
2015-11-27,56.490002,57.029999,56.230000,56.599998,56.599998,67300
2015-11-30,56.830002,58.119999,56.680000,58.009998,58.009998,191800
2015-12-01,58.410000,58.410000,55.980000,56.130001,56.130001,163500
2015-12-02,56.200001,56.529999,54.889999,55.060001,55.060001,207400
2015-12-03,55.310001,55.630001,54.459999,54.570000,54.570000,174400
2015-12-04,54.560001,55.520000,54.029999,54.320000,54.320000,110500
2015-12-07,54.150002,54.150002,52.400002,52.950001,52.950001,282500
2015-12-08,52.619999,52.799999,51.630001,52.430000,52.430000,213100
2015-12-09,52.380001,53.240002,52.180000,53.090000,53.090000,116100
2015-12-10,52.919998,53.560001,52.799999,53.459999,53.459999,140600
2015-12-11,52.570000,54.160000,51.950001,53.000000,53.000000,291000
2015-12-14,53.150002,53.459999,52.389999,52.849998,52.849998,203200
2015-12-15,53.250000,54.599998,52.889999,54.299999,54.299999,168700
2015-12-16,54.540001,56.490002,54.470001,56.340000,56.340000,322500
2015-12-17,56.450001,57.259998,56.029999,57.040001,57.040001,343700
2015-12-18,56.680000,57.299999,56.330002,56.730000,56.730000,349300
2015-12-21,57.189999,58.439999,57.049999,57.419998,57.419998,209900
2015-12-22,57.570000,58.060001,56.799999,57.080002,57.080002,170100
2015-12-23,57.270000,58.169998,57.060001,57.750000,57.750000,159900
2015-12-24,57.580002,59.060001,57.580002,58.110001,58.110001,133300
2015-12-28,57.799999,59.869999,57.650002,59.549999,59.549999,141500
2015-12-29,59.770000,60.410000,59.040001,59.310001,59.310001,113100
2015-12-30,59.369999,59.919998,58.970001,59.000000,59.000000,110100
2015-12-31,58.630001,59.919998,58.130001,59.400002,59.400002,214400
2016-01-04,58.540001,58.959999,56.560001,56.630001,56.630001,259100
2016-01-05,56.660000,58.400002,56.369999,58.250000,58.250000,258200
2016-01-06,57.529999,59.009998,57.419998,57.830002,57.830002,170900
2016-01-07,56.959999,57.150002,55.259998,55.270000,55.270000,259700
2016-01-08,55.470001,56.500000,54.380001,55.400002,55.400002,153400
2016-01-11,55.430000,56.570000,54.740002,55.910000,55.910000,183200
2016-01-12,56.220001,57.119999,55.799999,56.680000,56.680000,152600
2016-01-13,56.830002,57.080002,53.009998,53.220001,53.220001,188800
2016-01-14,53.619999,56.509998,52.730000,55.240002,55.240002,284400
2016-01-15,53.740002,55.150002,53.740002,54.930000,54.930000,196100
2016-01-19,55.099998,55.630001,52.080002,54.369999,54.369999,325900
2016-01-20,53.509998,55.490002,52.599998,54.520000,54.520000,300600
2016-01-21,54.330002,55.820000,53.619999,53.669998,53.669998,211000
2016-01-22,54.270000,54.660000,53.650002,54.160000,54.160000,261400
2016-01-25,53.759998,54.580002,53.310001,54.139999,54.139999,187800
2016-01-26,54.259998,57.470001,54.259998,56.759998,56.759998,168400
2016-01-27,56.410000,57.980000,55.919998,56.110001,56.110001,198600
2016-01-28,56.529999,57.250000,54.669998,54.860001,54.860001,148400
2016-01-29,55.209999,56.380001,55.209999,56.110001,56.110001,210600
2016-02-01,55.849998,56.740002,55.000000,56.200001,56.200001,228900
2016-02-02,55.580002,56.540001,54.810001,54.950001,54.950001,101900
2016-02-03,55.470001,56.290001,53.349998,54.310001,54.310001,129000
2016-02-04,54.080002,54.980000,53.990002,54.130001,54.130001,78700
2016-02-05,53.790001,54.689999,51.669998,51.840000,51.840000,139200
2016-02-08,51.639999,51.720001,50.000000,51.049999,51.049999,251900
2016-02-09,50.369999,52.119999,48.070000,50.950001,50.950001,217700
2016-02-10,51.340000,52.869999,50.040001,50.220001,50.220001,150200
2016-02-11,49.380001,50.750000,49.119999,50.330002,50.330002,131400
2016-02-12,50.980000,55.160000,48.830002,50.869999,50.869999,227100
2016-02-16,51.380001,52.540001,50.900002,51.380001,51.380001,143800
2016-02-17,51.619999,53.169998,51.480000,52.310001,52.310001,156700
2016-02-18,52.490002,52.700001,49.630001,49.950001,49.950001,213800
2016-02-19,49.990002,54.189999,49.990002,52.049999,52.049999,154300
2016-02-22,52.580002,54.150002,49.799999,50.520000,50.520000,233300
2016-02-23,46.000000,52.700001,46.000000,50.450001,50.450001,711100
2016-02-24,50.060001,52.959999,49.369999,52.750000,52.750000,239400
2016-02-25,52.730000,56.200001,52.320000,55.110001,55.110001,275700
2016-02-26,55.180000,56.080002,54.209999,55.419998,55.419998,240400
2016-02-29,55.590000,56.680000,54.950001,55.520000,55.520000,206100
2016-03-01,56.070000,57.840000,55.279999,57.700001,57.700001,293700
2016-03-02,57.520000,58.639999,57.049999,58.180000,58.180000,293200
2016-03-03,58.389999,58.980000,56.939999,58.869999,58.869999,334300
2016-03-04,58.400002,59.900002,58.130001,59.540001,59.540001,254300
2016-03-07,59.400002,60.000000,58.439999,58.680000,58.680000,202900
2016-03-08,57.680000,58.380001,56.700001,56.770000,56.770000,270800
2016-03-09,57.150002,57.619999,56.610001,57.330002,57.330002,216400
2016-03-10,57.700001,59.029999,55.619999,56.450001,56.450001,233400
2016-03-11,57.020000,58.119999,56.130001,57.869999,57.869999,185200
2016-03-14,57.740002,58.099998,56.680000,56.840000,56.840000,194600
2016-03-15,56.680000,57.580002,54.810001,55.590000,55.590000,186200
2016-03-16,55.259998,55.820000,51.110001,54.779999,54.779999,173000
2016-03-17,54.849998,57.130001,53.980000,56.900002,56.900002,217000
2016-03-18,57.220001,58.830002,57.139999,58.419998,58.419998,324800
2016-03-21,58.360001,58.840000,57.490002,57.720001,57.720001,191400
2016-03-22,57.360001,58.029999,57.090000,57.480000,57.480000,127800
2016-03-23,57.529999,58.220001,55.950001,55.970001,55.970001,230000
2016-03-24,55.869999,57.139999,55.480000,56.980000,56.980000,319200
2016-03-28,56.950001,56.950001,54.910000,56.130001,56.130001,242100
2016-03-29,56.169998,58.799999,55.480000,58.759998,58.759998,221500
2016-03-30,58.919998,59.480000,57.849998,58.029999,58.029999,182400
2016-03-31,58.160000,58.470001,57.160000,58.189999,58.189999,357600
2016-04-01,57.500000,58.970001,56.160000,58.669998,58.669998,206200
2016-04-04,58.810001,58.880001,57.650002,57.799999,57.799999,177000
2016-04-05,57.520000,58.570000,57.400002,57.470001,57.470001,187600
2016-04-06,57.419998,57.959999,56.430000,56.630001,56.630001,162300
2016-04-07,56.099998,56.820000,54.259998,54.720001,54.720001,329200
2016-04-08,55.040001,55.689999,54.279999,54.380001,54.380001,138900
2016-04-11,54.680000,55.650002,54.459999,54.980000,54.980000,157900
2016-04-12,54.910000,55.790001,54.139999,55.139999,55.139999,166700
2016-04-13,55.560001,56.669998,55.029999,56.590000,56.590000,119100
2016-04-14,56.680000,57.000000,56.009998,56.990002,56.990002,148900
2016-04-15,56.689999,58.049999,56.689999,57.869999,57.869999,95600
2016-04-18,57.580002,59.299999,57.500000,59.160000,59.160000,137400
2016-04-19,59.419998,59.740002,58.380001,59.590000,59.590000,154600
2016-04-20,59.430000,59.799999,57.700001,59.009998,59.009998,161000
2016-04-21,58.840000,59.490002,57.580002,58.689999,58.689999,130200
2016-04-22,58.900002,59.730000,58.560001,59.320000,59.320000,114800
2016-04-25,59.029999,59.630001,58.220001,59.290001,59.290001,128200
2016-04-26,59.389999,59.770000,58.330002,58.820000,58.820000,122000
2016-04-27,58.930000,59.419998,58.439999,59.180000,59.180000,65500
2016-04-28,59.009998,60.669998,58.200001,59.209999,59.209999,199200
2016-04-29,62.150002,62.150002,55.599998,55.610001,55.610001,284300
2016-05-02,55.959999,56.470001,55.669998,56.099998,56.099998,188700
2016-05-03,55.480000,56.400002,55.020000,55.430000,55.430000,145200
2016-05-04,55.259998,57.380001,54.720001,56.880001,56.880001,202700
2016-05-05,57.240002,58.099998,56.389999,56.470001,56.470001,155500
2016-05-06,56.299999,57.650002,56.299999,57.630001,57.630001,95300
2016-05-09,57.509998,58.270000,57.480000,57.549999,57.549999,107800
2016-05-10,57.750000,58.660000,57.000000,58.459999,58.459999,114600
2016-05-11,58.250000,58.279999,56.860001,57.450001,57.450001,132600
2016-05-12,57.720001,58.360001,56.580002,57.259998,57.259998,114200
2016-05-13,57.000000,58.180000,54.709999,56.090000,56.090000,138500
2016-05-16,56.240002,57.549999,56.090000,56.730000,56.730000,131800
2016-05-17,56.650002,56.939999,54.720001,54.869999,54.869999,168000
2016-05-18,54.830002,56.500000,54.279999,55.910000,55.910000,132400
2016-05-19,55.630001,56.810001,54.779999,55.950001,55.950001,95000
2016-05-20,56.310001,56.860001,55.730000,56.520000,56.520000,69600
2016-05-23,56.630001,57.200001,55.849998,55.880001,55.880001,99000
2016-05-24,56.330002,58.790001,56.040001,58.000000,58.000000,174900
2016-05-25,58.009998,58.689999,57.520000,58.599998,58.599998,134600
2016-05-26,58.610001,59.220001,56.970001,58.669998,58.669998,77000
2016-05-27,58.770000,59.419998,57.599998,58.959999,58.959999,65000
2016-05-31,59.259998,59.259998,57.900002,58.540001,58.540001,134800
2016-06-01,58.400002,59.169998,57.680000,59.049999,59.049999,120400
2016-06-02,58.360001,59.259998,58.360001,59.259998,59.259998,144600
2016-06-03,58.930000,59.450001,57.630001,58.959999,58.959999,208100
2016-06-06,59.060001,60.360001,58.000000,60.250000,60.250000,147400
2016-06-07,60.360001,60.560001,59.439999,59.950001,59.950001,192500
2016-06-08,59.689999,60.680000,59.689999,60.200001,60.200001,177300
2016-06-09,59.950001,60.520000,59.389999,60.110001,60.110001,162600
2016-06-10,59.439999,60.099998,59.169998,59.509998,59.509998,113600
2016-06-13,59.099998,59.619999,58.299999,58.560001,58.560001,90800
2016-06-14,58.209999,59.209999,57.630001,59.139999,59.139999,353900
2016-06-15,59.310001,59.790001,58.869999,59.020000,59.020000,370700
2016-06-16,58.619999,60.610001,58.160000,60.450001,60.450001,266300
2016-06-17,60.599998,61.549999,60.049999,60.529999,60.529999,424100
2016-06-20,61.459999,61.970001,60.590000,61.029999,61.029999,195300
2016-06-21,61.060001,61.439999,60.349998,60.810001,60.810001,150500
2016-06-22,61.119999,61.349998,60.400002,60.980000,60.980000,94500
2016-06-23,61.750000,62.340000,61.400002,61.580002,61.580002,164700
2016-06-24,58.660000,60.590000,58.660000,60.040001,60.040001,174000
2016-06-27,59.330002,60.349998,58.490002,58.680000,58.680000,371300
2016-06-28,59.439999,59.439999,58.250000,58.320000,58.320000,123400
2016-06-29,59.130001,59.230000,58.439999,58.570000,58.570000,157000
2016-06-30,59.000000,60.439999,58.500000,60.419998,60.419998,205300
2016-07-01,60.250000,61.610001,60.250000,60.910000,60.910000,100800
2016-07-05,60.570000,60.650002,59.810001,60.169998,60.169998,133800
2016-07-06,59.910000,60.759998,59.910000,60.389999,60.389999,135100
2016-07-07,60.419998,61.700001,60.000000,60.400002,60.400002,51900
2016-07-08,60.810001,62.220001,60.810001,61.919998,61.919998,95900
2016-07-11,62.119999,62.639999,61.849998,62.560001,62.560001,101300
2016-07-12,62.799999,64.580002,62.799999,63.750000,63.750000,175900
2016-07-13,64.110001,64.309998,63.220001,63.439999,63.439999,77200
2016-07-14,64.029999,64.269997,63.610001,63.770000,63.770000,79100
2016-07-15,64.239998,64.449997,63.480000,64.250000,64.250000,84500
2016-07-18,64.239998,64.320000,62.709999,62.740002,62.740002,139300
2016-07-19,62.799999,63.740002,62.410000,63.189999,63.189999,169700
2016-07-20,63.419998,64.080002,63.130001,63.830002,63.830002,105000
2016-07-21,63.259998,63.980000,62.720001,62.840000,62.840000,79700
2016-07-22,63.049999,63.980000,62.689999,63.849998,63.849998,132300
2016-07-25,63.650002,64.889999,63.650002,64.379997,64.379997,112200
2016-07-26,64.239998,64.900002,64.080002,64.459999,64.459999,143300
2016-07-27,65.000000,65.000000,61.380001,62.369999,62.369999,217800
2016-07-28,62.360001,62.709999,61.419998,61.439999,61.439999,110300
2016-07-29,61.450001,61.889999,61.040001,61.470001,61.470001,124800
2016-08-01,61.779999,62.000000,61.220001,61.700001,61.700001,90400
2016-08-02,61.560001,61.810001,60.630001,60.700001,60.700001,82100
2016-08-03,60.630001,60.799999,59.610001,60.439999,60.439999,109100
2016-08-04,60.189999,60.740002,58.900002,59.020000,59.020000,190200
2016-08-05,59.630001,60.930000,59.029999,60.880001,60.880001,118700
2016-08-08,60.509998,60.840000,60.009998,60.709999,60.709999,71100
2016-08-09,60.209999,61.150002,59.639999,61.040001,61.040001,65000
2016-08-10,60.459999,61.110001,60.330002,60.830002,60.830002,36700
2016-08-11,60.849998,61.990002,60.389999,61.509998,61.509998,81700
2016-08-12,61.490002,61.650002,60.900002,61.049999,61.049999,92700
2016-08-15,60.980000,61.360001,60.459999,61.240002,61.240002,97300
2016-08-16,61.169998,62.189999,61.169998,61.439999,61.439999,106700
2016-08-17,61.610001,62.520000,61.070000,61.939999,61.939999,126700
2016-08-18,57.230000,62.759998,57.230000,61.799999,61.799999,167900
2016-08-19,61.849998,62.540001,60.869999,62.230000,62.230000,73100
2016-08-22,61.650002,62.119999,61.150002,62.000000,62.000000,161100
2016-08-23,61.790001,63.290001,61.599998,63.259998,63.259998,199300
2016-08-24,63.099998,63.400002,62.459999,63.180000,63.180000,171300
2016-08-25,63.000000,63.639999,62.700001,63.580002,63.580002,106700
2016-08-26,63.330002,63.740002,62.680000,63.000000,63.000000,119900
2016-08-29,62.849998,63.680000,62.689999,63.599998,63.599998,57300
2016-08-30,63.490002,63.680000,63.000000,63.580002,63.580002,83800
2016-08-31,63.270000,63.610001,62.610001,62.860001,62.860001,92700
2016-09-01,63.230000,63.320000,62.189999,63.320000,63.320000,103400
2016-09-02,63.570000,63.930000,63.150002,63.660000,63.660000,124500
2016-09-06,63.540001,63.860001,62.900002,63.509998,63.509998,106100
2016-09-07,63.340000,63.830002,63.279999,63.650002,63.650002,113800
2016-09-08,63.770000,64.000000,62.790001,62.900002,62.900002,135400
2016-09-09,62.459999,63.150002,61.369999,61.430000,61.430000,96400
2016-09-12,61.380001,62.619999,61.310001,62.160000,62.160000,106500
2016-09-13,61.430000,61.470001,60.470001,60.900002,60.900002,111000
2016-09-14,60.860001,61.040001,59.869999,59.970001,59.970001,115900
2016-09-15,59.990002,60.820000,59.740002,60.730000,60.730000,97300
2016-09-16,60.790001,61.130001,59.619999,60.160000,60.160000,201900
2016-09-19,60.430000,61.119999,59.980000,60.220001,60.220001,51900
2016-09-20,60.430000,61.169998,59.950001,59.980000,59.980000,98000
2016-09-21,60.320000,61.310001,60.220001,61.169998,61.169998,208800
2016-09-22,61.400002,62.169998,61.049999,61.720001,61.720001,199700
2016-09-23,61.419998,62.279999,60.189999,60.290001,60.290001,178000
2016-09-26,60.340000,60.340000,59.070000,59.200001,59.200001,123800
2016-09-27,59.200001,59.529999,58.529999,58.910000,58.910000,152600
2016-09-28,58.830002,59.060001,58.209999,58.980000,58.980000,111400
2016-09-29,59.029999,60.349998,58.369999,58.570000,58.570000,81800
2016-09-30,58.639999,60.119999,58.560001,59.759998,59.759998,267000
2016-10-03,59.779999,59.910000,58.939999,59.119999,59.119999,136300
2016-10-04,59.389999,60.639999,59.080002,59.169998,59.169998,96700
2016-10-05,59.549999,59.549999,58.400002,58.709999,58.709999,131500
2016-10-06,58.419998,58.820000,55.560001,58.730000,58.730000,80400
2016-10-07,58.540001,58.540001,57.799999,58.000000,58.000000,121500
2016-10-10,58.110001,59.040001,58.110001,58.189999,58.189999,127700
2016-10-11,58.049999,58.080002,56.650002,56.869999,56.869999,148900
2016-10-12,57.040001,57.349998,56.759998,56.889999,56.889999,117600
2016-10-13,56.540001,57.799999,55.830002,55.950001,55.950001,152400
2016-10-14,56.189999,56.470001,55.299999,55.630001,55.630001,134900
2016-10-17,55.750000,56.099998,55.400002,55.500000,55.500000,142500
2016-10-18,56.099998,56.279999,55.549999,55.799999,55.799999,151900
2016-10-19,55.750000,56.450001,55.650002,56.099998,56.099998,108600
2016-10-20,55.049999,56.650002,55.049999,56.250000,56.250000,85100
2016-10-21,56.049999,56.799999,55.529999,56.650002,56.650002,87700
2016-10-24,57.099998,57.700001,56.450001,57.150002,57.150002,87600
2016-10-25,57.150002,57.250000,56.549999,57.049999,57.049999,79900
2016-10-26,56.849998,57.599998,56.000000,56.150002,56.150002,74200
2016-10-27,56.400002,56.400002,55.099998,55.500000,55.500000,99400
2016-10-28,55.599998,57.049999,55.049999,56.349998,56.349998,114500
2016-10-31,56.299999,56.849998,55.650002,56.049999,56.049999,132100
2016-11-01,56.000000,56.049999,54.750000,54.849998,54.849998,113600
2016-11-02,41.200001,49.450001,41.200001,47.450001,47.450001,895000
2016-11-03,47.549999,49.900002,47.549999,48.900002,48.900002,193900
2016-11-04,48.900002,49.599998,48.599998,49.150002,49.150002,220000
2016-11-07,50.150002,50.630001,49.000000,49.549999,49.549999,159800
2016-11-08,49.450001,49.930000,49.000000,49.349998,49.349998,91100
2016-11-09,48.750000,50.400002,47.900002,50.000000,50.000000,124100
2016-11-10,50.500000,50.650002,49.349998,49.650002,49.650002,180700
2016-11-11,49.750000,50.950001,49.549999,50.599998,50.599998,217000
2016-11-14,50.650002,51.700001,49.750000,50.049999,50.049999,251700
2016-11-15,50.200001,50.200001,48.950001,49.700001,49.700001,272800
2016-11-16,49.650002,49.779999,48.650002,49.450001,49.450001,269800
2016-11-17,49.599998,50.900002,49.400002,50.700001,50.700001,317500
2016-11-18,50.700001,50.830002,50.349998,50.650002,50.650002,142000
2016-11-21,50.599998,51.400002,50.189999,51.000000,51.000000,175800
2016-11-22,50.900002,51.900002,50.900002,51.849998,51.849998,91900
2016-11-23,51.700001,52.150002,50.500000,52.049999,52.049999,57700
2016-11-25,52.099998,52.099998,51.500000,51.750000,51.750000,28300
2016-11-28,51.849998,52.950001,50.900002,52.549999,52.549999,96800
2016-11-29,52.700001,53.049999,52.049999,52.250000,52.250000,96100
2016-11-30,52.500000,52.900002,52.049999,52.750000,52.750000,144200
2016-12-01,52.650002,52.950001,51.400002,51.450001,51.450001,241700
2016-12-02,51.400002,51.400002,50.500000,50.599998,50.599998,206300
2016-12-05,50.599998,51.250000,50.400002,50.950001,50.950001,133500
2016-12-06,51.200001,52.049999,50.900002,52.000000,52.000000,101500
2016-12-07,51.799999,53.250000,51.799999,53.250000,53.250000,76400
2016-12-08,53.549999,54.680000,52.779999,54.599998,54.599998,131700
2016-12-09,54.700001,54.900002,54.049999,54.700001,54.700001,106700
2016-12-12,54.900002,55.549999,54.650002,55.000000,55.000000,177100
2016-12-13,55.299999,55.299999,53.580002,53.750000,53.750000,247300
2016-12-14,53.700001,53.700001,52.549999,52.650002,52.650002,85500
2016-12-15,52.650002,53.099998,52.099998,52.450001,52.450001,142000
2016-12-16,52.700001,53.250000,52.700001,52.900002,52.900002,455700
2016-12-19,52.750000,53.200001,51.799999,52.200001,52.200001,161500
2016-12-20,52.500000,54.150002,52.500000,53.500000,53.500000,110200
2016-12-21,53.250000,53.779999,52.400002,52.849998,52.849998,106200
2016-12-22,52.950001,52.950001,51.549999,52.000000,52.000000,103300
2016-12-23,52.099998,52.299999,51.700001,52.000000,52.000000,74300
2016-12-27,52.549999,52.599998,51.400002,51.799999,51.799999,108700
2016-12-28,51.750000,51.799999,50.250000,50.349998,50.349998,116100
2016-12-29,50.500000,51.700001,50.099998,50.599998,50.599998,160000
2016-12-30,50.599998,51.049999,49.900002,50.650002,50.650002,124500
2017-01-03,49.000000,49.250000,45.450001,46.099998,46.099998,505900
2017-01-04,46.400002,47.250000,46.400002,46.849998,46.849998,310100
2017-01-05,46.900002,47.230000,45.500000,45.750000,45.750000,521200
2017-01-06,45.900002,46.700001,45.750000,46.000000,46.000000,368900
2017-01-09,45.799999,46.450001,45.099998,45.849998,45.849998,297900
2017-01-10,46.049999,46.700001,45.150002,45.900002,45.900002,386900
2017-01-11,46.099998,46.200001,45.700001,45.849998,45.849998,143900
2017-01-12,45.650002,45.950001,45.200001,45.900002,45.900002,140300
2017-01-13,46.000000,46.599998,45.450001,46.000000,46.000000,325000
2017-01-17,45.849998,45.869999,44.730000,44.950001,44.950001,220300
2017-01-18,45.049999,45.500000,44.450001,45.400002,45.400002,159200
2017-01-19,45.549999,46.000000,45.349998,45.900002,45.900002,181200
2017-01-20,46.000000,46.450001,45.349998,46.000000,46.000000,143500
2017-01-23,45.849998,46.150002,45.599998,45.849998,45.849998,137100
2017-01-24,45.950001,47.060001,45.849998,46.950001,46.950001,200100
2017-01-25,47.299999,47.650002,46.700001,47.200001,47.200001,125500
2017-01-26,47.299999,47.349998,46.549999,46.750000,46.750000,80700
2017-01-27,46.500000,47.000000,46.200001,46.599998,46.599998,216100
2017-01-30,46.400002,46.400002,45.650002,46.049999,46.049999,86600
2017-01-31,45.700001,45.750000,44.650002,45.299999,45.299999,224500
2017-02-01,45.549999,45.650002,44.349998,44.349998,44.349998,230800
2017-02-02,44.299999,45.450001,43.750000,45.299999,45.299999,295100
2017-02-03,45.650002,45.950001,44.849998,45.599998,45.599998,109800
2017-02-06,45.549999,46.400002,45.250000,45.750000,45.750000,102600
2017-02-07,45.799999,46.250000,44.650002,44.799999,44.799999,190400
2017-02-08,44.750000,45.049999,44.150002,44.849998,44.849998,109400
2017-02-09,44.950001,46.250000,44.950001,45.650002,45.650002,86200
2017-02-10,45.849998,46.500000,45.599998,46.450001,46.450001,112400
2017-02-13,46.700001,47.049999,46.150002,46.299999,46.299999,101300
2017-02-14,46.150002,47.000000,45.799999,46.650002,46.650002,136100
2017-02-15,46.549999,47.099998,46.049999,46.849998,46.849998,98600
2017-02-16,46.849998,47.450001,46.299999,46.599998,46.599998,69200
2017-02-17,43.750000,45.599998,42.250000,42.599998,42.599998,628400
2017-02-21,42.099998,43.549999,42.049999,43.349998,43.349998,306600
2017-02-22,43.200001,43.900002,42.849998,43.650002,43.650002,216600
2017-02-23,43.849998,45.750000,43.650002,45.099998,45.099998,222400
2017-02-24,40.950001,44.650002,40.950001,44.299999,44.299999,326500
2017-02-27,44.200001,45.950001,43.950001,45.950001,45.950001,235000
2017-02-28,45.849998,45.900002,43.299999,43.450001,43.450001,192900
2017-03-01,44.000000,44.099998,42.750000,43.150002,43.150002,217500
2017-03-02,43.299999,43.900002,42.900002,43.250000,43.250000,124700
2017-03-03,43.299999,43.349998,41.669998,42.150002,42.150002,133100
2017-03-06,41.849998,42.150002,41.299999,41.400002,41.400002,156600
2017-03-07,41.200001,42.200001,40.500000,40.950001,40.950001,132100
2017-03-08,41.150002,41.700001,40.900002,41.150002,41.150002,135100
2017-03-09,41.049999,41.750000,40.299999,40.950001,40.950001,154100
2017-03-10,41.150002,41.650002,40.889999,41.549999,41.549999,122800
2017-03-13,41.500000,42.049999,41.450001,41.549999,41.549999,118000
2017-03-14,41.349998,41.849998,40.849998,40.900002,40.900002,103700
2017-03-15,41.049999,41.950001,41.049999,41.750000,41.750000,167700
2017-03-16,41.650002,42.400002,41.650002,42.000000,42.000000,120700
2017-03-17,41.700001,42.250000,41.250000,41.849998,41.849998,175000
2017-03-20,41.900002,41.900002,40.500000,40.700001,40.700001,104900
2017-03-21,40.750000,41.279999,40.150002,40.750000,40.750000,171200
2017-03-22,40.849998,40.849998,39.150002,39.650002,39.650002,177800
2017-03-23,39.650002,40.349998,39.400002,39.750000,39.750000,140800
2017-03-24,40.650002,41.950001,40.650002,41.549999,41.549999,238000
2017-03-27,41.299999,42.279999,41.200001,42.000000,42.000000,159500
2017-03-28,41.849998,42.349998,41.500000,42.049999,42.049999,105600
2017-03-29,42.000000,42.099998,41.599998,41.700001,41.700001,82100
2017-03-30,41.700001,42.000000,41.549999,41.750000,41.750000,98200
2017-03-31,41.900002,42.349998,41.450001,42.099998,42.099998,126000
2017-04-03,42.049999,42.200001,41.150002,41.700001,41.700001,110000
2017-04-04,41.549999,41.750000,41.099998,41.549999,41.549999,149600
2017-04-05,41.650002,42.200001,41.400002,41.849998,41.849998,168500
2017-04-06,41.799999,42.349998,41.549999,42.349998,42.349998,103400
2017-04-07,42.250000,42.500000,41.430000,41.900002,41.900002,121300
2017-04-10,41.849998,42.779999,41.849998,42.250000,42.250000,85700
2017-04-11,42.049999,42.549999,42.049999,42.450001,42.450001,66600
2017-04-12,42.400002,42.500000,41.799999,42.099998,42.099998,99800
2017-04-13,42.000000,42.299999,41.349998,41.950001,41.950001,113400
2017-04-17,42.099998,42.549999,41.500000,42.299999,42.299999,90400
2017-04-18,42.150002,42.730000,41.900002,42.450001,42.450001,99600
2017-04-19,42.650002,42.880001,42.279999,42.599998,42.599998,110300
2017-04-20,42.599998,43.349998,42.450001,43.000000,43.000000,88000
2017-04-21,42.900002,43.200001,42.650002,43.049999,43.049999,90000
2017-04-24,43.400002,43.750000,43.299999,43.549999,43.549999,105700
2017-04-25,43.849998,44.200001,43.700001,43.750000,43.750000,137900
2017-04-26,43.799999,45.349998,43.299999,45.049999,45.049999,134200
2017-04-27,45.099998,45.200001,44.400002,44.599998,44.599998,131600
2017-04-28,44.599998,44.950001,44.400002,44.500000,44.500000,150800
2017-05-01,46.500000,46.849998,44.750000,46.450001,46.450001,381600
2017-05-02,46.299999,46.500000,45.299999,45.750000,45.750000,179000
2017-05-03,45.549999,45.750000,44.650002,45.099998,45.099998,202300
2017-05-04,45.250000,45.349998,44.549999,44.799999,44.799999,129200
2017-05-05,45.000000,45.000000,44.150002,44.500000,44.500000,94000
2017-05-08,44.400002,44.700001,44.200001,44.650002,44.650002,91500
2017-05-09,44.549999,44.750000,44.150002,44.299999,44.299999,145100
2017-05-10,44.200001,44.599998,43.900002,44.400002,44.400002,102800
2017-05-11,44.150002,44.779999,43.500000,43.799999,43.799999,240900
2017-05-12,43.700001,43.840000,42.750000,43.200001,43.200001,165300
2017-05-15,43.200001,43.750000,42.849998,43.299999,43.299999,139400
2017-05-16,43.400002,43.520000,42.549999,43.099998,43.099998,161800
2017-05-17,42.750000,42.750000,42.150002,42.299999,42.299999,114400
2017-05-18,42.349998,42.500000,41.299999,41.599998,41.599998,220100
2017-05-19,41.650002,41.700001,40.500000,40.700001,40.700001,153100
2017-05-22,40.700001,41.450001,40.700001,41.200001,41.200001,110300
2017-05-23,41.150002,41.160000,40.799999,41.150002,41.150002,168800
2017-05-24,41.150002,41.549999,40.900002,41.250000,41.250000,77700
2017-05-25,41.400002,41.450001,41.000000,41.400002,41.400002,94800
2017-05-26,41.299999,41.900002,41.000000,41.849998,41.849998,79000
2017-05-30,41.750000,41.750000,41.200001,41.549999,41.549999,89400
2017-05-31,41.650002,41.750000,41.250000,41.549999,41.549999,77200
2017-06-01,41.700001,43.099998,41.599998,43.049999,43.049999,160700
2017-06-02,43.250000,44.250000,43.049999,44.000000,44.000000,164700
2017-06-05,43.900002,43.950001,42.900002,42.900002,42.900002,160900
2017-06-06,42.750000,42.750000,42.049999,42.400002,42.400002,139700
2017-06-07,42.400002,42.799999,42.299999,42.700001,42.700001,93300
2017-06-08,42.650002,43.750000,42.400002,43.700001,43.700001,92400
2017-06-09,43.799999,44.250000,43.349998,44.000000,44.000000,122500
2017-06-12,44.000000,44.849998,43.000000,43.200001,43.200001,112900
2017-06-13,43.250000,43.630001,43.000000,43.349998,43.349998,52600
2017-06-14,43.400002,43.450001,43.049999,43.299999,43.299999,52000
2017-06-15,42.900002,43.500000,42.750000,42.849998,42.849998,68300
2017-06-16,42.500000,42.500000,41.900002,42.349998,42.349998,213800
2017-06-19,42.400002,43.099998,42.099998,42.650002,42.650002,76100
2017-06-20,42.700001,42.700001,42.049999,42.299999,42.299999,95300
2017-06-21,42.349998,42.540001,41.950001,42.200001,42.200001,138100
2017-06-22,42.200001,43.150002,42.200001,42.799999,42.799999,68800
2017-06-23,42.700001,43.349998,42.650002,43.099998,43.099998,196300
2017-06-26,43.150002,43.349998,42.599998,42.700001,42.700001,55600
2017-06-27,42.750000,42.750000,42.450001,42.549999,42.549999,86700
2017-06-28,42.750000,43.279999,42.750000,42.849998,42.849998,51700
2017-06-29,42.849998,42.900002,42.500000,42.750000,42.750000,84300
2017-06-30,42.750000,43.650002,42.450001,43.200001,43.200001,137400
2017-07-03,43.299999,43.700001,42.549999,43.299999,43.299999,52900
2017-07-05,43.250000,43.250000,42.650002,42.799999,42.799999,55000
2017-07-06,42.549999,42.750000,42.099998,42.099998,42.099998,80400
2017-07-07,42.299999,42.700001,42.000000,42.650002,42.650002,80500
2017-07-10,42.549999,42.549999,42.099998,42.250000,42.250000,100200
2017-07-11,42.250000,42.349998,41.380001,42.200001,42.200001,68800
2017-07-12,42.500000,43.349998,42.450001,42.599998,42.599998,44700
2017-07-13,42.599998,42.599998,41.799999,42.299999,42.299999,56900
2017-07-14,42.200001,42.450001,41.900002,42.299999,42.299999,41300
2017-07-17,42.200001,42.200001,41.549999,42.049999,42.049999,62000
2017-07-18,41.950001,41.950001,41.349998,41.799999,41.799999,104100
2017-07-19,41.799999,42.599998,41.750000,41.750000,41.750000,66000
2017-07-20,41.750000,42.450001,41.549999,42.400002,42.400002,64500
2017-07-21,42.500000,42.599998,41.950001,42.150002,42.150002,115000
2017-07-24,42.000000,42.099998,41.200001,41.650002,41.650002,61400
2017-07-25,41.799999,42.200001,41.400002,42.049999,42.049999,62600
2017-07-26,42.099998,42.450001,41.500000,41.549999,41.549999,54000
2017-07-27,41.700001,42.000000,41.130001,41.900002,41.900002,100000
2017-07-28,40.000000,40.000000,34.650002,35.799999,35.799999,447800
2017-07-31,35.549999,36.049999,35.000000,35.500000,35.500000,360600
2017-08-01,35.400002,35.750000,34.549999,35.150002,35.150002,301200
2017-08-02,35.099998,35.400002,34.549999,35.099998,35.099998,267800
2017-08-03,35.250000,35.250000,34.049999,34.150002,34.150002,140800
2017-08-04,34.250000,34.250000,33.450001,33.750000,33.750000,136000
2017-08-07,33.700001,33.849998,33.150002,33.349998,33.349998,135600
2017-08-08,33.299999,33.900002,33.099998,33.299999,33.299999,130800
2017-08-09,33.150002,33.250000,32.849998,33.000000,33.000000,167100
2017-08-10,32.950001,33.400002,32.950001,33.099998,33.099998,273400
2017-08-11,33.150002,33.500000,32.750000,32.849998,32.849998,114300
2017-08-14,32.900002,33.099998,32.650002,33.000000,33.000000,191200
2017-08-15,32.950001,33.150002,32.400002,32.450001,32.450001,140200
2017-08-16,32.400002,32.599998,32.099998,32.500000,32.500000,166600
2017-08-17,32.400002,32.549999,31.730000,31.799999,31.799999,154200
2017-08-18,31.500000,31.600000,31.250000,31.400000,31.400000,187800
2017-08-21,31.450001,31.500000,30.950001,31.200001,31.200001,92800
2017-08-22,31.450001,31.500000,31.150000,31.250000,31.250000,115900
2017-08-23,31.000000,31.000000,30.400000,30.500000,30.500000,184300
2017-08-24,30.549999,30.650000,30.200001,30.500000,30.500000,160900
2017-08-25,30.650000,30.700001,30.049999,30.150000,30.150000,89900
2017-08-28,30.100000,30.200001,29.700001,30.000000,30.000000,166900
2017-08-29,29.900000,30.150000,29.750000,30.000000,30.000000,151200
2017-08-30,30.049999,30.049999,29.530001,29.900000,29.900000,118900
2017-08-31,29.900000,30.400000,29.900000,30.250000,30.250000,180500
2017-09-01,30.350000,30.950001,30.350000,30.850000,30.850000,129700
2017-09-05,30.799999,30.900000,30.049999,30.200001,30.200001,96300
2017-09-06,30.250000,30.900000,30.250000,30.750000,30.750000,90400
2017-09-07,30.750000,31.250000,30.680000,30.950001,30.950001,91300
2017-09-08,32.150002,33.549999,31.900000,32.849998,32.849998,229800
2017-09-11,33.000000,33.200001,31.950001,32.549999,32.549999,158400
2017-09-12,32.599998,33.200001,32.400002,33.000000,33.000000,96100
2017-09-13,33.000000,33.029999,32.549999,32.599998,32.599998,82000
2017-09-14,32.549999,33.240002,32.250000,33.049999,33.049999,207000
2017-09-15,33.099998,33.200001,32.400002,33.099998,33.099998,306200
2017-09-18,33.099998,33.150002,32.549999,32.799999,32.799999,97200
2017-09-19,32.750000,32.950001,32.599998,32.799999,32.799999,53900
2017-09-20,32.750000,33.450001,32.750000,32.950001,32.950001,83600
2017-09-21,32.950001,33.299999,32.900002,33.049999,33.049999,85000
2017-09-22,33.000000,33.799999,33.000000,33.750000,33.750000,129900
2017-09-25,33.700001,34.299999,33.549999,34.000000,34.000000,125200
2017-09-26,34.049999,34.500000,34.049999,34.150002,34.150002,103800
2017-09-27,34.200001,34.650002,33.750000,34.250000,34.250000,185400
2017-09-28,34.200001,34.700001,33.000000,34.450001,34.450001,210600
2017-09-29,34.500000,34.799999,34.250000,34.299999,34.299999,222400
2017-10-02,34.450001,35.549999,32.400002,35.549999,35.549999,147100
2017-10-03,35.650002,35.730000,35.099998,35.150002,35.150002,132800
2017-10-04,35.099998,35.549999,35.049999,35.500000,35.500000,76700
2017-10-05,35.650002,36.200001,35.450001,35.500000,35.500000,92700
2017-10-06,35.450001,36.250000,35.299999,36.250000,36.250000,169800
2017-10-09,36.200001,36.349998,35.349998,35.599998,35.599998,221000
2017-10-10,35.849998,36.549999,35.849998,36.549999,36.549999,112500
2017-10-11,36.549999,36.700001,36.000000,36.250000,36.250000,162900
2017-10-12,36.250000,36.500000,35.950001,36.299999,36.299999,103500
2017-10-13,36.349998,36.500000,36.130001,36.200001,36.200001,87500
2017-10-16,36.250000,36.599998,36.099998,36.349998,36.349998,96000
2017-10-17,36.200001,36.650002,36.150002,36.200001,36.200001,99300
2017-10-18,36.150002,36.849998,36.150002,36.400002,36.400002,82400
2017-10-19,36.250000,36.650002,36.000000,36.150002,36.150002,58300
2017-10-20,36.450001,36.700001,36.049999,36.250000,36.250000,69300
2017-10-23,36.299999,36.349998,35.900002,36.099998,36.099998,52100
2017-10-24,36.150002,36.299999,35.299999,35.349998,35.349998,136900
2017-10-25,35.299999,35.549999,34.900002,35.200001,35.200001,81500
2017-10-26,35.349998,35.349998,35.000000,35.099998,35.099998,70900
2017-10-27,35.150002,35.349998,34.700001,35.200001,35.200001,82200
2017-10-30,35.000000,35.049999,34.099998,34.549999,34.549999,68400
2017-10-31,34.599998,36.950001,34.549999,36.599998,36.599998,216100
2017-11-01,36.950001,37.099998,35.250000,36.299999,36.299999,230300
2017-11-02,35.299999,38.799999,34.549999,38.299999,38.299999,265600
2017-11-03,38.400002,39.650002,38.000000,39.150002,39.150002,228900
2017-11-06,39.200001,39.799999,36.200001,38.299999,38.299999,96400
2017-11-07,38.250000,38.849998,37.450001,37.549999,37.549999,104900
2017-11-08,37.450001,38.230000,37.150002,37.849998,37.849998,83200
2017-11-09,37.500000,38.029999,37.299999,37.799999,37.799999,72100
2017-11-10,37.400002,38.099998,37.400002,37.750000,37.750000,49600
2017-11-13,37.500000,38.150002,37.500000,38.049999,38.049999,64500
2017-11-14,37.849998,39.150002,37.849998,39.049999,39.049999,121800
2017-11-15,38.799999,39.000000,37.799999,38.599998,38.599998,84000
2017-11-16,38.849998,39.599998,38.599998,39.000000,39.000000,94200
2017-11-17,38.799999,39.299999,38.750000,39.049999,39.049999,97900
2017-11-20,38.900002,39.250000,38.750000,39.200001,39.200001,71200
2017-11-21,39.250000,40.299999,39.250000,40.000000,40.000000,107000
2017-11-22,40.049999,40.799999,39.950001,40.500000,40.500000,85100
2017-11-24,40.549999,40.549999,39.549999,40.150002,40.150002,22400
2017-11-27,40.150002,40.799999,40.150002,40.400002,40.400002,96900
2017-11-28,40.599998,42.150002,40.200001,41.900002,41.900002,111300
2017-11-29,42.000000,42.500000,41.500000,41.700001,41.700001,120100
2017-11-30,41.849998,41.849998,40.849998,40.900002,40.900002,102000
2017-12-01,40.900002,40.900002,39.250000,40.099998,40.099998,80900
2017-12-04,40.400002,40.650002,39.750000,40.450001,40.450001,151500
2017-12-05,40.500000,40.750000,39.720001,39.950001,39.950001,73400
2017-12-06,39.950001,40.500000,39.950001,40.299999,40.299999,123600
2017-12-07,40.049999,40.750000,39.750000,40.250000,40.250000,137800
2017-12-08,40.349998,41.000000,40.049999,40.450001,40.450001,62800
2017-12-11,40.500000,40.500000,39.349998,39.650002,39.650002,88600
2017-12-12,39.750000,40.849998,39.500000,40.500000,40.500000,103200
2017-12-13,40.500000,41.000000,39.599998,39.799999,39.799999,76300
2017-12-14,39.650002,40.150002,39.250000,39.500000,39.500000,114600
2017-12-15,39.450001,40.400002,39.450001,40.000000,40.000000,231800
2017-12-18,40.400002,41.000000,40.099998,40.549999,40.549999,100700
2017-12-19,40.549999,41.099998,38.500000,40.599998,40.599998,140100
2017-12-20,40.750000,41.500000,40.450001,41.250000,41.250000,103300
2017-12-21,41.299999,41.700001,41.049999,41.150002,41.150002,89800
2017-12-22,41.250000,41.250000,40.000000,40.049999,40.049999,43100
2017-12-26,40.099998,40.250000,36.750000,39.900002,39.900002,92100
2017-12-27,40.099998,40.400002,39.950001,40.099998,40.099998,74600
2017-12-28,40.150002,40.599998,39.700001,40.500000,40.500000,72800
2017-12-29,40.500000,40.750000,40.000000,40.450001,40.450001,65200
2018-01-02,40.599998,41.099998,40.450001,40.750000,40.750000,78200
2018-01-03,40.750000,40.750000,39.849998,39.900002,39.900002,55900
2018-01-04,40.099998,40.700001,39.849998,40.299999,40.299999,51000
2018-01-05,40.400002,40.799999,40.250000,40.599998,40.599998,41600
2018-01-08,40.450001,40.750000,40.099998,40.400002,40.400002,64400
2018-01-09,40.500000,40.750000,40.000000,40.150002,40.150002,61500
2018-01-10,40.000000,40.500000,39.830002,40.200001,40.200001,31200
2018-01-11,40.250000,41.950001,40.250000,41.650002,41.650002,68700
2018-01-12,41.700001,42.150002,40.500000,41.750000,41.750000,85200
2018-01-16,41.950001,42.650002,41.200001,41.450001,41.450001,96000
2018-01-17,41.049999,41.779999,41.049999,41.500000,41.500000,129000
2018-01-18,41.599998,41.599998,40.549999,41.200001,41.200001,67000
2018-01-19,41.150002,42.849998,40.349998,42.650002,42.650002,195800
2018-01-22,42.549999,42.599998,41.549999,42.000000,42.000000,92800
2018-01-23,41.950001,42.200001,41.400002,41.750000,41.750000,41700
2018-01-24,42.000000,42.400002,41.000000,41.400002,41.400002,65300
2018-01-25,41.500000,42.000000,40.950001,41.400002,41.400002,45600
2018-01-26,41.500000,41.950001,41.150002,41.849998,41.849998,47500
2018-01-29,41.700001,42.099998,41.549999,41.700001,41.700001,58000
2018-01-30,41.400002,42.000000,41.099998,41.150002,41.150002,81700
2018-01-31,41.200001,41.549999,40.099998,40.150002,40.150002,104900
2018-02-01,40.000000,41.500000,39.849998,41.049999,41.049999,92100
2018-02-02,41.500000,42.349998,40.750000,40.900002,40.900002,86100
2018-02-05,40.650002,41.150002,40.099998,40.150002,40.150002,181800
2018-02-06,39.599998,40.349998,38.330002,39.799999,39.799999,123400
2018-02-07,39.700001,40.380001,39.250000,40.099998,40.099998,49800
2018-02-08,40.049999,40.549999,39.150002,39.450001,39.450001,97900
2018-02-09,39.950001,40.599998,39.480000,40.250000,40.250000,98500
2018-02-12,40.250000,40.750000,39.549999,40.299999,40.299999,60200
2018-02-13,39.950001,40.400002,39.779999,40.049999,40.049999,66800
2018-02-14,39.799999,40.400002,39.700001,40.150002,40.150002,113500
2018-02-15,40.349998,41.150002,38.279999,40.950001,40.950001,48400
2018-02-16,40.849998,42.500000,40.299999,41.900002,41.900002,90000
2018-02-20,41.549999,42.200001,40.830002,40.950001,40.950001,68500
2018-02-21,41.000000,41.849998,40.650002,41.200001,41.200001,41600
2018-02-22,41.549999,42.049999,41.450001,41.599998,41.599998,34800
2018-02-23,41.849998,42.000000,41.230000,41.900002,41.900002,67900
2018-02-26,42.000000,42.450001,41.500000,42.400002,42.400002,60200
2018-02-27,41.950001,42.599998,41.150002,41.200001,41.200001,61200
2018-02-28,33.900002,35.450001,32.049999,35.000000,35.000000,598500
2018-03-01,34.900002,36.099998,34.500000,35.250000,35.250000,312000
2018-03-02,34.799999,37.049999,34.500000,35.650002,35.650002,235500
2018-03-05,35.500000,35.500000,34.599998,35.200001,35.200001,139000
2018-03-06,35.049999,36.549999,35.000000,35.799999,35.799999,134500
2018-03-07,35.400002,36.849998,35.400002,36.450001,36.450001,269600
2018-03-08,36.650002,37.549999,36.400002,36.500000,36.500000,170300
2018-03-09,36.650002,36.950001,36.150002,36.500000,36.500000,197800
2018-03-12,36.599998,37.150002,36.450001,36.700001,36.700001,160300
2018-03-13,36.849998,37.549999,36.400002,36.650002,36.650002,179300
2018-03-14,36.849998,36.849998,36.000000,36.650002,36.650002,126900
2018-03-15,36.849998,37.299999,36.099998,36.450001,36.450001,89300
2018-03-16,36.450001,36.950001,36.049999,36.299999,36.299999,237100
2018-03-19,36.200001,36.950001,35.900002,36.799999,36.799999,70800
2018-03-20,36.849998,37.750000,36.549999,37.299999,37.299999,65200
2018-03-21,37.200001,37.799999,37.049999,37.549999,37.549999,63500
2018-03-22,37.299999,37.700001,36.849998,37.000000,37.000000,75300
2018-03-23,36.950001,36.950001,36.150002,36.200001,36.200001,69600
2018-03-26,36.650002,37.049999,36.049999,36.900002,36.900002,135900
2018-03-27,37.000000,37.250000,36.450001,36.599998,36.599998,121000
2018-03-28,36.700001,37.599998,36.650002,37.049999,37.049999,137700
2018-03-29,37.150002,38.349998,37.049999,38.099998,38.099998,100800
2018-04-02,37.900002,38.150002,36.650002,37.799999,37.799999,121700
2018-04-03,37.950001,38.450001,37.599998,38.349998,38.349998,70500
2018-04-04,38.000000,38.650002,37.750000,38.599998,38.599998,74500
2018-04-05,38.950001,39.799999,38.400002,38.650002,38.650002,98500
2018-04-06,38.500000,38.950001,38.099998,38.400002,38.400002,52700
2018-04-09,38.599998,38.799999,38.099998,38.250000,38.250000,78600
2018-04-10,38.599998,39.830002,38.450001,39.099998,39.099998,117100
2018-04-11,38.950001,39.779999,38.599998,39.049999,39.049999,67900
2018-04-12,39.250000,39.349998,38.700001,38.900002,38.900002,115000
2018-04-13,39.200001,40.200001,38.599998,38.900002,38.900002,88700
2018-04-16,39.099998,39.500000,38.900002,39.250000,39.250000,48200
2018-04-17,39.349998,39.500000,38.950001,39.049999,39.049999,64000
2018-04-18,39.049999,39.299999,38.700001,38.799999,38.799999,154700
2018-04-19,38.900002,39.549999,38.849998,39.450001,39.450001,119600
2018-04-20,39.250000,39.599998,38.400002,38.700001,38.700001,95000
2018-04-23,38.700001,39.299999,38.099998,38.250000,38.250000,64400
2018-04-24,38.400002,38.400002,37.889999,38.349998,38.349998,115200
2018-04-25,38.400002,38.400002,37.400002,37.799999,37.799999,102100
2018-04-26,37.950001,38.299999,37.500000,37.650002,37.650002,110400
2018-04-27,37.799999,37.849998,37.000000,37.049999,37.049999,139600
2018-04-30,37.200001,37.950001,37.150002,37.450001,37.450001,128700
2018-05-01,37.349998,37.450001,36.049999,37.299999,37.299999,94500
2018-05-02,35.700001,36.200001,34.549999,35.049999,35.049999,295500
2018-05-03,34.900002,35.450001,34.400002,34.500000,34.500000,115500
2018-05-04,34.349998,34.799999,34.299999,34.549999,34.549999,93300
2018-05-07,34.549999,34.799999,34.250000,34.400002,34.400002,60800
2018-05-08,34.299999,34.799999,34.299999,34.549999,34.549999,72000
2018-05-09,34.700001,35.700001,34.560001,35.500000,35.500000,103100
2018-05-10,35.599998,37.099998,35.599998,36.450001,36.450001,144600
2018-05-11,36.500000,37.150002,36.439999,36.900002,36.900002,88300
2018-05-14,36.849998,37.200001,36.700001,36.849998,36.849998,104800
2018-05-15,36.750000,37.549999,36.500000,37.049999,37.049999,60100
2018-05-16,37.150002,37.700001,37.049999,37.299999,37.299999,61900
2018-05-17,37.349998,37.650002,37.200001,37.250000,37.250000,56700
2018-05-18,37.500000,38.250000,37.250000,37.549999,37.549999,86600
2018-05-21,37.700001,38.450001,37.580002,38.299999,38.299999,107200
2018-05-22,38.250000,38.849998,38.099998,38.299999,38.299999,77700
2018-05-23,38.200001,39.349998,38.049999,39.250000,39.250000,141100
2018-05-24,39.299999,40.599998,39.099998,40.500000,40.500000,159600
2018-05-25,40.500000,41.230000,40.250000,40.400002,40.400002,129100
2018-05-29,40.299999,40.599998,39.950001,40.450001,40.450001,56500
2018-05-30,40.599998,41.500000,40.599998,41.049999,41.049999,161400
2018-05-31,41.049999,41.500000,39.580002,40.500000,40.500000,105300
2018-06-01,40.750000,41.099998,40.400002,40.450001,40.450001,93200
2018-06-04,40.599998,41.450001,40.500000,40.799999,40.799999,66200
2018-06-05,40.799999,41.099998,40.299999,40.750000,40.750000,69300
2018-06-06,40.849998,41.380001,40.700001,41.049999,41.049999,61200
2018-06-07,41.099998,41.299999,40.700001,40.950001,40.950001,39700
2018-06-08,41.000000,41.799999,40.900002,40.900002,40.900002,89700
2018-06-11,40.900002,41.450001,40.599998,40.650002,40.650002,112700
2018-06-12,40.650002,40.750000,39.849998,40.150002,40.150002,145500
2018-06-13,40.250000,40.799999,39.549999,39.849998,39.849998,136600
2018-06-14,39.900002,41.099998,39.900002,40.700001,40.700001,120300
2018-06-15,40.750000,41.250000,40.099998,41.250000,41.250000,168600
2018-06-18,41.000000,41.599998,39.299999,41.099998,41.099998,64600
2018-06-19,41.000000,41.580002,40.750000,41.450001,41.450001,121700
2018-06-20,41.500000,41.900002,41.400002,41.549999,41.549999,66300
2018-06-21,41.650002,41.900002,41.150002,41.200001,41.200001,78500
2018-06-22,41.400002,41.549999,40.849998,41.299999,41.299999,163900
2018-06-25,41.150002,41.450001,41.000000,41.200001,41.200001,146700
2018-06-26,41.200001,41.250000,40.980000,41.099998,41.099998,95400
2018-06-27,41.099998,41.299999,40.599998,40.799999,40.799999,91500
2018-06-28,40.700001,41.500000,40.400002,41.200001,41.200001,105700
2018-06-29,41.200001,41.650002,40.700001,40.900002,40.900002,91600
