Date,Open,High,Low,Close,Adj Close,Volume
2013-01-02,0.920000,0.920000,0.790000,0.800000,0.800000,65300
2013-01-03,0.850000,0.890000,0.830000,0.830000,0.830000,31700
2013-01-04,0.880000,0.880000,0.820000,0.820000,0.820000,162900
2013-01-07,0.880000,0.880000,0.820000,0.850000,0.850000,89600
2013-01-08,0.840000,0.850000,0.820000,0.830000,0.830000,25700
2013-01-09,0.820000,0.870000,0.800000,0.800000,0.800000,45200
2013-01-10,0.810000,0.830000,0.760000,0.800000,0.800000,75900
2013-01-11,0.810000,0.820000,0.780000,0.800000,0.800000,21600
2013-01-14,0.820000,0.820000,0.770000,0.790000,0.790000,17200
2013-01-15,0.780000,0.810000,0.780000,0.790000,0.790000,57600
2013-01-16,0.770000,0.790000,0.770000,0.780000,0.780000,44100
2013-01-17,0.770000,0.790000,0.750000,0.750000,0.750000,18800
2013-01-18,0.760000,0.760000,0.730000,0.740000,0.740000,39400
2013-01-22,0.770000,0.800000,0.710000,0.750000,0.750000,72800
2013-01-23,0.760000,0.780000,0.730000,0.740000,0.740000,44100
2013-01-24,0.730000,0.750000,0.690000,0.700000,0.700000,52600
2013-01-25,0.710000,0.730000,0.700000,0.700000,0.700000,27300
2013-01-28,0.720000,0.750000,0.690000,0.700000,0.700000,7300
2013-01-29,0.700000,0.750000,0.690000,0.700000,0.700000,23000
2013-01-30,0.740000,0.750000,0.700000,0.720000,0.720000,57400
2013-01-31,0.700000,0.740000,0.700000,0.720000,0.720000,19700
2013-02-01,0.700000,0.780000,0.700000,0.770000,0.770000,10300
2013-02-04,0.700000,0.730000,0.690000,0.700000,0.700000,66800
2013-02-05,0.700000,0.740000,0.660000,0.680000,0.680000,170500
2013-02-06,0.700000,0.750000,0.680000,0.690000,0.690000,288100
2013-02-07,0.700000,0.700000,0.660000,0.660000,0.660000,179500
2013-02-08,0.690000,0.730000,0.690000,0.700000,0.700000,36000
2013-02-11,0.740000,0.740000,0.680000,0.700000,0.700000,63200
2013-02-12,0.690000,0.720000,0.660000,0.680000,0.680000,52600
2013-02-13,0.660000,0.710000,0.660000,0.700000,0.700000,31400
2013-02-14,0.700000,0.700000,0.680000,0.680000,0.680000,16300
2013-02-15,0.680000,0.710000,0.660000,0.660000,0.660000,53100
2013-02-19,0.690000,0.700000,0.660000,0.670000,0.670000,22300
2013-02-20,0.700000,0.750000,0.680000,0.720000,0.720000,94200
2013-02-21,0.730000,0.750000,0.690000,0.740000,0.740000,31800
2013-02-22,0.750000,0.750000,0.660000,0.730000,0.730000,20500
2013-02-25,0.700000,0.750000,0.690000,0.710000,0.710000,96600
2013-02-26,0.740000,0.800000,0.700000,0.720000,0.720000,114200
2013-02-27,0.750000,0.750000,0.700000,0.700000,0.700000,30200
2013-02-28,0.750000,0.750000,0.700000,0.720000,0.720000,65200
2013-03-01,0.750000,0.750000,0.700000,0.730000,0.730000,37700
2013-03-04,0.770000,0.770000,0.690000,0.700000,0.700000,42200
2013-03-05,0.750000,0.750000,0.690000,0.700000,0.700000,25900
2013-03-06,0.690000,0.740000,0.690000,0.690000,0.690000,21800
2013-03-07,0.710000,0.710000,0.680000,0.690000,0.690000,30200
2013-03-08,0.690000,0.690000,0.670000,0.670000,0.670000,23100
2013-03-11,0.670000,0.690000,0.660000,0.670000,0.670000,42400
2013-03-12,0.690000,0.690000,0.670000,0.670000,0.670000,6600
2013-03-13,0.670000,0.670000,0.190000,0.620000,0.620000,183700
2013-03-14,0.480000,0.650000,0.480000,0.590000,0.590000,196000
2013-03-15,0.600000,0.670000,0.600000,0.650000,0.650000,130700
2013-03-18,0.650000,0.650000,0.550000,0.580000,0.580000,33100
2013-03-19,0.580000,0.650000,0.510000,0.550000,0.550000,50100
2013-03-20,0.630000,0.630000,0.560000,0.590000,0.590000,135000
2013-03-21,0.600000,0.600000,0.520000,0.530000,0.530000,28600
2013-03-22,0.500000,0.530000,0.470000,0.530000,0.530000,101000
2013-03-25,0.550000,0.550000,0.520000,0.520000,0.520000,65300
2013-03-26,0.500000,0.550000,0.490000,0.490000,0.490000,60900
2013-03-27,0.500000,0.560000,0.490000,0.490000,0.490000,136400
2013-03-28,0.490000,0.580000,0.450000,0.500000,0.500000,162300
2013-04-01,0.550000,0.550000,0.460000,0.470000,0.470000,26700
2013-04-02,0.500000,0.540000,0.430000,0.520000,0.520000,128700
2013-04-03,0.530000,0.540000,0.490000,0.510000,0.510000,250900
2013-04-04,0.500000,0.550000,0.470000,0.550000,0.550000,115500
2013-04-05,0.550000,0.590000,0.550000,0.580000,0.580000,95200
2013-04-08,0.580000,0.640000,0.560000,0.630000,0.630000,116900
2013-04-09,0.620000,0.640000,0.490000,0.570000,0.570000,63000
2013-04-10,0.650000,0.650000,0.560000,0.600000,0.600000,55900
2013-04-11,0.560000,0.620000,0.520000,0.600000,0.600000,143200
2013-04-12,0.620000,0.640000,0.550000,0.570000,0.570000,47300
2013-04-15,0.480000,0.600000,0.450000,0.460000,0.460000,317200
2013-04-16,0.490000,0.580000,0.490000,0.550000,0.550000,119700
2013-04-17,0.560000,0.580000,0.540000,0.540000,0.540000,39200
2013-04-18,0.510000,0.580000,0.500000,0.580000,0.580000,106700
2013-04-19,0.610000,0.620000,0.580000,0.580000,0.580000,96600
2013-04-22,0.590000,0.640000,0.520000,0.610000,0.610000,62300
2013-04-23,0.610000,0.650000,0.610000,0.650000,0.650000,49400
2013-04-24,0.650000,0.660000,0.600000,0.650000,0.650000,58200
2013-04-25,0.660000,0.700000,0.650000,0.690000,0.690000,30000
2013-04-26,0.710000,0.720000,0.710000,0.720000,0.720000,11600
2013-04-29,0.720000,0.740000,0.720000,0.730000,0.730000,43400
2013-04-30,0.760000,0.790000,0.740000,0.790000,0.790000,82400
2013-05-01,0.810000,0.830000,0.670000,0.700000,0.700000,64500
2013-05-02,0.580000,0.590000,0.520000,0.550000,0.550000,979000
2013-05-03,0.540000,0.610000,0.540000,0.570000,0.570000,1150000
2013-05-06,0.570000,0.660000,0.570000,0.650000,0.650000,1115400
2013-05-07,0.650000,0.680000,0.570000,0.570000,0.570000,1003000
2013-05-08,0.650000,0.650000,0.590000,0.600000,0.600000,489000
2013-05-09,0.600000,0.650000,0.600000,0.650000,0.650000,175100
2013-05-10,0.650000,0.720000,0.630000,0.720000,0.720000,358700
2013-05-13,0.700000,0.770000,0.680000,0.760000,0.760000,647500
2013-05-14,0.770000,0.820000,0.760000,0.800000,0.800000,483700
2013-05-15,0.800000,0.800000,0.780000,0.800000,0.800000,109400
2013-05-16,0.800000,0.800000,0.650000,0.670000,0.670000,420100
2013-05-17,0.740000,0.740000,0.700000,0.700000,0.700000,13400
2013-05-20,0.700000,0.740000,0.670000,0.680000,0.680000,53800
2013-05-21,0.670000,0.760000,0.660000,0.690000,0.690000,82900
2013-05-22,0.720000,0.720000,0.660000,0.690000,0.690000,21900
2013-05-23,0.690000,0.710000,0.640000,0.700000,0.700000,37800
2013-05-24,0.710000,0.740000,0.680000,0.680000,0.680000,84200
2013-05-28,0.680000,0.770000,0.680000,0.720000,0.720000,457300
2013-05-29,0.750000,0.780000,0.720000,0.760000,0.760000,172400
2013-05-30,0.750000,0.760000,0.750000,0.760000,0.760000,3100
2013-05-31,0.780000,0.780000,0.700000,0.700000,0.700000,88000
2013-06-03,0.660000,0.750000,0.660000,0.750000,0.750000,73300
2013-06-04,0.750000,0.770000,0.730000,0.740000,0.740000,9800
2013-06-05,0.680000,0.750000,0.680000,0.700000,0.700000,127300
2013-06-06,0.680000,0.740000,0.680000,0.740000,0.740000,56800
2013-06-07,0.750000,0.750000,0.680000,0.690000,0.690000,65000
2013-06-10,0.700000,0.750000,0.700000,0.740000,0.740000,110100
2013-06-11,0.700000,0.740000,0.700000,0.730000,0.730000,12700
2013-06-12,0.730000,0.740000,0.730000,0.740000,0.740000,12400
2013-06-13,0.700000,0.740000,0.700000,0.730000,0.730000,157100
2013-06-14,0.720000,0.740000,0.680000,0.730000,0.730000,148000
2013-06-17,0.740000,0.780000,0.730000,0.730000,0.730000,406700
2013-06-18,0.750000,0.750000,0.730000,0.740000,0.740000,312000
2013-06-19,0.740000,0.750000,0.680000,0.680000,0.680000,622000
2013-06-20,0.710000,0.760000,0.650000,0.680000,0.680000,782200
2013-06-21,0.740000,0.740000,0.680000,0.710000,0.710000,191900
2013-06-24,0.700000,0.720000,0.670000,0.680000,0.680000,852900
2013-06-25,0.690000,0.710000,0.650000,0.650000,0.650000,366600
2013-06-26,0.620000,0.690000,0.620000,0.670000,0.670000,697800
2013-06-27,0.620000,0.730000,0.620000,0.710000,0.710000,165300
2013-06-28,0.650000,0.720000,0.650000,0.660000,0.660000,54300
2013-07-01,0.690000,0.720000,0.670000,0.700000,0.700000,47200
2013-07-02,0.710000,0.740000,0.710000,0.720000,0.720000,88700
2013-07-03,0.720000,0.730000,0.720000,0.720000,0.720000,23800
2013-07-05,0.680000,0.730000,0.680000,0.720000,0.720000,39800
2013-07-08,0.710000,0.750000,0.680000,0.710000,0.710000,24900
2013-07-09,0.730000,0.750000,0.720000,0.750000,0.750000,34700
2013-07-10,0.730000,0.770000,0.730000,0.770000,0.770000,46000
2013-07-11,0.750000,0.800000,0.750000,0.790000,0.790000,63500
2013-07-12,0.790000,0.840000,0.750000,0.830000,0.830000,148700
2013-07-15,0.850000,0.860000,0.770000,0.810000,0.810000,94300
2013-07-16,0.800000,0.800000,0.770000,0.780000,0.780000,81800
2013-07-17,0.780000,0.800000,0.760000,0.760000,0.760000,17000
2013-07-18,0.800000,0.820000,0.730000,0.800000,0.800000,127600
2013-07-19,0.800000,0.820000,0.800000,0.800000,0.800000,15400
2013-07-22,0.800000,0.820000,0.780000,0.820000,0.820000,31900
2013-07-23,0.840000,0.840000,0.790000,0.790000,0.790000,35400
2013-07-24,0.820000,0.830000,0.820000,0.830000,0.830000,6600
2013-07-25,0.830000,0.870000,0.830000,0.860000,0.860000,90200
2013-07-26,0.870000,1.000000,0.870000,1.000000,1.000000,249600
2013-07-29,1.100000,1.730000,1.040000,1.380000,1.380000,1819300
2013-07-30,1.390000,1.510000,1.290000,1.400000,1.400000,432900
2013-07-31,1.390000,1.430000,1.250000,1.320000,1.320000,219600
2013-08-01,1.390000,1.390000,1.280000,1.330000,1.330000,196100
2013-08-02,1.320000,1.610000,1.250000,1.540000,1.540000,755500
2013-08-05,1.580000,1.580000,1.460000,1.500000,1.500000,603900
2013-08-06,1.500000,1.500000,1.460000,1.490000,1.490000,449800
2013-08-07,1.490000,1.500000,1.450000,1.490000,1.490000,50900
2013-08-08,1.500000,1.500000,1.460000,1.490000,1.490000,473500
2013-08-09,1.500000,1.500000,1.460000,1.480000,1.480000,66500
2013-08-12,1.470000,1.500000,1.450000,1.450000,1.450000,79000
2013-08-13,1.480000,1.550000,1.470000,1.470000,1.470000,194600
2013-08-14,1.490000,1.720000,1.490000,1.500000,1.500000,393800
2013-08-15,1.650000,1.650000,1.470000,1.500000,1.500000,197100
2013-08-16,1.500000,1.510000,1.490000,1.500000,1.500000,128500
2013-08-19,1.750000,2.130000,1.560000,1.630000,1.630000,1216300
2013-08-20,1.650000,1.650000,1.580000,1.620000,1.620000,115300
2013-08-21,1.680000,1.700000,1.620000,1.690000,1.690000,252600
2013-08-22,1.670000,1.900000,1.670000,1.900000,1.900000,617300
2013-08-23,1.900000,2.050000,1.830000,1.980000,1.980000,629200
2013-08-26,2.030000,2.090000,1.960000,2.060000,2.060000,618400
2013-08-27,2.030000,2.120000,1.950000,1.980000,1.980000,332600
2013-08-28,2.070000,2.280000,2.030000,2.240000,2.240000,1231900
2013-08-29,2.260000,2.330000,2.120000,2.210000,2.210000,1034600
2013-08-30,2.250000,2.260000,2.180000,2.220000,2.220000,286900
2013-09-03,2.250000,2.340000,2.150000,2.200000,2.200000,558200
2013-09-04,2.220000,2.240000,2.070000,2.200000,2.200000,574700
2013-09-05,2.220000,2.240000,2.120000,2.200000,2.200000,311000
2013-09-06,2.240000,2.280000,2.170000,2.210000,2.210000,294000
2013-09-09,2.230000,2.330000,2.210000,2.290000,2.290000,235500
2013-09-10,2.300000,2.310000,2.200000,2.250000,2.250000,300000
2013-09-11,2.200000,2.230000,2.060000,2.120000,2.120000,465900
2013-09-12,2.130000,2.140000,1.510000,1.740000,1.740000,1385400
2013-09-13,1.830000,2.080000,1.700000,1.730000,1.730000,1327300
2013-09-16,1.900000,1.900000,1.600000,1.620000,1.620000,1105800
2013-09-17,1.720000,1.860000,1.680000,1.830000,1.830000,878700
2013-09-18,1.920000,1.950000,1.720000,1.750000,1.750000,1557600
2013-09-19,1.800000,1.880000,1.720000,1.850000,1.850000,836300
2013-09-20,1.850000,1.860000,1.680000,1.710000,1.710000,1126200
2013-09-23,1.700000,1.750000,1.530000,1.550000,1.550000,1031500
2013-09-24,1.550000,1.690000,1.550000,1.640000,1.640000,588200
2013-09-25,1.610000,1.860000,1.610000,1.790000,1.790000,1847700
2013-09-26,1.820000,1.860000,1.750000,1.780000,1.780000,791700
2013-09-27,1.800000,1.840000,1.730000,1.750000,1.750000,1479400
2013-09-30,1.750000,1.800000,1.670000,1.740000,1.740000,781800
2013-10-01,1.710000,1.870000,1.680000,1.800000,1.800000,1521700
2013-10-02,1.790000,1.990000,1.750000,1.970000,1.970000,1816800
2013-10-03,2.000000,2.550000,2.000000,2.450000,2.450000,5110300
2013-10-04,2.750000,3.120000,2.700000,2.860000,2.860000,10590100
2013-10-07,2.890000,3.100000,2.560000,2.840000,2.840000,3993700
2013-10-08,2.960000,2.970000,2.410000,2.540000,2.540000,3142900
2013-10-09,2.640000,2.730000,2.200000,2.490000,2.490000,2833800
2013-10-10,2.670000,2.670000,2.320000,2.380000,2.380000,1402300
2013-10-11,2.370000,2.370000,2.210000,2.270000,2.270000,1496700
2013-10-14,2.260000,2.270000,2.090000,2.150000,2.150000,1311100
2013-10-15,2.190000,2.420000,2.150000,2.230000,2.230000,1775700
2013-10-16,2.200000,2.600000,2.160000,2.570000,2.570000,2977600
2013-10-17,2.650000,2.720000,2.460000,2.570000,2.570000,2269800
2013-10-18,2.580000,2.650000,2.420000,2.470000,2.470000,896000
2013-10-21,2.440000,2.480000,2.200000,2.220000,2.220000,1288400
2013-10-22,2.270000,2.390000,2.150000,2.280000,2.280000,1371100
2013-10-23,2.280000,2.310000,2.220000,2.310000,2.310000,357000
2013-10-24,2.330000,2.500000,2.310000,2.390000,2.390000,1130200
2013-10-25,2.410000,2.460000,2.230000,2.330000,2.330000,644000
2013-10-28,2.280000,2.450000,2.260000,2.310000,2.310000,831500
2013-10-29,2.300000,2.390000,2.250000,2.260000,2.260000,378800
2013-10-30,2.310000,2.350000,2.130000,2.140000,2.140000,1351700
2013-10-31,2.100000,2.140000,1.550000,1.840000,1.840000,3820100
2013-11-01,1.830000,1.880000,1.550000,1.850000,1.850000,1536700
2013-11-04,1.830000,1.920000,1.710000,1.880000,1.880000,790500
2013-11-05,1.860000,1.890000,1.800000,1.820000,1.820000,218200
2013-11-06,1.800000,1.830000,1.650000,1.700000,1.700000,771700
2013-11-07,1.710000,1.790000,1.650000,1.720000,1.720000,387600
2013-11-08,1.680000,1.860000,1.660000,1.770000,1.770000,663200
2013-11-11,1.780000,1.880000,1.750000,1.850000,1.850000,975200
2013-11-12,1.850000,1.890000,1.720000,1.800000,1.800000,496200
2013-11-13,1.810000,1.890000,1.750000,1.860000,1.860000,484900
2013-11-14,1.880000,1.980000,1.760000,1.790000,1.790000,418700
2013-11-15,1.800000,2.250000,1.800000,2.070000,2.070000,2354700
2013-11-18,2.130000,2.170000,1.910000,1.960000,1.960000,733600
2013-11-19,1.940000,1.990000,1.850000,1.870000,1.870000,340000
2013-11-20,1.840000,1.980000,1.810000,1.880000,1.880000,437600
2013-11-21,1.870000,1.950000,1.810000,1.840000,1.840000,513900
2013-11-22,1.830000,1.940000,1.820000,1.930000,1.930000,406900
2013-11-25,1.930000,2.280000,1.930000,2.210000,2.210000,2249700
2013-11-26,2.230000,2.230000,2.060000,2.170000,2.170000,772600
2013-11-27,2.150000,2.170000,2.110000,2.150000,2.150000,257900
2013-11-29,2.130000,2.330000,2.110000,2.250000,2.250000,359700
2013-12-02,2.250000,2.250000,2.130000,2.160000,2.160000,418400
2013-12-03,2.190000,2.200000,1.980000,2.010000,2.010000,845000
2013-12-04,2.030000,2.470000,2.030000,2.450000,2.450000,1945000
2013-12-05,2.500000,2.870000,2.480000,2.600000,2.600000,4114500
2013-12-06,2.720000,2.730000,2.400000,2.490000,2.490000,785300
2013-12-09,2.500000,2.600000,2.270000,2.480000,2.480000,688000
2013-12-10,2.520000,2.680000,2.520000,2.560000,2.560000,1000400
2013-12-11,2.550000,2.820000,2.550000,2.730000,2.730000,1287000
2013-12-12,2.730000,3.450000,2.700000,3.270000,3.270000,5358500
2013-12-13,3.320000,3.370000,2.940000,3.090000,3.090000,2308100
2013-12-16,3.200000,3.450000,3.000000,3.040000,3.040000,1474800
2013-12-17,3.050000,3.500000,3.030000,3.500000,3.500000,2063200
2013-12-18,3.510000,3.630000,3.300000,3.440000,3.440000,2470400
2013-12-19,3.460000,3.570000,3.320000,3.400000,3.400000,948100
2013-12-20,3.390000,3.480000,3.110000,3.110000,3.110000,2084200
2013-12-23,3.160000,3.220000,3.060000,3.140000,3.140000,2218100
2013-12-24,3.140000,3.490000,3.120000,3.390000,3.390000,1198500
2013-12-26,3.390000,4.000000,3.380000,3.730000,3.730000,3019500
2013-12-27,3.680000,3.770000,3.520000,3.680000,3.680000,1138100
2013-12-30,3.690000,4.330000,3.600000,4.200000,4.200000,3591600
2013-12-31,4.220000,4.750000,4.120000,4.630000,4.630000,4117800
2014-01-02,4.550000,4.970000,4.390000,4.750000,4.750000,4043800
2014-01-03,4.800000,5.300000,4.600000,4.990000,4.990000,3686600
2014-01-06,5.060000,5.290000,4.850000,5.040000,5.040000,3357300
2014-01-07,5.040000,5.550000,4.870000,5.300000,5.300000,2676800
2014-01-08,5.330000,5.540000,4.540000,4.770000,4.770000,4085700
2014-01-09,4.870000,5.140000,4.410000,4.630000,4.630000,3523300
2014-01-10,4.630000,4.830000,3.860000,4.460000,4.460000,3878100
2014-01-13,4.400000,5.550000,4.290000,5.030000,5.030000,7768100
2014-01-14,5.040000,5.120000,4.760000,4.830000,4.830000,2877400
2014-01-15,4.840000,5.010000,4.370000,4.400000,4.400000,3069100
2014-01-16,4.420000,4.500000,4.270000,4.440000,4.440000,1307800
2014-01-17,4.470000,4.540000,4.320000,4.350000,4.350000,936400
2014-01-21,4.300000,4.350000,3.960000,4.140000,4.140000,2764900
2014-01-22,4.300000,4.690000,4.240000,4.400000,4.400000,4007000
2014-01-23,4.290000,4.350000,3.950000,4.140000,4.140000,2315600
2014-01-24,4.070000,4.220000,3.990000,4.020000,4.020000,1280900
2014-01-27,4.030000,4.130000,3.560000,3.710000,3.710000,2163800
2014-01-28,3.750000,4.040000,3.750000,3.980000,3.980000,1287100
2014-01-29,4.000000,4.350000,3.770000,4.030000,4.030000,1878100
2014-01-30,4.080000,4.250000,4.020000,4.120000,4.120000,1123200
2014-01-31,4.050000,4.730000,3.900000,4.640000,4.640000,3733800
2014-02-03,4.730000,4.940000,4.330000,4.480000,4.480000,2495200
2014-02-04,4.620000,4.680000,4.040000,4.200000,4.200000,1754000
2014-02-05,4.040000,4.590000,3.820000,4.560000,4.560000,5925600
2014-02-06,4.600000,5.150000,4.590000,4.840000,4.840000,5565400
2014-02-07,4.860000,5.260000,4.800000,5.140000,5.140000,3080700
2014-02-10,5.240000,5.500000,4.900000,4.930000,4.930000,4053800
2014-02-11,5.170000,5.170000,4.800000,4.880000,4.880000,1754600
2014-02-12,4.900000,4.940000,4.370000,4.440000,4.440000,3165600
2014-02-13,4.400000,4.440000,4.230000,4.400000,4.400000,1742700
2014-02-14,4.420000,4.610000,4.340000,4.400000,4.400000,1288000
2014-02-18,4.410000,4.780000,4.270000,4.780000,4.780000,1892400
2014-02-19,4.820000,4.870000,4.650000,4.840000,4.840000,1384900
2014-02-20,4.800000,5.200000,4.690000,5.200000,5.200000,2676700
2014-02-21,5.210000,6.090000,5.100000,6.000000,6.000000,8002000
2014-02-24,6.100000,6.500000,5.750000,6.180000,6.180000,6436400
2014-02-25,6.090000,6.190000,5.910000,6.190000,6.190000,2934800
2014-02-26,6.260000,6.750000,6.250000,6.340000,6.340000,3663000
2014-02-27,6.370000,6.440000,6.030000,6.210000,6.210000,2469200
2014-02-28,6.200000,6.200000,5.590000,5.790000,5.790000,3174600
2014-03-03,5.780000,5.900000,5.570000,5.650000,5.650000,2738600
2014-03-04,5.820000,6.010000,5.760000,5.790000,5.790000,1945500
2014-03-05,5.820000,6.000000,5.760000,5.790000,5.790000,1623900
2014-03-06,5.730000,5.820000,5.390000,5.630000,5.630000,1729400
2014-03-07,5.620000,5.850000,5.250000,5.780000,5.780000,3103200
2014-03-10,5.860000,6.250000,5.760000,5.820000,5.820000,2865000
2014-03-11,5.880000,6.130000,5.650000,5.760000,5.760000,1855400
2014-03-12,5.940000,6.040000,5.560000,5.910000,5.910000,3869600
2014-03-13,6.050000,6.080000,5.510000,5.610000,5.610000,3077900
2014-03-14,5.560000,5.820000,5.420000,5.700000,5.700000,1816900
2014-03-17,5.810000,6.100000,5.730000,6.060000,6.060000,3064300
2014-03-18,6.160000,6.870000,6.040000,6.590000,6.590000,7646500
2014-03-19,6.800000,6.860000,6.460000,6.590000,6.590000,2824100
2014-03-20,6.450000,6.730000,6.320000,6.480000,6.480000,2154400
2014-03-21,6.550000,6.630000,6.050000,6.080000,6.080000,3188900
2014-03-24,5.710000,5.980000,4.500000,4.790000,4.790000,11332400
2014-03-25,4.810000,5.020000,4.410000,4.520000,4.520000,5472400
2014-03-26,4.560000,4.640000,3.880000,4.190000,4.190000,7608700
2014-03-27,4.150000,4.220000,3.670000,3.880000,3.880000,6301000
2014-03-28,4.510000,4.800000,4.220000,4.570000,4.570000,19697100
2014-03-31,4.440000,4.500000,4.000000,4.080000,4.080000,6834000
2014-04-01,4.050000,4.420000,4.000000,4.410000,4.410000,3972100
2014-04-02,4.350000,4.500000,4.280000,4.330000,4.330000,2483300
2014-04-03,4.310000,4.330000,3.930000,4.020000,4.020000,3237900
2014-04-04,4.050000,4.070000,3.520000,3.710000,3.710000,4825500
2014-04-07,3.800000,3.850000,3.550000,3.620000,3.620000,2254200
2014-04-08,3.800000,3.850000,3.650000,3.770000,3.770000,2209500
2014-04-09,3.860000,3.880000,3.670000,3.840000,3.840000,1140000
2014-04-10,3.810000,3.840000,3.560000,3.610000,3.610000,1946400
2014-04-11,3.500000,3.770000,3.240000,3.280000,3.280000,2563100
2014-04-14,3.340000,3.570000,2.740000,2.830000,2.830000,5292900
2014-04-15,2.820000,2.920000,2.290000,2.660000,2.660000,4180100
2014-04-16,2.800000,3.030000,2.610000,2.940000,2.940000,2980000
2014-04-17,2.920000,3.090000,2.740000,2.770000,2.770000,3019700
2014-04-21,2.790000,2.870000,2.710000,2.840000,2.840000,1164100
2014-04-22,2.860000,3.480000,2.860000,3.320000,3.320000,4728400
2014-04-23,3.210000,3.350000,3.130000,3.310000,3.310000,2386500
2014-04-24,3.360000,3.680000,3.070000,3.290000,3.290000,3718200
2014-04-25,3.260000,3.330000,2.950000,2.980000,2.980000,2479500
2014-04-28,2.980000,3.050000,2.660000,2.830000,2.830000,3161900
2014-04-29,2.830000,2.980000,2.680000,2.900000,2.900000,1646200
2014-04-30,2.900000,2.930000,2.740000,2.840000,2.840000,1078400
2014-05-01,2.800000,3.040000,2.760000,2.980000,2.980000,1555900
2014-05-02,2.980000,3.010000,2.830000,2.900000,2.900000,956000
2014-05-05,2.810000,2.900000,2.760000,2.830000,2.830000,1459200
2014-05-06,2.820000,2.900000,2.660000,2.700000,2.700000,1272000
2014-05-07,2.730000,2.770000,2.450000,2.490000,2.490000,2096300
2014-05-08,2.730000,2.900000,2.440000,2.440000,2.440000,4852200
2014-05-09,2.430000,2.600000,2.340000,2.470000,2.470000,2244400
2014-05-12,2.460000,2.560000,2.440000,2.540000,2.540000,1677700
2014-05-13,2.410000,2.900000,2.410000,2.820000,2.820000,4339700
2014-05-14,2.720000,2.740000,2.600000,2.640000,2.640000,1671900
2014-05-15,2.620000,2.730000,2.500000,2.710000,2.710000,1634500
2014-05-16,2.690000,2.710000,2.520000,2.590000,2.590000,978200
2014-05-19,2.610000,2.760000,2.560000,2.670000,2.670000,1307400
2014-05-20,2.630000,2.720000,2.540000,2.580000,2.580000,767900
2014-05-21,2.580000,2.610000,2.430000,2.440000,2.440000,1498200
2014-05-22,2.470000,2.590000,2.380000,2.560000,2.560000,1622400
2014-05-23,2.570000,2.580000,2.440000,2.530000,2.530000,797500
2014-05-27,2.540000,2.800000,2.490000,2.620000,2.620000,2401100
2014-05-28,2.640000,2.980000,2.640000,2.940000,2.940000,2676400
2014-05-29,3.000000,3.140000,2.860000,3.100000,3.100000,1860300
2014-05-30,3.130000,3.250000,2.860000,2.900000,2.900000,2117800
2014-06-02,2.940000,2.940000,2.780000,2.900000,2.900000,1178500
2014-06-03,2.870000,2.880000,2.750000,2.840000,2.840000,1081800
2014-06-04,2.790000,2.860000,2.680000,2.720000,2.720000,857500
2014-06-05,2.750000,3.190000,2.740000,3.070000,3.070000,3084800
2014-06-06,3.050000,3.150000,2.960000,3.050000,3.050000,1759100
2014-06-09,3.040000,3.330000,3.000000,3.250000,3.250000,2400900
2014-06-10,3.260000,3.490000,3.250000,3.470000,3.470000,1913000
2014-06-11,3.400000,3.410000,3.200000,3.330000,3.330000,1726300
2014-06-12,3.290000,3.370000,3.210000,3.240000,3.240000,1092700
2014-06-13,3.280000,3.280000,3.050000,3.080000,3.080000,1299500
2014-06-16,3.090000,3.230000,2.960000,3.050000,3.050000,1732600
2014-06-17,3.030000,3.250000,2.880000,3.210000,3.210000,1683200
2014-06-18,3.220000,3.250000,3.030000,3.140000,3.140000,1094700
2014-06-19,3.160000,3.280000,2.960000,3.030000,3.030000,1683400
2014-06-20,3.060000,3.110000,2.900000,3.080000,3.080000,1447100
2014-06-23,3.100000,3.120000,3.000000,3.040000,3.040000,955900
2014-06-24,3.070000,3.100000,2.960000,3.020000,3.020000,1069000
2014-06-25,3.030000,3.150000,3.010000,3.060000,3.060000,1544200
2014-06-26,3.040000,3.200000,3.020000,3.160000,3.160000,1585000
2014-06-27,3.170000,3.320000,2.980000,3.050000,3.050000,10829700
2014-06-30,3.070000,3.100000,2.880000,2.900000,2.900000,2094700
2014-07-01,2.910000,2.930000,2.800000,2.830000,2.830000,2281700
2014-07-02,2.840000,2.970000,2.800000,2.860000,2.860000,1596600
2014-07-03,2.900000,2.980000,2.820000,2.930000,2.930000,608100
2014-07-07,2.930000,2.950000,2.780000,2.790000,2.790000,1327700
2014-07-08,2.800000,2.810000,2.630000,2.660000,2.660000,1815400
2014-07-09,2.690000,2.770000,2.580000,2.670000,2.670000,1003700
2014-07-10,2.580000,2.710000,2.520000,2.620000,2.620000,1041600
2014-07-11,2.650000,2.880000,2.620000,2.850000,2.850000,1359200
2014-07-14,2.880000,3.010000,2.810000,2.880000,2.880000,1904900
2014-07-15,2.860000,3.000000,2.620000,2.660000,2.660000,2694800
2014-07-16,2.670000,2.740000,2.580000,2.640000,2.640000,1063700
2014-07-17,2.610000,2.680000,2.520000,2.540000,2.540000,1696000
2014-07-18,2.530000,2.780000,2.500000,2.750000,2.750000,1304700
2014-07-21,2.700000,2.800000,2.650000,2.660000,2.660000,811700
2014-07-22,2.690000,2.870000,2.660000,2.730000,2.730000,1590500
2014-07-23,2.750000,2.860000,2.700000,2.760000,2.760000,872800
2014-07-24,2.780000,2.850000,2.710000,2.750000,2.750000,616300
2014-07-25,2.740000,2.740000,2.610000,2.640000,2.640000,839900
2014-07-28,2.630000,2.630000,2.510000,2.560000,2.560000,855100
2014-07-29,2.570000,2.680000,2.560000,2.640000,2.640000,668500
2014-07-30,2.680000,2.730000,2.550000,2.640000,2.640000,833300
2014-07-31,2.590000,2.670000,2.510000,2.530000,2.530000,1143900
2014-08-01,2.520000,2.570000,2.380000,2.440000,2.440000,2206300
2014-08-04,2.440000,2.550000,2.430000,2.530000,2.530000,543500
2014-08-05,2.490000,2.620000,2.450000,2.620000,2.620000,763400
2014-08-06,2.550000,2.680000,2.530000,2.540000,2.540000,417600
2014-08-07,2.590000,2.650000,2.550000,2.590000,2.590000,435500
2014-08-08,2.590000,2.750000,2.560000,2.750000,2.750000,926400
2014-08-11,2.780000,2.910000,2.730000,2.870000,2.870000,1375900
2014-08-12,2.840000,2.840000,2.670000,2.740000,2.740000,794700
2014-08-13,2.730000,2.800000,2.700000,2.800000,2.800000,516800
2014-08-14,2.770000,2.800000,2.650000,2.720000,2.720000,1136400
2014-08-15,2.750000,2.760000,2.590000,2.640000,2.640000,738800
2014-08-18,2.650000,2.670000,2.480000,2.530000,2.530000,1491800
2014-08-19,2.490000,2.620000,2.490000,2.560000,2.560000,541700
2014-08-20,2.540000,2.600000,2.520000,2.570000,2.570000,609300
2014-08-21,2.560000,2.690000,2.520000,2.690000,2.690000,787000
2014-08-22,2.660000,2.690000,2.580000,2.640000,2.640000,474000
2014-08-25,2.670000,2.680000,2.560000,2.650000,2.650000,613700
2014-08-26,2.700000,2.910000,2.680000,2.900000,2.900000,1693200
2014-08-27,2.920000,2.970000,2.820000,2.880000,2.880000,886400
2014-08-28,2.850000,2.950000,2.830000,2.920000,2.920000,716500
2014-08-29,2.930000,2.960000,2.840000,2.890000,2.890000,434200
2014-09-02,2.900000,2.900000,2.630000,2.700000,2.700000,1320200
2014-09-03,2.700000,2.700000,2.580000,2.610000,2.610000,2196400
2014-09-04,2.600000,2.630000,2.560000,2.590000,2.590000,701600
2014-09-05,2.590000,2.800000,2.550000,2.690000,2.690000,1122400
2014-09-08,2.660000,2.790000,2.650000,2.760000,2.760000,671500
2014-09-09,2.760000,2.760000,2.630000,2.640000,2.640000,683000
2014-09-10,2.650000,2.690000,2.600000,2.670000,2.670000,752900
2014-09-11,2.640000,2.750000,2.640000,2.730000,2.730000,509000
2014-09-12,2.720000,2.750000,2.630000,2.640000,2.640000,560600
2014-09-15,2.650000,2.690000,2.540000,2.580000,2.580000,662000
2014-09-16,2.580000,2.600000,2.520000,2.550000,2.550000,519300
2014-09-17,2.550000,2.610000,2.530000,2.570000,2.570000,345800
2014-09-18,2.570000,2.600000,2.500000,2.540000,2.540000,453900
2014-09-19,2.540000,2.580000,2.440000,2.460000,2.460000,797800
2014-09-22,2.430000,2.470000,2.380000,2.400000,2.400000,578400
2014-09-23,2.370000,2.420000,2.300000,2.400000,2.400000,759400
2014-09-24,2.400000,2.540000,2.390000,2.490000,2.490000,602600
2014-09-25,2.490000,2.500000,2.350000,2.400000,2.400000,453100
2014-09-26,2.420000,2.450000,2.360000,2.380000,2.380000,315800
2014-09-29,2.340000,2.400000,2.280000,2.370000,2.370000,453300
2014-09-30,2.360000,2.380000,2.290000,2.290000,2.290000,535300
2014-10-01,2.310000,2.310000,2.150000,2.160000,2.160000,793300
2014-10-02,2.160000,2.200000,2.000000,2.110000,2.110000,1119500
2014-10-03,2.170000,2.280000,2.110000,2.190000,2.190000,643000
2014-10-06,2.230000,2.240000,2.100000,2.100000,2.100000,422600
2014-10-07,2.090000,2.140000,1.970000,1.980000,1.980000,770400
2014-10-08,1.980000,2.140000,1.960000,2.140000,2.140000,730500
2014-10-09,2.120000,2.120000,1.990000,2.010000,2.010000,395700
2014-10-10,1.970000,2.110000,1.940000,1.960000,1.960000,634800
2014-10-13,1.940000,2.130000,1.940000,2.060000,2.060000,515800
2014-10-14,2.090000,2.600000,1.960000,2.160000,2.160000,3211000
2014-10-15,2.070000,2.220000,2.000000,2.200000,2.200000,865500
2014-10-16,2.170000,2.410000,2.150000,2.350000,2.350000,820200
2014-10-17,2.400000,2.410000,2.260000,2.320000,2.320000,705100
2014-10-20,2.290000,2.380000,2.260000,2.300000,2.300000,343100
2014-10-21,2.340000,2.390000,2.260000,2.380000,2.380000,662900
2014-10-22,2.390000,2.480000,2.320000,2.450000,2.450000,719300
2014-10-23,2.480000,2.600000,2.450000,2.490000,2.490000,859400
2014-10-24,2.500000,2.550000,2.440000,2.460000,2.460000,406400
2014-10-27,2.440000,2.530000,2.360000,2.510000,2.510000,378600
2014-10-28,2.520000,2.650000,2.480000,2.620000,2.620000,693000
2014-10-29,2.610000,2.640000,2.550000,2.610000,2.610000,347100
2014-10-30,2.600000,2.650000,2.560000,2.620000,2.620000,398700
2014-10-31,2.690000,2.720000,2.550000,2.550000,2.550000,697200
2014-11-03,2.550000,2.590000,2.390000,2.490000,2.490000,950800
2014-11-04,2.480000,2.560000,2.390000,2.440000,2.440000,453200
2014-11-05,2.450000,2.490000,2.310000,2.350000,2.350000,495700
2014-11-06,2.330000,2.580000,2.330000,2.490000,2.490000,919200
2014-11-07,2.600000,2.600000,2.300000,2.430000,2.430000,1076300
2014-11-10,2.450000,2.550000,2.340000,2.530000,2.530000,445300
2014-11-11,2.510000,2.610000,2.510000,2.580000,2.580000,369400
2014-11-12,2.540000,2.590000,2.450000,2.560000,2.560000,341700
2014-11-13,2.570000,2.590000,2.420000,2.450000,2.450000,662700
2014-11-14,2.440000,2.500000,2.380000,2.450000,2.450000,370700
2014-11-17,2.460000,2.480000,2.350000,2.380000,2.380000,362000
2014-11-18,2.400000,2.520000,2.390000,2.480000,2.480000,352700
2014-11-19,2.450000,2.580000,2.450000,2.550000,2.550000,370300
2014-11-20,2.550000,2.600000,2.500000,2.500000,2.500000,370400
2014-11-21,2.550000,2.550000,2.450000,2.510000,2.510000,557500
2014-11-24,2.540000,2.600000,2.490000,2.590000,2.590000,756500
2014-11-25,2.590000,2.820000,2.550000,2.800000,2.800000,1356300
2014-11-26,2.850000,3.150000,2.850000,3.000000,3.000000,3896200
2014-11-28,2.980000,3.280000,2.970000,3.110000,3.110000,1521700
2014-12-01,3.240000,3.290000,3.090000,3.120000,3.120000,1555900
2014-12-02,3.290000,3.740000,3.240000,3.580000,3.580000,5265700
2014-12-03,3.770000,4.160000,3.640000,4.070000,4.070000,6701200
2014-12-04,4.000000,4.340000,3.850000,4.060000,4.060000,5312000
2014-12-05,4.070000,4.350000,3.960000,4.040000,4.040000,4436000
2014-12-08,3.920000,4.440000,3.800000,4.410000,4.410000,4743500
2014-12-09,4.420000,4.450000,4.050000,4.160000,4.160000,5165000
2014-12-10,4.100000,4.180000,3.930000,3.970000,3.970000,2334000
2014-12-11,4.000000,4.200000,3.840000,3.870000,3.870000,2728600
2014-12-12,3.800000,4.080000,3.610000,3.840000,3.840000,2685900
2014-12-15,3.780000,3.870000,3.430000,3.460000,3.460000,2606600
2014-12-16,3.520000,3.820000,3.520000,3.590000,3.590000,2165600
2014-12-17,3.790000,3.940000,3.690000,3.890000,3.890000,1719700
2014-12-18,3.960000,4.250000,3.960000,4.170000,4.170000,2066000
2014-12-19,4.200000,4.220000,4.010000,4.120000,4.120000,2202100
2014-12-22,4.010000,4.150000,3.930000,4.050000,4.050000,958600
2014-12-23,4.020000,4.120000,3.750000,3.870000,3.870000,1641700
2014-12-24,3.870000,4.000000,3.810000,3.890000,3.890000,431800
2014-12-26,3.930000,4.080000,3.860000,3.990000,3.990000,711200
2014-12-29,4.010000,4.710000,3.870000,4.500000,4.500000,4945100
2014-12-30,4.550000,4.780000,4.320000,4.370000,4.370000,3772200
2014-12-31,4.380000,4.580000,4.340000,4.410000,4.410000,1641900
2015-01-02,4.450000,5.150000,4.420000,4.900000,4.900000,3991100
2015-01-05,4.960000,5.190000,4.750000,4.910000,4.910000,3582400
2015-01-06,4.940000,5.030000,4.620000,4.690000,4.690000,2236400
2015-01-07,4.670000,4.940000,4.480000,4.750000,4.750000,1514000
2015-01-08,4.700000,4.980000,4.580000,4.960000,4.960000,2470000
2015-01-09,4.980000,5.100000,4.810000,4.970000,4.970000,1069500
2015-01-12,5.000000,5.420000,4.870000,5.370000,5.370000,3173200
2015-01-13,5.210000,5.480000,4.910000,5.140000,5.140000,3132000
2015-01-14,4.960000,5.360000,4.910000,5.290000,5.290000,1897300
2015-01-15,5.280000,5.290000,4.700000,4.820000,4.820000,2344100
2015-01-16,4.820000,4.850000,4.560000,4.690000,4.690000,2290600
2015-01-20,4.710000,4.820000,4.500000,4.740000,4.740000,1285800
2015-01-21,4.710000,4.780000,4.420000,4.550000,4.550000,1496000
2015-01-22,4.590000,4.610000,4.330000,4.600000,4.600000,1133700
2015-01-23,4.600000,4.660000,4.400000,4.510000,4.510000,677100
2015-01-26,4.410000,4.700000,4.410000,4.670000,4.670000,1348000
2015-01-27,4.590000,4.950000,4.590000,4.810000,4.810000,1159400
2015-01-28,4.860000,4.900000,4.550000,4.590000,4.590000,1085700
2015-01-29,4.610000,4.710000,4.490000,4.700000,4.700000,730000
2015-01-30,4.660000,4.790000,4.510000,4.520000,4.520000,1087300
2015-02-02,4.530000,4.600000,4.120000,4.210000,4.210000,2212900
2015-02-03,4.210000,4.310000,3.820000,4.090000,4.090000,2122800
2015-02-04,4.030000,4.310000,3.890000,4.200000,4.200000,1226400
2015-02-05,4.190000,4.320000,4.100000,4.230000,4.230000,1218700
2015-02-06,4.220000,4.310000,4.010000,4.020000,4.020000,1332200
2015-02-09,4.010000,4.100000,3.960000,4.050000,4.050000,1015800
2015-02-10,3.890000,4.080000,3.760000,4.010000,4.010000,1651800
2015-02-11,4.020000,4.430000,3.990000,4.260000,4.260000,1423200
2015-02-12,4.290000,4.420000,4.150000,4.240000,4.240000,1307100
2015-02-13,3.910000,4.130000,3.880000,4.100000,4.100000,11041700
2015-02-17,4.240000,4.540000,4.140000,4.390000,4.390000,3311600
2015-02-18,4.410000,4.540000,4.290000,4.530000,4.530000,1467000
2015-02-19,4.490000,4.600000,4.390000,4.500000,4.500000,1484200
2015-02-20,4.510000,4.840000,4.460000,4.660000,4.660000,2482800
2015-02-23,4.690000,5.000000,4.660000,4.830000,4.830000,2730400
2015-02-24,4.860000,4.950000,4.710000,4.780000,4.780000,1617600
2015-02-25,4.810000,5.010000,4.750000,4.890000,4.890000,2415800
2015-02-26,4.860000,5.240000,4.850000,5.140000,5.140000,2322100
2015-02-27,5.150000,5.180000,4.870000,4.870000,4.870000,4556800
2015-03-02,4.920000,4.950000,4.710000,4.840000,4.840000,2009200
2015-03-03,4.810000,4.830000,4.550000,4.630000,4.630000,1570800
2015-03-04,4.620000,4.780000,4.510000,4.750000,4.750000,1364800
2015-03-05,4.770000,4.920000,4.710000,4.890000,4.890000,1519200
2015-03-06,4.860000,4.870000,4.560000,4.680000,4.680000,1815200
2015-03-09,4.720000,4.780000,4.570000,4.740000,4.740000,1536700
2015-03-10,4.640000,4.750000,4.570000,4.670000,4.670000,1274900
2015-03-11,4.700000,4.700000,4.300000,4.450000,4.450000,2319300
2015-03-12,4.300000,4.440000,4.070000,4.240000,4.240000,2765600
2015-03-13,4.210000,4.280000,4.020000,4.150000,4.150000,1731400
2015-03-16,4.200000,4.380000,4.140000,4.360000,4.360000,2349300
2015-03-17,4.340000,4.500000,4.250000,4.480000,4.480000,1523700
2015-03-18,4.440000,4.570000,4.340000,4.430000,4.430000,1124700
2015-03-19,4.450000,4.570000,4.310000,4.430000,4.430000,1406600
2015-03-20,4.450000,4.540000,4.170000,4.180000,4.180000,8453300
2015-03-23,4.110000,4.150000,3.880000,3.970000,3.970000,2336500
2015-03-24,4.020000,4.140000,3.960000,3.980000,3.980000,1359100
2015-03-25,3.980000,4.020000,3.430000,3.510000,3.510000,5494400
2015-03-26,3.450000,3.640000,3.330000,3.490000,3.490000,2560800
2015-03-27,3.470000,3.550000,3.250000,3.430000,3.430000,2765000
2015-03-30,3.430000,3.610000,3.430000,3.570000,3.570000,1339500
2015-03-31,3.520000,3.820000,3.450000,3.710000,3.710000,3350500
2015-04-01,3.810000,3.840000,3.450000,3.520000,3.520000,2835400
2015-04-02,3.510000,3.600000,3.390000,3.550000,3.550000,1521800
2015-04-06,3.520000,3.620000,3.450000,3.470000,3.470000,873400
2015-04-07,3.470000,3.740000,3.460000,3.640000,3.640000,1381900
2015-04-08,3.660000,3.830000,3.630000,3.740000,3.740000,1163600
2015-04-09,3.760000,3.790000,3.550000,3.710000,3.710000,1127400
2015-04-10,3.700000,3.890000,3.660000,3.790000,3.790000,1195400
2015-04-13,3.800000,3.920000,3.760000,3.860000,3.860000,730100
2015-04-14,3.870000,3.880000,3.660000,3.680000,3.680000,1305500
2015-04-15,3.690000,3.850000,3.690000,3.700000,3.700000,1112000
2015-04-16,3.680000,3.770000,3.550000,3.590000,3.590000,1208100
2015-04-17,3.550000,3.580000,3.350000,3.450000,3.450000,1916100
2015-04-20,3.490000,3.610000,3.360000,3.560000,3.560000,1285900
2015-04-21,3.590000,3.640000,3.370000,3.380000,3.380000,1829400
2015-04-22,3.390000,3.420000,3.310000,3.360000,3.360000,1005400
2015-04-23,3.340000,3.490000,3.240000,3.440000,3.440000,1249400
2015-04-24,3.430000,3.470000,3.320000,3.320000,3.320000,1010100
2015-04-27,3.340000,3.390000,3.000000,3.050000,3.050000,2806200
2015-04-28,3.050000,3.130000,2.850000,3.010000,3.010000,2356700
2015-04-29,2.960000,3.040000,2.820000,2.870000,2.870000,1730100
2015-04-30,2.880000,2.960000,2.710000,2.810000,2.810000,1979000
2015-05-01,2.820000,2.920000,2.770000,2.910000,2.910000,1118800
2015-05-04,2.910000,2.990000,2.750000,2.800000,2.800000,1866300
2015-05-05,2.800000,2.810000,2.650000,2.730000,2.730000,1379400
2015-05-06,2.760000,2.910000,2.690000,2.810000,2.810000,1825700
2015-05-07,2.830000,2.930000,2.700000,2.750000,2.750000,1541600
2015-05-08,2.800000,2.830000,2.710000,2.770000,2.770000,1243800
2015-05-11,2.800000,3.090000,2.760000,3.050000,3.050000,2853900
2015-05-12,2.900000,3.080000,2.900000,3.020000,3.020000,1758000
2015-05-13,3.020000,3.080000,2.780000,2.800000,2.800000,2255300
2015-05-14,2.810000,2.990000,2.720000,2.950000,2.950000,2031300
2015-05-15,2.910000,3.000000,2.860000,2.990000,2.990000,1216700
2015-05-18,3.010000,3.430000,2.980000,3.360000,3.360000,3173400
2015-05-19,3.360000,3.450000,3.100000,3.120000,3.120000,1945600
2015-05-20,3.140000,3.220000,3.110000,3.130000,3.130000,1835000
2015-05-21,3.150000,3.190000,3.030000,3.040000,3.040000,1097900
2015-05-22,3.070000,3.170000,3.000000,3.130000,3.130000,1060600
2015-05-26,3.100000,3.140000,2.980000,3.130000,3.130000,1548000
2015-05-27,3.160000,3.500000,3.110000,3.490000,3.490000,2756200
2015-05-28,3.540000,3.620000,3.430000,3.600000,3.600000,2262600
2015-05-29,3.610000,3.850000,3.540000,3.840000,3.840000,2507200
2015-06-01,3.860000,3.890000,3.540000,3.580000,3.580000,2783600
2015-06-02,3.590000,3.640000,3.410000,3.610000,3.610000,1704600
2015-06-03,3.650000,3.650000,3.470000,3.520000,3.520000,1274000
2015-06-04,3.520000,3.620000,3.400000,3.490000,3.490000,1265500
2015-06-05,3.500000,3.640000,3.450000,3.590000,3.590000,916000
2015-06-08,3.650000,3.700000,3.510000,3.590000,3.590000,1307200
2015-06-09,3.600000,3.610000,3.420000,3.450000,3.450000,1166500
2015-06-10,3.430000,3.530000,3.360000,3.430000,3.430000,995400
2015-06-11,3.430000,3.620000,3.420000,3.590000,3.590000,1439500
2015-06-12,3.590000,3.640000,3.480000,3.570000,3.570000,1080000
2015-06-15,3.760000,3.910000,3.670000,3.720000,3.720000,4292100
2015-06-16,3.700000,3.720000,3.530000,3.580000,3.580000,1397600
2015-06-17,3.620000,3.720000,3.590000,3.710000,3.710000,1436400
2015-06-18,3.720000,3.840000,3.710000,3.800000,3.800000,1759800
2015-06-19,3.820000,3.840000,3.700000,3.720000,3.720000,2429800
2015-06-22,3.750000,3.800000,3.640000,3.760000,3.760000,1588000
2015-06-23,3.780000,3.810000,3.570000,3.600000,3.600000,1709700
2015-06-24,3.600000,3.620000,3.460000,3.510000,3.510000,1476600
2015-06-25,3.500000,3.580000,3.330000,3.360000,3.360000,1879400
2015-06-26,3.400000,3.570000,3.290000,3.560000,3.560000,2102300
2015-06-29,3.450000,3.560000,3.370000,3.440000,3.440000,1504800
2015-06-30,3.460000,3.740000,3.440000,3.710000,3.710000,1674400
2015-07-01,3.750000,3.750000,3.540000,3.660000,3.660000,2078200
2015-07-02,3.660000,3.680000,3.520000,3.650000,3.650000,919700
2015-07-06,3.580000,3.750000,3.550000,3.720000,3.720000,1120500
2015-07-07,3.690000,3.740000,3.570000,3.730000,3.730000,1894200
2015-07-08,3.690000,3.690000,3.400000,3.430000,3.430000,1676500
2015-07-09,3.480000,3.520000,3.340000,3.440000,3.440000,1277200
2015-07-10,3.510000,3.540000,3.410000,3.490000,3.490000,755500
2015-07-13,3.530000,3.590000,3.470000,3.550000,3.550000,896000
2015-07-14,3.510000,3.690000,3.490000,3.500000,3.500000,1500200
2015-07-15,3.550000,3.560000,3.430000,3.510000,3.510000,1278800
2015-07-16,3.520000,3.600000,3.470000,3.550000,3.550000,1204900
2015-07-17,3.560000,3.560000,3.400000,3.450000,3.450000,1218400
2015-07-20,3.440000,3.510000,3.360000,3.490000,3.490000,1070500
2015-07-21,3.480000,3.750000,3.450000,3.630000,3.630000,1945800
2015-07-22,3.600000,3.840000,3.550000,3.750000,3.750000,1796500
2015-07-23,3.790000,4.160000,3.750000,3.950000,3.950000,4299500
2015-07-24,3.950000,4.040000,3.650000,3.760000,3.760000,3153500
2015-07-27,3.770000,3.800000,3.510000,3.590000,3.590000,1898400
2015-07-28,3.600000,3.700000,3.510000,3.610000,3.610000,1353500
2015-07-29,3.650000,3.700000,3.410000,3.440000,3.440000,1867200
2015-07-30,3.450000,3.500000,3.340000,3.450000,3.450000,1091600
2015-07-31,3.460000,3.610000,3.430000,3.580000,3.580000,966800
2015-08-03,3.610000,3.680000,3.460000,3.510000,3.510000,967800
2015-08-04,3.520000,3.550000,3.410000,3.490000,3.490000,1053100
2015-08-05,3.530000,3.560000,3.300000,3.320000,3.320000,1195200
2015-08-06,3.320000,3.370000,2.960000,3.050000,3.050000,2306400
2015-08-07,2.980000,3.120000,2.800000,2.810000,2.810000,2341700
2015-08-10,2.830000,2.900000,2.740000,2.770000,2.770000,1899400
2015-08-11,2.790000,2.920000,2.700000,2.710000,2.710000,1662600
2015-08-12,2.700000,2.870000,2.670000,2.740000,2.740000,2670500
2015-08-13,2.760000,2.770000,2.670000,2.690000,2.690000,996700
2015-08-14,2.690000,2.820000,2.580000,2.650000,2.650000,1559400
2015-08-17,2.650000,2.780000,2.570000,2.780000,2.780000,1271300
2015-08-18,2.780000,2.800000,2.610000,2.620000,2.620000,1241500
2015-08-19,2.620000,2.660000,2.530000,2.550000,2.550000,1650800
2015-08-20,2.530000,2.630000,2.430000,2.430000,2.430000,2733600
2015-08-21,2.400000,2.650000,2.330000,2.540000,2.540000,1841600
2015-08-24,2.280000,2.540000,2.270000,2.540000,2.540000,1784500
2015-08-25,2.660000,2.750000,2.550000,2.690000,2.690000,1932900
2015-08-26,2.780000,2.830000,2.600000,2.830000,2.830000,1678900
2015-08-27,2.850000,2.940000,2.780000,2.890000,2.890000,2373300
2015-08-28,2.850000,2.970000,2.820000,2.920000,2.920000,805600
2015-08-31,2.920000,3.200000,2.900000,3.020000,3.020000,2534700
2015-09-01,2.950000,2.980000,2.750000,2.790000,2.790000,1623100
2015-09-02,2.850000,2.980000,2.790000,2.960000,2.960000,1050900
2015-09-03,2.930000,3.100000,2.900000,2.900000,2.900000,1340000
2015-09-04,2.840000,2.920000,2.750000,2.800000,2.800000,890700
2015-09-08,2.890000,3.030000,2.820000,3.020000,3.020000,1006300
2015-09-09,3.140000,3.150000,2.960000,2.980000,2.980000,1437500
2015-09-10,2.910000,3.090000,2.910000,3.080000,3.080000,1257500
2015-09-11,3.030000,3.420000,3.030000,3.340000,3.340000,1719100
2015-09-14,3.340000,3.450000,3.300000,3.430000,3.430000,921800
2015-09-15,3.450000,3.600000,3.390000,3.570000,3.570000,1244700
2015-09-16,3.650000,3.720000,3.200000,3.220000,3.220000,1862100
2015-09-17,3.090000,3.540000,3.090000,3.480000,3.480000,1232600
2015-09-18,3.440000,3.830000,3.350000,3.780000,3.780000,10395600
2015-09-21,3.890000,3.890000,3.330000,3.430000,3.430000,2842300
2015-09-22,3.290000,3.800000,3.290000,3.790000,3.790000,2052700
2015-09-23,3.740000,3.860000,3.560000,3.840000,3.840000,1917400
2015-09-24,3.760000,3.860000,3.700000,3.850000,3.850000,1231700
2015-09-25,3.860000,3.920000,3.510000,3.550000,3.550000,1545600
2015-09-28,3.550000,3.620000,3.260000,3.350000,3.350000,2080700
2015-09-29,3.340000,3.560000,3.200000,3.300000,3.300000,2651900
2015-09-30,3.390000,3.470000,3.260000,3.350000,3.350000,1853700
2015-10-01,3.280000,3.390000,3.000000,3.060000,3.060000,1573300
2015-10-02,2.990000,3.140000,2.950000,3.020000,3.020000,1378000
2015-10-05,3.050000,3.220000,2.770000,2.820000,2.820000,2266200
2015-10-06,2.830000,2.940000,2.650000,2.790000,2.790000,1420600
2015-10-07,2.820000,2.970000,2.670000,2.950000,2.950000,1062200
2015-10-08,2.910000,2.960000,2.770000,2.930000,2.930000,744300
2015-10-09,2.930000,3.050000,2.900000,3.030000,3.030000,699200
2015-10-12,3.060000,3.150000,3.000000,3.070000,3.070000,847200
2015-10-13,3.020000,3.130000,2.850000,2.870000,2.870000,1240200
2015-10-14,2.870000,2.990000,2.810000,2.840000,2.840000,712400
2015-10-15,2.820000,3.280000,2.820000,3.230000,3.230000,1963800
2015-10-16,3.250000,3.330000,3.060000,3.120000,3.120000,693000
2015-10-19,3.090000,3.280000,3.020000,3.160000,3.160000,799700
2015-10-20,3.170000,3.170000,3.010000,3.040000,3.040000,534400
2015-10-21,3.080000,3.200000,2.940000,3.130000,3.130000,726100
2015-10-22,3.140000,3.190000,2.900000,3.010000,3.010000,932200
2015-10-23,3.050000,3.090000,2.850000,2.900000,2.900000,1004500
2015-10-26,2.900000,2.930000,2.740000,2.800000,2.800000,2547600
2015-10-27,2.790000,2.860000,2.750000,2.800000,2.800000,811300
2015-10-28,2.810000,2.940000,2.750000,2.860000,2.860000,992500
2015-10-29,2.860000,2.930000,2.750000,2.770000,2.770000,970400
2015-10-30,2.790000,2.840000,2.740000,2.760000,2.760000,856300
2015-11-02,2.770000,3.120000,2.770000,3.110000,3.110000,1279800
2015-11-03,3.090000,3.240000,3.040000,3.070000,3.070000,1115900
2015-11-04,3.080000,3.300000,3.010000,3.290000,3.290000,935400
2015-11-05,3.270000,3.280000,3.050000,3.180000,3.180000,1556800
2015-11-06,3.160000,3.370000,3.160000,3.360000,3.360000,1413000
2015-11-09,3.360000,3.630000,3.330000,3.560000,3.560000,1732500
2015-11-10,3.540000,3.670000,3.440000,3.590000,3.590000,961700
2015-11-11,3.610000,3.650000,3.500000,3.520000,3.520000,696700
2015-11-12,3.500000,3.600000,3.340000,3.410000,3.410000,1113300
2015-11-13,3.400000,3.570000,3.380000,3.480000,3.480000,649000
2015-11-16,3.470000,3.580000,3.360000,3.420000,3.420000,925500
2015-11-17,3.380000,3.430000,3.150000,3.230000,3.230000,1147400
2015-11-18,3.220000,3.370000,3.200000,3.260000,3.260000,858800
2015-11-19,3.260000,3.340000,3.130000,3.200000,3.200000,586800
2015-11-20,3.230000,3.260000,3.160000,3.190000,3.190000,549200
2015-11-23,3.340000,3.530000,3.230000,3.430000,3.430000,1487700
2015-11-24,3.400000,3.590000,3.350000,3.520000,3.520000,762400
2015-11-25,3.520000,3.550000,3.440000,3.470000,3.470000,750400
2015-11-27,3.530000,3.700000,3.450000,3.680000,3.680000,1327200
2015-11-30,3.750000,4.090000,3.730000,3.880000,3.880000,3148500
2015-12-01,3.900000,3.970000,3.690000,3.830000,3.830000,1607800
2015-12-02,3.800000,3.990000,3.750000,3.890000,3.890000,914900
2015-12-03,3.850000,3.890000,3.600000,3.660000,3.660000,1697700
2015-12-04,3.610000,3.860000,3.510000,3.800000,3.800000,1805500
2015-12-07,3.930000,4.400000,3.880000,4.320000,4.320000,6985700
2015-12-08,4.220000,4.420000,4.160000,4.280000,4.280000,2349000
2015-12-09,4.220000,4.280000,3.970000,4.090000,4.090000,1606400
2015-12-10,4.110000,4.140000,3.950000,3.980000,3.980000,1057100
2015-12-11,3.910000,4.000000,3.500000,3.670000,3.670000,4913600
2015-12-14,3.550000,3.730000,3.380000,3.400000,3.400000,1652000
2015-12-15,3.450000,3.490000,3.330000,3.390000,3.390000,1265700
2015-12-16,3.410000,3.430000,3.250000,3.280000,3.280000,1508700
2015-12-17,3.260000,3.460000,3.260000,3.340000,3.340000,1122400
2015-12-18,3.260000,3.520000,3.260000,3.330000,3.330000,1200700
2015-12-21,3.390000,3.480000,3.220000,3.290000,3.290000,873500
2015-12-22,3.330000,3.410000,3.240000,3.300000,3.300000,667800
2015-12-23,3.310000,3.410000,3.220000,3.240000,3.240000,1372500
2015-12-24,3.250000,3.290000,3.170000,3.240000,3.240000,557000
2015-12-28,3.240000,3.300000,3.110000,3.120000,3.120000,797900
2015-12-29,3.130000,3.310000,3.020000,3.260000,3.260000,1322900
2015-12-30,3.220000,3.280000,3.110000,3.130000,3.130000,935200
2015-12-31,3.150000,3.230000,3.060000,3.090000,3.090000,1135300
2016-01-04,3.030000,3.100000,2.900000,3.000000,3.000000,1367300
2016-01-05,3.010000,3.090000,2.810000,2.880000,2.880000,1359400
2016-01-06,2.960000,2.970000,2.740000,2.880000,2.880000,1786200
2016-01-07,2.800000,2.820000,2.630000,2.630000,2.630000,1544100
2016-01-08,2.700000,2.850000,2.510000,2.520000,2.520000,1687000
2016-01-11,2.590000,2.630000,2.100000,2.220000,2.220000,2185600
2016-01-12,2.230000,2.320000,1.970000,2.100000,2.100000,2224900
2016-01-13,2.150000,2.250000,1.980000,2.100000,2.100000,1622700
2016-01-14,2.150000,2.200000,1.950000,2.170000,2.170000,1698500
2016-01-15,2.120000,2.120000,1.930000,1.980000,1.980000,2461800
2016-01-19,1.990000,2.080000,1.750000,1.790000,1.790000,1961000
2016-01-20,1.720000,1.920000,1.500000,1.920000,1.920000,1911600
2016-01-21,1.930000,2.020000,1.810000,1.880000,1.880000,1110900
2016-01-22,1.940000,1.990000,1.680000,1.740000,1.740000,2531900
2016-01-25,1.750000,1.830000,1.700000,1.770000,1.770000,1024400
2016-01-26,1.790000,1.820000,1.630000,1.760000,1.760000,590500
2016-01-27,1.760000,1.870000,1.740000,1.770000,1.770000,1068300
2016-01-28,1.770000,1.900000,1.690000,1.810000,1.810000,1771700
2016-01-29,1.830000,1.980000,1.790000,1.940000,1.940000,1965600
2016-02-01,1.940000,2.020000,1.880000,1.930000,1.930000,1080100
2016-02-02,1.920000,1.950000,1.770000,1.800000,1.800000,1393100
2016-02-03,1.800000,1.900000,1.690000,1.900000,1.900000,1202600
2016-02-04,1.890000,2.060000,1.850000,1.900000,1.900000,821800
2016-02-05,1.890000,1.940000,1.820000,1.840000,1.840000,712900
2016-02-08,1.820000,1.820000,1.650000,1.670000,1.670000,1005600
2016-02-09,1.600000,1.740000,1.600000,1.690000,1.690000,681300
2016-02-10,1.700000,1.770000,1.630000,1.640000,1.640000,540400
2016-02-11,1.590000,1.720000,1.550000,1.680000,1.680000,590500
2016-02-12,1.690000,1.740000,1.600000,1.660000,1.660000,507000
2016-02-16,1.690000,1.770000,1.650000,1.710000,1.710000,702900
2016-02-17,1.740000,1.950000,1.740000,1.920000,1.920000,1121700
2016-02-18,1.940000,1.950000,1.730000,1.740000,1.740000,1808600
2016-02-19,1.750000,1.870000,1.690000,1.820000,1.820000,609800
2016-02-22,1.860000,1.930000,1.800000,1.810000,1.810000,715100
2016-02-23,1.800000,1.890000,1.740000,1.740000,1.740000,688400
2016-02-24,1.720000,1.810000,1.680000,1.800000,1.800000,668900
2016-02-25,1.800000,1.830000,1.720000,1.780000,1.780000,449300
2016-02-26,1.780000,1.870000,1.740000,1.850000,1.850000,614300
2016-02-29,1.850000,1.860000,1.750000,1.780000,1.780000,864300
2016-03-01,1.800000,1.910000,1.780000,1.870000,1.870000,700500
2016-03-02,1.870000,2.130000,1.860000,2.100000,2.100000,1195400
2016-03-03,2.120000,2.170000,2.000000,2.030000,2.030000,851900
2016-03-04,2.030000,2.150000,1.960000,2.060000,2.060000,595900
2016-03-07,2.080000,2.250000,2.030000,2.190000,2.190000,933500
2016-03-08,2.200000,2.210000,2.000000,2.010000,2.010000,1049800
2016-03-09,1.990000,2.040000,1.820000,1.870000,1.870000,955000
2016-03-10,1.870000,2.000000,1.760000,1.780000,1.780000,984400
2016-03-11,1.840000,1.840000,1.750000,1.830000,1.830000,813500
2016-03-14,1.800000,2.080000,1.790000,2.020000,2.020000,1589800
2016-03-15,1.990000,2.050000,1.860000,1.860000,1.860000,915900
2016-03-16,1.870000,1.920000,1.780000,1.810000,1.810000,641400
2016-03-17,1.860000,1.900000,1.750000,1.850000,1.850000,739900
2016-03-18,1.930000,2.140000,1.890000,2.100000,2.100000,2038500
2016-03-21,2.100000,2.250000,2.070000,2.180000,2.180000,1299100
2016-03-22,2.190000,2.290000,2.100000,2.140000,2.140000,1366400
2016-03-23,2.160000,2.180000,1.920000,1.950000,1.950000,1123100
2016-03-24,1.900000,2.030000,1.850000,1.990000,1.990000,567900
2016-03-28,2.000000,2.020000,1.900000,1.960000,1.960000,585700
2016-03-29,1.930000,2.000000,1.830000,1.960000,1.960000,1492200
2016-03-30,1.990000,2.070000,1.890000,1.930000,1.930000,1464500
2016-03-31,1.950000,2.020000,1.900000,1.980000,1.980000,557600
2016-04-01,1.960000,2.030000,1.910000,1.970000,1.970000,493200
2016-04-04,1.970000,2.140000,1.970000,2.060000,2.060000,1046100
2016-04-05,2.050000,2.090000,1.960000,1.980000,1.980000,942400
2016-04-06,1.980000,2.030000,1.970000,2.000000,2.000000,1743100
2016-04-07,1.990000,2.030000,1.920000,1.940000,1.940000,1435800
2016-04-08,1.990000,2.010000,1.880000,1.910000,1.910000,843000
2016-04-11,1.920000,1.970000,1.850000,1.870000,1.870000,964600
2016-04-12,1.880000,1.920000,1.800000,1.910000,1.910000,1840500
2016-04-13,1.890000,2.000000,1.890000,1.990000,1.990000,1142600
2016-04-14,1.980000,1.990000,1.880000,1.890000,1.890000,1318700
2016-04-15,1.870000,1.950000,1.870000,1.900000,1.900000,1237500
2016-04-18,1.910000,1.920000,1.870000,1.900000,1.900000,956100
2016-04-19,1.940000,1.940000,1.800000,1.840000,1.840000,2093100
2016-04-20,1.850000,1.880000,1.820000,1.840000,1.840000,690000
2016-04-21,1.860000,1.870000,1.820000,1.820000,1.820000,697900
2016-04-22,1.820000,1.840000,1.760000,1.790000,1.790000,1571400
2016-04-25,1.800000,1.820000,1.750000,1.780000,1.780000,494400
2016-04-26,1.800000,1.820000,1.710000,1.790000,1.790000,901000
2016-04-27,1.770000,1.800000,1.730000,1.770000,1.770000,374700
2016-04-28,1.750000,1.810000,1.700000,1.710000,1.710000,680200
2016-04-29,1.710000,1.750000,1.650000,1.660000,1.660000,622100
2016-05-02,1.690000,1.690000,1.610000,1.680000,1.680000,521600
2016-05-03,1.650000,1.710000,1.630000,1.660000,1.660000,288300
2016-05-04,1.620000,1.650000,1.460000,1.490000,1.490000,2350600
2016-05-05,1.500000,1.560000,1.290000,1.340000,1.340000,1763400
2016-05-06,1.340000,1.400000,1.310000,1.370000,1.370000,899700
2016-05-09,1.360000,1.450000,1.350000,1.390000,1.390000,2390000
2016-05-10,1.360000,1.420000,1.190000,1.420000,1.420000,2590200
2016-05-11,1.410000,1.550000,1.380000,1.450000,1.450000,809100
2016-05-12,1.480000,1.480000,1.310000,1.320000,1.320000,753200
2016-05-13,1.340000,1.430000,1.310000,1.380000,1.380000,727500
2016-05-16,1.400000,1.470000,1.390000,1.470000,1.470000,669200
2016-05-17,1.470000,1.530000,1.410000,1.420000,1.420000,570500
2016-05-18,1.410000,1.480000,1.410000,1.460000,1.460000,344200
2016-05-19,1.450000,1.480000,1.400000,1.420000,1.420000,311100
2016-05-20,1.440000,1.510000,1.430000,1.480000,1.480000,522700
2016-05-23,1.480000,1.570000,1.480000,1.530000,1.530000,482100
2016-05-24,1.560000,1.630000,1.540000,1.600000,1.600000,482400
2016-05-25,1.600000,1.630000,1.550000,1.560000,1.560000,689900
2016-05-26,1.570000,1.570000,1.480000,1.490000,1.490000,438900
2016-05-27,1.510000,1.550000,1.470000,1.490000,1.490000,388000
2016-05-31,1.520000,1.610000,1.480000,1.580000,1.580000,484800
2016-06-01,1.570000,1.600000,1.550000,1.590000,1.590000,476600
2016-06-02,1.580000,1.680000,1.580000,1.650000,1.650000,478600
2016-06-03,1.620000,1.670000,1.550000,1.570000,1.570000,456200
2016-06-06,1.610000,1.650000,1.530000,1.620000,1.620000,399300
2016-06-07,1.610000,1.630000,1.560000,1.580000,1.580000,307100
2016-06-08,1.600000,1.610000,1.560000,1.610000,1.610000,302000
2016-06-09,1.600000,1.600000,1.550000,1.570000,1.570000,485400
2016-06-10,1.550000,1.610000,1.500000,1.500000,1.500000,457800
2016-06-13,1.500000,1.540000,1.440000,1.440000,1.440000,343900
2016-06-14,1.430000,1.490000,1.400000,1.430000,1.430000,452300
2016-06-15,1.430000,1.520000,1.430000,1.440000,1.440000,545700
2016-06-16,1.430000,1.720000,1.400000,1.560000,1.560000,2131400
2016-06-17,1.570000,1.610000,1.510000,1.540000,1.540000,832100
2016-06-20,1.560000,1.640000,1.510000,1.600000,1.600000,433700
2016-06-21,1.590000,1.630000,1.510000,1.530000,1.530000,399400
2016-06-22,1.520000,1.550000,1.470000,1.480000,1.480000,433200
2016-06-23,1.510000,1.550000,1.480000,1.530000,1.530000,479200
2016-06-24,1.440000,1.510000,1.410000,1.480000,1.480000,1265800
2016-06-27,1.460000,1.480000,1.330000,1.360000,1.360000,823700
2016-06-28,1.370000,1.470000,1.370000,1.460000,1.460000,366100
2016-06-29,1.470000,1.510000,1.360000,1.470000,1.470000,421600
2016-06-30,1.440000,1.540000,1.440000,1.530000,1.530000,597500
2016-07-01,1.530000,1.630000,1.520000,1.630000,1.630000,765000
2016-07-05,1.610000,1.630000,1.560000,1.610000,1.610000,279600
2016-07-06,1.600000,1.670000,1.600000,1.620000,1.620000,379100
2016-07-07,1.620000,1.680000,1.610000,1.640000,1.640000,253100
2016-07-08,1.650000,1.700000,1.640000,1.680000,1.680000,460900
2016-07-11,1.680000,1.700000,1.630000,1.680000,1.680000,350800
2016-07-12,1.690000,1.730000,1.670000,1.700000,1.700000,429100
2016-07-13,1.700000,1.720000,1.610000,1.620000,1.620000,382400
2016-07-14,1.630000,1.630000,1.580000,1.600000,1.600000,432500
2016-07-15,1.610000,1.610000,1.580000,1.590000,1.590000,179100
2016-07-18,1.590000,1.640000,1.570000,1.630000,1.630000,203600
2016-07-19,1.640000,1.650000,1.580000,1.580000,1.580000,268400
2016-07-20,1.600000,1.640000,1.560000,1.610000,1.610000,356300
2016-07-21,1.610000,1.660000,1.600000,1.600000,1.600000,129100
2016-07-22,1.610000,1.710000,1.580000,1.670000,1.670000,467900
2016-07-25,1.650000,1.700000,1.620000,1.640000,1.640000,222800
2016-07-26,1.640000,1.680000,1.630000,1.680000,1.680000,150800
2016-07-27,1.680000,1.720000,1.640000,1.710000,1.710000,388500
2016-07-28,1.720000,1.750000,1.680000,1.690000,1.690000,288600
2016-07-29,1.660000,1.720000,1.660000,1.720000,1.720000,308500
2016-08-01,1.740000,1.780000,1.660000,1.670000,1.670000,744400
2016-08-02,1.670000,1.770000,1.670000,1.750000,1.750000,398200
2016-08-03,1.740000,1.810000,1.730000,1.770000,1.770000,679800
2016-08-04,1.750000,1.910000,1.750000,1.850000,1.850000,756700
2016-08-05,1.850000,1.890000,1.770000,1.890000,1.890000,466900
2016-08-08,1.890000,2.010000,1.870000,1.960000,1.960000,756200
2016-08-09,1.970000,2.030000,1.930000,2.000000,2.000000,710200
2016-08-10,2.000000,2.010000,1.910000,1.930000,1.930000,445800
2016-08-11,1.940000,1.950000,1.850000,1.940000,1.940000,257400
2016-08-12,1.940000,2.000000,1.900000,1.990000,1.990000,413600
2016-08-15,1.990000,2.040000,1.980000,2.000000,2.000000,504900
2016-08-16,1.990000,2.010000,1.950000,1.950000,1.950000,318800
2016-08-17,1.950000,1.970000,1.900000,1.930000,1.930000,248100
2016-08-18,1.920000,1.980000,1.900000,1.950000,1.950000,250300
2016-08-19,1.940000,2.000000,1.910000,1.980000,1.980000,447500
2016-08-22,1.990000,2.000000,1.920000,1.930000,1.930000,360700
2016-08-23,1.940000,1.950000,1.920000,1.950000,1.950000,229400
2016-08-24,1.950000,2.090000,1.930000,1.940000,1.940000,1299500
2016-08-25,1.920000,2.000000,1.860000,1.890000,1.890000,450600
2016-08-26,1.890000,1.960000,1.870000,1.910000,1.910000,324500
2016-08-29,1.920000,1.980000,1.910000,1.950000,1.950000,221300
2016-08-30,1.960000,1.980000,1.940000,1.940000,1.940000,158800
2016-08-31,1.960000,1.960000,1.870000,1.910000,1.910000,341200
2016-09-01,1.900000,1.930000,1.860000,1.920000,1.920000,301400
2016-09-02,1.920000,1.940000,1.870000,1.920000,1.920000,150700
2016-09-06,1.900000,2.000000,1.900000,1.970000,1.970000,282500
2016-09-07,1.980000,2.050000,1.980000,2.000000,2.000000,522200
2016-09-08,2.000000,2.050000,2.000000,2.020000,2.020000,346300
2016-09-09,2.010000,2.050000,1.920000,1.920000,1.920000,448700
2016-09-12,1.900000,1.970000,1.900000,1.960000,1.960000,245100
2016-09-13,1.930000,1.980000,1.890000,1.940000,1.940000,535400
2016-09-14,1.950000,2.020000,1.940000,1.970000,1.970000,328900
2016-09-15,1.980000,2.010000,1.980000,2.000000,2.000000,357500
2016-09-16,2.020000,2.180000,1.990000,2.160000,2.160000,1801300
2016-09-19,2.200000,2.370000,2.160000,2.350000,2.350000,1546800
2016-09-20,2.480000,2.870000,2.350000,2.840000,2.840000,4683100
2016-09-21,2.890000,2.890000,2.490000,2.700000,2.700000,3128600
2016-09-22,2.700000,2.790000,2.610000,2.790000,2.790000,1001800
2016-09-23,2.800000,2.890000,2.720000,2.760000,2.760000,1090600
2016-09-26,2.820000,3.330000,2.600000,2.660000,2.660000,6330500
2016-09-27,2.630000,2.750000,2.410000,2.480000,2.480000,2396200
2016-09-28,2.450000,2.500000,2.300000,2.500000,2.500000,1500300
2016-09-29,2.500000,2.500000,2.300000,2.310000,2.310000,1190100
2016-09-30,2.300000,2.690000,2.220000,2.560000,2.560000,2444800
2016-10-03,2.570000,2.650000,2.500000,2.560000,2.560000,1037200
2016-10-04,2.560000,2.590000,2.500000,2.550000,2.550000,584200
2016-10-05,2.590000,2.660000,2.540000,2.610000,2.610000,650500
2016-10-06,2.250000,2.390000,2.170000,2.180000,2.180000,2585800
2016-10-07,2.100000,2.100000,1.810000,2.000000,2.000000,14776000
2016-10-10,1.990000,2.010000,1.910000,1.950000,1.950000,1752400
2016-10-11,1.890000,1.950000,1.810000,1.810000,1.810000,1853400
2016-10-12,1.940000,1.980000,1.830000,1.920000,1.920000,2483000
2016-10-13,1.920000,1.920000,1.850000,1.850000,1.850000,1288100
2016-10-14,1.870000,1.900000,1.780000,1.780000,1.780000,2139000
2016-10-17,1.810000,1.810000,1.730000,1.740000,1.740000,1130400
2016-10-18,1.790000,1.790000,1.740000,1.750000,1.750000,1103500
2016-10-19,1.780000,1.780000,1.650000,1.700000,1.700000,1225800
2016-10-20,1.680000,2.020000,1.650000,1.900000,1.900000,3621800
2016-10-21,1.900000,1.930000,1.810000,1.870000,1.870000,1571400
2016-10-24,1.850000,1.950000,1.820000,1.950000,1.950000,1468200
2016-10-25,1.960000,2.000000,1.880000,1.930000,1.930000,1489400
2016-10-26,1.900000,1.930000,1.790000,1.820000,1.820000,1262200
2016-10-27,1.840000,1.850000,1.700000,1.710000,1.710000,1125600
2016-10-28,1.710000,1.740000,1.640000,1.650000,1.650000,1562800
2016-10-31,1.690000,1.690000,1.550000,1.550000,1.550000,2624100
2016-11-01,1.520000,1.600000,1.510000,1.580000,1.580000,860700
2016-11-02,1.580000,1.620000,1.540000,1.570000,1.570000,558500
2016-11-03,1.560000,1.570000,1.430000,1.460000,1.460000,1100500
2016-11-04,1.490000,1.540000,1.460000,1.530000,1.530000,702100
2016-11-07,1.570000,1.660000,1.530000,1.540000,1.540000,1157300
2016-11-08,1.560000,1.570000,1.490000,1.510000,1.510000,856500
2016-11-09,1.640000,1.740000,1.540000,1.720000,1.720000,1683700
2016-11-10,1.780000,1.850000,1.700000,1.840000,1.840000,1583000
2016-11-11,1.840000,1.980000,1.800000,1.880000,1.880000,2389700
2016-11-14,1.930000,1.930000,1.740000,1.790000,1.790000,1605800
2016-11-15,1.820000,1.890000,1.730000,1.860000,1.860000,1122100
2016-11-16,1.880000,1.910000,1.780000,1.790000,1.790000,870200
2016-11-17,1.770000,1.780000,1.650000,1.770000,1.770000,1290000
2016-11-18,1.790000,1.790000,1.700000,1.770000,1.770000,784100
2016-11-21,1.790000,1.800000,1.720000,1.760000,1.760000,603700
2016-11-22,1.770000,1.840000,1.730000,1.760000,1.760000,818100
2016-11-23,1.740000,1.820000,1.690000,1.810000,1.810000,666200
2016-11-25,1.800000,1.840000,1.730000,1.830000,1.830000,500100
2016-11-28,2.000000,2.020000,1.780000,1.800000,1.800000,3042400
2016-11-29,1.770000,1.810000,1.760000,1.790000,1.790000,525500
2016-11-30,1.790000,1.800000,1.680000,1.690000,1.690000,1019900
2016-12-01,1.680000,1.740000,1.600000,1.610000,1.610000,1190000
2016-12-02,1.600000,1.630000,1.540000,1.580000,1.580000,1865900
2016-12-05,1.610000,1.700000,1.600000,1.680000,1.680000,651500
2016-12-06,1.650000,1.750000,1.610000,1.710000,1.710000,942700
2016-12-07,1.710000,1.710000,1.610000,1.630000,1.630000,1008300
2016-12-08,1.640000,1.690000,1.550000,1.680000,1.680000,1386500
2016-12-09,1.680000,1.750000,1.670000,1.690000,1.690000,609900
2016-12-12,1.700000,1.700000,1.580000,1.600000,1.600000,1001100
2016-12-13,1.620000,1.650000,1.540000,1.600000,1.600000,813400
2016-12-14,1.620000,1.640000,1.560000,1.630000,1.630000,697800
2016-12-15,1.640000,1.640000,1.580000,1.590000,1.590000,696200
2016-12-16,1.610000,1.640000,1.590000,1.610000,1.610000,1119000
2016-12-19,1.610000,1.690000,1.600000,1.600000,1.600000,786400
2016-12-20,1.610000,1.680000,1.600000,1.620000,1.620000,573000
2016-12-21,1.630000,1.640000,1.560000,1.590000,1.590000,691400
2016-12-22,1.580000,1.600000,1.540000,1.560000,1.560000,683200
2016-12-23,1.560000,1.620000,1.560000,1.610000,1.610000,557200
2016-12-27,1.600000,1.650000,1.580000,1.590000,1.590000,544200
2016-12-28,1.600000,1.610000,1.500000,1.550000,1.550000,960100
2016-12-29,1.560000,1.580000,1.500000,1.520000,1.520000,878300
2016-12-30,1.510000,1.550000,1.450000,1.500000,1.500000,1164900
2017-01-03,1.520000,1.530000,1.400000,1.500000,1.500000,1062000
2017-01-04,1.520000,1.590000,1.470000,1.590000,1.590000,980500
2017-01-05,1.610000,1.620000,1.530000,1.530000,1.530000,602700
2017-01-06,1.550000,1.590000,1.500000,1.570000,1.570000,789300
2017-01-09,1.580000,1.640000,1.540000,1.620000,1.620000,1075100
2017-01-10,1.610000,1.660000,1.590000,1.620000,1.620000,829700
2017-01-11,1.620000,1.640000,1.550000,1.600000,1.600000,780900
2017-01-12,1.590000,1.590000,1.520000,1.570000,1.570000,473500
2017-01-13,1.590000,1.640000,1.560000,1.580000,1.580000,730500
2017-01-17,1.580000,1.590000,1.500000,1.510000,1.510000,824100
2017-01-18,1.530000,1.540000,1.460000,1.480000,1.480000,674900
2017-01-19,1.490000,1.490000,1.420000,1.430000,1.430000,745600
2017-01-20,1.430000,1.440000,1.400000,1.410000,1.410000,464400
2017-01-23,1.420000,1.490000,1.400000,1.410000,1.410000,685300
2017-01-24,1.430000,1.480000,1.400000,1.460000,1.460000,995000
2017-01-25,1.480000,1.490000,1.450000,1.470000,1.470000,888900
2017-01-26,1.470000,1.490000,1.410000,1.410000,1.410000,688800
2017-01-27,1.410000,1.440000,1.350000,1.380000,1.380000,958600
2017-01-30,1.380000,1.400000,1.320000,1.350000,1.350000,964200
2017-01-31,1.350000,1.450000,1.300000,1.400000,1.400000,1201000
2017-02-01,1.450000,1.510000,1.410000,1.480000,1.480000,1192600
2017-02-02,1.490000,1.490000,1.430000,1.470000,1.470000,690200
2017-02-03,1.480000,1.550000,1.450000,1.510000,1.510000,1114000
2017-02-06,1.520000,1.600000,1.510000,1.550000,1.550000,878600
2017-02-07,1.570000,1.600000,1.510000,1.560000,1.560000,679300
2017-02-08,1.550000,1.580000,1.510000,1.560000,1.560000,699400
2017-02-09,1.560000,1.630000,1.540000,1.610000,1.610000,1339600
2017-02-10,1.610000,1.630000,1.580000,1.600000,1.600000,522800
2017-02-13,1.610000,1.650000,1.570000,1.590000,1.590000,508300
2017-02-14,1.580000,1.610000,1.560000,1.580000,1.580000,470300
2017-02-15,1.580000,1.680000,1.580000,1.670000,1.670000,998100
2017-02-16,1.680000,1.710000,1.630000,1.680000,1.680000,964300
2017-02-17,1.680000,1.790000,1.660000,1.740000,1.740000,1217300
2017-02-21,1.760000,1.770000,1.630000,1.660000,1.660000,1048500
2017-02-22,1.650000,1.730000,1.640000,1.680000,1.680000,808200
2017-02-23,1.700000,1.730000,1.670000,1.730000,1.730000,814100
2017-02-24,1.720000,1.760000,1.630000,1.670000,1.670000,1494100
2017-02-27,1.670000,1.700000,1.630000,1.650000,1.650000,1856100
2017-02-28,1.700000,1.950000,1.680000,1.870000,1.870000,4258600
2017-03-01,1.930000,1.940000,1.810000,1.870000,1.870000,1833400
2017-03-02,1.880000,2.100000,1.840000,2.040000,2.040000,3424900
2017-03-03,2.000000,2.090000,1.950000,1.990000,1.990000,1805000
2017-03-06,2.000000,2.030000,1.920000,1.990000,1.990000,884800
2017-03-07,1.970000,1.980000,1.900000,1.910000,1.910000,1148000
2017-03-08,1.910000,1.970000,1.900000,1.900000,1.900000,755800
2017-03-09,1.910000,1.970000,1.850000,1.880000,1.880000,704200
2017-03-10,1.880000,1.950000,1.870000,1.930000,1.930000,786300
2017-03-13,1.930000,1.950000,1.870000,1.890000,1.890000,566500
2017-03-14,1.860000,1.880000,1.800000,1.820000,1.820000,769300
2017-03-15,1.830000,1.860000,1.790000,1.830000,1.830000,610300
2017-03-16,1.960000,2.080000,1.930000,1.990000,1.990000,3197800
2017-03-17,1.930000,2.070000,1.920000,2.060000,2.060000,2374300
2017-03-20,2.070000,2.290000,2.050000,2.230000,2.230000,2832200
2017-03-21,2.250000,2.340000,2.080000,2.090000,2.090000,2753300
2017-03-22,2.400000,2.540000,2.240000,2.490000,2.490000,8778100
2017-03-23,2.490000,2.560000,2.380000,2.420000,2.420000,4339300
2017-03-24,2.410000,2.510000,2.410000,2.480000,2.480000,3171000
2017-03-27,2.470000,2.600000,2.470000,2.550000,2.550000,5146300
2017-03-28,2.580000,2.590000,2.430000,2.490000,2.490000,1770600
2017-03-29,2.490000,2.500000,2.440000,2.470000,2.470000,1725500
2017-03-30,2.480000,2.530000,2.390000,2.510000,2.510000,1526000
2017-03-31,2.530000,2.550000,2.420000,2.470000,2.470000,1391100
2017-04-03,2.550000,2.550000,2.420000,2.430000,2.430000,1693000
2017-04-04,2.450000,2.510000,2.420000,2.470000,2.470000,1163600
2017-04-05,2.500000,2.500000,2.170000,2.210000,2.210000,3227800
2017-04-06,2.220000,2.250000,2.080000,2.170000,2.170000,2160500
2017-04-07,2.150000,2.170000,2.100000,2.160000,2.160000,1255200
2017-04-10,2.190000,2.240000,2.160000,2.200000,2.200000,896100
2017-04-11,2.330000,2.380000,2.210000,2.240000,2.240000,1339200
2017-04-12,2.240000,2.310000,2.170000,2.220000,2.220000,968600
2017-04-13,2.230000,2.300000,2.210000,2.250000,2.250000,1046800
2017-04-17,2.250000,2.310000,2.220000,2.280000,2.280000,874400
2017-04-18,2.300000,2.300000,2.230000,2.260000,2.260000,666800
2017-04-19,2.250000,2.290000,2.130000,2.250000,2.250000,1169500
2017-04-20,2.270000,2.390000,2.240000,2.330000,2.330000,1093200
2017-04-21,2.350000,2.370000,2.310000,2.320000,2.320000,706700
2017-04-24,2.350000,2.360000,2.230000,2.250000,2.250000,1662000
2017-04-25,2.400000,2.450000,2.270000,2.440000,2.440000,3743500
2017-04-26,2.440000,2.620000,2.410000,2.580000,2.580000,2647500
2017-04-27,2.590000,2.610000,2.440000,2.450000,2.450000,1454000
2017-04-28,2.470000,2.490000,2.290000,2.350000,2.350000,1326200
2017-05-01,2.340000,2.380000,2.250000,2.340000,2.340000,1504900
2017-05-02,2.340000,2.400000,2.210000,2.230000,2.230000,1063500
2017-05-03,2.210000,2.220000,2.080000,2.100000,2.100000,1939400
2017-05-04,2.090000,2.130000,2.000000,2.090000,2.090000,1378400
2017-05-05,2.090000,2.110000,1.840000,1.840000,1.840000,2828600
2017-05-08,1.840000,1.890000,1.800000,1.800000,1.800000,856500
2017-05-09,1.800000,1.810000,1.720000,1.770000,1.770000,1299500
2017-05-10,1.770000,1.870000,1.730000,1.840000,1.840000,936100
2017-05-11,1.850000,1.890000,1.810000,1.850000,1.850000,806700
2017-05-12,1.850000,1.870000,1.810000,1.820000,1.820000,575600
2017-05-15,1.820000,1.910000,1.780000,1.860000,1.860000,742200
2017-05-16,1.860000,1.890000,1.800000,1.840000,1.840000,681600
2017-05-17,1.810000,1.850000,1.740000,1.750000,1.750000,937000
2017-05-18,1.750000,1.790000,1.710000,1.760000,1.760000,858400
2017-05-19,1.760000,1.820000,1.710000,1.720000,1.720000,624400
2017-05-22,1.710000,1.730000,1.660000,1.720000,1.720000,801900
2017-05-23,1.730000,1.770000,1.670000,1.710000,1.710000,560200
2017-05-24,1.700000,1.750000,1.670000,1.680000,1.680000,519300
2017-05-25,1.720000,1.720000,1.660000,1.670000,1.670000,522300
2017-05-26,1.660000,1.680000,1.590000,1.610000,1.610000,871100
2017-05-30,1.610000,1.630000,1.570000,1.610000,1.610000,931700
2017-05-31,1.630000,1.700000,1.590000,1.630000,1.630000,950800
2017-06-01,1.630000,1.700000,1.610000,1.680000,1.680000,559200
2017-06-02,1.710000,1.770000,1.650000,1.720000,1.720000,884800
2017-06-05,1.730000,1.730000,1.620000,1.640000,1.640000,698400
2017-06-06,1.620000,1.670000,1.620000,1.630000,1.630000,333900
2017-06-07,1.630000,1.680000,1.610000,1.630000,1.630000,584000
2017-06-08,1.630000,1.680000,1.620000,1.640000,1.640000,548700
2017-06-09,1.640000,1.670000,1.580000,1.600000,1.600000,702000
2017-06-12,1.620000,1.640000,1.570000,1.610000,1.610000,544100
2017-06-13,1.640000,1.640000,1.580000,1.610000,1.610000,512400
2017-06-14,1.600000,1.630000,1.560000,1.590000,1.590000,449400
2017-06-15,1.570000,1.640000,1.550000,1.550000,1.550000,364700
2017-06-16,1.520000,1.600000,1.510000,1.590000,1.590000,721700
2017-06-19,1.580000,1.690000,1.570000,1.660000,1.660000,566400
2017-06-20,1.660000,1.730000,1.650000,1.660000,1.660000,615200
2017-06-21,1.650000,1.740000,1.640000,1.710000,1.710000,454000
2017-06-22,1.730000,1.830000,1.720000,1.730000,1.730000,1248900
2017-06-23,1.850000,1.930000,1.780000,1.930000,1.930000,2623200
2017-06-26,1.950000,1.950000,1.760000,1.900000,1.900000,3038800
2017-06-27,1.920000,1.930000,1.740000,1.760000,1.760000,1172500
2017-06-28,1.790000,1.830000,1.750000,1.820000,1.820000,906100
2017-06-29,1.820000,1.850000,1.730000,1.760000,1.760000,612000
2017-06-30,1.750000,1.760000,1.700000,1.720000,1.720000,359300
2017-07-03,1.740000,1.760000,1.710000,1.750000,1.750000,239700
2017-07-05,1.750000,1.800000,1.730000,1.770000,1.770000,478400
2017-07-06,1.740000,1.810000,1.710000,1.740000,1.740000,739000
2017-07-07,1.750000,1.800000,1.740000,1.800000,1.800000,298600
2017-07-10,1.800000,1.820000,1.760000,1.770000,1.770000,492200
2017-07-11,1.820000,1.880000,1.770000,1.870000,1.870000,1046700
2017-07-12,1.890000,1.970000,1.870000,1.940000,1.940000,1610700
2017-07-13,1.930000,1.960000,1.840000,1.890000,1.890000,587900
2017-07-14,1.820000,1.890000,1.820000,1.860000,1.860000,648100
2017-07-17,1.880000,1.890000,1.810000,1.840000,1.840000,401000
2017-07-18,1.850000,1.860000,1.810000,1.820000,1.820000,588100
2017-07-19,1.810000,1.860000,1.800000,1.820000,1.820000,396900
2017-07-20,1.810000,1.920000,1.810000,1.900000,1.900000,629500
2017-07-21,1.920000,1.940000,1.860000,1.880000,1.880000,511600
2017-07-24,1.890000,1.930000,1.850000,1.920000,1.920000,559000
2017-07-25,1.950000,2.120000,1.930000,2.060000,2.060000,2436000
2017-07-26,2.070000,2.130000,1.900000,1.940000,1.940000,1190900
2017-07-27,1.950000,1.970000,1.810000,1.830000,1.830000,1209400
2017-07-28,1.810000,1.940000,1.810000,1.880000,1.880000,599100
2017-07-31,1.900000,1.930000,1.840000,1.840000,1.840000,575700
2017-08-01,1.850000,1.900000,1.800000,1.870000,1.870000,846800
2017-08-02,1.890000,1.890000,1.800000,1.820000,1.820000,441800
2017-08-03,1.810000,1.910000,1.810000,1.840000,1.840000,479500
2017-08-04,1.840000,1.890000,1.810000,1.850000,1.850000,257600
2017-08-07,1.880000,1.880000,1.810000,1.830000,1.830000,623300
2017-08-08,1.800000,1.860000,1.730000,1.790000,1.790000,787400
2017-08-09,1.770000,1.830000,1.730000,1.820000,1.820000,446400
2017-08-10,1.810000,1.810000,1.740000,1.740000,1.740000,899600
2017-08-11,1.750000,1.790000,1.710000,1.780000,1.780000,619000
2017-08-14,1.780000,1.830000,1.760000,1.790000,1.790000,387800
2017-08-15,1.790000,1.800000,1.720000,1.740000,1.740000,273900
2017-08-16,1.740000,1.790000,1.730000,1.760000,1.760000,1131300
2017-08-17,1.740000,1.780000,1.710000,1.710000,1.710000,837500
2017-08-18,1.690000,1.790000,1.680000,1.730000,1.730000,1011900
2017-08-21,1.710000,1.770000,1.710000,1.740000,1.740000,401700
2017-08-22,1.730000,1.780000,1.720000,1.760000,1.760000,565400
2017-08-23,1.720000,1.790000,1.720000,1.730000,1.730000,740600
2017-08-24,1.740000,1.800000,1.740000,1.790000,1.790000,431000
2017-08-25,1.800000,1.850000,1.770000,1.800000,1.800000,317800
2017-08-28,1.800000,1.890000,1.800000,1.860000,1.860000,708700
2017-08-29,1.840000,1.950000,1.820000,1.920000,1.920000,758900
2017-08-30,1.930000,2.010000,1.890000,1.970000,1.970000,800200
2017-08-31,1.980000,2.050000,1.970000,1.980000,1.980000,774200
2017-09-01,2.000000,2.020000,1.860000,1.880000,1.880000,755600
2017-09-05,1.880000,1.930000,1.820000,1.870000,1.870000,466500
2017-09-06,1.880000,1.950000,1.850000,1.920000,1.920000,567800
2017-09-07,1.940000,2.010000,1.920000,2.000000,2.000000,660800
2017-09-08,1.990000,2.000000,1.860000,1.950000,1.950000,968300
2017-09-11,2.300000,2.330000,2.120000,2.230000,2.230000,7154200
2017-09-12,2.270000,2.270000,2.000000,2.060000,2.060000,2723500
2017-09-13,2.020000,2.090000,1.960000,2.020000,2.020000,1320300
2017-09-14,2.000000,2.030000,1.970000,2.000000,2.000000,786800
2017-09-15,2.000000,2.160000,1.980000,2.110000,2.110000,1770800
2017-09-18,2.140000,2.290000,2.120000,2.230000,2.230000,1623900
2017-09-19,2.240000,2.390000,2.210000,2.330000,2.330000,2067700
2017-09-20,2.340000,2.350000,2.140000,2.220000,2.220000,1034100
2017-09-21,2.210000,2.330000,2.170000,2.260000,2.260000,783600
2017-09-22,2.250000,2.280000,2.200000,2.230000,2.230000,566500
2017-09-25,2.250000,2.290000,2.200000,2.260000,2.260000,580100
2017-09-26,2.290000,2.290000,2.200000,2.220000,2.220000,615400
2017-09-27,2.220000,2.260000,2.190000,2.220000,2.220000,851100
2017-09-28,2.260000,2.260000,2.150000,2.240000,2.240000,686300
2017-09-29,2.220000,2.250000,2.210000,2.230000,2.230000,441100
2017-10-02,2.230000,2.310000,2.230000,2.280000,2.280000,1147900
2017-10-03,2.300000,2.320000,2.210000,2.290000,2.290000,714800
2017-10-04,2.270000,2.300000,2.230000,2.250000,2.250000,615400
2017-10-05,2.270000,2.510000,2.270000,2.480000,2.480000,2778600
2017-10-06,2.480000,2.490000,2.370000,2.430000,2.430000,887700
2017-10-09,2.440000,2.500000,2.400000,2.410000,2.410000,781800
2017-10-10,2.450000,2.720000,2.440000,2.690000,2.690000,2665200
2017-10-11,2.660000,2.870000,2.650000,2.770000,2.770000,3216700
2017-10-12,2.790000,2.800000,2.510000,2.650000,2.650000,1999400
2017-10-13,2.650000,2.680000,2.550000,2.670000,2.670000,1030000
2017-10-16,2.710000,2.740000,2.360000,2.400000,2.400000,1877300
2017-10-17,2.360000,2.590000,2.250000,2.520000,2.520000,1389300
2017-10-18,2.500000,2.500000,2.360000,2.400000,2.400000,896000
2017-10-19,2.370000,2.410000,2.320000,2.390000,2.390000,568300
2017-10-20,2.410000,2.410000,2.320000,2.360000,2.360000,527900
2017-10-23,2.340000,2.370000,2.240000,2.240000,2.240000,798900
2017-10-24,2.240000,2.270000,2.170000,2.180000,2.180000,1000700
2017-10-25,2.080000,2.110000,1.960000,2.030000,2.030000,2745100
2017-10-26,1.360000,1.480000,1.320000,1.470000,1.470000,21409600
2017-10-27,1.490000,1.620000,1.450000,1.560000,1.560000,6635300
2017-10-30,1.560000,1.710000,1.560000,1.610000,1.610000,7887100
2017-10-31,1.720000,1.720000,1.530000,1.560000,1.560000,5405900
2017-11-01,1.570000,1.680000,1.560000,1.570000,1.570000,3591800
2017-11-02,1.570000,1.750000,1.570000,1.680000,1.680000,4677600
2017-11-03,1.700000,1.830000,1.690000,1.740000,1.740000,5789600
2017-11-06,1.750000,1.860000,1.730000,1.810000,1.810000,3031400
2017-11-07,1.890000,1.910000,1.810000,1.870000,1.870000,3787000
2017-11-08,1.880000,1.910000,1.700000,1.770000,1.770000,3128500
2017-11-09,1.850000,2.100000,1.800000,2.020000,2.020000,6430400
2017-11-10,2.020000,2.120000,2.010000,2.110000,2.110000,3794700
2017-11-13,2.090000,2.180000,2.030000,2.050000,2.050000,3314500
2017-11-14,2.040000,2.130000,1.950000,2.090000,2.090000,2405500
2017-11-15,2.040000,2.170000,1.970000,1.980000,1.980000,2275900
2017-11-16,2.020000,2.110000,1.990000,2.080000,2.080000,1924000
2017-11-17,2.080000,2.150000,2.060000,2.140000,2.140000,1722500
2017-11-20,2.150000,2.170000,2.060000,2.170000,2.170000,1503800
2017-11-21,2.200000,2.320000,2.170000,2.220000,2.220000,2188000
2017-11-22,2.240000,2.280000,2.160000,2.170000,2.170000,1220000
2017-11-24,2.210000,2.290000,2.170000,2.220000,2.220000,1331800
2017-11-27,2.210000,2.270000,2.170000,2.260000,2.260000,1305900
2017-11-28,2.260000,2.280000,2.140000,2.170000,2.170000,2128600
2017-11-29,2.300000,2.330000,2.150000,2.180000,2.180000,2114400
2017-11-30,2.200000,2.260000,2.180000,2.210000,2.210000,1508800
2017-12-01,2.230000,2.280000,2.080000,2.220000,2.220000,1625400
2017-12-04,2.260000,2.300000,2.120000,2.130000,2.130000,1694000
2017-12-05,2.130000,2.180000,2.010000,2.030000,2.030000,1457000
2017-12-06,2.040000,2.070000,1.910000,1.970000,1.970000,1718500
2017-12-07,1.960000,2.020000,1.910000,1.930000,1.930000,1417500
2017-12-08,1.940000,1.990000,1.880000,1.920000,1.920000,1273000
2017-12-11,1.940000,2.060000,1.930000,1.990000,1.990000,1978900
2017-12-12,1.990000,2.030000,1.900000,1.910000,1.910000,1291000
2017-12-13,1.890000,2.000000,1.860000,1.930000,1.930000,2962400
2017-12-14,1.940000,2.020000,1.920000,1.950000,1.950000,3223300
2017-12-15,1.950000,1.970000,1.840000,1.870000,1.870000,5700900
2017-12-18,1.910000,1.940000,1.870000,1.920000,1.920000,1440400
2017-12-19,1.910000,1.950000,1.880000,1.950000,1.950000,1151500
2017-12-20,1.950000,2.000000,1.940000,1.990000,1.990000,1124400
2017-12-21,1.990000,2.130000,1.990000,2.130000,2.130000,1645200
2017-12-22,2.190000,2.190000,2.050000,2.080000,2.080000,1095400
2017-12-26,2.070000,2.100000,2.010000,2.030000,2.030000,847000
2017-12-27,2.050000,2.120000,2.020000,2.080000,2.080000,954600
2017-12-28,2.090000,2.130000,2.090000,2.130000,2.130000,782800
2017-12-29,2.140000,2.150000,2.080000,2.110000,2.110000,1109100
2018-01-02,2.100000,2.220000,2.100000,2.210000,2.210000,1325600
2018-01-03,2.200000,2.260000,2.190000,2.240000,2.240000,1364800
2018-01-04,2.230000,2.270000,2.210000,2.230000,2.230000,1131600
2018-01-05,2.240000,2.430000,2.220000,2.270000,2.270000,3281900
2018-01-08,2.290000,2.290000,2.150000,2.180000,2.180000,1052700
2018-01-09,2.180000,2.290000,2.180000,2.270000,2.270000,994000
2018-01-10,2.230000,2.350000,2.200000,2.340000,2.340000,907600
2018-01-11,2.350000,2.410000,2.300000,2.390000,2.390000,1380600
2018-01-12,2.390000,2.490000,2.350000,2.490000,2.490000,1827500
2018-01-16,2.490000,2.510000,2.370000,2.410000,2.410000,2426600
2018-01-17,2.450000,2.450000,2.380000,2.410000,2.410000,1178900
2018-01-18,2.410000,2.420000,2.340000,2.400000,2.400000,769000
2018-01-19,2.370000,2.550000,2.370000,2.550000,2.550000,2021700
2018-01-22,2.400000,2.400000,1.840000,2.170000,2.170000,14025500
2018-01-23,2.200000,2.320000,2.150000,2.160000,2.160000,3940100
2018-01-24,2.170000,2.170000,1.950000,1.980000,1.980000,3720800
2018-01-25,2.000000,2.030000,1.900000,1.930000,1.930000,2543200
2018-01-26,1.930000,1.950000,1.860000,1.870000,1.870000,1690800
2018-01-29,1.870000,1.900000,1.840000,1.860000,1.860000,1231200
2018-01-30,1.840000,1.910000,1.820000,1.850000,1.850000,2059500
2018-01-31,1.820000,1.870000,1.770000,1.830000,1.830000,1936400
2018-02-01,1.800000,1.860000,1.780000,1.850000,1.850000,1231300
2018-02-02,1.830000,1.890000,1.780000,1.800000,1.800000,1732900
2018-02-05,1.800000,1.900000,1.790000,1.830000,1.830000,2485000
2018-02-06,1.810000,1.970000,1.800000,1.970000,1.970000,2135000
2018-02-07,1.950000,2.020000,1.930000,1.960000,1.960000,2305500
2018-02-08,1.940000,1.960000,1.890000,1.920000,1.920000,1397400
2018-02-09,1.930000,1.940000,1.830000,1.920000,1.920000,1835800
2018-02-12,1.960000,1.980000,1.920000,1.930000,1.930000,1713900
2018-02-13,1.920000,1.960000,1.880000,1.940000,1.940000,2529700
2018-02-14,1.920000,2.020000,1.920000,2.000000,2.000000,1245600
2018-02-15,2.020000,2.020000,1.880000,1.910000,1.910000,1230500
2018-02-16,1.900000,2.020000,1.900000,1.930000,1.930000,1320900
2018-02-20,1.940000,2.000000,1.910000,1.950000,1.950000,1801800
2018-02-21,1.950000,1.970000,1.890000,1.900000,1.900000,2229000
2018-02-22,1.920000,1.920000,1.810000,1.840000,1.840000,1659500
2018-02-23,1.860000,1.900000,1.790000,1.870000,1.870000,1240200
2018-02-26,1.870000,1.900000,1.840000,1.840000,1.840000,1576100
2018-02-27,1.820000,1.860000,1.770000,1.770000,1.770000,2138400
2018-02-28,1.810000,1.880000,1.760000,1.770000,1.770000,1707500
2018-03-01,1.790000,1.820000,1.710000,1.780000,1.780000,1843900
2018-03-02,1.780000,1.860000,1.750000,1.860000,1.860000,1073000
2018-03-05,1.830000,2.000000,1.830000,1.970000,1.970000,1522600
2018-03-06,1.970000,2.000000,1.900000,1.970000,1.970000,894400
2018-03-07,1.980000,2.030000,1.930000,2.010000,2.010000,1418000
2018-03-08,2.010000,2.100000,1.970000,2.020000,2.020000,1583300
2018-03-09,2.060000,2.100000,2.000000,2.070000,2.070000,1305200
2018-03-12,2.070000,2.090000,1.980000,2.030000,2.030000,1251000
2018-03-13,2.020000,2.060000,2.010000,2.040000,2.040000,1308600
2018-03-14,2.060000,2.080000,2.000000,2.030000,2.030000,747100
2018-03-15,2.020000,2.050000,1.930000,1.950000,1.950000,1102800
2018-03-16,1.960000,1.970000,1.910000,1.950000,1.950000,1191200
2018-03-19,1.930000,1.950000,1.860000,1.900000,1.900000,945600
2018-03-20,1.900000,1.980000,1.900000,1.930000,1.930000,724600
2018-03-21,1.940000,2.010000,1.910000,2.010000,2.010000,1228400
2018-03-22,1.960000,2.050000,1.950000,2.010000,2.010000,1732900
2018-03-23,2.020000,2.070000,1.960000,2.010000,2.010000,3086900
2018-03-26,2.040000,2.070000,2.000000,2.030000,2.030000,1512100
2018-03-27,2.020000,2.060000,1.980000,1.990000,1.990000,1572600
2018-03-28,1.990000,2.000000,1.780000,1.820000,1.820000,2261600
2018-03-29,1.850000,1.860000,1.780000,1.840000,1.840000,891600
2018-04-02,1.820000,1.850000,1.570000,1.620000,1.620000,2018300
2018-04-03,1.650000,1.760000,1.650000,1.710000,1.710000,1217000
2018-04-04,1.700000,1.800000,1.640000,1.770000,1.770000,1456800
2018-04-05,1.770000,1.780000,1.670000,1.670000,1.670000,1192500
2018-04-06,1.650000,1.690000,1.630000,1.640000,1.640000,1013700
2018-04-09,1.670000,1.730000,1.630000,1.640000,1.640000,790000
2018-04-10,1.650000,1.690000,1.630000,1.680000,1.680000,996400
2018-04-11,1.670000,1.700000,1.630000,1.660000,1.660000,989000
2018-04-12,1.660000,1.800000,1.660000,1.790000,1.790000,1137200
2018-04-13,1.800000,1.870000,1.760000,1.870000,1.870000,876500
2018-04-16,1.890000,1.900000,1.770000,1.770000,1.770000,613600
2018-04-17,1.790000,1.810000,1.760000,1.760000,1.760000,566800
2018-04-18,1.780000,1.800000,1.760000,1.770000,1.770000,385600
2018-04-19,1.770000,1.770000,1.700000,1.720000,1.720000,526400
2018-04-20,1.700000,1.720000,1.610000,1.620000,1.620000,1445500
2018-04-23,1.620000,1.660000,1.550000,1.560000,1.560000,910800
2018-04-24,1.580000,1.610000,1.540000,1.560000,1.560000,814400
2018-04-25,1.550000,1.570000,1.510000,1.540000,1.540000,751700
2018-04-26,1.540000,1.590000,1.540000,1.560000,1.560000,688800
2018-04-27,1.570000,1.590000,1.530000,1.530000,1.530000,779500
2018-04-30,1.540000,1.570000,1.520000,1.530000,1.530000,1019600
2018-05-01,1.540000,1.580000,1.530000,1.560000,1.560000,623500
2018-05-02,1.540000,1.690000,1.540000,1.630000,1.630000,869300
2018-05-03,1.640000,1.710000,1.580000,1.630000,1.630000,617800
2018-05-04,1.610000,1.690000,1.610000,1.620000,1.620000,1090200
2018-05-07,1.620000,1.660000,1.610000,1.620000,1.620000,589500
2018-05-08,1.620000,1.640000,1.570000,1.600000,1.600000,562400
2018-05-09,1.600000,1.780000,1.600000,1.720000,1.720000,2737500
2018-05-10,1.720000,1.830000,1.700000,1.760000,1.760000,869800
2018-05-11,1.740000,1.800000,1.710000,1.760000,1.760000,713700
2018-05-14,1.760000,1.900000,1.750000,1.870000,1.870000,1733200
2018-05-15,1.870000,1.930000,1.840000,1.900000,1.900000,1060900
2018-05-16,1.900000,2.040000,1.900000,1.920000,1.920000,2641600
2018-05-17,1.920000,2.000000,1.880000,1.950000,1.950000,1847000
2018-05-18,1.980000,2.030000,1.950000,2.000000,2.000000,1150900
2018-05-21,2.000000,2.000000,1.840000,1.850000,1.850000,1440500
2018-05-22,1.860000,1.940000,1.860000,1.900000,1.900000,627500
2018-05-23,1.910000,1.980000,1.880000,1.910000,1.910000,645300
2018-05-24,1.940000,1.940000,1.860000,1.890000,1.890000,1094900
2018-05-25,1.900000,1.950000,1.880000,1.930000,1.930000,947700
2018-05-29,1.930000,1.950000,1.880000,1.930000,1.930000,730800
2018-05-30,1.930000,2.070000,1.930000,2.010000,2.010000,3900500
2018-05-31,2.020000,2.140000,2.010000,2.050000,2.050000,2842300
2018-06-01,2.050000,2.080000,1.940000,2.010000,2.010000,2082100
2018-06-04,1.900000,1.980000,1.700000,1.920000,1.920000,3120500
2018-06-05,1.940000,2.080000,1.920000,2.070000,2.070000,2271100
2018-06-06,2.080000,2.130000,2.020000,2.120000,2.120000,1852000
2018-06-07,2.100000,2.120000,1.970000,2.040000,2.040000,1580500
2018-06-08,2.030000,2.040000,1.970000,2.000000,2.000000,1030400
2018-06-11,1.980000,2.010000,1.890000,1.930000,1.930000,1402600
2018-06-12,1.650000,1.840000,1.570000,1.760000,1.760000,6067000
2018-06-13,1.750000,1.800000,1.740000,1.760000,1.760000,954200
2018-06-14,1.760000,1.770000,1.680000,1.710000,1.710000,1135100
2018-06-15,1.700000,1.730000,1.650000,1.700000,1.700000,2302000
2018-06-18,1.700000,1.710000,1.560000,1.560000,1.560000,2288400
2018-06-19,1.580000,1.660000,1.480000,1.490000,1.490000,3121900
2018-06-20,1.520000,1.590000,1.520000,1.530000,1.530000,1685100
2018-06-21,1.540000,1.560000,1.460000,1.470000,1.470000,1557300
2018-06-22,1.460000,1.500000,1.400000,1.440000,1.440000,4804500
2018-06-25,1.450000,1.480000,1.270000,1.280000,1.280000,3116500
2018-06-26,1.310000,1.360000,1.270000,1.290000,1.290000,2003300
2018-06-27,1.300000,1.310000,1.230000,1.240000,1.240000,1270100
2018-06-28,1.240000,1.290000,1.120000,1.270000,1.270000,1491300
2018-06-29,1.260000,1.340000,1.230000,1.320000,1.320000,1501800
