Date,Open,High,Low,Close,Adj Close,Volume
2013-01-02,52.310001,52.549999,52.110001,52.330002,45.366161,18400
2013-01-03,52.130001,52.830002,51.860001,51.980000,45.062740,20800
2013-01-04,51.900002,52.220001,51.750000,52.169998,45.227448,23300
2013-01-07,51.900002,51.990002,51.700001,51.919998,45.010715,65200
2013-01-08,51.849998,51.849998,51.439999,51.619999,44.750645,25600
2013-01-09,51.869999,51.959999,51.709999,51.889999,44.984711,21600
2013-01-10,52.380001,52.490002,52.230000,52.470001,45.487530,12700
2013-01-11,52.470001,52.480000,52.230000,52.459999,45.478863,30400
2013-01-14,52.369999,52.560001,52.310001,52.540001,45.548218,21700
2013-01-15,52.240002,52.450001,52.220001,52.400002,45.426842,11600
2013-01-16,52.139999,52.259998,52.090000,52.200001,45.253460,10600
2013-01-17,52.540001,52.639999,52.419998,52.630001,45.626236,29300
2013-01-18,52.639999,52.639999,52.389999,52.410000,45.435513,17700
2013-01-22,52.540001,52.630001,52.259998,52.520000,45.530880,14200
2013-01-23,52.459999,52.590000,52.250000,52.419998,45.444176,10200
2013-01-24,52.549999,52.779999,52.139999,52.509998,45.522205,46100
2013-01-25,52.759998,52.950001,52.580002,52.840000,45.808292,98300
2013-01-28,52.740002,52.740002,52.279999,52.310001,45.348820,203300
2013-01-29,52.709999,52.950001,52.639999,52.889999,45.851635,53700
2013-01-30,52.930000,53.009998,52.770000,52.799999,45.773617,62100
2013-01-31,52.770000,52.910000,52.700001,52.740002,45.721603,12100
2013-02-01,53.000000,53.270000,52.939999,53.169998,46.094379,25600
2013-02-04,52.880001,52.880001,52.209999,52.360001,45.392159,23100
2013-02-05,52.689999,52.709999,52.459999,52.580002,45.582897,15700
2013-02-06,52.349998,52.520000,52.320000,52.450001,45.470192,27900
2013-02-07,52.450001,52.529999,51.980000,52.169998,45.227448,19800
2013-02-08,52.279999,52.549999,52.279999,52.500000,45.513535,7700
2013-02-11,52.619999,52.619999,52.349998,52.410000,45.435513,7000
2013-02-12,52.520000,52.740002,52.500000,52.650002,45.643570,18400
2013-02-13,53.720001,53.720001,52.700001,52.700001,45.686920,6600
2013-02-14,52.500000,52.580002,52.419998,52.580002,45.582897,10600
2013-02-15,52.709999,52.709999,52.340000,52.470001,45.487530,17200
2013-02-19,52.740002,53.090000,52.709999,52.849998,45.816956,19600
2013-02-20,53.000000,53.000000,52.430000,52.430000,45.452843,16900
2013-02-21,52.090000,52.090000,51.500000,51.750000,44.863346,130700
2013-02-22,51.939999,52.150002,51.889999,52.060001,45.132084,10800
2013-02-25,52.650002,52.669998,51.340000,51.340000,44.507908,4400
2013-02-26,51.599998,51.700001,51.419998,51.700001,44.819996,25100
2013-02-27,51.750000,52.270000,51.750000,52.230000,45.279465,5400
2013-02-28,52.380001,52.450001,52.070000,52.070000,45.140762,56400
2013-03-01,51.660000,52.070000,51.610001,52.020000,45.097416,30600
2013-03-04,51.970001,52.070000,51.619999,52.000000,45.080067,39900
2013-03-05,52.750000,52.750000,52.540001,52.619999,45.617569,10300
2013-03-06,52.869999,52.869999,52.540001,52.700001,45.686920,5100
2013-03-07,52.919998,52.919998,52.799999,52.910000,45.868973,6500
2013-03-08,53.040001,53.040001,52.740002,52.970001,45.920994,54700
2013-03-11,52.939999,53.049999,52.810001,53.049999,45.990349,6400
2013-03-12,53.020000,53.070000,52.610001,52.810001,45.782288,29700
2013-03-13,52.439999,52.630001,52.430000,52.599998,45.600224,5200
2013-03-14,52.820000,53.029999,52.750000,53.009998,45.955666,10500
2013-03-15,52.889999,53.139999,52.889999,53.020000,45.964336,18000
2013-03-18,52.459999,52.770000,52.439999,52.500000,45.513535,31900
2013-03-19,52.590000,52.630001,51.980000,52.189999,45.244789,21000
2013-03-20,52.709999,52.720001,52.580002,52.610001,45.608902,11100
2013-03-21,52.310001,52.480000,52.220001,52.240002,45.288136,17200
2013-03-22,52.439999,52.590000,52.389999,52.590000,45.591560,12300
2013-03-25,52.799999,52.799999,51.840000,51.980000,45.062740,109300
2013-03-26,52.310001,52.470001,52.259998,52.439999,45.461525,15400
2013-03-27,52.000000,52.290001,51.900002,52.270000,45.314148,18100
2013-03-28,52.529999,52.529999,52.259998,52.400002,45.426842,38600
2013-04-01,52.119999,52.160000,51.840000,51.910000,45.002045,16300
2013-04-02,52.209999,52.340000,52.070000,52.240002,45.288136,17800
2013-04-03,52.369999,52.439999,51.779999,51.889999,44.984711,6200
2013-04-04,51.740002,52.169998,51.650002,52.139999,45.201439,15700
2013-04-05,51.410000,51.840000,51.290001,51.840000,44.941364,5500
2013-04-08,51.869999,52.000000,51.680000,51.900002,44.993385,10900
2013-04-09,52.000000,52.490002,51.950001,52.320000,45.357491,18100
2013-04-10,52.770000,53.000000,52.770000,52.910000,45.868973,19700
2013-04-11,53.349998,54.029999,53.130001,53.250000,46.163731,24100
2013-04-12,53.029999,53.060001,52.660000,52.959999,45.912319,13500
2013-04-15,52.509998,52.509998,51.799999,51.799999,44.906689,14900
2013-04-16,52.130001,52.580002,52.130001,52.509998,45.522205,31000
2013-04-17,52.080002,52.080002,51.360001,51.680000,44.802662,22400
2013-04-18,51.610001,51.770000,51.200001,51.410000,44.568588,8500
2013-04-19,51.919998,51.959999,51.689999,51.880001,44.976044,28300
2013-04-22,51.990002,52.200001,51.740002,52.180000,45.236118,6200
2013-04-23,52.349998,52.740002,52.340000,52.630001,45.626236,47900
2013-04-24,52.919998,53.220001,52.900002,53.220001,46.137718,19400
2013-04-25,53.320000,53.689999,53.320000,53.389999,46.285095,12000
2013-04-26,53.430000,53.430000,53.200001,53.400002,46.293770,13600
2013-04-29,53.740002,54.090000,53.610001,53.950001,46.770576,524800
2013-04-30,54.070000,54.320000,53.849998,54.250000,47.030643,69000
2013-05-01,54.250000,54.250000,53.750000,53.820000,46.657875,12000
2013-05-02,53.900002,54.180000,53.900002,54.119999,46.917953,30100
2013-05-03,54.259998,54.779999,54.259998,54.639999,47.368752,51400
2013-05-06,54.610001,54.650002,54.400002,54.630001,47.360088,21600
2013-05-07,54.840000,54.860001,54.540001,54.790001,47.498791,21100
2013-05-08,55.169998,55.360001,55.099998,55.330002,47.966930,42600
2013-05-09,55.139999,55.270000,54.560001,54.869999,47.568150,25600
2013-05-10,54.759998,54.860001,54.509998,54.860001,47.559475,23800
2013-05-13,54.919998,54.919998,54.560001,54.730000,47.446774,32200
2013-05-14,54.709999,55.090000,54.709999,55.090000,47.758869,26200
2013-05-15,54.900002,54.959999,54.750000,54.919998,47.611492,23100
2013-05-16,54.810001,55.029999,54.639999,54.639999,47.368752,281100
2013-05-17,54.730000,54.939999,54.730000,54.939999,47.628830,19600
2013-05-20,55.049999,55.259998,54.910000,55.200001,47.854233,21500
2013-05-21,55.180000,55.439999,54.930000,55.330002,47.966930,26700
2013-05-22,55.369999,55.799999,54.599998,54.700001,47.420773,34500
2013-05-23,53.799999,54.160000,53.250000,54.160000,46.952633,18900
2013-05-24,53.540001,53.700001,53.169998,53.590000,46.458485,16800
2013-05-28,54.310001,54.320000,53.799999,53.939999,46.761902,11900
2013-05-29,53.410000,53.500000,53.200001,53.450001,46.337120,28100
2013-05-30,53.669998,53.669998,53.230000,53.230000,46.146393,88400
2013-05-31,53.070000,53.070000,52.570000,52.590000,45.591560,26700
2013-06-03,52.450001,52.840000,52.270000,52.840000,45.808292,23100
2013-06-04,52.990002,53.139999,52.599998,52.689999,45.678249,8700
2013-06-05,52.419998,52.419998,51.790001,51.790001,44.898018,263800
2013-06-06,51.570000,51.970001,51.500000,51.959999,45.045395,43800
2013-06-07,51.869999,52.450001,51.779999,52.340000,45.374825,117200
2013-06-10,52.470001,52.470001,52.220001,52.330002,45.366161,22000
2013-06-11,51.540001,51.849998,51.419998,51.660000,44.785320,28200
2013-06-12,52.009998,52.259998,51.490002,51.560001,44.698631,52200
2013-06-13,51.459999,52.400002,51.459999,52.389999,45.418175,10400
2013-06-14,52.169998,52.259998,51.660000,51.810001,44.915359,66500
2013-06-17,52.560001,52.660000,52.169998,52.250000,45.296806,88400
2013-06-18,52.549999,52.740002,52.310001,52.680000,45.669586,54600
2013-06-19,52.630001,52.700001,51.740002,51.740002,44.854671,4500
2013-06-20,50.549999,50.549999,49.400002,49.500000,42.912762,71800
2013-06-21,50.070000,50.070000,49.470001,49.869999,43.233524,21400
2013-06-24,48.939999,49.369999,48.500000,49.119999,42.583328,33600
2013-06-25,49.380001,49.799999,49.250000,49.759998,43.138161,68300
2013-06-26,50.139999,50.139999,49.880001,50.049999,43.389565,12800
2013-06-27,49.810001,49.919998,49.709999,49.790001,43.932220,24400
2013-06-28,49.639999,49.950001,49.439999,49.849998,43.985157,242700
2013-07-01,50.200001,50.410000,50.090000,50.090000,44.196918,8900
2013-07-02,50.119999,50.380001,49.730000,49.950001,44.073395,324600
2013-07-03,49.610001,49.919998,49.480000,49.820000,43.958691,13600
2013-07-05,50.150002,50.150002,49.509998,49.840000,43.976330,9300
2013-07-08,50.240002,50.259998,50.049999,50.209999,44.302803,15600
2013-07-09,50.509998,50.509998,50.310001,50.509998,44.567509,17200
2013-07-10,50.509998,50.669998,50.389999,50.549999,44.602806,121700
2013-07-11,51.720001,52.070000,51.470001,52.070000,45.943974,20400
2013-07-12,51.840000,51.840000,51.560001,51.770000,45.679272,9400
2013-07-15,52.029999,52.139999,51.860001,52.110001,45.979275,19900
2013-07-16,52.119999,52.119999,51.820000,52.070000,45.943974,69700
2013-07-17,52.509998,52.509998,52.160000,52.330002,46.173389,18000
2013-07-18,52.389999,52.529999,52.279999,52.470001,46.296913,21900
2013-07-19,52.349998,52.509998,52.209999,52.459999,46.288094,16500
2013-07-22,52.660000,52.759998,52.470001,52.759998,46.552799,19600
2013-07-23,53.080002,53.080002,52.820000,52.970001,46.738091,32400
2013-07-24,53.250000,53.250000,52.560001,52.650002,46.455738,13900
2013-07-25,52.509998,52.930000,52.419998,52.919998,46.693970,21600
2013-07-26,52.529999,52.650002,52.310001,52.650002,46.455738,13900
2013-07-29,52.389999,52.389999,52.090000,52.209999,46.067501,30800
2013-07-30,52.240002,52.299999,51.930000,52.090000,45.961624,18700
2013-07-31,52.040001,52.380001,51.880001,52.310001,46.155743,23100
2013-08-01,52.490002,52.820000,52.450001,52.680000,46.482212,46100
2013-08-02,52.750000,53.040001,52.730000,53.009998,46.773392,50200
2013-08-05,52.910000,52.950001,52.799999,52.880001,46.658680,18800
2013-08-06,53.060001,53.060001,52.619999,52.759998,46.552799,43900
2013-08-07,52.520000,52.570000,52.360001,52.450001,46.279274,18500
2013-08-08,52.820000,53.270000,52.639999,53.169998,46.914555,17500
2013-08-09,53.130001,53.380001,53.009998,53.169998,46.914555,17000
2013-08-12,53.009998,53.200001,53.000000,53.150002,46.896915,22100
2013-08-13,53.119999,53.450001,53.000000,53.430000,47.143974,72900
2013-08-14,53.529999,53.610001,53.400002,53.500000,47.205738,16100
2013-08-15,52.900002,53.110001,52.549999,53.080002,46.835152,14700
2013-08-16,53.220001,53.290001,53.029999,53.119999,46.870441,12600
2013-08-19,53.090000,53.090000,52.540001,52.540001,46.358681,11600
2013-08-20,52.549999,52.750000,52.310001,52.619999,46.429268,88300
2013-08-21,52.240002,52.250000,51.830002,52.009998,45.891029,26600
2013-08-22,52.330002,52.689999,52.290001,52.450001,46.279274,38700
2013-08-23,52.689999,52.810001,52.509998,52.799999,46.588089,6900
2013-08-26,52.820000,52.820000,52.490002,52.490002,46.314564,22200
2013-08-27,51.970001,51.970001,51.480000,51.570000,45.502800,51800
2013-08-28,51.400002,51.779999,51.299999,51.509998,45.449860,20500
2013-08-29,51.310001,51.840000,51.310001,51.590000,45.520447,27200
2013-08-30,51.360001,51.450001,51.209999,51.209999,45.185158,40200
2013-09-03,52.060001,52.310001,51.820000,51.959999,45.846920,61600
2013-09-04,52.090000,53.099998,51.830002,52.459999,46.288094,49000
2013-09-05,52.389999,52.689999,52.389999,52.689999,46.491032,19900
2013-09-06,52.990002,53.169998,52.619999,52.889999,46.667503,24500
2013-09-09,53.340000,53.830002,53.320000,53.779999,47.452793,39000
2013-09-10,54.380001,54.380001,54.130001,54.340000,47.946911,56900
2013-09-11,54.240002,54.509998,54.080002,54.509998,48.096909,33300
2013-09-12,54.380001,54.400002,54.070000,54.070000,47.708675,8200
2013-09-13,54.220001,54.400002,54.080002,54.270000,47.885139,19600
2013-09-16,55.320000,55.349998,54.730000,54.790001,48.343967,51100
2013-09-17,54.580002,54.849998,54.580002,54.830002,48.379265,53800
2013-09-18,55.009998,56.450001,54.689999,56.410000,49.773376,21500
2013-09-19,56.639999,56.639999,55.959999,56.110001,49.508671,33500
2013-09-20,56.099998,56.099998,55.470001,55.529999,48.996910,38700
2013-09-23,55.529999,55.560001,55.259998,55.560001,49.023380,10200
2013-09-24,55.660000,55.660000,55.380001,55.380001,48.864555,35000
2013-09-25,55.520000,55.549999,55.220001,55.389999,48.873379,20700
2013-09-26,55.709999,55.709999,55.459999,55.509998,48.979259,9100
2013-09-27,55.389999,55.480000,55.259998,55.450001,48.926315,20300
2013-09-30,55.040001,55.150002,54.540001,55.099998,48.617496,21600
2013-10-01,55.270000,55.470001,55.169998,55.369999,48.855728,28300
2013-10-02,55.200001,55.410000,54.990002,55.389999,48.873379,64400
2013-10-03,55.529999,55.619999,54.980000,55.139999,48.652794,15500
2013-10-04,55.310001,56.130001,55.070000,56.130001,49.526318,37800
2013-10-07,54.880001,55.110001,54.750000,54.860001,48.405731,36300
2013-10-08,55.060001,55.060001,54.410000,54.500000,48.088089,26000
2013-10-09,54.740002,54.810001,54.430000,54.669998,48.238083,30800
2013-10-10,55.270000,55.720001,55.189999,55.680000,49.129261,14400
2013-10-11,55.830002,55.950001,55.650002,55.900002,49.323380,30800
2013-10-14,55.849998,56.200001,55.619999,56.049999,49.455730,35500
2013-10-15,55.990002,56.130001,55.619999,55.889999,49.314556,28300
2013-10-16,56.180000,56.279999,55.970001,56.259998,49.641026,42600
2013-10-17,56.250000,56.889999,56.250000,56.880001,50.188084,58000
2013-10-18,57.130001,57.230000,56.950001,57.180000,50.452785,39500
2013-10-21,57.150002,57.270000,57.020000,57.180000,50.452785,38500
2013-10-22,57.270000,57.950001,57.270000,57.779999,50.982189,69600
2013-10-23,57.500000,57.500000,56.919998,57.139999,50.417484,30200
2013-10-24,57.430000,57.430000,57.110001,57.410000,50.655727,21600
2013-10-25,57.500000,57.500000,57.060001,57.259998,50.523376,72300
2013-10-28,57.419998,57.419998,57.080002,57.180000,50.452785,1945600
2013-10-29,57.099998,57.700001,57.099998,57.650002,50.867496,40000
2013-10-30,57.709999,57.709999,56.900002,57.240002,50.505726,50700
2013-10-31,57.279999,57.279999,56.889999,56.889999,50.196903,51900
2013-11-01,56.820000,56.990002,56.380001,56.619999,49.958668,26900
2013-11-04,56.889999,56.889999,56.650002,56.830002,50.143967,29800
2013-11-05,56.560001,56.580002,56.139999,56.430000,49.791019,193900
2013-11-06,56.900002,56.970001,56.680000,56.700001,50.029255,20400
2013-11-07,56.709999,56.709999,55.869999,56.000000,49.411610,62100
2013-11-08,55.700001,56.119999,55.590000,56.000000,49.411610,49400
2013-11-11,56.009998,56.279999,56.009998,56.139999,49.535141,641300
2013-11-12,56.099998,56.160000,55.770000,56.009998,49.420437,42000
2013-11-13,55.500000,56.099998,55.459999,56.090000,49.491020,75800
2013-11-14,56.279999,56.680000,56.000000,56.680000,50.011612,47300
2013-11-15,56.700001,57.099998,56.700001,56.970001,50.267494,42100
2013-11-18,57.459999,57.540001,57.000000,57.000000,50.293961,48500
2013-11-19,57.090000,57.400002,56.799999,56.860001,50.170437,69800
2013-11-20,57.000000,57.139999,56.349998,56.540001,49.888084,347100
2013-11-21,56.650002,56.790001,56.430000,56.639999,49.976315,44100
2013-11-22,56.830002,57.049999,56.619999,56.900002,50.205730,27800
2013-11-25,56.939999,57.000000,56.509998,56.630001,49.967487,71600
2013-11-26,56.759998,56.980000,56.380001,56.709999,50.038074,49300
2013-11-27,56.599998,56.900002,56.599998,56.869999,50.179260,49900
2013-11-29,57.189999,57.299999,57.049999,57.290001,50.549843,210500
2013-12-02,56.959999,56.959999,56.500000,56.580002,49.923374,46500
2013-12-03,56.439999,56.490002,56.000000,56.080002,49.482204,267800
2013-12-04,55.799999,56.009998,55.590000,55.990002,49.402786,45600
2013-12-05,55.450001,55.939999,55.450001,55.680000,49.129261,42800
2013-12-06,55.939999,56.400002,55.939999,56.320000,49.693958,164100
2013-12-09,56.320000,56.470001,56.259998,56.430000,49.791019,52700
2013-12-10,56.389999,56.389999,56.110001,56.299999,49.676319,55500
2013-12-11,56.320000,56.320000,55.669998,55.669998,49.120434,110300
2013-12-12,55.529999,55.590000,55.169998,55.330002,48.820438,100600
2013-12-13,55.380001,55.389999,55.000000,55.270000,48.767494,112500
2013-12-16,55.549999,55.860001,55.549999,55.700001,49.146912,99100
2013-12-17,55.720001,55.720001,55.349998,55.419998,48.899849,130800
2013-12-18,55.299999,56.259998,55.259998,55.930000,49.638252,72900
2013-12-19,55.599998,55.799999,55.349998,55.799999,49.522877,53000
2013-12-20,55.869999,56.099998,55.810001,55.970001,49.673756,46200
2013-12-23,56.290001,56.529999,56.180000,56.470001,50.117512,112700
2013-12-24,56.410000,56.610001,56.340000,56.560001,50.197384,99300
2013-12-26,56.529999,56.849998,56.529999,56.790001,50.401508,68100
2013-12-27,57.009998,57.279999,57.000000,57.080002,50.658882,119900
2013-12-30,57.389999,57.400002,57.209999,57.389999,50.934013,74900
2013-12-31,57.549999,57.689999,57.439999,57.650002,51.164768,88700
2014-01-02,57.049999,57.090000,56.389999,56.549999,50.188511,88000
2014-01-03,56.790001,56.790001,56.419998,56.560001,50.197384,200500
2014-01-06,56.720001,56.720001,56.400002,56.459999,50.108627,289100
2014-01-07,56.740002,56.740002,56.529999,56.639999,50.268387,232200
2014-01-08,56.660000,56.790001,56.509998,56.669998,50.295010,256800
2014-01-09,56.680000,56.680000,56.250000,56.529999,50.170757,122400
2014-01-10,56.840000,57.180000,56.689999,57.130001,50.703259,170500
2014-01-13,57.080002,57.090000,56.540001,56.709999,50.330513,374200
2014-01-14,56.910000,57.139999,56.660000,57.099998,50.676636,54400
2014-01-15,57.049999,57.299999,56.939999,57.259998,50.818642,71600
2014-01-16,57.169998,57.189999,56.950001,57.189999,50.756508,61200
2014-01-17,57.320000,57.320000,56.959999,57.049999,50.632259,61500
2014-01-21,57.410000,57.410000,56.939999,57.209999,50.774265,162800
2014-01-22,57.320000,57.330002,57.119999,57.310001,50.863014,88800
2014-01-23,57.080002,57.080002,56.520000,56.689999,50.312756,99100
2014-01-24,56.020000,56.139999,55.299999,55.349998,49.123501,89300
2014-01-27,55.380001,55.389999,54.720001,54.840000,48.670872,65400
2014-01-28,55.250000,55.509998,55.230000,55.450001,49.212250,100100
2014-01-29,55.060001,55.180000,54.700001,54.889999,48.715248,58100
2014-01-30,55.299999,55.299999,54.950001,55.200001,48.990376,45300
2014-01-31,54.270000,54.810001,54.029999,54.770000,48.608746,160500
2014-02-03,54.660000,54.660000,53.410000,53.560001,47.534866,219600
2014-02-04,53.709999,54.099998,53.709999,54.070000,47.987488,87700
2014-02-05,53.950001,54.160000,53.720001,54.060001,47.978622,88100
2014-02-06,54.520000,55.080002,54.520000,54.990002,48.803997,141400
2014-02-07,55.480000,55.680000,55.220001,55.419998,49.185627,111700
2014-02-10,55.480000,55.480000,55.279999,55.430000,49.194504,170700
2014-02-11,55.700001,56.349998,55.650002,56.290001,49.957760,96200
2014-02-12,56.360001,56.509998,56.290001,56.450001,50.099766,56300
2014-02-13,55.880001,56.580002,55.570000,56.540001,50.179634,57600
2014-02-14,56.610001,56.900002,56.430000,56.869999,50.472515,110200
2014-02-18,57.049999,57.209999,56.930000,57.090000,50.667763,63400
2014-02-19,56.970001,57.220001,56.700001,56.770000,50.383762,89400
2014-02-20,56.720001,57.009998,56.599998,56.990002,50.579014,33500
2014-02-21,57.250000,57.310001,57.049999,57.099998,50.676636,32800
2014-02-24,57.290001,57.770000,57.290001,57.520000,51.049393,30100
2014-02-25,57.650002,57.650002,57.200001,57.240002,50.800888,46400
2014-02-26,57.419998,57.419998,56.939999,57.130001,50.703259,46800
2014-02-27,57.090000,57.439999,57.060001,57.360001,50.907387,16900
2014-02-28,57.639999,57.799999,57.410000,57.570000,51.093765,28100
2014-03-03,56.759998,56.849998,56.299999,56.459999,50.108627,68400
2014-03-04,57.540001,57.549999,57.389999,57.520000,51.049393,104700
2014-03-05,57.439999,57.529999,57.380001,57.439999,50.978386,143800
2014-03-06,58.029999,58.259998,58.009998,58.080002,51.546398,71600
2014-03-07,57.970001,57.970001,57.419998,57.700001,51.209137,45000
2014-03-10,57.509998,57.509998,57.060001,57.310001,50.863014,42100
2014-03-11,57.459999,57.459999,56.930000,56.970001,50.561268,85400
2014-03-12,56.490002,56.770000,56.400002,56.759998,50.374886,44000
2014-03-13,57.049999,57.049999,55.750000,55.860001,49.576130,57300
2014-03-14,55.680000,56.020000,55.630001,55.730000,49.460758,28900
2014-03-17,55.950001,56.570000,55.950001,56.439999,50.090885,41600
2014-03-18,56.529999,56.910000,56.490002,56.830002,50.437012,140000
2014-03-19,56.779999,56.779999,55.849998,56.110001,49.798004,55000
2014-03-20,55.689999,56.090000,55.520000,56.000000,49.700378,76500
2014-03-21,56.340000,56.439999,55.860001,55.950001,49.656010,26000
2014-03-24,56.000000,56.259998,55.779999,56.130001,49.815758,37500
2014-03-25,56.540001,56.779999,56.349998,56.660000,50.286137,19600
2014-03-26,57.160000,57.160000,56.689999,56.709999,50.330513,59400
2014-03-27,56.910000,57.070000,56.750000,57.070000,50.650017,151500
2014-03-28,57.450001,57.630001,57.380001,57.439999,50.978386,52500
2014-03-31,57.900002,58.020000,57.730000,57.799999,51.297890,144400
2014-04-01,58.230000,58.230000,58.029999,58.209999,51.661774,34500
2014-04-02,58.299999,58.360001,58.049999,58.360001,51.794899,103600
2014-04-03,58.150002,58.150002,57.950001,58.139999,51.599644,44200
2014-04-04,58.340000,58.580002,57.950001,58.000000,51.475391,53600
2014-04-07,58.110001,58.110001,57.639999,57.799999,51.297890,75200
2014-04-08,57.889999,58.060001,57.720001,57.919998,51.404396,37900
2014-04-09,58.240002,58.639999,58.099998,58.560001,51.972397,45300
2014-04-10,58.340000,58.459999,57.669998,57.669998,51.182514,244900
2014-04-11,57.480000,57.639999,57.270000,57.400002,50.942890,43900
2014-04-14,57.730000,57.730000,57.209999,57.529999,51.058266,29300
2014-04-15,57.500000,57.500000,56.740002,57.180000,50.747635,73100
2014-04-16,57.700001,57.939999,57.540001,57.939999,51.422146,27800
2014-04-17,58.049999,58.320000,57.930000,58.259998,51.706139,24100
2014-04-21,58.290001,58.290001,58.070000,58.240002,51.688400,31200
2014-04-22,58.439999,58.459999,58.340000,58.400002,51.830399,85500
2014-04-23,58.430000,58.430000,58.099998,58.180000,51.635147,153800
2014-04-24,58.369999,58.369999,57.930000,58.270000,51.715019,150000
2014-04-25,58.169998,58.169998,57.680000,57.919998,51.404396,54100
2014-04-28,58.180000,58.180000,57.639999,58.099998,51.564140,24400
2014-04-29,58.419998,58.580002,58.349998,58.450001,51.874771,38700
2014-04-30,58.400002,58.590000,58.270000,58.580002,51.990147,37000
2014-05-01,58.770000,58.810001,58.520000,58.709999,52.105518,87800
2014-05-02,58.619999,58.880001,58.470001,58.770000,52.158775,29000
2014-05-05,58.549999,58.709999,58.259998,58.650002,52.052269,82500
2014-05-06,58.689999,58.820000,58.590000,58.639999,52.043404,96200
2014-05-07,58.700001,58.779999,58.389999,58.779999,52.167652,21300
2014-05-08,58.830002,59.000000,58.650002,58.740002,52.132153,49200
2014-05-09,58.520000,58.709999,58.500000,58.529999,51.945770,20500
2014-05-12,58.849998,59.110001,58.840000,59.060001,52.416161,31300
2014-05-13,59.189999,59.209999,59.029999,59.090000,52.442776,81100
2014-05-14,59.310001,59.310001,59.110001,59.150002,52.496025,136800
2014-05-15,59.110001,59.110001,58.549999,58.820000,52.203144,115200
2014-05-16,58.759998,59.000000,58.709999,58.990002,52.354027,31600
2014-05-19,58.799999,58.970001,58.730000,58.959999,52.327400,53000
2014-05-20,58.820000,58.820000,58.400002,58.570000,51.981270,132900
2014-05-21,58.849998,59.029999,58.790001,59.000000,52.362907,37400
2014-05-22,59.169998,59.230000,59.000000,59.200001,52.540401,27400
2014-05-23,59.230000,59.369999,59.119999,59.349998,52.673527,59500
2014-05-27,59.630001,59.630001,59.369999,59.520000,52.824406,49500
2014-05-28,59.540001,59.540001,59.320000,59.450001,52.762280,58600
2014-05-29,59.680000,59.750000,59.509998,59.740002,53.019657,27500
2014-05-30,59.720001,59.720001,59.540001,59.680000,52.966404,56000
2014-06-02,59.869999,59.869999,59.660000,59.779999,53.055164,38700
2014-06-03,59.669998,59.770000,59.580002,59.730000,53.010784,324800
2014-06-04,59.540001,59.740002,59.419998,59.709999,52.993031,59900
2014-06-05,59.930000,60.110001,59.720001,60.060001,53.303658,28500
2014-06-06,60.240002,60.470001,60.189999,60.470001,53.667538,36900
2014-06-09,60.340000,60.509998,60.240002,60.459999,53.658661,48600
2014-06-10,60.369999,60.430000,60.230000,60.419998,53.623154,106000
2014-06-11,60.290001,60.310001,60.090000,60.099998,53.339157,31500
2014-06-12,60.270000,60.400002,60.029999,60.099998,53.339157,33500
2014-06-13,60.299999,60.500000,60.029999,60.230000,53.454536,28100
2014-06-16,60.200001,60.259998,60.009998,60.130001,53.365784,43600
2014-06-17,60.189999,60.459999,59.900002,60.150002,53.383533,54200
2014-06-18,60.200001,60.840000,60.080002,60.720001,53.889412,82700
2014-06-19,60.980000,60.980000,60.709999,60.849998,54.004791,27100
2014-06-20,60.700001,60.790001,60.590000,60.770000,53.933784,46600
2014-06-23,60.790001,60.790001,60.369999,60.650002,53.827293,72300
2014-06-24,60.610001,60.840000,60.220001,60.270000,53.490028,55600
2014-06-25,59.160000,59.380001,59.090000,59.369999,53.548656,52700
2014-06-26,59.470001,59.490002,59.060001,59.470001,53.638859,44100
2014-06-27,59.410000,59.529999,59.240002,59.509998,53.674931,127200
2014-06-30,59.610001,59.689999,59.480000,59.639999,53.792187,105600
2014-07-01,59.860001,60.180000,59.860001,60.090000,54.198067,65300
2014-07-02,60.200001,60.250000,60.119999,60.250000,54.342373,68500
2014-07-03,60.330002,60.490002,60.189999,60.470001,54.540806,55300
2014-07-07,60.169998,60.169998,59.910000,60.040001,54.152969,54400
2014-07-08,59.880001,59.880001,59.400002,59.610001,53.765133,54100
2014-07-09,59.599998,59.810001,59.470001,59.810001,53.945522,42600
2014-07-10,58.950001,59.270000,58.770000,59.220001,53.413376,64500
2014-07-11,59.189999,59.259998,59.009998,59.250000,53.440434,29000
2014-07-14,59.689999,59.700001,59.520000,59.599998,53.756104,45500
2014-07-15,59.599998,59.630001,59.240002,59.459999,53.629837,70500
2014-07-16,59.759998,59.889999,59.650002,59.830002,53.963558,101900
2014-07-17,59.639999,59.650002,58.980000,59.080002,53.287102,69900
2014-07-18,59.310001,59.660000,59.230000,59.590000,53.747089,24800
2014-07-21,59.380001,59.500000,59.189999,59.500000,53.665916,41700
2014-07-22,59.820000,59.880001,59.750000,59.830002,53.963558,69700
2014-07-23,60.060001,60.060001,59.830002,59.950001,54.071796,17600
2014-07-24,60.070000,60.939999,59.950001,60.080002,54.189045,44300
2014-07-25,60.029999,60.029999,59.639999,59.820000,53.954536,27400
2014-07-28,59.880001,59.970001,59.529999,59.930000,54.053753,64600
2014-07-29,60.110001,60.110001,59.680000,59.720001,53.864346,37200
2014-07-30,59.759998,59.880001,59.419998,59.630001,53.783173,40300
2014-07-31,59.029999,59.130001,58.599998,58.599998,52.854164,100700
2014-08-01,58.570000,58.700001,58.180000,58.419998,52.691803,75500
2014-08-04,58.560001,58.830002,58.349998,58.709999,52.953373,88400
2014-08-05,58.360001,58.480000,57.799999,57.869999,52.195740,55700
2014-08-06,57.689999,58.000000,57.599998,57.860001,52.186710,62800
2014-08-07,57.930000,57.930000,57.230000,57.410000,51.780838,47200
2014-08-08,57.380001,57.730000,57.259998,57.730000,52.069466,117400
2014-08-11,58.060001,58.200001,57.869999,58.080002,52.385155,42800
2014-08-12,58.049999,58.119999,57.939999,58.110001,52.412209,56900
2014-08-13,58.349998,58.520000,58.279999,58.349998,52.628670,25600
2014-08-14,58.500000,58.610001,58.419998,58.590000,52.845142,88100
2014-08-15,58.930000,58.939999,58.139999,58.570000,52.827103,52100
2014-08-18,58.709999,58.980000,58.709999,58.919998,53.142780,35000
2014-08-19,59.029999,59.150002,58.990002,59.139999,53.341213,75400
2014-08-20,58.930000,59.040001,58.799999,58.959999,53.178860,43000
2014-08-21,59.049999,59.169998,59.000000,59.119999,53.323177,33000
2014-08-22,59.150002,59.150002,58.730000,58.880001,53.106705,63400
2014-08-25,59.240002,59.349998,59.119999,59.240002,53.431412,45900
2014-08-26,59.439999,59.470001,59.330002,59.360001,53.539642,80500
2014-08-27,59.549999,59.639999,59.389999,59.540001,53.701992,43900
2014-08-28,59.200001,59.259998,59.060001,59.220001,53.413376,42100
2014-08-29,59.240002,59.330002,59.020000,59.330002,53.512585,176000
2014-09-02,59.349998,59.349998,59.060001,59.220001,53.413376,50500
2014-09-03,59.820000,59.830002,59.599998,59.730000,53.873367,164100
2014-09-04,59.759998,59.799999,59.279999,59.369999,53.548656,45300
2014-09-05,59.389999,59.549999,59.160000,59.549999,53.711014,108500
2014-09-08,59.169998,59.230000,58.799999,58.950001,53.169842,168500
2014-09-09,58.619999,58.759998,58.410000,58.630001,52.881226,51300
2014-09-10,58.610001,58.810001,58.430000,58.810001,53.043564,60400
2014-09-11,58.470001,58.480000,58.310001,58.439999,52.709854,35900
2014-09-12,58.389999,58.389999,58.119999,58.250000,52.538475,129600
2014-09-15,58.270000,58.270000,58.000000,58.139999,52.439266,79300
2014-09-16,57.799999,58.570000,57.799999,58.369999,52.646709,45900
2014-09-17,58.340000,58.450001,57.939999,57.980000,52.294956,112000
2014-09-18,58.250000,58.419998,58.200001,58.330002,52.610638,71300
2014-09-19,58.500000,58.500000,58.009998,58.060001,52.367111,47900
2014-09-22,57.990002,57.990002,57.500000,57.650002,51.997314,270300
2014-09-23,57.400002,57.490002,57.130001,57.200001,51.591438,321800
2014-09-24,57.259998,57.650002,57.110001,57.570000,51.925156,66400
2014-09-25,57.169998,57.169998,56.580002,56.700001,51.140461,58300
2014-09-26,56.700001,57.029999,56.650002,56.860001,51.284775,169900
2014-09-29,56.250000,56.419998,56.000000,56.310001,50.788700,70700
2014-09-30,56.160000,56.389999,56.009998,56.270000,50.752621,175200
2014-10-01,56.060001,56.060001,55.430000,55.529999,50.085186,108100
2014-10-02,55.389999,55.430000,54.560001,55.110001,49.706364,127600
2014-10-03,55.160000,55.259998,54.919998,55.250000,49.832634,58600
2014-10-06,55.660000,55.669998,55.349998,55.619999,50.166351,33700
2014-10-07,55.320000,55.369999,54.820000,54.820000,49.444798,84700
2014-10-08,54.910000,55.599998,54.570000,55.599998,50.148315,24300
2014-10-09,55.090000,55.270000,54.180000,54.290001,48.966766,108800
2014-10-10,54.000000,54.040001,53.320000,53.389999,48.155014,94400
2014-10-13,53.730000,53.950001,53.250000,53.279999,48.055798,247300
2014-10-14,53.590000,53.779999,53.310001,53.439999,48.200108,138700
2014-10-15,53.119999,53.119999,52.070000,53.049999,47.848347,173700
2014-10-16,52.040001,53.099998,51.570000,52.669998,47.505608,128300
2014-10-17,53.450001,53.700001,53.209999,53.459999,48.218143,56500
2014-10-20,53.450001,53.919998,53.450001,53.900002,48.615013,33700
2014-10-21,54.090000,54.520000,54.070000,54.459999,49.120098,42500
2014-10-22,54.430000,54.509998,54.029999,54.029999,48.732254,65500
2014-10-23,54.490002,54.709999,54.349998,54.450001,49.111080,53400
2014-10-24,54.570000,54.759998,54.470001,54.730000,49.363621,66400
2014-10-27,54.189999,54.500000,54.070000,54.450001,49.111080,73500
2014-10-28,54.820000,55.270000,54.820000,55.230000,49.814598,78600
2014-10-29,55.450001,55.549999,54.790001,54.930000,49.544014,44500
2014-10-30,54.840000,55.450001,54.820000,55.279999,49.859692,43500
2014-10-31,55.980000,56.080002,55.669998,55.930000,50.445957,103700
2014-11-03,55.750000,55.750000,55.490002,55.560001,50.112240,97000
2014-11-04,55.299999,55.369999,54.959999,55.279999,49.859692,80700
2014-11-05,55.299999,55.380001,55.049999,55.299999,49.877731,69100
2014-11-06,55.160000,55.270000,54.869999,54.959999,49.571072,134300
2014-11-07,54.910000,55.080002,54.770000,55.070000,49.670284,73400
2014-11-10,55.320000,55.380001,55.220001,55.259998,49.841652,36300
2014-11-11,55.349998,55.580002,55.259998,55.560001,50.112240,47200
2014-11-12,55.150002,55.360001,55.110001,55.230000,49.814598,61300
2014-11-13,55.340000,55.490002,55.130001,55.279999,49.859692,66600
2014-11-14,55.099998,55.490002,55.090000,55.480000,50.040085,55500
2014-11-17,55.200001,55.310001,55.099998,55.209999,49.796558,42200
2014-11-18,55.500000,55.799999,55.500000,55.740002,50.274593,108800
2014-11-19,55.570000,55.770000,55.340000,55.459999,50.022045,70200
2014-11-20,55.160000,55.509998,55.160000,55.439999,50.004005,65600
2014-11-21,56.200001,56.279999,55.889999,56.090000,50.590275,65500
2014-11-24,56.209999,56.250000,56.049999,56.160000,50.653400,81600
2014-11-25,56.330002,56.330002,56.119999,56.180000,50.671444,149600
2014-11-26,56.380001,56.500000,56.320000,56.500000,50.960072,48000
2014-11-28,56.119999,56.119999,55.779999,55.820000,50.346748,15900
2014-12-01,55.730000,55.730000,55.439999,55.590000,50.139301,69700
2014-12-02,55.700001,55.730000,55.610001,55.680000,50.220470,60100
2014-12-03,55.650002,55.810001,55.580002,55.740002,50.274593,140800
2014-12-04,55.660000,55.770000,55.459999,55.560001,50.112240,144100
2014-12-05,55.590000,55.730000,55.419998,55.580002,50.130280,264600
2014-12-08,55.330002,55.330002,54.849998,55.009998,49.616165,71300
2014-12-09,54.540001,54.740002,54.360001,54.740002,49.372646,75400
2014-12-10,54.570000,54.570000,53.930000,53.980000,48.687157,136400
2014-12-11,54.029999,54.279999,53.750000,53.810001,48.533829,73900
2014-12-12,53.730000,53.730000,52.849998,52.930000,47.740116,115700
2014-12-15,53.130001,53.130001,51.959999,52.090000,46.982483,318800
2014-12-16,52.220001,53.099998,51.950001,52.369999,47.235023,154700
2014-12-17,52.070000,52.820000,52.000000,52.590000,47.989681,446400
2014-12-18,53.250000,54.119999,52.930000,53.459999,48.783581,100000
2014-12-19,53.439999,53.680000,53.279999,53.560001,48.874836,172000
2014-12-22,53.750000,53.889999,53.660000,53.730000,49.029957,241900
2014-12-23,53.740002,53.740002,53.500000,53.630001,48.938713,172900
2014-12-24,53.849998,53.889999,53.610001,53.840000,49.130337,97800
2014-12-26,54.180000,54.180000,53.990002,54.020000,49.294594,168900
2014-12-29,53.669998,53.939999,53.660000,53.680000,48.984341,200300
2014-12-30,53.389999,53.549999,53.389999,53.430000,48.756203,163900
2014-12-31,53.660000,53.660000,53.180000,53.270000,48.610199,220600
2015-01-02,53.419998,53.419998,52.840000,53.000000,48.363815,86300
2015-01-05,52.360001,52.459999,51.779999,51.939999,47.396542,7213700
2015-01-06,51.939999,52.020000,51.169998,51.320000,46.830772,89000
2015-01-07,51.810001,52.040001,51.529999,51.950001,47.405670,76800
2015-01-08,52.230000,52.820000,52.230000,52.680000,48.071812,178200
2015-01-09,52.630001,52.669998,52.230000,52.410000,47.825428,108300
2015-01-12,52.490002,52.490002,52.000000,52.130001,47.569916,336400
2015-01-13,52.669998,52.910000,52.049999,52.470001,47.880180,103800
2015-01-14,52.279999,52.389999,51.910000,52.340000,47.761555,98200
2015-01-15,52.910000,52.910000,52.459999,52.540001,47.944057,237300
2015-01-16,52.529999,53.110001,52.509998,53.090000,48.445942,268900
2015-01-20,53.410000,53.410000,52.930000,53.180000,48.528072,631800
2015-01-21,53.310001,53.610001,53.290001,53.610001,48.920452,73900
2015-01-22,53.639999,54.099998,53.450001,53.970001,49.248962,101300
2015-01-23,53.750000,53.990002,53.669998,53.680000,48.984341,149100
2015-01-26,54.000000,54.310001,53.860001,54.209999,49.467976,156600
2015-01-27,54.070000,54.349998,53.779999,54.189999,49.449722,158200
2015-01-28,54.290001,54.290001,53.410000,53.459999,48.783581,128400
2015-01-29,53.860001,54.029999,53.520000,53.990002,49.267220,384800
2015-01-30,53.259998,53.639999,53.049999,53.049999,48.409443,147000
2015-02-02,53.369999,54.000000,53.369999,53.930000,49.212467,199800
2015-02-03,54.259998,54.799999,54.200001,54.759998,49.969860,146600
2015-02-04,54.540001,54.720001,54.240002,54.299999,49.550102,98000
2015-02-05,54.619999,54.970001,54.529999,54.970001,50.161495,90000
2015-02-06,54.549999,54.590000,54.099998,54.180000,49.440598,149900
2015-02-09,53.980000,54.200001,53.959999,54.110001,49.376720,210800
2015-02-10,54.380001,54.430000,54.080002,54.360001,49.604851,90000
2015-02-11,54.020000,54.139999,53.840000,54.070000,49.340218,381000
2015-02-12,54.520000,54.980000,54.520000,54.980000,50.170620,90000
2015-02-13,55.209999,55.380001,55.150002,55.310001,50.471752,114300
2015-02-17,55.310001,55.570000,55.090000,55.459999,50.608627,184000
2015-02-18,55.540001,55.830002,55.369999,55.689999,50.818508,567900
2015-02-19,55.650002,55.849998,55.509998,55.639999,50.772884,57500
2015-02-20,55.529999,56.259998,55.419998,56.110001,51.201771,93300
2015-02-23,55.840000,55.910000,55.639999,55.849998,50.964512,242200
2015-02-24,55.860001,56.299999,55.709999,56.230000,51.311272,100400
2015-02-25,56.180000,56.360001,56.110001,56.290001,51.366032,191600
2015-02-26,56.259998,56.279999,56.070000,56.200001,51.283901,200700
2015-02-27,56.220001,56.419998,56.099998,56.099998,51.192646,218400
2015-03-02,56.150002,56.250000,56.009998,56.250000,51.329525,105500
2015-03-03,56.080002,56.099998,55.759998,55.919998,51.028389,87200
2015-03-04,55.599998,55.680000,55.259998,55.650002,50.782005,156500
2015-03-05,55.810001,55.880001,55.560001,55.720001,50.845886,79000
2015-03-06,55.240002,55.320000,54.830002,54.880001,50.079361,92600
2015-03-09,54.959999,54.980000,54.790001,54.930000,50.124992,58600
2015-03-10,54.110001,54.259998,53.730000,53.779999,49.075584,121600
2015-03-11,53.869999,53.970001,53.709999,53.869999,49.157711,218400
2015-03-12,54.500000,54.560001,54.310001,54.450001,49.686977,79900
2015-03-13,54.080002,54.099998,53.790001,54.060001,49.331097,59100
2015-03-16,54.500000,54.720001,54.419998,54.680000,49.896858,53400
2015-03-17,54.400002,54.720001,54.299999,54.689999,49.905983,93800
2015-03-18,54.660000,55.959999,54.549999,55.799999,50.918884,92700
2015-03-19,55.310001,55.330002,55.000000,55.099998,50.280121,89200
2015-03-20,55.990002,56.389999,55.779999,56.209999,51.293018,68600
2015-03-23,56.470001,56.619999,56.209999,56.509998,51.566780,236100
2015-03-24,56.470001,56.700001,56.439999,56.490002,51.548527,177200
2015-03-25,56.529999,56.669998,56.070000,56.070000,51.165268,102900
2015-03-26,55.799999,55.820000,55.380001,55.680000,50.809383,145200
2015-03-27,55.709999,55.759998,55.520000,55.709999,50.836761,61000
2015-03-30,55.840000,56.080002,55.790001,55.990002,51.092270,77500
2015-03-31,55.279999,55.549999,55.189999,55.400002,50.553879,69400
2015-04-01,55.770000,55.799999,55.439999,55.750000,50.873260,159700
2015-04-02,56.060001,56.369999,56.060001,56.340000,51.411648,73700
2015-04-06,56.700001,57.200001,56.639999,56.970001,51.986542,118400
2015-04-07,57.009998,57.240002,56.830002,56.880001,51.904411,77500
2015-04-08,57.430000,57.619999,57.090000,57.290001,52.278549,91800
2015-04-09,57.410000,57.500000,57.250000,57.500000,52.470177,115800
2015-04-10,57.430000,57.610001,57.330002,57.610001,52.570557,71800
2015-04-13,57.480000,57.570000,57.200001,57.279999,52.269424,264000
2015-04-14,57.630001,57.680000,57.500000,57.660000,52.616184,105100
2015-04-15,57.709999,58.060001,57.599998,58.020000,52.944695,170400
2015-04-16,58.180000,58.389999,57.860001,58.270000,53.172825,125400
2015-04-17,57.689999,57.689999,57.220001,57.400002,52.378925,137200
2015-04-20,57.500000,57.680000,57.439999,57.549999,52.515804,1427300
2015-04-21,58.119999,58.119999,57.799999,57.959999,52.889942,220100
2015-04-22,58.070000,58.189999,57.799999,58.130001,53.045074,113300
2015-04-23,57.900002,58.520000,57.799999,58.430000,53.318825,124500
2015-04-24,58.540001,58.770000,58.430000,58.709999,53.574337,148200
2015-04-27,59.080002,59.240002,58.900002,58.959999,53.802464,105100
2015-04-28,58.930000,59.130001,58.740002,59.130001,53.957596,128600
2015-04-29,58.689999,58.869999,58.470001,58.590000,53.464832,113800
2015-04-30,58.099998,58.240002,57.849998,57.860001,52.798683,308500
2015-05-01,58.209999,58.430000,57.980000,58.430000,53.318825,60700
2015-05-04,58.439999,58.540001,58.349998,58.500000,53.382706,159200
2015-05-05,58.150002,58.400002,57.650002,57.750000,52.698311,447500
2015-05-06,57.950001,58.049999,57.439999,57.599998,52.561428,380700
2015-05-07,57.439999,57.570000,57.220001,57.549999,52.515804,297500
2015-05-08,58.070000,58.770000,58.070000,58.669998,53.537827,153500
2015-05-11,58.369999,58.509998,58.090000,58.189999,53.099823,295600
2015-05-12,58.150002,58.259998,57.919998,58.160000,53.072445,99300
2015-05-13,58.790001,58.860001,58.439999,58.490002,53.373585,107700
2015-05-14,59.009998,59.119999,58.779999,59.110001,53.939346,99000
2015-05-15,58.930000,59.330002,58.840000,59.320000,54.130974,162400
2015-05-18,58.970001,59.070000,58.849998,58.950001,53.793343,197100
2015-05-19,58.770000,58.910000,58.750000,58.770000,53.629082,156400
2015-05-20,58.799999,59.090000,58.709999,58.889999,53.738590,157800
2015-05-21,58.930000,59.119999,58.810001,59.110001,53.939346,93500
2015-05-22,58.830002,58.939999,58.750000,58.750000,53.610836,49000
2015-05-26,58.330002,58.330002,57.700001,57.869999,52.807816,146400
2015-05-27,57.849998,58.279999,57.770000,58.200001,53.108948,97200
2015-05-28,57.849998,58.040001,57.610001,57.970001,52.899063,98400
2015-05-29,57.779999,57.820000,57.299999,57.549999,52.515804,483900
2015-06-01,57.610001,57.610001,57.119999,57.209999,52.205544,119700
2015-06-02,57.430000,57.889999,57.360001,57.630001,52.588814,153300
2015-06-03,57.759998,58.040001,57.669998,57.779999,52.725681,75900
2015-06-04,57.450001,57.709999,56.930000,57.090000,52.096043,98700
2015-06-05,56.419998,56.799999,56.209999,56.630001,51.676281,100900
2015-06-08,56.560001,56.599998,56.299999,56.509998,51.566780,404200
2015-06-09,56.290001,56.360001,55.980000,56.240002,51.320400,98400
2015-06-10,56.799999,57.389999,56.799999,57.270000,52.260300,129700
2015-06-11,57.410000,57.430000,57.020000,57.209999,52.205544,96700
2015-06-12,56.849998,57.080002,56.669998,56.970001,51.986542,106000
2015-06-15,56.410000,56.580002,56.200001,56.570000,51.621529,160100
2015-06-16,56.169998,56.610001,56.169998,56.540001,51.594158,113100
2015-06-17,56.490002,56.730000,56.029999,56.590000,51.639782,199400
2015-06-18,56.790001,57.250000,56.790001,57.029999,52.041290,136700
2015-06-19,56.980000,57.020000,56.820000,56.860001,51.886169,119200
2015-06-22,57.419998,58.000000,57.419998,57.709999,52.661804,153100
2015-06-23,57.689999,58.000000,57.689999,57.950001,52.880814,55400
2015-06-24,57.750000,57.830002,57.459999,57.459999,52.433678,93800
2015-06-25,56.950001,56.950001,56.520000,56.619999,52.410538,85000
2015-06-26,56.669998,56.759998,56.400002,56.570000,52.364250,216600
2015-06-29,55.919998,55.919998,54.880001,55.009998,50.920231,243100
2015-06-30,55.560001,55.680000,54.880001,55.110001,51.012798,321100
2015-07-01,55.660000,55.720001,55.110001,55.349998,51.234951,246200
2015-07-02,55.490002,55.529999,55.259998,55.439999,51.318264,404900
2015-07-06,54.750000,54.750000,54.009998,54.250000,50.216736,522600
2015-07-07,53.740002,54.110001,53.070000,54.070000,50.050117,618900
2015-07-08,53.529999,53.529999,52.599998,52.689999,48.772717,295800
2015-07-09,53.230000,54.040001,53.230000,53.520000,49.541012,127800
2015-07-10,54.730000,55.040001,54.599998,55.000000,50.910980,183200
2015-07-13,55.250000,55.349998,55.110001,55.320000,51.207184,127000
2015-07-14,55.400002,55.580002,55.270000,55.549999,51.420082,214000
2015-07-15,55.410000,55.459999,55.080002,55.270000,51.160904,197000
2015-07-16,55.709999,55.820000,55.630001,55.720001,51.577450,80900
2015-07-17,55.700001,55.720001,55.490002,55.639999,51.503395,117800
2015-07-20,55.700001,55.709999,55.490002,55.590000,51.457115,64400
2015-07-21,55.570000,55.639999,55.400002,55.529999,51.401577,157700
2015-07-22,54.980000,55.119999,54.939999,55.080002,50.985035,156900
2015-07-23,55.070000,55.169998,54.750000,54.840000,50.762871,127000
2015-07-24,54.650002,54.730000,54.119999,54.230000,50.198223,137500
2015-07-27,53.900002,53.930000,53.529999,53.660000,49.670597,84500
2015-07-28,54.029999,54.349998,53.840000,54.290001,50.253765,55500
2015-07-29,54.189999,54.830002,54.130001,54.639999,50.577736,30500
2015-07-30,54.330002,54.470001,54.040001,54.450001,50.401867,99900
2015-07-31,54.970001,54.980000,54.650002,54.790001,50.716587,541500
2015-08-03,54.619999,54.740002,54.270000,54.380001,50.337070,504300
2015-08-04,54.669998,54.730000,54.400002,54.509998,50.457409,112400
2015-08-05,54.910000,55.040001,54.669998,54.759998,50.688820,70000
2015-08-06,54.509998,54.599998,54.320000,54.470001,50.420383,77200
2015-08-07,54.279999,54.459999,54.180000,54.419998,50.374092,115000
2015-08-10,54.610001,55.160000,54.560001,55.150002,51.049824,75600
2015-08-11,54.599998,54.599998,54.000000,54.259998,50.225994,159100
2015-08-12,53.590000,53.889999,53.279999,53.889999,49.883499,199600
2015-08-13,53.709999,53.950001,53.650002,53.779999,49.781677,63400
2015-08-14,53.779999,53.970001,53.680000,53.869999,49.864983,74000
2015-08-17,53.450001,53.720001,53.320000,53.720001,49.726139,304600
2015-08-18,53.240002,53.459999,53.189999,53.299999,49.337364,80300
2015-08-19,52.830002,53.020000,52.450001,52.849998,48.920815,89000
2015-08-20,52.330002,52.330002,51.619999,51.619999,47.782261,218000
2015-08-21,51.299999,51.490002,50.240002,50.259998,46.523380,502600
2015-08-24,49.759998,49.759998,47.000000,48.549999,44.940506,481700
2015-08-25,49.520000,50.980000,48.889999,49.099998,45.449615,232400
2015-08-26,50.080002,50.279999,49.130001,50.270000,46.532635,185600
2015-08-27,50.639999,51.299999,50.500000,51.200001,47.393490,129700
2015-08-28,50.860001,51.160000,50.810001,51.080002,47.282413,242900
2015-08-31,50.669998,50.939999,50.480000,50.820000,47.041744,1087200
2015-09-01,49.540001,49.650002,48.930000,48.990002,45.347797,200100
2015-09-02,49.919998,49.919998,49.240002,49.709999,46.014271,404700
2015-09-03,49.910000,50.310001,49.790001,49.900002,46.190144,163800
2015-09-04,48.910000,49.049999,48.509998,48.759998,45.134892,231000
2015-09-08,50.029999,50.130001,49.770000,50.130001,46.403042,175400
2015-09-09,50.830002,50.849998,49.810001,49.849998,46.143860,221600
2015-09-10,49.910000,50.470001,49.840000,50.230000,46.495605,194600
2015-09-11,49.849998,50.250000,49.840000,50.250000,46.514114,237700
2015-09-14,49.910000,49.950001,49.730000,49.919998,46.208652,104400
2015-09-15,49.919998,50.340000,49.849998,50.310001,46.569660,138100
2015-09-16,50.709999,51.150002,50.709999,51.130001,47.328697,168700
2015-09-17,50.880001,51.820000,50.790001,51.180000,47.374977,139300
2015-09-18,50.430000,50.619999,50.020000,50.090000,46.366016,160700
2015-09-21,50.240002,50.299999,49.880001,50.020000,46.301220,1019100
2015-09-22,48.919998,49.110001,48.619999,48.959999,45.320023,817300
2015-09-23,48.990002,48.990002,48.459999,48.639999,45.023819,732100
2015-09-24,48.250000,48.610001,47.919998,48.459999,44.857197,595800
2015-09-25,49.099998,49.189999,48.580002,48.799999,45.171921,597700
2015-09-28,48.389999,48.480000,47.730000,47.820000,44.264778,501000
2015-09-29,47.750000,47.959999,47.529999,47.799999,44.246269,425100
2015-09-30,48.549999,48.840000,48.299999,48.840000,45.208950,245400
2015-10-01,49.119999,49.220001,48.540001,48.950001,45.310764,291200
2015-10-02,48.580002,49.730000,48.580002,49.720001,46.023518,244200
2015-10-05,50.360001,50.750000,50.360001,50.730000,46.958431,4030700
2015-10-06,50.730000,50.939999,50.689999,50.860001,47.078770,206500
2015-10-07,51.450001,51.700001,51.209999,51.560001,47.726727,87500
2015-10-08,51.340000,52.020000,51.270000,52.000000,48.134018,136300
2015-10-09,52.150002,52.290001,51.970001,52.130001,48.254345,135000
2015-10-12,52.070000,52.070000,51.900002,51.950001,48.087734,122000
2015-10-13,51.310001,51.770000,51.279999,51.349998,47.532341,137000
2015-10-14,51.410000,51.700001,51.369999,51.490002,47.661930,698500
2015-10-15,51.889999,52.490002,51.889999,52.430000,48.532040,1462400
2015-10-16,52.320000,52.419998,52.150002,52.380001,48.485760,87900
2015-10-19,52.150002,52.230000,51.919998,52.040001,48.171040,157900
2015-10-20,51.939999,52.160000,51.889999,51.980000,48.115501,178300
2015-10-21,52.060001,52.240002,51.689999,51.700001,47.856323,203600
2015-10-22,51.910000,52.560001,51.910000,52.419998,48.522789,228300
2015-10-23,52.779999,52.910000,52.619999,52.779999,48.856022,277100
2015-10-26,52.730000,52.730000,52.480000,52.529999,48.624611,111900
2015-10-27,52.160000,52.250000,51.970001,52.040001,48.171040,59800
2015-10-28,52.230000,52.630001,51.959999,52.299999,48.411713,63700
2015-10-29,51.730000,51.980000,51.720001,51.889999,48.032196,148400
2015-10-30,51.959999,52.130001,51.820000,51.869999,48.013676,141300
2015-11-02,51.970001,52.380001,51.970001,52.360001,48.467251,65600
2015-11-03,52.060001,52.630001,52.060001,52.490002,48.587582,139900
2015-11-04,52.509998,52.619999,52.000000,52.150002,48.272861,189500
2015-11-05,52.250000,52.330002,51.959999,52.099998,48.226578,81000
2015-11-06,51.740002,51.790001,51.419998,51.720001,47.874832,215100
2015-11-09,51.270000,51.450001,50.919998,51.139999,47.337955,106200
2015-11-10,50.889999,51.110001,50.799999,51.029999,47.236130,493900
2015-11-11,51.400002,51.560001,51.169998,51.240002,47.430519,65800
2015-11-12,50.779999,51.080002,50.599998,50.669998,46.902893,113700
2015-11-13,50.360001,50.450001,50.040001,50.200001,46.467838,208600
2015-11-16,50.209999,50.840000,50.209999,50.799999,47.023228,142200
2015-11-17,51.070000,51.189999,50.779999,50.950001,47.162079,216900
2015-11-18,50.970001,51.360001,50.950001,51.360001,47.541599,110900
2015-11-19,51.540001,51.820000,51.540001,51.709999,47.865570,150000
2015-11-20,51.950001,51.990002,51.639999,51.660000,47.819286,63000
2015-11-23,51.490002,51.610001,51.200001,51.349998,47.532341,272100
2015-11-24,51.000000,51.490002,50.900002,51.410000,47.587875,141000
2015-11-25,51.430000,51.529999,51.160000,51.349998,47.532341,145500
2015-11-27,51.360001,51.430000,51.169998,51.259998,47.449024,339600
2015-11-30,51.259998,51.299999,51.099998,51.270000,47.458286,168800
2015-12-01,51.480000,51.700001,51.480000,51.700001,47.856323,354100
2015-12-02,51.509998,51.610001,51.090000,51.209999,47.402748,557900
2015-12-03,51.340000,51.419998,50.720001,50.889999,47.106537,175700
2015-12-04,50.709999,51.400002,50.709999,51.290001,47.476803,150600
2015-12-07,51.080002,51.080002,50.669998,50.849998,47.069508,329800
2015-12-08,50.000000,50.200001,49.810001,50.099998,46.375271,198100
2015-12-09,50.040001,50.520000,49.630001,49.919998,46.208652,298600
2015-12-10,49.990002,50.150002,49.770000,49.820000,46.116085,220600
2015-12-11,49.150002,49.250000,48.700001,48.849998,45.218201,313400
2015-12-14,49.049999,49.049999,48.490002,49.009998,45.366306,548200
2015-12-15,49.320000,49.599998,49.290001,49.369999,45.699543,275200
2015-12-16,49.840000,50.380001,49.619999,50.240002,46.504868,277000
2015-12-17,50.290001,50.310001,49.619999,49.680000,45.986496,148900
2015-12-18,49.419998,49.619999,49.160000,49.209999,45.551437,672000
2015-12-21,49.110001,49.349998,48.689999,48.959999,45.854885,359100
2015-12-22,49.110001,49.400002,48.910000,49.330002,46.201424,706200
2015-12-23,49.740002,50.080002,49.709999,50.040001,46.866394,3113100
2015-12-24,49.860001,50.090000,49.860001,49.980000,46.810196,334800
2015-12-28,49.840000,49.980000,49.639999,49.799999,46.641613,242900
2015-12-29,50.180000,50.340000,50.000000,50.250000,47.063072,689000
2015-12-30,49.959999,50.049999,49.849998,49.889999,46.725906,443300
2015-12-31,49.630001,49.700001,49.400002,49.480000,46.341908,1879300
2016-01-04,48.450001,48.630001,47.980000,48.540001,45.461525,544900
2016-01-05,48.439999,48.549999,48.200001,48.490002,45.414696,369500
2016-01-06,47.459999,47.790001,47.419998,47.650002,44.627972,497900
2016-01-07,46.639999,47.160000,46.590000,46.660000,43.700760,478500
2016-01-08,46.759998,46.950001,46.040001,46.080002,43.157543,774400
2016-01-11,46.520000,46.570000,45.799999,46.169998,43.241837,1187900
2016-01-12,46.480000,46.590000,45.910000,46.349998,43.410419,6471900
2016-01-13,46.599998,46.700001,45.529999,45.590000,42.698616,331400
2016-01-14,45.730000,46.349998,45.419998,46.169998,43.241837,378900
2016-01-15,44.720001,44.930000,44.259998,44.560001,41.733944,452200
2016-01-19,45.279999,45.279999,44.599998,44.919998,42.071110,469600
2016-01-20,44.040001,44.139999,43.020000,43.900002,41.115803,740200
2016-01-21,43.720001,44.459999,43.439999,44.209999,41.406139,152400
2016-01-22,45.310001,45.630001,45.189999,45.549999,42.661152,167300
2016-01-25,45.230000,45.450001,44.860001,44.889999,42.043015,305500
2016-01-26,45.189999,45.759998,45.080002,45.720001,42.820377,232300
2016-01-27,45.509998,46.099998,45.189999,45.380001,42.501938,296600
2016-01-28,45.950001,46.080002,45.349998,45.720001,42.820377,132700
2016-01-29,46.020000,46.709999,46.020000,46.700001,43.738220,642900
2016-02-01,46.290001,46.730000,46.150002,46.599998,43.644562,331800
2016-02-02,46.029999,46.029999,45.290001,45.480000,42.595596,880400
2016-02-03,45.610001,46.070000,45.070000,46.020000,43.101353,223400
2016-02-04,46.070000,46.439999,45.950001,46.189999,43.260563,256800
2016-02-05,46.119999,46.169998,45.400002,45.529999,42.642422,163400
2016-02-08,44.810001,44.860001,44.340000,44.810001,41.968090,259600
2016-02-09,43.970001,44.400002,43.900002,44.180000,41.378044,238600
2016-02-10,44.590000,44.750000,44.099998,44.220001,41.415508,138800
2016-02-11,43.709999,43.820000,43.259998,43.650002,40.881657,387900
2016-02-12,43.889999,44.279999,43.619999,44.169998,41.368675,261100
2016-02-16,45.209999,45.209999,44.759998,45.169998,42.305252,193800
2016-02-17,45.669998,46.080002,45.560001,46.029999,43.110714,398400
2016-02-18,46.340000,46.340000,45.820000,45.869999,42.960861,551500
2016-02-19,45.590000,45.810001,45.410000,45.770000,42.867203,393500
2016-02-22,46.189999,46.400002,46.189999,46.349998,43.410419,125400
2016-02-23,45.990002,46.099998,45.570000,45.639999,42.745449,381100
2016-02-24,44.990002,45.599998,44.700001,45.540001,42.651794,106300
2016-02-25,45.529999,46.049999,45.520000,46.049999,43.129444,156500
2016-02-26,46.270000,46.340000,45.759998,45.820000,42.914036,153300
2016-02-29,45.910000,46.119999,45.730000,45.799999,42.895298,662100
2016-03-01,46.450001,46.980000,46.310001,46.970001,43.991100,172000
2016-03-02,46.970001,47.349998,46.849998,47.349998,44.346996,112300
2016-03-03,47.439999,47.790001,47.400002,47.790001,44.759094,78000
2016-03-04,48.080002,48.509998,47.990002,48.310001,45.246117,160200
2016-03-07,47.869999,48.459999,47.779999,48.279999,45.218014,190600
2016-03-08,47.970001,47.980000,47.639999,47.709999,44.684162,377400
2016-03-09,47.950001,48.049999,47.759998,47.950001,44.908951,154900
2016-03-10,48.150002,48.450001,47.480000,47.849998,44.815285,109800
2016-03-11,48.599998,49.090000,48.599998,49.090000,45.976646,210600
2016-03-14,49.009998,49.020000,48.790001,48.939999,45.836159,249900
2016-03-15,48.240002,48.380001,48.169998,48.380001,45.311672,177600
2016-03-16,48.119999,49.029999,48.090000,49.029999,45.920448,377200
2016-03-17,49.099998,49.660000,49.040001,49.570000,46.426205,381400
2016-03-18,49.619999,49.680000,49.459999,49.540001,46.398109,136400
2016-03-21,49.509998,49.619999,49.310001,49.529999,46.388737,113700
2016-03-22,49.029999,49.540001,49.029999,49.439999,46.304443,176700
2016-03-23,49.200001,49.279999,48.759998,48.830002,45.733135,233300
2016-03-24,48.349998,48.580002,48.150002,48.580002,45.498993,192900
2016-03-28,48.869999,48.990002,48.599998,48.810001,45.714401,552300
2016-03-29,48.630001,49.400002,48.480000,49.400002,46.266987,124900
2016-03-30,49.779999,50.099998,49.720001,49.840000,46.679077,265300
2016-03-31,49.750000,49.799999,49.389999,49.439999,46.304443,177500
2016-04-01,48.529999,49.070000,48.450001,49.040001,45.929821,201400
2016-04-04,49.180000,49.180000,48.790001,48.860001,45.761234,276300
2016-04-05,48.099998,48.099998,47.860001,47.880001,44.843384,229700
2016-04-06,48.080002,48.639999,48.000000,48.639999,45.555187,201600
2016-04-07,48.279999,48.320000,47.779999,47.950001,44.908951,270700
2016-04-08,48.750000,48.959999,48.720001,48.779999,45.686310,166800
2016-04-11,49.240002,49.410000,48.990002,48.990002,45.882988,414900
2016-04-12,49.349998,49.830002,49.110001,49.810001,46.650986,83700
2016-04-13,50.389999,50.520000,50.250000,50.480000,47.278492,247200
2016-04-14,50.490002,50.590000,50.410000,50.470001,47.269123,121900
2016-04-15,50.450001,50.490002,50.310001,50.369999,47.175465,162300
2016-04-18,50.240002,50.779999,50.240002,50.720001,47.503273,167000
2016-04-19,51.450001,51.619999,51.299999,51.540001,48.271263,346500
2016-04-20,51.470001,51.750000,51.330002,51.540001,48.271263,88400
2016-04-21,51.439999,51.439999,51.060001,51.160000,47.915359,155000
2016-04-22,51.150002,51.320000,50.919998,51.139999,47.896633,161400
2016-04-25,50.810001,50.980000,50.740002,50.900002,47.671852,103200
2016-04-26,51.130001,51.180000,50.970001,51.130001,47.887268,104000
2016-04-27,51.009998,51.340000,50.910000,51.230000,47.980923,189400
2016-04-28,50.830002,51.169998,50.599998,50.689999,47.475166,149500
2016-04-29,50.740002,50.820000,50.330002,50.650002,47.437706,157400
2016-05-02,50.830002,50.919998,50.630001,50.849998,47.625019,220600
2016-05-03,50.310001,50.310001,49.840000,49.910000,46.744637,698200
2016-05-04,49.580002,49.610001,49.220001,49.310001,46.182690,126100
2016-05-05,49.470001,49.470001,49.150002,49.270000,46.145226,105700
2016-05-06,49.049999,49.410000,49.000000,49.360001,46.229519,177800
2016-05-09,49.419998,49.459999,49.049999,49.169998,46.051567,479300
2016-05-10,49.540001,49.860001,49.380001,49.860001,46.697807,134700
2016-05-11,49.689999,49.849998,49.549999,49.570000,46.426205,193800
2016-05-12,49.959999,49.980000,49.320000,49.490002,46.351280,125700
2016-05-13,49.169998,49.330002,48.799999,48.900002,45.798698,200100
2016-05-16,49.049999,49.560001,49.049999,49.490002,46.351280,165900
2016-05-17,49.490002,49.619999,49.160000,49.259998,46.135860,207100
2016-05-18,49.119999,49.570000,48.950001,49.090000,45.976646,131900
2016-05-19,48.660000,48.849998,48.529999,48.790001,45.695675,156500
2016-05-20,49.139999,49.240002,49.000000,49.150002,46.032841,70700
2016-05-23,49.020000,49.160000,48.950001,49.049999,45.939182,76100
2016-05-24,49.209999,49.709999,49.209999,49.650002,46.501133,91800
2016-05-25,49.869999,50.240002,49.869999,50.169998,46.988148,110000
2016-05-26,50.380001,50.410000,50.169998,50.299999,47.109909,83700
2016-05-27,50.259998,50.360001,50.160000,50.180000,46.997517,322300
2016-05-31,50.450001,50.500000,49.980000,50.119999,46.941319,584500
2016-06-01,49.900002,50.110001,49.750000,50.110001,46.931957,691600
2016-06-02,49.889999,50.150002,49.790001,50.150002,46.969421,231300
2016-06-03,50.430000,50.639999,50.209999,50.619999,47.409611,161900
2016-06-06,50.720001,51.040001,50.720001,50.980000,47.746780,137500
2016-06-07,51.310001,51.439999,51.290001,51.310001,48.055847,122500
2016-06-08,51.540001,51.700001,51.450001,51.549999,48.280632,117500
2016-06-09,50.959999,51.060001,50.770000,50.950001,47.718681,150500
2016-06-10,50.049999,50.099998,49.459999,49.619999,46.473030,137000
2016-06-13,49.009998,49.369999,48.830002,48.919998,45.817425,146000
2016-06-14,48.509998,48.660000,48.070000,48.330002,45.264851,228300
2016-06-15,48.660000,48.849998,48.549999,48.650002,45.564552,313400
2016-06-16,47.959999,48.630001,47.619999,48.630001,45.545822,70400
2016-06-17,48.750000,49.049999,48.619999,49.000000,45.892349,84200
2016-06-20,50.209999,50.419998,50.029999,50.080002,46.903854,65600
2016-06-21,50.400002,50.660000,50.209999,50.439999,47.241024,144700
2016-06-22,49.939999,50.060001,49.639999,49.669998,47.225807,256300
2016-06-23,50.480000,50.970001,50.330002,50.970001,48.461845,233300
2016-06-24,47.389999,48.200001,47.060001,47.230000,44.905880,2818100
2016-06-27,46.549999,46.560001,45.700001,46.230000,43.955090,425300
2016-06-28,47.230000,47.419998,46.950001,47.419998,45.086525,169700
2016-06-29,48.130001,48.380001,48.000000,48.330002,45.951756,719600
2016-06-30,48.459999,48.959999,48.270000,48.959999,46.550747,849300
2016-07-01,48.919998,49.209999,48.919998,49.119999,46.702873,360000
2016-07-05,48.320000,48.520000,48.020000,48.130001,45.761593,900900
2016-07-06,47.639999,48.130001,47.330002,48.130001,45.761593,340100
2016-07-07,48.169998,48.349998,47.770000,47.970001,45.609470,707500
2016-07-08,48.320000,48.709999,48.320000,48.709999,46.313049,274300
2016-07-11,49.080002,49.439999,49.080002,49.299999,46.874020,214000
2016-07-12,49.830002,50.099998,49.759998,49.919998,47.463512,349100
2016-07-13,50.000000,50.070000,49.740002,49.950001,47.492035,148300
2016-07-14,50.349998,50.430000,50.200001,50.360001,47.881859,119400
2016-07-15,50.200001,50.250000,49.990002,50.169998,47.701206,1053100
2016-07-18,50.099998,50.340000,50.020000,50.299999,47.824814,671900
2016-07-19,49.970001,49.980000,49.790001,49.959999,47.501545,183300
2016-07-20,50.160000,50.340000,50.040001,50.320000,47.843830,96800
2016-07-21,50.000000,50.310001,49.970001,50.130001,47.663177,988000
2016-07-22,50.220001,50.369999,50.040001,50.369999,47.891365,131200
2016-07-25,50.180000,50.259998,49.939999,50.099998,47.634651,385100
2016-07-26,50.230000,50.419998,50.080002,50.360001,47.881859,284600
2016-07-27,50.459999,50.610001,50.169998,50.419998,47.938904,401000
2016-07-28,50.520000,50.560001,50.290001,50.480000,47.995953,67300
2016-07-29,50.709999,51.070000,50.669998,50.990002,48.480862,189400
2016-08-01,50.990002,50.990002,50.660000,50.709999,48.214634,207500
2016-08-02,50.689999,50.700001,50.320000,50.520000,48.033985,232700
2016-08-03,50.070000,50.430000,50.070000,50.430000,47.948418,294000
2016-08-04,50.459999,50.709999,50.459999,50.689999,48.195618,150500
2016-08-05,50.709999,50.980000,50.700001,50.959999,48.452335,94200
2016-08-08,51.040001,51.169998,51.040001,51.119999,48.604458,257400
2016-08-09,51.299999,51.689999,51.299999,51.540001,49.003792,173000
2016-08-10,51.860001,51.869999,51.610001,51.720001,49.174938,245500
2016-08-11,51.910000,52.169998,51.860001,52.060001,49.498207,143900
2016-08-12,52.110001,52.150002,51.889999,51.959999,49.403122,2940400
2016-08-15,52.180000,52.360001,52.110001,52.279999,49.707375,162500
2016-08-16,52.180000,52.230000,52.049999,52.160000,49.593285,167500
2016-08-17,51.919998,52.130001,51.650002,52.080002,49.517223,190000
2016-08-18,52.150002,52.360001,52.080002,52.360001,49.783440,194400
2016-08-19,51.840000,52.020000,51.680000,51.970001,49.412632,64400
2016-08-22,51.820000,51.939999,51.689999,51.860001,49.308048,158700
2016-08-23,52.230000,52.330002,52.000000,52.000000,49.441154,184400
2016-08-24,52.060001,52.099998,51.840000,51.930000,49.374599,151000
2016-08-25,51.770000,51.880001,51.700001,51.750000,49.203461,124500
2016-08-26,51.849998,52.330002,51.230000,51.369999,48.842155,131300
2016-08-29,51.360001,51.680000,51.299999,51.650002,49.108379,176400
2016-08-30,51.660000,51.750000,51.439999,51.529999,48.994286,168900
2016-08-31,51.430000,51.490002,51.139999,51.290001,48.766094,347600
2016-09-01,51.500000,51.700001,51.369999,51.700001,49.155926,114500
2016-09-02,52.169998,52.330002,52.049999,52.299999,49.726391,859900
2016-09-06,52.509998,52.910000,52.509998,52.869999,50.268345,186700
2016-09-07,52.950001,53.060001,52.759998,52.970001,50.363422,193100
2016-09-08,52.869999,53.000000,52.709999,52.770000,50.173267,261000
2016-09-09,52.209999,52.209999,51.560001,51.580002,49.041824,171000
2016-09-12,51.150002,52.000000,51.040001,51.970001,49.412632,158400
2016-09-13,51.270000,51.369999,50.680000,50.889999,48.385777,476800
2016-09-14,50.869999,51.110001,50.779999,50.889999,48.385777,359700
2016-09-15,50.900002,51.490002,50.869999,51.430000,48.899204,118300
2016-09-16,50.889999,50.939999,50.720001,50.849998,48.347744,158500
2016-09-19,51.330002,51.419998,51.040001,51.139999,48.623478,172300
2016-09-20,51.520000,51.590000,51.290001,51.330002,48.804131,294100
2016-09-21,51.779999,52.419998,51.700001,52.349998,49.773930,110500
2016-09-22,53.000000,53.150002,52.720001,52.750000,50.154251,286400
2016-09-23,52.540001,52.540001,52.270000,52.310001,49.735905,207100
2016-09-26,51.889999,51.980000,51.750000,51.770000,49.222473,248100
2016-09-27,51.740002,52.130001,51.639999,52.090000,49.526730,441700
2016-09-28,52.279999,52.570000,52.040001,52.509998,49.926060,334100
2016-09-29,52.400002,52.459999,51.700001,51.919998,49.365089,131900
2016-09-30,52.080002,52.389999,51.930000,52.220001,49.650333,485500
2016-10-03,52.160000,52.259998,52.070000,52.250000,49.678856,162900
2016-10-04,52.360001,52.480000,51.840000,52.000000,49.441154,390600
2016-10-05,52.259998,52.430000,52.160000,52.380001,49.802456,204400
2016-10-06,52.040001,52.169998,51.970001,52.130001,49.564758,160200
2016-10-07,51.910000,52.009998,51.459999,51.830002,49.279522,664300
2016-10-10,51.990002,52.240002,51.919998,52.090000,49.526730,182100
2016-10-11,51.630001,51.810001,51.119999,51.279999,48.756584,275700
2016-10-12,51.080002,51.299999,51.049999,51.200001,48.680519,126400
2016-10-13,50.730000,51.119999,50.490002,50.970001,48.461845,301800
2016-10-14,51.330002,51.430000,51.040001,51.099998,48.585442,209400
2016-10-17,50.970001,51.099998,50.919998,50.959999,48.452335,1599500
2016-10-18,51.599998,51.689999,51.439999,51.540001,49.003792,311000
2016-10-19,51.709999,51.880001,51.639999,51.750000,49.203461,409900
2016-10-20,51.610001,51.860001,51.570000,51.750000,49.203461,246500
2016-10-21,51.389999,51.709999,51.330002,51.700001,49.155926,628900
2016-10-24,51.840000,51.889999,51.500000,51.650002,49.108379,3590500
2016-10-25,51.570000,51.709999,51.470001,51.639999,49.098869,169000
2016-10-26,51.369999,51.549999,51.220001,51.279999,48.756584,263700
2016-10-27,51.450001,51.459999,51.169998,51.209999,48.690029,107500
2016-10-28,51.150002,51.320000,51.000000,51.130001,48.613968,328000
2016-10-31,51.169998,51.279999,51.020000,51.279999,48.756584,371600
2016-11-01,51.349998,51.349998,50.759998,51.009998,48.499870,253300
2016-11-02,50.950001,50.959999,50.529999,50.570000,48.081524,183100
2016-11-03,50.689999,50.799999,50.439999,50.540001,48.052998,156600
2016-11-04,50.169998,50.349998,50.029999,50.080002,47.615635,108900
2016-11-07,50.720001,50.959999,50.689999,50.950001,48.442822,207700
2016-11-08,50.790001,51.270000,50.709999,51.119999,48.604458,174300
2016-11-09,50.389999,51.060001,50.349998,50.830002,48.328735,404000
2016-11-10,50.680000,50.790001,50.080002,50.360001,47.881859,746600
2016-11-11,49.930000,49.959999,49.520000,49.869999,47.415966,169500
2016-11-14,49.549999,49.590000,49.320000,49.570000,47.130733,171900
2016-11-15,49.680000,49.970001,49.560001,49.959999,47.501545,390400
2016-11-16,49.509998,49.689999,49.480000,49.540001,47.102211,361200
2016-11-17,49.700001,49.950001,49.689999,49.750000,47.301876,455100
2016-11-18,49.560001,49.580002,49.360001,49.419998,46.988110,260200
2016-11-21,49.680000,49.849998,49.630001,49.820000,47.368427,296400
2016-11-22,50.000000,50.110001,49.849998,50.110001,47.644161,261100
2016-11-23,49.630001,49.889999,49.520000,49.889999,47.434982,370900
2016-11-25,50.009998,50.009998,49.889999,50.000000,47.539574,144500
2016-11-28,49.939999,50.040001,49.880001,49.959999,47.501545,199100
2016-11-29,49.910000,50.209999,49.799999,50.139999,47.672680,405700
2016-11-30,50.240002,50.279999,50.040001,50.110001,47.644161,1630800
2016-12-01,50.099998,50.099998,49.799999,49.860001,47.406460,151800
2016-12-02,49.840000,50.060001,49.779999,49.939999,47.482525,1255400
2016-12-05,50.250000,50.450001,50.169998,50.380001,47.900875,365700
2016-12-06,50.439999,50.709999,50.380001,50.660000,48.167099,221600
2016-12-07,50.849998,51.450001,50.740002,51.380001,48.851669,288200
2016-12-08,51.270000,51.470001,51.200001,51.439999,48.908714,299500
2016-12-09,51.360001,51.520000,51.310001,51.500000,48.965763,229900
2016-12-12,51.380001,51.480000,51.240002,51.320000,48.794617,328700
2016-12-13,51.669998,51.919998,51.669998,51.820000,49.270012,330900
2016-12-14,51.639999,51.730000,50.810001,50.840000,48.338238,373000
2016-12-15,50.770000,50.869999,50.669998,50.830002,48.328735,246600
2016-12-16,50.779999,50.919998,50.639999,50.770000,48.271683,448500
2016-12-19,50.790001,50.869999,50.660000,50.669998,48.176601,463100
2016-12-20,50.709999,50.840000,50.669998,50.810001,48.309715,835000
2016-12-21,50.290001,50.320000,50.200001,50.200001,48.249165,418700
2016-12-22,50.119999,50.169998,50.000000,50.060001,48.114605,2152300
2016-12-23,49.990002,50.139999,49.990002,50.139999,48.191494,447900
2016-12-27,50.040001,50.230000,50.040001,50.130001,48.181885,439100
2016-12-28,50.200001,50.230000,50.040001,50.119999,48.172272,644200
2016-12-29,50.310001,50.450001,50.299999,50.410000,48.451004,990000
2016-12-30,50.650002,50.650002,50.349998,50.490002,48.527893,421100
2017-01-03,50.730000,50.799999,50.650002,50.790001,48.816235,561000
2017-01-04,51.090000,51.340000,51.000000,51.340000,49.344860,1085300
2017-01-05,51.580002,51.910000,51.570000,51.779999,49.767761,1813200
2017-01-06,51.680000,51.689999,51.509998,51.630001,49.623592,464100
2017-01-09,51.520000,51.619999,51.410000,51.520000,49.517868,207100
2017-01-10,51.580002,51.820000,51.580002,51.619999,49.613976,269600
2017-01-11,51.619999,52.020000,51.529999,52.009998,49.988823,232500
2017-01-12,52.139999,52.139999,51.900002,52.070000,50.046490,215400
2017-01-13,52.099998,52.259998,52.040001,52.259998,50.229111,585700
2017-01-17,52.180000,52.240002,52.080002,52.160000,50.132996,350300
2017-01-18,52.049999,52.139999,51.810001,51.900002,49.883099,413700
2017-01-19,51.869999,51.950001,51.650002,51.799999,49.786987,245400
2017-01-20,51.939999,52.070000,51.900002,52.070000,50.046490,427200
2017-01-23,52.099998,52.330002,52.020000,52.290001,50.257942,810000
2017-01-24,52.349998,52.610001,52.290001,52.570000,50.527061,384400
2017-01-25,52.820000,53.090000,52.779999,53.049999,50.988407,365300
2017-01-26,53.020000,53.020000,52.790001,52.869999,50.815403,240200
2017-01-27,52.869999,52.869999,52.689999,52.740002,50.690456,304100
2017-01-30,52.520000,52.520000,52.220001,52.459999,50.421333,531900
2017-01-31,52.450001,52.619999,52.349998,52.560001,50.517452,386400
2017-02-01,52.860001,52.889999,52.610001,52.790001,50.738514,2183800
2017-02-02,52.849998,52.880001,52.689999,52.849998,50.796177,1561600
2017-02-03,52.959999,53.130001,52.869999,53.060001,50.998020,588700
2017-02-06,52.709999,52.759998,52.590000,52.759998,50.709679,533100
2017-02-07,52.680000,52.700001,52.599998,52.680000,50.632790,625700
2017-02-08,52.709999,52.880001,52.610001,52.860001,50.805794,755300
2017-02-09,52.990002,53.080002,52.880001,53.080002,51.017246,407200
2017-02-10,53.080002,53.299999,53.040001,53.259998,51.190247,612400
2017-02-13,53.490002,53.549999,53.380001,53.480000,51.401699,530300
2017-02-14,53.430000,53.500000,53.139999,53.500000,51.420918,244700
2017-02-15,53.330002,53.720001,53.279999,53.720001,51.632370,336200
2017-02-16,53.660000,53.779999,53.639999,53.779999,51.690037,377200
2017-02-17,53.439999,53.610001,53.410000,53.610001,51.526646,1402100
2017-02-21,53.650002,53.869999,53.650002,53.860001,51.766930,310900
2017-02-22,53.680000,53.900002,53.639999,53.900002,51.805378,738700
2017-02-23,54.110001,54.119999,53.860001,53.959999,51.863045,336300
2017-02-24,53.430000,53.540001,53.360001,53.430000,51.353642,334200
2017-02-27,53.400002,53.500000,53.310001,53.419998,51.344028,568500
2017-02-28,53.389999,53.450001,53.189999,53.320000,51.247917,571300
2017-03-01,53.580002,53.930000,53.580002,53.810001,51.718872,299100
2017-03-02,53.560001,53.570000,53.320000,53.369999,51.295971,757800
2017-03-03,53.480000,53.700001,53.360001,53.700001,51.613152,636000
2017-03-06,53.560001,53.560001,53.400002,53.529999,51.449753,346700
2017-03-07,53.459999,53.520000,53.330002,53.430000,51.353642,327500
2017-03-08,53.369999,53.389999,53.099998,53.099998,51.036465,235400
2017-03-09,53.169998,53.230000,53.000000,53.189999,51.122967,272400
2017-03-10,53.560001,53.650002,53.410000,53.619999,51.536255,399800
2017-03-13,53.880001,53.980000,53.840000,53.980000,51.882267,220700
2017-03-14,53.650002,53.680000,53.509998,53.580002,51.497814,424200
2017-03-15,53.730000,54.490002,53.700001,54.490002,52.372452,284100
2017-03-16,54.790001,54.849998,54.669998,54.740002,52.612736,737400
2017-03-17,54.880001,54.939999,54.730000,54.860001,52.728073,250800
2017-03-20,54.939999,55.040001,54.820000,54.930000,52.795353,526900
2017-03-21,55.279999,55.299999,54.500000,54.500000,52.382057,619700
2017-03-22,54.410000,54.669998,54.340000,54.599998,52.478172,248500
2017-03-23,54.590000,54.880001,54.540001,54.759998,52.631954,435000
2017-03-24,54.830002,54.970001,54.799999,54.900002,52.766514,328200
2017-03-27,54.730000,55.029999,54.660000,54.939999,52.804958,884500
2017-03-28,55.020000,55.240002,55.000000,55.200001,53.054855,439500
2017-03-29,54.990002,55.230000,54.939999,55.200001,53.054855,401100
2017-03-30,55.060001,55.189999,54.980000,55.070000,52.929909,260400
2017-03-31,54.779999,54.980000,54.720001,54.750000,52.622345,609800
2017-04-03,54.860001,54.919998,54.500000,54.910000,52.776127,410100
2017-04-04,54.689999,54.930000,54.619999,54.930000,52.795353,1544300
2017-04-05,54.939999,55.080002,54.610001,54.610001,52.487789,766700
2017-04-06,54.689999,54.759998,54.590000,54.700001,52.574287,565900
2017-04-07,54.590000,54.750000,54.570000,54.630001,52.507008,530800
2017-04-10,54.570000,54.630001,54.470001,54.529999,52.410889,405600
2017-04-11,54.759998,54.770000,54.360001,54.770000,52.641571,307700
2017-04-12,54.759998,54.810001,54.549999,54.810001,52.680012,451900
2017-04-13,54.650002,54.720001,54.450001,54.480000,52.362835,444400
2017-04-17,54.700001,54.939999,54.700001,54.939999,52.804958,567700
2017-04-18,54.470001,54.549999,54.310001,54.529999,52.410889,464600
2017-04-19,54.610001,54.619999,54.220001,54.310001,52.199444,1180500
2017-04-20,54.730000,54.840000,54.680000,54.770000,52.641571,1156300
2017-04-21,54.730000,54.770000,54.660000,54.730000,52.603119,916200
2017-04-24,55.790001,55.889999,55.720001,55.889999,53.718044,975000
2017-04-25,56.160000,56.290001,56.070000,56.220001,54.035217,1331500
2017-04-26,56.110001,56.250000,56.040001,56.060001,53.881435,3068100
2017-04-27,56.150002,56.150002,55.930000,56.090000,53.910271,2262400
2017-04-28,56.099998,56.119999,56.029999,56.040001,53.862213,2097800
2017-05-01,56.290001,56.369999,56.160000,56.279999,54.092884,324200
2017-05-02,56.480000,56.669998,56.430000,56.669998,54.467728,1132700
2017-05-03,56.389999,56.470001,56.250000,56.360001,54.169781,428900
2017-05-04,56.450001,56.570000,56.340000,56.560001,54.362007,366200
2017-05-05,56.580002,57.119999,56.560001,57.110001,54.890633,347400
2017-05-08,56.910000,56.910000,56.759998,56.830002,54.621513,328500
2017-05-09,56.889999,56.959999,56.770000,56.860001,54.650349,511400
2017-05-10,56.970001,57.080002,56.860001,57.080002,54.861797,280500
2017-05-11,56.869999,56.950001,56.700001,56.939999,54.727234,1433700
2017-05-12,57.000000,57.160000,56.990002,57.139999,54.919464,1233900
2017-05-15,57.380001,57.520000,57.369999,57.480000,55.246254,1798300
2017-05-16,57.779999,57.810001,57.700001,57.810001,55.563427,1276200
2017-05-17,57.500000,57.509998,57.040001,57.080002,54.861797,347900
2017-05-18,56.750000,57.020000,56.580002,56.860001,54.650349,499200
2017-05-19,57.410000,57.740002,57.410000,57.730000,55.486538,594100
2017-05-22,57.820000,57.889999,57.730000,57.830002,55.582653,260600
2017-05-23,57.930000,57.930000,57.720001,57.770000,55.524986,331900
2017-05-24,57.720001,57.889999,57.669998,57.869999,55.621098,661100
2017-05-25,57.990002,58.049999,57.860001,57.939999,55.688377,417700
2017-05-26,57.779999,57.880001,57.709999,57.880001,55.630711,262100
2017-05-30,57.709999,57.790001,57.669998,57.770000,55.524986,169600
2017-05-31,57.959999,57.970001,57.619999,57.619999,55.380814,495900
2017-06-01,57.970001,58.160000,57.880001,58.160000,55.899826,302400
2017-06-02,58.470001,58.669998,58.389999,58.669998,56.390003,1122600
2017-06-05,58.450001,58.490002,58.360001,58.470001,56.197781,350000
2017-06-06,58.259998,58.369999,58.230000,58.369999,56.101665,333400
2017-06-07,58.410000,58.490002,58.099998,58.320000,56.053608,304200
2017-06-08,58.270000,58.330002,58.150002,58.299999,56.034389,198500
2017-06-09,58.180000,58.320000,57.869999,58.080002,55.822941,416200
2017-06-12,57.900002,57.939999,57.680000,57.880001,55.630711,305300
2017-06-13,58.250000,58.340000,58.130001,58.340000,56.072834,573700
2017-06-14,58.669998,58.669998,58.080002,58.340000,56.072834,389000
2017-06-15,57.419998,57.720001,57.340000,57.720001,55.476925,464100
2017-06-16,57.849998,58.070000,57.750000,58.070000,55.813324,301600
2017-06-19,58.290001,58.419998,58.279999,58.349998,56.082443,367300
2017-06-20,57.430000,57.500000,57.029999,57.049999,55.536327,1011800
2017-06-21,56.990002,57.150002,56.959999,57.099998,55.585003,388300
2017-06-22,57.130001,57.259998,57.040001,57.070000,55.555801,693800
2017-06-23,57.200001,57.400002,57.119999,57.369999,55.847839,285700
2017-06-26,57.750000,57.770000,57.490002,57.540001,56.013329,478500
2017-06-27,57.509998,57.599998,57.340000,57.410000,55.886776,461600
2017-06-28,57.570000,57.910000,57.520000,57.840000,56.305370,225000
2017-06-29,57.730000,57.730000,57.040001,57.310001,55.789433,682600
2017-06-30,57.450001,57.520000,57.180000,57.360001,55.838104,455900
2017-07-03,57.459999,57.549999,57.400002,57.410000,55.886776,200800
2017-07-05,57.240002,57.400002,57.060001,57.380001,55.857578,777100
2017-07-06,57.090000,57.209999,56.939999,57.020000,55.507126,483100
2017-07-07,56.980000,57.160000,56.860001,57.130001,55.614204,320800
2017-07-10,57.139999,57.330002,57.090000,57.320000,55.799168,1147800
2017-07-11,57.290001,57.520000,57.160000,57.500000,55.974388,260100
2017-07-12,57.930000,58.200001,57.919998,58.110001,56.568203,250500
2017-07-13,58.160000,58.340000,58.119999,58.299999,56.753166,192600
2017-07-14,58.529999,58.820000,58.509998,58.799999,57.239899,242300
2017-07-17,58.720001,58.750000,58.580002,58.709999,57.152287,288100
2017-07-18,58.689999,58.799999,58.599998,58.779999,57.220428,384000
2017-07-19,59.009998,59.110001,58.980000,59.080002,57.512470,200600
2017-07-20,59.259998,59.320000,59.130001,59.259998,57.687691,207100
2017-07-21,59.119999,59.119999,58.869999,59.080002,57.512470,649300
2017-07-24,59.009998,59.080002,58.860001,59.070000,57.502735,257900
2017-07-25,59.290001,59.320000,59.099998,59.130001,57.561142,839200
2017-07-26,59.250000,59.549999,59.150002,59.419998,57.843449,366600
2017-07-27,59.549999,59.610001,59.060001,59.279999,57.707161,688200
2017-07-28,59.160000,59.360001,59.080002,59.360001,57.785042,166700
2017-07-31,59.450001,59.509998,59.270000,59.400002,57.823978,180600
2017-08-01,59.860001,59.889999,59.700001,59.740002,58.154957,582000
2017-08-02,59.770000,59.820000,59.599998,59.810001,58.223103,1695100
2017-08-03,59.700001,59.770000,59.590000,59.669998,58.086815,410700
2017-08-04,59.790001,59.840000,59.570000,59.810001,58.223103,389200
2017-08-07,59.750000,59.930000,59.709999,59.930000,58.339916,292200
2017-08-08,59.889999,59.919998,59.639999,59.720001,58.135490,373700
2017-08-09,59.279999,59.500000,59.209999,59.480000,57.901855,289700
2017-08-10,59.060001,59.130001,58.509998,58.549999,56.996532,339400
2017-08-11,58.509998,58.669998,58.360001,58.509998,56.957588,650500
2017-08-14,58.959999,59.110001,58.900002,59.000000,57.434593,255800
2017-08-15,58.869999,58.930000,58.689999,58.880001,57.317776,257200
2017-08-16,59.150002,59.349998,59.119999,59.330002,57.755836,274300
2017-08-17,59.150002,59.209999,58.660000,58.669998,57.113342,369700
2017-08-18,58.830002,59.040001,58.680000,58.830002,57.269104,456900
2017-08-21,58.930000,59.009998,58.790001,58.950001,57.385918,465300
2017-08-22,59.130001,59.320000,59.099998,59.310001,57.736370,232400
2017-08-23,59.139999,59.389999,59.099998,59.340000,57.765572,228900
2017-08-24,59.480000,59.500000,59.310001,59.340000,57.765572,290300
2017-08-25,59.619999,59.799999,59.540001,59.689999,58.106281,352700
2017-08-28,59.779999,59.779999,59.590000,59.709999,58.125751,220900
2017-08-29,59.279999,59.529999,59.240002,59.470001,57.892124,285400
2017-08-30,59.369999,59.480000,59.320000,59.419998,57.843449,258600
2017-08-31,59.639999,59.889999,59.610001,59.810001,58.223103,225400
2017-09-01,60.160000,60.160000,59.950001,60.040001,58.447002,877400
2017-09-05,59.770000,59.889999,59.360001,59.560001,57.979736,546100
2017-09-06,59.830002,60.029999,59.779999,59.959999,58.369118,380200
2017-09-07,60.330002,60.419998,60.279999,60.419998,58.816914,489600
2017-09-08,60.490002,60.509998,60.310001,60.330002,58.729305,254800
2017-09-11,60.730000,60.910000,60.689999,60.830002,59.216038,558200
2017-09-12,60.930000,61.009998,60.880001,60.970001,59.352322,557200
2017-09-13,60.840000,60.849998,60.610001,60.650002,59.040817,277400
2017-09-14,60.580002,60.810001,60.549999,60.790001,59.177101,288400
2017-09-15,60.880001,60.930000,60.790001,60.930000,59.313385,312500
2017-09-18,61.110001,61.189999,60.910000,61.040001,59.420467,400800
2017-09-19,61.209999,61.259998,61.110001,61.230000,59.605423,359600
2017-09-20,61.310001,61.380001,60.810001,61.110001,59.488609,357100
2017-09-21,61.049999,61.119999,60.919998,61.000000,59.381527,234800
2017-09-22,61.070000,61.150002,61.000000,61.029999,59.410728,236500
2017-09-25,60.799999,60.860001,60.459999,60.590000,58.982407,289900
2017-09-26,60.549999,60.590000,60.299999,60.459999,58.855854,276600
2017-09-27,60.340000,60.520000,60.310001,60.430000,58.826653,198100
2017-09-28,60.410000,60.650002,60.410000,60.560001,58.953201,181000
2017-09-29,60.779999,61.060001,60.700001,60.980000,59.362057,483700
2017-10-02,60.880001,61.029999,60.840000,60.980000,59.362057,254700
2017-10-03,61.110001,61.349998,61.040001,61.349998,59.722240,446100
2017-10-04,61.279999,61.340000,61.209999,61.290001,59.663834,283800
2017-10-05,61.240002,61.380001,61.200001,61.290001,59.663834,285700
2017-10-06,61.040001,61.209999,60.950001,61.189999,59.566483,425800
2017-10-09,61.250000,61.250000,61.130001,61.160000,59.537281,148200
2017-10-10,61.590000,61.790001,61.529999,61.790001,60.150566,170000
2017-10-11,61.779999,61.970001,61.770000,61.930000,60.286854,414500
2017-10-12,61.930000,62.029999,61.860001,61.939999,60.296585,227400
2017-10-13,62.320000,62.349998,62.240002,62.310001,60.656769,247600
2017-10-16,62.360001,62.360001,62.230000,62.279999,60.627563,238400
2017-10-17,62.110001,62.110001,61.930000,62.060001,60.413403,352500
2017-10-18,62.180000,62.259998,62.049999,62.220001,60.569160,207900
2017-10-19,61.830002,61.980000,61.779999,61.970001,60.325794,461500
2017-10-20,62.020000,62.020000,61.869999,61.930000,60.286854,235800
2017-10-23,61.950001,61.950001,61.700001,61.740002,60.101894,204400
2017-10-24,61.849998,61.970001,61.790001,61.860001,60.218708,187400
2017-10-25,61.910000,61.930000,61.360001,61.630001,59.994812,224500
2017-10-26,61.720001,61.770000,61.500000,61.520000,59.887733,210300
2017-10-27,61.570000,61.840000,61.410000,61.810001,60.170036,345300
2017-10-30,61.830002,61.889999,61.779999,61.889999,60.247910,476700
2017-10-31,62.080002,62.220001,61.990002,62.189999,60.539951,263200
2017-11-01,62.520000,62.610001,62.310001,62.349998,60.695705,354600
2017-11-02,62.340000,62.480000,62.259998,62.450001,60.793053,227900
2017-11-03,62.419998,62.419998,62.130001,62.389999,60.734650,321300
2017-11-06,62.310001,62.610001,62.310001,62.590000,60.929340,370800
2017-11-07,62.500000,62.529999,62.180000,62.369999,60.715176,467000
2017-11-08,62.509998,62.630001,62.400002,62.590000,60.929340,253500
2017-11-09,62.090000,62.230000,61.820000,62.230000,60.578892,338400
2017-11-10,62.090000,62.099998,61.930000,62.040001,60.393932,190100
2017-11-13,61.529999,61.820000,61.490002,61.779999,60.140831,255300
2017-11-14,61.709999,61.709999,61.500000,61.630001,59.994812,378800
2017-11-15,61.139999,61.410000,61.070000,61.340000,59.712505,277200
2017-11-16,61.860001,62.110001,61.790001,62.070000,60.423138,1306400
2017-11-17,61.889999,62.060001,61.799999,61.970001,60.325794,301500
2017-11-20,62.080002,62.209999,62.060001,62.110001,60.462078,300100
2017-11-21,62.580002,62.730000,62.580002,62.660000,60.997482,296800
2017-11-22,62.869999,62.930000,62.680000,62.849998,61.182442,363700
2017-11-24,63.169998,63.220001,63.110001,63.160000,61.484219,258000
2017-11-27,63.009998,63.009998,62.669998,62.669998,61.007217,269200
2017-11-28,62.919998,63.060001,62.770000,62.990002,61.318729,346400
2017-11-29,62.990002,62.990002,62.500000,62.599998,60.939072,306200
2017-11-30,62.750000,62.799999,62.490002,62.549999,60.890400,505900
2017-12-01,62.380001,62.520000,62.060001,62.389999,60.734650,707300
2017-12-04,62.580002,62.590000,62.139999,62.139999,60.491276,396100
2017-12-05,62.189999,62.340000,62.000000,62.049999,60.403667,459100
2017-12-06,61.680000,61.790001,61.610001,61.669998,60.033749,331800
2017-12-07,61.669998,62.000000,61.610001,61.849998,60.208973,357100
2017-12-08,62.250000,62.279999,62.049999,62.279999,60.627563,412200
2017-12-11,62.360001,62.480000,62.349998,62.439999,60.783321,212800
2017-12-12,62.290001,62.410000,62.220001,62.310001,60.656769,871000
2017-12-13,62.509998,62.790001,62.470001,62.660000,60.997482,789900
2017-12-14,62.599998,62.639999,62.349998,62.360001,60.705444,300300
2017-12-15,62.389999,62.450001,62.250000,62.349998,60.695705,480800
2017-12-18,62.959999,63.200001,62.959999,63.029999,61.357666,564200
2017-12-19,62.320000,62.320000,62.009998,62.099998,61.207848,1037100
2017-12-20,62.270000,62.310001,62.060001,62.080002,61.188141,551400
2017-12-21,62.250000,62.509998,62.209999,62.360001,61.464115,373000
2017-12-22,62.419998,62.599998,62.380001,62.599998,61.700665,343600
2017-12-26,62.560001,62.619999,62.490002,62.599998,61.700665,394200
2017-12-27,62.709999,62.830002,62.680000,62.770000,61.868225,546600
2017-12-28,63.070000,63.070000,62.930000,62.990002,62.085068,222400
2017-12-29,63.290001,63.330002,63.040001,63.080002,62.173775,416300
2018-01-02,63.459999,63.790001,63.349998,63.790001,62.873573,1299700
2018-01-03,63.849998,64.220001,63.849998,64.209999,63.287537,3252500
2018-01-04,64.599998,64.769997,64.559998,64.720001,63.790211,651800
2018-01-05,64.940002,65.160004,64.820000,65.129997,64.194321,1090900
2018-01-08,65.040001,65.120003,64.970001,65.120003,64.184471,585100
2018-01-09,65.080002,65.160004,64.870003,65.129997,64.194321,878500
2018-01-10,65.010002,65.019997,64.809998,64.930000,63.997196,455400
2018-01-11,65.029999,65.339996,65.000000,65.339996,64.401299,581500
2018-01-12,65.510002,65.949997,65.449997,65.949997,65.002541,521200
2018-01-16,66.190002,66.239998,65.779999,65.870003,64.923691,1953000
2018-01-17,66.120003,66.540001,65.949997,66.300003,65.347519,509900
2018-01-18,66.150002,66.320000,66.070000,66.260002,65.308090,955900
2018-01-19,66.559998,66.620003,66.400002,66.589996,65.633339,475500
2018-01-22,66.660004,66.970001,66.589996,66.970001,66.007889,628300
2018-01-23,67.000000,67.220001,66.940002,67.190002,66.224731,2515000
2018-01-24,67.589996,67.699997,67.209999,67.510002,66.540131,723400
2018-01-25,67.690002,67.730003,67.150002,67.260002,66.293724,711700
2018-01-26,67.599998,67.930000,67.570000,67.910004,66.934387,735700
2018-01-29,67.339996,67.389999,67.129997,67.209999,66.244438,440600
2018-01-30,66.839996,66.860001,66.480003,66.580002,65.623489,1337400
2018-01-31,66.959999,66.980003,66.449997,66.599998,65.643204,519500
2018-02-01,66.459999,66.800003,66.400002,66.629997,65.672768,581500
2018-02-02,65.940002,65.949997,65.070000,65.099998,64.164749,668500
2018-02-05,64.440002,64.800003,62.549999,62.599998,61.700665,1587800
2018-02-06,62.299999,64.129997,62.180000,64.010002,63.090412,817000
2018-02-07,63.259998,63.750000,62.880001,62.889999,61.986500,709500
2018-02-08,63.070000,63.070000,61.160000,61.189999,60.310925,569100
2018-02-09,61.740002,61.959999,60.119999,61.610001,60.724892,783100
2018-02-12,62.180000,62.770000,61.919998,62.590000,61.690811,639400
2018-02-13,62.279999,62.650002,62.139999,62.580002,61.680958,567400
2018-02-14,62.200001,63.830002,62.200001,63.770000,62.853859,764200
2018-02-15,64.290001,64.419998,63.759998,64.349998,63.425526,558900
2018-02-16,64.290001,64.849998,64.290001,64.510002,63.583229,621700
2018-02-20,63.900002,64.230003,63.680000,63.840000,62.922855,521100
2018-02-21,64.160004,64.610001,63.650002,63.650002,62.735584,715500
2018-02-22,63.900002,64.239998,63.750000,63.880001,62.962280,301300
2018-02-23,64.239998,64.610001,64.139999,64.599998,63.671932,859700
2018-02-26,64.790001,65.110001,64.559998,65.110001,64.174606,394000
2018-02-27,64.629997,64.709999,63.919998,63.939999,63.021416,378500
2018-02-28,64.019997,64.080002,63.230000,63.250000,62.341331,484500
2018-03-01,63.090000,63.310001,62.119999,62.560001,61.661243,982800
2018-03-02,62.209999,62.810001,61.950001,62.790001,61.887939,598000
2018-03-05,62.259998,63.080002,62.259998,63.040001,62.134346,392200
2018-03-06,63.650002,63.689999,63.320000,63.540001,62.627163,483200
2018-03-07,63.180000,63.509998,62.959999,63.450001,62.538456,443600
2018-03-08,63.650002,63.720001,63.349998,63.619999,62.706013,290500
2018-03-09,63.830002,64.190002,63.720001,64.180000,63.257969,383500
2018-03-12,64.190002,64.419998,64.099998,64.300003,63.376247,727400
2018-03-13,64.540001,64.570000,63.740002,63.869999,62.952423,629600
2018-03-14,64.349998,64.379997,63.790001,64.019997,63.100266,348400
2018-03-15,64.059998,64.230003,63.770000,63.900002,62.981995,375200
2018-03-16,63.680000,64.000000,63.680000,63.820000,62.903141,349400
2018-03-19,63.590000,63.630001,62.980000,63.259998,62.351185,766100
2018-03-20,63.360001,63.549999,63.259998,63.439999,62.528599,538900
2018-03-21,63.410000,63.860001,63.340000,63.680000,62.765152,438300
2018-03-22,62.889999,63.009998,62.290001,62.310001,61.414837,399000
2018-03-23,62.419998,62.480000,61.540001,61.549999,60.665752,554900
2018-03-26,62.540001,62.830002,61.970001,62.810001,61.907654,446800
2018-03-27,63.029999,63.110001,62.000000,62.150002,61.257133,578800
2018-03-28,62.340000,62.700001,62.080002,62.240002,61.345840,449400
2018-03-29,62.639999,63.250000,62.610001,63.040001,62.134346,500200
2018-04-02,62.830002,62.880001,61.689999,62.049999,61.158569,673600
2018-04-03,62.529999,62.660000,62.189999,62.590000,61.690811,409200
2018-04-04,61.650002,62.779999,61.590000,62.740002,61.838657,962600
2018-04-05,63.000000,63.279999,62.970001,63.110001,62.203342,675500
2018-04-06,62.959999,63.169998,62.270000,62.459999,61.562679,509500
2018-04-09,63.040001,63.349998,62.840000,62.860001,61.956932,267700
2018-04-10,63.560001,63.799999,63.439999,63.669998,62.755295,418900
2018-04-11,63.450001,63.830002,63.450001,63.509998,62.597591,207200
2018-04-12,63.570000,63.790001,63.509998,63.720001,62.804577,230800
2018-04-13,63.860001,63.889999,63.430000,63.610001,62.696159,205400
2018-04-16,63.759998,63.790001,63.570000,63.730000,62.814434,568600
2018-04-17,63.750000,64.080002,63.720001,64.000000,63.080555,430300
2018-04-18,64.209999,64.430000,64.180000,64.370003,63.445244,564500
2018-04-19,64.330002,64.379997,63.919998,64.089996,63.169258,255200
2018-04-20,63.820000,63.860001,63.549999,63.680000,62.765152,270900
2018-04-23,63.610001,63.680000,63.349998,63.490002,62.577885,319100
2018-04-24,63.700001,63.720001,63.020000,63.189999,62.282192,403700
2018-04-25,62.939999,63.119999,62.720001,63.029999,62.124489,1182400
2018-04-26,63.330002,63.529999,63.230000,63.470001,62.558170,232200
2018-04-27,63.560001,63.660000,63.360001,63.610001,62.696159,181600
2018-04-30,63.610001,63.750000,63.320000,63.320000,62.410324,276600
2018-05-01,63.250000,63.250000,62.740002,63.189999,62.282192,972600
2018-05-02,63.430000,63.520000,63.000000,63.070000,62.163914,403600
2018-05-03,63.110001,63.220001,62.540001,63.160000,62.252621,285200
2018-05-04,62.650002,63.470001,62.639999,63.349998,62.439892,330100
2018-05-07,63.279999,63.480000,63.189999,63.330002,62.420181,251900
2018-05-08,63.160000,63.380001,62.990002,63.380001,62.469463,302500
2018-05-09,63.380001,63.580002,63.310001,63.529999,62.617306,182000
2018-05-10,63.810001,64.169998,63.799999,64.129997,63.208683,312700
2018-05-11,64.349998,64.400002,64.139999,64.209999,63.287537,351700
2018-05-14,64.470001,64.570000,64.290001,64.349998,63.425526,338900
2018-05-15,63.689999,63.860001,63.439999,63.720001,62.804577,247700
2018-05-16,63.830002,64.070000,63.779999,64.040001,63.119980,364100
2018-05-17,63.880001,64.019997,63.709999,63.889999,62.972134,310200
2018-05-18,63.580002,63.669998,63.459999,63.580002,62.666592,152600
2018-05-21,63.980000,64.019997,63.820000,63.950001,63.031273,271600
2018-05-22,64.160004,64.209999,63.900002,63.970001,63.050987,467700
2018-05-23,63.240002,63.490002,63.099998,63.480000,62.568024,271100
2018-05-24,63.369999,63.369999,62.830002,63.240002,62.331474,302500
2018-05-25,62.990002,63.080002,62.830002,63.009998,62.104774,187500
2018-05-29,62.099998,62.220001,61.500000,61.740002,60.853024,2107700
2018-05-30,62.090000,62.549999,61.970001,62.549999,61.651386,434300
2018-05-31,62.459999,62.459999,62.029999,62.330002,61.434547,695600
2018-06-01,62.669998,62.869999,62.570000,62.849998,61.947075,403900
2018-06-04,63.189999,63.340000,63.090000,63.150002,62.242767,387800
2018-06-05,63.099998,63.160000,62.889999,63.040001,62.134346,862500
2018-06-06,63.330002,63.599998,63.040001,63.599998,62.686298,817000
2018-06-07,63.599998,63.599998,62.959999,63.130001,62.223053,426400
2018-06-08,63.080002,63.270000,62.869999,63.240002,62.331474,262300
2018-06-11,63.369999,63.630001,63.340000,63.500000,62.587738,986700
2018-06-12,63.459999,63.459999,63.090000,63.220001,62.311764,333300
2018-06-13,63.369999,63.400002,62.869999,63.160000,62.252621,377900
2018-06-14,63.150002,63.250000,62.889999,62.939999,62.035782,275800
2018-06-15,62.480000,62.570000,62.259998,62.549999,61.651386,404300
2018-06-18,61.860001,62.020000,61.700001,62.020000,61.129002,424600
2018-06-19,60.230000,60.540001,60.070000,60.520000,60.520000,1991200
2018-06-20,60.770000,60.810001,60.560001,60.660000,60.660000,710800
2018-06-21,60.439999,60.450001,60.090000,60.139999,60.139999,1227000
2018-06-22,60.910000,60.980000,60.610001,60.759998,60.759998,525000
2018-06-25,60.299999,60.369999,59.689999,59.939999,59.939999,537100
2018-06-26,60.090000,60.110001,59.759998,59.980000,59.980000,659300
2018-06-27,59.900002,60.099998,59.209999,59.240002,59.240002,653200
2018-06-28,59.230000,59.540001,59.090000,59.520000,59.520000,1365800
2018-06-29,60.040001,60.279999,60.009998,60.130001,60.130001,615100
