Date,Open,High,Low,Close,Adj Close,Volume
2013-01-02,29.150000,29.280001,28.670000,29.080000,27.299250,361800
2013-01-03,29.160000,29.469999,29.090000,29.190001,27.402510,259600
2013-01-04,29.299999,29.370001,29.070000,29.219999,27.430674,257000
2013-01-07,29.000000,29.309999,28.820000,29.000000,27.224144,252300
2013-01-08,28.889999,28.990000,28.620001,28.730000,26.970678,236700
2013-01-09,28.860001,29.000000,28.540001,28.790001,27.027006,184500
2013-01-10,28.920000,28.920000,28.660000,28.740000,26.980066,173000
2013-01-11,28.850000,28.930000,28.450001,28.790001,27.027006,261100
2013-01-14,28.799999,28.889999,28.540001,28.610001,26.858030,178300
2013-01-15,28.480000,28.870001,28.340000,28.750000,26.989456,297400
2013-01-16,28.610001,29.000000,28.490000,28.660000,26.904968,245100
2013-01-17,28.809999,29.190001,28.760000,29.059999,27.280476,242200
2013-01-18,29.120001,29.670000,29.120001,29.480000,27.674753,548300
2013-01-22,29.299999,29.610001,29.010000,29.430000,27.627815,387700
2013-01-23,29.340000,29.340000,29.000000,29.030001,27.252314,157900
2013-01-24,29.000000,29.559999,29.000000,29.549999,27.740463,230500
2013-01-25,29.680000,29.780001,29.219999,29.549999,27.740463,339900
2013-01-28,29.559999,29.680000,29.219999,29.379999,27.580875,229100
2013-01-29,29.350000,29.350000,29.080000,29.150000,27.364960,297700
2013-01-30,29.110001,29.180000,28.709999,28.820000,27.055168,218900
2013-01-31,28.870001,29.100000,28.750000,29.030001,27.252314,184700
2013-02-01,29.209999,29.719999,29.190001,29.450001,27.646589,317100
2013-02-04,29.370001,29.650000,29.280001,29.370001,27.571489,264100
2013-02-05,29.430000,29.650000,29.350000,29.510000,27.702915,159200
2013-02-06,29.350000,29.790001,29.350000,29.730000,27.909439,132900
2013-02-07,29.799999,29.799999,29.400000,29.670000,27.853117,183500
2013-02-08,29.639999,29.920000,29.440001,29.830000,28.003321,222900
2013-02-11,29.879999,29.950001,29.680000,29.930000,28.097195,217600
2013-02-12,29.940001,30.299999,29.719999,30.219999,28.369436,282800
2013-02-13,30.070000,30.219999,29.480000,29.950001,28.115974,393200
2013-02-14,29.910000,29.920000,29.730000,29.750000,27.928221,370800
2013-02-15,29.950001,30.209999,29.650000,29.760000,27.937607,876900
2013-02-19,30.049999,30.629999,30.049999,30.459999,28.594740,558800
2013-02-20,30.549999,30.740000,29.740000,29.969999,28.134748,710300
2013-02-21,31.000000,32.700001,30.150000,31.500000,29.571053,2436400
2013-02-22,31.690001,31.990000,31.459999,31.870001,29.918398,993200
2013-02-25,32.119999,32.150002,31.280001,31.299999,29.383305,646500
2013-02-26,31.480000,31.629999,31.139999,31.280001,29.364531,660200
2013-02-27,31.340000,32.049999,31.340000,31.760000,29.815136,372600
2013-02-28,31.820000,32.150002,31.340000,31.660000,29.721260,461600
2013-03-01,31.420000,32.090000,31.180000,32.049999,30.087376,236900
2013-03-04,31.969999,32.060001,31.580000,31.790001,29.843298,407000
2013-03-05,31.980000,32.520000,31.980000,32.470001,30.481661,424500
2013-03-06,32.599998,32.770000,32.529999,32.610001,30.613083,633100
2013-03-07,33.549999,33.549999,32.290001,33.080002,31.054298,363900
2013-03-08,33.330002,33.330002,32.799999,33.230000,31.195108,278300
2013-03-11,33.099998,33.270000,33.009998,33.250000,31.213886,253400
2013-03-12,33.279999,33.340000,33.090000,33.169998,31.138784,209500
2013-03-13,33.090000,33.419998,33.000000,33.250000,31.213886,327400
2013-03-14,33.459999,34.000000,33.279999,33.959999,31.880413,388400
2013-03-15,34.000000,34.080002,33.459999,33.480000,31.429808,679700
2013-03-18,33.099998,33.770000,33.099998,33.700001,31.636345,304500
2013-03-19,33.700001,34.000000,33.700001,33.990002,31.908581,377300
2013-03-20,34.080002,34.099998,33.799999,33.910000,31.833473,260400
2013-03-21,33.779999,34.000000,33.689999,33.900002,31.824095,190900
2013-03-22,33.939999,34.330002,33.939999,34.270000,32.171436,211300
2013-03-25,34.150002,34.740002,34.119999,34.450001,32.340405,315800
2013-03-26,34.500000,34.590000,34.310001,34.580002,32.462456,286800
2013-03-27,34.459999,35.090000,34.419998,35.000000,32.856724,486800
2013-03-28,35.119999,35.119999,34.459999,34.590000,32.471836,532000
2013-04-01,34.570000,34.669998,33.900002,34.369999,32.265316,498200
2013-04-02,34.570000,34.790001,34.099998,34.200001,32.105721,200800
2013-04-03,34.360001,34.689999,33.650002,33.810001,31.739597,212100
2013-04-04,33.959999,34.820000,33.959999,34.689999,32.565708,231600
2013-04-05,34.139999,34.610001,34.040001,34.570000,32.453068,177600
2013-04-08,34.700001,34.860001,34.349998,34.730000,32.603268,228500
2013-04-09,34.709999,34.730000,33.950001,33.970001,31.889809,365200
2013-04-10,33.970001,34.840000,33.970001,34.340000,32.237141,389200
2013-04-11,35.060001,35.990002,34.750000,35.650002,33.466927,628800
2013-04-12,35.389999,35.900002,35.290001,35.840000,33.645290,445000
2013-04-15,35.630001,35.759998,34.910000,35.070000,32.922436,399900
2013-04-16,35.459999,35.770000,35.099998,35.709999,33.523243,319600
2013-04-17,35.419998,35.619999,34.810001,35.380001,33.213455,274800
2013-04-18,35.560001,35.950001,35.080002,35.470001,33.297943,257800
2013-04-19,35.520000,36.000000,35.410000,35.599998,33.419991,422100
2013-04-22,35.599998,35.689999,35.000000,35.439999,33.269787,208400
2013-04-23,35.500000,35.889999,35.290001,35.549999,33.373051,202400
2013-04-24,35.599998,36.009998,35.549999,36.000000,33.795498,266300
2013-04-25,35.900002,36.790001,35.869999,35.889999,33.692234,732700
2013-04-26,35.779999,36.099998,35.580002,35.759998,33.570187,289600
2013-04-29,35.869999,35.980000,35.549999,35.599998,33.419991,288500
2013-04-30,35.560001,36.049999,35.419998,35.849998,33.654675,266000
2013-05-01,35.709999,36.020000,35.290001,35.389999,33.222839,302100
2013-05-02,35.580002,36.540001,35.540001,36.410000,34.180382,238600
2013-05-03,36.529999,37.520000,36.529999,37.020000,34.753029,548400
2013-05-06,37.000000,37.110001,36.630001,36.910000,34.649773,236000
2013-05-07,37.060001,37.389999,37.009998,37.349998,35.062813,481100
2013-05-08,37.220001,37.599998,36.990002,37.330002,35.044044,326800
2013-05-09,37.389999,37.470001,36.990002,37.169998,34.893841,133000
2013-05-10,37.230000,37.529999,37.220001,37.430000,35.137932,215500
2013-05-13,37.189999,37.480000,37.150002,37.310001,35.025272,163300
2013-05-14,37.279999,38.369999,37.279999,38.220001,35.879547,363300
2013-05-15,38.250000,38.740002,38.099998,38.330002,35.982803,366500
2013-05-16,37.310001,37.459999,35.720001,36.970001,34.706093,1234900
2013-05-17,36.930000,36.980000,36.509998,36.950001,34.687317,390300
2013-05-20,36.130001,36.830002,35.900002,36.560001,34.321198,423800
2013-05-21,36.520000,37.029999,36.520000,36.889999,34.630989,386900
2013-05-22,36.799999,37.070000,36.240002,36.509998,34.274261,538800
2013-05-23,36.310001,36.639999,36.220001,36.430000,34.199165,435900
2013-05-24,36.180000,36.689999,36.180000,36.680000,34.433857,177500
2013-05-28,37.020000,37.049999,36.669998,36.919998,34.659157,497900
2013-05-29,36.590000,36.980000,36.590000,36.860001,34.602833,303200
2013-05-30,36.990002,37.049999,36.880001,36.980000,34.715481,749600
2013-05-31,36.849998,37.009998,36.480000,36.490002,34.255489,338000
2013-06-03,36.700001,37.189999,36.340000,37.049999,34.781197,465600
2013-06-04,37.150002,37.360001,36.610001,36.860001,34.602833,676100
2013-06-05,36.889999,37.150002,36.619999,36.720001,34.471401,294200
2013-06-06,36.810001,37.169998,36.700001,37.169998,34.893841,362000
2013-06-07,37.490002,37.869999,37.340000,37.680000,35.372612,439800
2013-06-10,37.930000,38.180000,37.900002,37.970001,35.644859,634700
2013-06-11,37.830002,38.540001,37.669998,38.090000,35.757507,420600
2013-06-12,38.240002,38.369999,37.540001,37.540001,35.241180,272500
2013-06-13,37.650002,38.470001,37.529999,38.299999,35.954655,224300
2013-06-14,38.340000,38.439999,37.750000,37.860001,35.541592,183900
2013-06-17,38.130001,38.340000,36.709999,36.990002,34.724873,528700
2013-06-18,37.320000,38.880001,36.860001,38.810001,36.433422,727600
2013-06-19,38.950001,39.439999,38.660000,38.799999,36.424026,411800
2013-06-20,38.389999,38.990002,38.240002,38.389999,36.039131,231000
2013-06-21,38.500000,38.689999,38.180000,38.389999,36.039131,704000
2013-06-24,38.130001,38.400002,37.750000,38.200001,35.860764,305800
2013-06-25,38.340000,38.590000,38.000000,38.169998,35.832615,297100
2013-06-26,38.320000,39.009998,38.320000,38.830002,36.452194,360100
2013-06-27,39.060001,39.400002,38.950001,39.250000,36.846478,163100
2013-06-28,39.240002,39.580002,38.900002,39.290001,36.884026,339700
2013-07-01,39.580002,40.279999,39.580002,39.990002,37.541168,313300
2013-07-02,40.000000,40.029999,39.389999,39.799999,37.362797,353000
2013-07-03,39.740002,40.020000,39.599998,39.889999,37.447285,94300
2013-07-05,40.520000,40.520000,39.849998,40.500000,38.019928,169400
2013-07-08,40.500000,40.980000,40.270000,40.860001,38.357891,406500
2013-07-09,41.099998,41.099998,40.650002,40.730000,38.235847,249700
2013-07-10,40.830002,41.150002,40.450001,40.549999,38.066860,277100
2013-07-11,40.860001,41.369999,40.400002,40.500000,38.019928,292700
2013-07-12,40.430000,40.860001,40.380001,40.770000,38.273399,297400
2013-07-15,40.750000,41.049999,40.750000,41.000000,38.489307,189000
2013-07-16,40.910000,41.009998,40.480000,40.750000,38.254620,239500
2013-07-17,40.610001,40.950001,40.340000,40.610001,38.123192,256200
2013-07-18,40.650002,41.160000,40.650002,40.900002,38.395447,235400
2013-07-19,40.919998,41.150002,40.599998,40.650002,38.160736,338500
2013-07-22,40.330002,40.820000,39.889999,40.220001,37.757069,272500
2013-07-23,40.389999,40.389999,39.480000,39.570000,37.146873,189900
2013-07-24,39.590000,39.750000,38.970001,39.029999,36.639942,255400
2013-07-25,38.880001,39.080002,38.450001,39.040001,36.649345,233100
2013-07-26,38.740002,39.610001,38.580002,39.540001,37.118710,144500
2013-07-29,39.570000,39.709999,39.040001,39.570000,37.146873,133000
2013-07-30,39.770000,39.799999,39.459999,39.790001,37.353409,197000
2013-07-31,39.790001,40.540001,39.660000,40.090000,37.635040,199800
2013-08-01,40.450001,41.060001,40.209999,40.990002,38.479919,262300
2013-08-02,41.000000,41.000000,40.750000,40.799999,38.301567,245800
2013-08-05,40.750000,42.590000,40.750000,42.299999,39.709702,579000
2013-08-06,42.299999,42.299999,40.000000,40.380001,37.907280,492600
2013-08-07,40.169998,40.700001,40.009998,40.490002,38.010540,314300
2013-08-08,40.099998,41.910000,39.450001,41.849998,39.287254,502800
2013-08-09,41.750000,41.799999,40.340000,40.480000,38.001156,426400
2013-08-12,40.240002,40.580002,40.119999,40.250000,37.785236,379400
2013-08-13,40.439999,40.560001,39.830002,40.459999,37.982384,239200
2013-08-14,40.430000,40.560001,39.930000,40.119999,37.663200,260300
2013-08-15,39.700001,40.049999,39.259998,39.419998,37.006058,338800
2013-08-16,39.169998,39.900002,39.119999,39.770000,37.334629,215700
2013-08-19,39.759998,40.340000,39.759998,40.049999,37.597485,341400
2013-08-20,40.169998,41.189999,40.169998,41.020000,38.508087,357400
2013-08-21,40.990002,41.240002,40.630001,40.750000,38.254620,204000
2013-08-22,40.939999,41.509998,40.939999,41.430000,38.892982,202800
2013-08-23,41.430000,41.430000,40.700001,41.209999,38.686443,259400
2013-08-26,41.240002,41.529999,41.020000,41.119999,38.601959,182100
2013-08-27,40.820000,41.119999,40.549999,40.580002,38.095032,254400
2013-08-28,40.630001,40.869999,40.480000,40.610001,38.123192,171400
2013-08-29,40.509998,40.759998,40.230000,40.340000,37.869724,399800
2013-08-30,40.209999,40.330002,39.400002,39.490002,37.071781,342000
2013-09-03,40.000000,40.049999,39.049999,39.320000,36.912189,460400
2013-09-04,39.270000,39.360001,38.619999,38.750000,36.377094,962300
2013-09-05,38.689999,39.119999,38.689999,38.889999,36.508522,467600
2013-09-06,39.509998,39.549999,38.560001,39.000000,36.611790,606100
2013-09-09,38.950001,39.830002,38.950001,39.750000,37.315857,368600
2013-09-10,39.990002,40.389999,39.799999,40.380001,37.907280,340500
2013-09-11,40.279999,40.529999,40.169998,40.230000,37.766464,403300
2013-09-12,40.299999,40.500000,40.160000,40.250000,37.785236,257900
2013-09-13,40.450001,40.500000,40.080002,40.160000,37.700745,254600
2013-09-16,40.470001,40.689999,40.200001,40.230000,37.766464,153800
2013-09-17,40.150002,40.529999,39.919998,40.490002,38.010540,300500
2013-09-18,40.500000,40.560001,39.910000,40.410000,37.935432,221300
2013-09-19,40.410000,40.570000,40.270000,40.520000,38.038712,222200
2013-09-20,40.470001,40.799999,40.419998,40.580002,38.095032,655000
2013-09-23,40.520000,40.540001,39.939999,40.369999,37.897892,300200
2013-09-24,40.369999,40.610001,40.060001,40.360001,37.888496,242200
2013-09-25,40.279999,40.389999,39.860001,39.919998,37.475445,259900
2013-09-26,39.919998,40.189999,39.750000,40.139999,37.681980,345800
2013-09-27,39.980000,40.340000,39.980000,40.099998,37.644428,280600
2013-09-30,39.849998,40.040001,39.689999,39.990002,37.541168,224500
2013-10-01,40.000000,40.669998,39.840000,40.590000,38.104416,244400
2013-10-02,40.459999,40.959999,40.180000,40.759998,38.264004,292900
2013-10-03,40.779999,41.000000,40.110001,40.340000,37.869724,300400
2013-10-04,40.240002,40.580002,40.009998,40.330002,37.860348,152300
2013-10-07,40.060001,40.220001,39.419998,39.439999,37.024837,260900
2013-10-08,39.450001,39.700001,39.009998,39.080002,36.686890,197200
2013-10-09,39.029999,39.110001,38.529999,38.770000,36.395866,239400
2013-10-10,39.119999,39.520000,38.950001,39.400002,36.987289,188300
2013-10-11,39.240002,39.869999,39.180000,39.830002,37.390961,154400
2013-10-14,39.599998,39.990002,39.279999,39.730000,37.297081,161700
2013-10-15,39.630001,39.630001,39.119999,39.139999,36.743210,174500
2013-10-16,39.369999,39.520000,39.099998,39.200001,36.799530,192900
2013-10-17,39.099998,39.799999,38.939999,39.779999,37.344025,316800
2013-10-18,40.049999,40.189999,39.630001,39.990002,37.541168,243500
2013-10-21,40.060001,40.439999,39.720001,40.430000,37.954216,237900
2013-10-22,40.590000,40.869999,40.340000,40.549999,38.066860,338400
2013-10-23,40.200001,40.549999,39.799999,40.090000,37.635040,176300
2013-10-24,40.110001,40.439999,39.880001,40.340000,37.869724,235000
2013-10-25,40.349998,40.930000,40.299999,40.509998,38.029312,270500
2013-10-28,40.509998,40.680000,40.349998,40.490002,38.010540,176700
2013-10-29,40.490002,40.680000,40.419998,40.650002,38.160736,229700
2013-10-30,40.680000,40.900002,40.430000,40.549999,38.066860,114900
2013-10-31,40.480000,40.950001,40.310001,40.680000,38.188908,160800
2013-11-01,40.610001,40.939999,40.270000,40.689999,38.198299,283700
2013-11-04,40.669998,41.650002,40.540001,41.549999,39.005630,306300
2013-11-05,41.689999,42.779999,41.360001,42.490002,39.888073,325300
2013-11-06,42.639999,42.810001,42.290001,42.740002,40.122765,272400
2013-11-07,42.779999,42.779999,41.570000,41.580002,39.033794,297700
2013-11-08,41.529999,42.599998,41.110001,42.279999,39.690929,164100
2013-11-11,42.259998,42.779999,41.820000,42.599998,39.991333,163300
2013-11-12,42.580002,43.259998,42.490002,43.189999,40.545204,257900
2013-11-13,42.980000,43.869999,42.900002,43.830002,41.146015,369300
2013-11-14,43.889999,44.820000,43.799999,44.500000,41.774982,445600
2013-11-15,44.520000,45.169998,44.520000,44.840000,42.094166,291700
2013-11-18,44.919998,45.189999,44.439999,44.619999,41.887627,133800
2013-11-19,44.880001,45.169998,44.500000,44.580002,41.850086,182200
2013-11-20,44.860001,45.000000,44.279999,44.700001,41.962727,328300
2013-11-21,46.560001,47.930000,45.880001,47.349998,44.450459,766000
2013-11-22,47.540001,48.900002,47.509998,48.090000,45.145149,539900
2013-11-25,48.270000,48.470001,47.189999,47.490002,44.581894,568400
2013-11-26,47.279999,47.650002,47.049999,47.290001,44.394138,523500
2013-11-27,45.740002,47.700001,45.560001,47.570000,44.656986,324500
2013-11-29,47.680000,47.889999,47.209999,47.349998,44.450459,93400
2013-12-02,47.470001,47.470001,46.360001,46.400002,43.558628,240700
2013-12-03,45.939999,46.349998,45.660000,45.930000,43.117420,497800
2013-12-04,45.900002,46.730000,45.869999,46.480000,43.633724,374600
2013-12-05,47.000000,47.880001,46.889999,47.419998,44.516174,536700
2013-12-06,47.910000,48.110001,47.200001,47.799999,44.872894,264700
2013-12-09,47.700001,47.980000,47.490002,47.730000,44.807190,310400
2013-12-10,47.509998,47.590000,46.930000,47.130001,44.243927,297100
2013-12-11,47.169998,47.400002,46.529999,46.669998,43.812096,186200
2013-12-12,46.779999,47.410000,46.560001,46.910000,44.037411,314600
2013-12-13,47.200001,47.270000,46.459999,46.919998,44.046791,377700
2013-12-16,47.070000,48.349998,47.070000,48.049999,45.107594,455600
2013-12-17,48.099998,48.549999,47.990002,48.279999,45.323513,543300
2013-12-18,48.410000,49.209999,48.240002,49.029999,46.027580,420500
2013-12-19,49.070000,49.169998,48.549999,48.669998,45.689632,281900
2013-12-20,48.860001,49.610001,48.860001,49.290001,46.271664,599400
2013-12-23,49.639999,49.790001,49.340000,49.599998,46.562687,315100
2013-12-24,49.730000,50.450001,49.200001,49.450001,46.421871,322100
2013-12-26,49.549999,50.290001,49.080002,50.099998,47.032063,353700
2013-12-27,49.990002,50.250000,49.930000,49.930000,46.872471,222000
2013-12-30,49.990002,50.200001,49.740002,49.930000,46.872471,240100
2013-12-31,50.049999,50.270000,49.740002,50.020000,46.956959,324900
2014-01-02,49.660000,49.750000,48.970001,49.099998,46.093292,383000
2014-01-03,49.049999,50.070000,49.000000,49.799999,46.750431,362800
2014-01-06,50.110001,50.150002,48.459999,48.529999,45.558197,478600
2014-01-07,48.840000,49.910000,48.840000,49.290001,46.271664,668000
2014-01-08,49.090000,49.169998,48.529999,48.730000,45.745956,384200
2014-01-09,48.779999,49.189999,47.790001,48.110001,45.163910,608300
2014-01-10,48.110001,48.450001,47.820000,48.330002,45.370441,421100
2014-01-13,48.330002,49.400002,48.160000,48.320000,45.361057,516800
2014-01-14,48.360001,50.130001,48.360001,49.750000,46.703491,1073900
2014-01-15,49.750000,50.849998,49.750000,50.689999,47.585926,659600
2014-01-16,50.779999,51.259998,50.430000,50.799999,47.689198,433100
2014-01-17,50.590000,51.139999,50.540001,50.820000,47.707973,446500
2014-01-21,51.290001,51.680000,50.480000,50.959999,47.839394,269500
2014-01-22,51.160000,51.799999,50.880001,51.599998,48.440193,450700
2014-01-23,51.279999,51.849998,51.099998,51.279999,48.139801,503900
2014-01-24,51.080002,51.230000,50.660000,50.830002,47.717361,335900
2014-01-27,50.919998,51.049999,49.669998,49.740002,46.694099,385400
2014-01-28,49.919998,50.689999,49.709999,50.669998,47.567158,484100
2014-01-29,50.299999,50.470001,49.759998,49.790001,46.741051,375500
2014-01-30,50.200001,50.430000,49.880001,50.259998,47.182251,271400
2014-01-31,49.580002,50.889999,49.500000,50.570000,47.473270,399200
2014-02-03,50.580002,51.000000,48.820000,49.459999,46.431255,439700
2014-02-04,49.799999,50.180000,49.419998,49.900002,46.844303,256000
2014-02-05,49.779999,50.020000,48.900002,49.529999,46.496960,282000
2014-02-06,49.820000,51.189999,49.820000,50.840000,47.726749,522600
2014-02-07,50.820000,51.570000,50.349998,51.209999,48.074085,411800
2014-02-10,51.570000,52.270000,51.389999,52.139999,48.947132,476000
2014-02-11,52.060001,52.750000,51.759998,52.689999,49.463459,388000
2014-02-12,52.599998,53.380001,51.549999,51.740002,48.571629,454800
2014-02-13,51.230000,52.770000,51.230000,52.580002,49.360188,363500
2014-02-14,52.500000,53.020000,52.220001,52.720001,49.491627,337500
2014-02-18,52.790001,53.189999,52.439999,52.700001,49.472847,309500
2014-02-19,53.459999,54.230000,52.980000,53.470001,50.195698,917600
2014-02-20,55.000000,58.419998,55.000000,57.730000,54.194817,1208400
2014-02-21,58.250000,58.700001,57.779999,57.900002,54.354420,483900
2014-02-24,57.730000,58.250000,57.480000,58.029999,54.476452,417500
2014-02-25,58.299999,58.880001,57.930000,58.040001,54.485840,278400
2014-02-26,56.279999,58.099998,56.209999,57.639999,54.110336,766800
2014-02-27,57.709999,58.040001,57.230000,57.619999,54.091564,325200
2014-02-28,57.750000,58.500000,57.169998,57.450001,53.931973,692800
2014-03-03,57.200001,57.799999,56.549999,57.110001,53.612797,467500
2014-03-04,57.790001,59.130001,57.340000,58.459999,54.880119,583500
2014-03-05,58.360001,58.770000,57.939999,58.150002,54.589108,542400
2014-03-06,58.090000,59.029999,58.090000,58.669998,55.077267,278600
2014-03-07,59.020000,59.610001,58.799999,59.450001,55.809502,351000
2014-03-10,59.470001,59.730000,58.419998,59.150002,55.527874,500400
2014-03-11,59.250000,60.020000,59.180000,59.820000,56.156837,364200
2014-03-12,59.630001,60.689999,59.230000,60.419998,56.720085,309000
2014-03-13,60.720001,61.080002,60.209999,60.410000,56.710716,485500
2014-03-14,59.349998,61.599998,59.250000,61.320000,57.564987,388800
2014-03-17,61.730000,61.950001,61.049999,61.380001,57.621315,374500
2014-03-18,61.380001,62.900002,61.380001,62.220001,58.409878,420400
2014-03-19,62.360001,62.439999,60.720001,61.150002,57.405407,379900
2014-03-20,61.040001,62.279999,61.040001,61.889999,58.100082,258300
2014-03-21,62.099998,62.160000,60.660000,60.730000,57.011120,563400
2014-03-24,60.880001,61.599998,58.930000,59.790001,56.128685,573400
2014-03-25,60.189999,60.549999,59.529999,59.900002,56.231949,451000
2014-03-26,60.200001,60.380001,58.250000,58.259998,54.692364,519800
2014-03-27,58.169998,58.770000,57.520000,57.580002,54.054012,668500
2014-03-28,57.590000,58.480000,57.330002,57.959999,54.410740,755900
2014-03-31,58.419998,59.419998,58.400002,58.939999,55.330727,603800
2014-04-01,59.130001,60.540001,59.130001,60.450001,56.748268,533500
2014-04-02,61.000000,61.380001,60.660000,60.880001,57.151924,381500
2014-04-03,60.820000,61.119999,59.820000,59.990002,56.316433,308200
2014-04-04,60.520000,61.020000,58.830002,58.880001,55.274410,476700
2014-04-07,58.500000,59.270000,56.700001,57.070000,53.575237,609600
2014-04-08,57.040001,58.049999,56.509998,57.799999,54.260544,630400
2014-04-09,58.040001,58.310001,57.520000,58.279999,54.711151,388700
2014-04-10,58.410000,58.580002,55.990002,56.200001,52.758522,453300
2014-04-11,55.730000,57.049999,55.619999,56.209999,52.767902,456200
2014-04-14,56.509998,56.840000,55.580002,56.110001,52.674030,389400
2014-04-15,56.290001,56.740002,55.070000,55.919998,52.495667,299800
2014-04-16,56.439999,56.919998,55.900002,56.790001,53.312389,323600
2014-04-17,56.790001,57.130001,56.410000,56.560001,53.096478,257700
2014-04-21,56.529999,56.720001,55.799999,56.240002,52.796070,160700
2014-04-22,56.220001,57.160000,55.990002,56.869999,53.387493,343100
2014-04-23,56.590000,56.820000,55.560001,55.590000,52.185875,254000
2014-04-24,55.900002,56.209999,54.480000,55.310001,51.923016,359300
2014-04-25,55.020000,55.320000,54.459999,54.459999,51.125072,230100
2014-04-28,54.759998,55.099998,52.500000,53.180000,49.923454,433800
2014-04-29,53.480000,53.799999,52.880001,52.939999,49.698151,339500
2014-04-30,52.900002,53.599998,52.410000,53.540001,50.261410,414800
2014-05-01,53.509998,53.849998,52.740002,53.470001,50.195698,307900
2014-05-02,53.820000,56.410000,53.820000,55.310001,51.923016,575500
2014-05-05,54.830002,55.540001,54.389999,55.150002,51.772820,377200
2014-05-06,54.799999,55.939999,54.779999,55.110001,51.735268,317500
2014-05-07,55.270000,55.680000,53.849998,54.380001,51.049961,299000
2014-05-08,54.439999,55.119999,53.759998,54.020000,50.712013,222100
2014-05-09,53.750000,54.360001,53.160000,54.020000,50.712013,331200
2014-05-12,54.419998,55.860001,54.040001,55.700001,52.289135,357100
2014-05-13,55.430000,56.169998,54.220001,55.310001,51.923016,535000
2014-05-14,55.029999,55.299999,53.400002,54.009998,50.702610,605900
2014-05-15,53.450001,56.240002,53.259998,55.200001,51.819759,1161800
2014-05-16,55.139999,56.299999,55.029999,55.730000,52.317299,753400
2014-05-19,55.639999,57.099998,55.099998,56.889999,53.406265,593700
2014-05-20,57.060001,57.119999,55.799999,56.189999,52.749130,509500
2014-05-21,56.349998,56.740002,55.139999,56.310001,52.861782,307300
2014-05-22,56.180000,56.779999,55.709999,55.910000,52.673355,474400
2014-05-23,56.110001,56.430000,55.509998,56.290001,53.031364,256700
2014-05-27,56.500000,57.560001,56.060001,57.299999,53.982903,413100
2014-05-28,56.150002,57.169998,56.150002,56.599998,53.323414,299300
2014-05-29,56.860001,57.689999,56.709999,57.240002,53.926369,457100
2014-05-30,57.240002,58.029999,57.150002,57.730000,54.388008,401200
2014-06-02,57.599998,58.220001,57.320000,57.919998,54.567001,377500
2014-06-03,57.490002,58.009998,57.439999,57.770000,54.425694,581800
2014-06-04,57.380001,58.889999,57.380001,58.790001,55.386639,458900
2014-06-05,57.240002,59.919998,57.240002,59.680000,56.225109,471800
2014-06-06,60.000000,60.369999,59.669998,60.009998,56.536011,274000
2014-06-09,59.880001,60.490002,59.869999,60.000000,56.526588,429800
2014-06-10,59.700001,60.049999,59.369999,59.560001,56.112064,382300
2014-06-11,59.160000,60.029999,59.040001,59.099998,55.678692,498800
2014-06-12,58.900002,60.080002,58.900002,59.669998,56.215694,510800
2014-06-13,59.490002,60.540001,59.380001,60.180000,56.696175,378700
2014-06-16,60.060001,60.560001,59.759998,60.110001,56.630219,385600
2014-06-17,60.270000,60.709999,59.599998,60.099998,56.620804,316000
2014-06-18,59.889999,60.209999,59.139999,60.020000,56.545437,322800
2014-06-19,60.450001,60.450001,59.389999,59.619999,56.168583,289800
2014-06-20,59.880001,60.750000,59.110001,60.500000,56.997650,808300
2014-06-23,60.450001,60.840000,59.849998,60.790001,57.270855,359300
2014-06-24,60.590000,61.389999,60.240002,60.349998,56.856323,475000
2014-06-25,59.910000,60.470001,59.650002,60.439999,56.941120,206600
2014-06-26,60.389999,60.389999,59.799999,60.040001,56.564274,173600
2014-06-27,59.619999,60.290001,59.459999,60.150002,56.667908,814900
2014-06-30,59.919998,60.230000,58.980000,59.840000,56.375851,298800
2014-07-01,59.889999,61.389999,59.889999,61.080002,57.544067,351100
2014-07-02,60.560001,60.840000,59.939999,60.139999,56.658482,304100
2014-07-03,60.230000,60.689999,60.099998,60.500000,56.997650,132300
2014-07-07,60.400002,60.709999,59.669998,59.680000,56.225109,199100
2014-07-08,59.490002,59.869999,58.459999,58.750000,55.348957,351300
2014-07-09,58.900002,59.529999,58.860001,59.200001,55.772900,226000
2014-07-10,58.220001,58.709999,57.830002,58.240002,54.868473,301600
2014-07-11,58.000000,58.259998,57.419998,57.970001,54.614109,229600
2014-07-14,58.610001,58.950001,58.150002,58.610001,55.217060,311500
2014-07-15,58.770000,58.770000,57.639999,57.770000,54.425694,448100
2014-07-16,58.189999,58.529999,56.410000,56.439999,53.172676,405200
2014-07-17,55.900002,56.470001,55.150002,55.250000,52.051563,458300
2014-07-18,55.160000,56.650002,55.160000,56.279999,53.021946,332800
2014-07-21,55.980000,56.570000,55.299999,55.919998,52.682785,317800
2014-07-22,56.509998,57.930000,56.070000,57.290001,53.973473,429800
2014-07-23,57.500000,58.150002,56.980000,57.419998,54.095940,264400
2014-07-24,57.040001,57.480000,56.709999,57.160000,53.851002,287500
2014-07-25,57.830002,59.349998,56.480000,57.320000,54.001736,246900
2014-07-28,57.360001,58.060001,56.900002,57.570000,54.237259,243000
2014-07-29,57.820000,58.070000,57.180000,57.680000,54.340897,256700
2014-07-30,58.180000,58.880001,57.599998,57.889999,54.538742,296900
2014-07-31,57.320000,58.040001,57.020000,57.189999,53.879261,301000
2014-08-01,57.320000,58.139999,57.049999,57.599998,54.265526,478300
2014-08-04,57.820000,58.660000,57.310001,58.480000,55.094582,673300
2014-08-05,58.369999,59.820000,56.900002,57.560001,54.227837,580200
2014-08-06,56.980000,56.980000,55.139999,55.450001,52.239990,880900
2014-08-07,59.500000,61.470001,59.029999,61.250000,57.704227,2127500
2014-08-08,61.209999,61.860001,60.950001,61.240002,57.694809,716500
2014-08-11,61.490002,61.970001,61.029999,61.320000,57.770172,301900
2014-08-12,61.040001,61.590000,60.700001,61.240002,57.694809,312500
2014-08-13,61.180000,61.380001,60.799999,60.970001,57.440441,323700
2014-08-14,60.900002,60.900002,59.840000,60.389999,57.081257,359700
2014-08-15,61.119999,61.599998,60.000000,60.599998,57.279743,522300
2014-08-18,61.150002,61.290001,60.759998,61.099998,57.752361,203800
2014-08-19,61.400002,61.509998,60.419998,60.509998,57.194679,379500
2014-08-20,60.160000,60.500000,59.619999,59.700001,56.429058,367400
2014-08-21,59.889999,60.279999,59.150002,59.459999,56.202206,497900
2014-08-22,59.509998,59.770000,59.080002,59.630001,56.362904,288100
2014-08-25,59.660000,60.459999,59.580002,60.029999,56.740982,329300
2014-08-26,60.299999,60.369999,59.330002,59.490002,56.230564,361600
2014-08-27,59.340000,59.700001,59.000000,59.419998,56.164398,362200
2014-08-28,59.320000,59.790001,58.740002,59.240002,55.994274,660200
2014-08-29,59.250000,59.919998,58.919998,59.450001,56.192753,286500
2014-09-02,59.669998,61.000000,59.490002,60.779999,57.449883,494300
2014-09-03,60.889999,61.310001,60.070000,60.189999,56.892220,229200
2014-09-04,60.490002,61.400002,60.330002,60.580002,57.260845,333200
2014-09-05,60.490002,61.400002,60.090000,61.320000,57.960300,321600
2014-09-08,61.299999,62.099998,60.990002,61.779999,58.395100,529400
2014-09-09,61.660000,62.180000,61.270000,61.770000,58.385654,462500
2014-09-10,61.970001,62.980000,61.910000,62.880001,59.434830,452100
2014-09-11,62.820000,64.070000,62.520000,63.459999,59.983055,572900
2014-09-12,63.580002,64.000000,62.799999,63.080002,59.623871,371600
2014-09-15,62.980000,63.250000,62.320000,62.380001,58.962227,255500
2014-09-16,61.770000,62.849998,61.730000,62.180000,58.773182,380300
2014-09-17,62.110001,62.930000,61.750000,62.740002,59.302502,319700
2014-09-18,63.080002,63.689999,62.849998,63.230000,59.765648,336600
2014-09-19,63.630001,64.209999,63.139999,63.360001,59.888527,802400
2014-09-22,63.220001,64.010002,62.849998,63.330002,59.860172,401700
2014-09-23,63.340000,63.430000,62.830002,63.080002,59.623871,452500
2014-09-24,63.270000,63.720001,63.150002,63.410000,59.935795,295500
2014-09-25,63.509998,63.509998,62.779999,62.790001,59.349762,457600
2014-09-26,63.020000,65.870003,62.830002,65.730003,62.128689,769800
2014-09-29,65.459999,68.500000,65.309998,67.680000,63.971851,840900
2014-09-30,68.849998,68.849998,67.500000,68.190002,64.453903,813700
2014-10-01,68.269997,68.860001,66.500000,67.040001,63.366898,977500
2014-10-02,67.120003,67.860001,66.599998,67.370003,63.678825,437500
2014-10-03,68.019997,69.120003,67.699997,68.860001,65.087189,450400
2014-10-06,69.190002,69.250000,67.779999,68.019997,64.293221,403200
2014-10-07,68.019997,68.540001,67.029999,67.199997,63.518127,405500
2014-10-08,67.300003,68.290001,67.129997,67.889999,64.170334,562500
2014-10-09,68.019997,69.279999,67.309998,67.730003,64.019096,574500
2014-10-10,67.970001,69.279999,67.470001,68.000000,64.274307,559800
2014-10-13,67.650002,67.690002,65.139999,66.050003,62.431145,764700
2014-10-14,66.360001,67.059998,65.800003,67.000000,63.329086,768300
2014-10-15,66.000000,67.519997,63.840000,65.690002,62.090874,885900
2014-10-16,64.760002,66.669998,64.559998,66.370003,62.733612,465400
2014-10-17,67.260002,68.550003,67.150002,68.010002,64.283760,504900
2014-10-20,67.860001,68.489998,67.339996,68.250000,64.510612,361900
2014-10-21,68.300003,69.500000,67.500000,69.089996,65.304588,556100
2014-10-22,69.250000,70.419998,69.250000,69.720001,65.900070,423200
2014-10-23,69.750000,70.820000,69.580002,69.970001,66.136383,491400
2014-10-24,69.989998,71.410004,69.910004,71.269997,67.365150,350000
2014-10-27,71.250000,72.230003,70.529999,70.820000,66.939796,529100
2014-10-28,71.000000,71.389999,70.290001,70.980003,67.091049,738300
2014-10-29,70.839996,70.910004,69.230003,69.680000,65.862251,502600
2014-10-30,69.529999,70.709999,69.320000,70.500000,66.637352,452000
2014-10-31,71.629997,71.629997,70.300003,71.040001,67.147736,321200
2014-11-03,71.029999,71.910004,70.699997,71.320000,67.412415,348900
2014-11-04,71.080002,73.489998,70.870003,73.250000,69.236664,573600
2014-11-05,73.339996,73.739998,72.000000,72.449997,68.480484,469000
2014-11-06,72.940002,73.190002,71.800003,73.000000,69.000359,400700
2014-11-07,72.779999,72.900002,71.290001,71.830002,67.894463,629700
2014-11-10,71.930000,73.129997,71.790001,73.050003,69.047623,301800
2014-11-11,73.000000,73.059998,72.010002,72.349998,68.385971,435300
2014-11-12,72.139999,72.410004,71.470001,72.309998,68.348160,350700
2014-11-13,72.610001,72.699997,71.940002,72.339996,68.376503,367000
2014-11-14,72.169998,72.349998,71.250000,71.750000,67.818855,527400
2014-11-17,71.739998,72.010002,69.730003,70.290001,66.438843,950600
2014-11-18,70.680000,71.839996,70.519997,71.500000,67.582542,1287900
2014-11-19,74.500000,77.580002,73.500000,74.919998,70.815163,2345300
2014-11-20,75.120003,75.930000,74.339996,74.610001,70.522141,666800
2014-11-21,75.559998,75.599998,73.129997,73.370003,69.350098,594000
2014-11-24,73.730003,74.519997,73.300003,74.510002,70.427628,407300
2014-11-25,74.559998,74.870003,73.339996,73.529999,69.501320,568500
2014-11-26,72.129997,74.029999,72.029999,73.970001,70.107918,533600
2014-11-28,73.360001,75.389999,73.339996,74.500000,70.610245,351200
2014-12-01,74.500000,75.910004,74.269997,74.339996,70.458595,842800
2014-12-02,74.570000,75.750000,73.949997,75.279999,71.349518,872200
2014-12-03,75.169998,75.930000,74.510002,75.449997,71.510628,354600
2014-12-04,75.089996,76.519997,75.080002,75.870003,71.908707,334100
2014-12-05,75.739998,75.980003,75.000000,75.650002,71.700188,357500
2014-12-08,75.209999,76.650002,75.099998,75.419998,71.482193,520300
2014-12-09,74.629997,77.470001,74.190002,76.320000,72.335213,615800
2014-12-10,76.230003,77.260002,75.349998,75.449997,71.510628,534800
2014-12-11,76.070000,77.660004,75.699997,77.050003,73.027100,430200
2014-12-12,76.300003,79.139999,76.000000,78.000000,73.927490,690500
2014-12-15,78.209999,78.980003,76.980003,77.519997,73.472549,560900
2014-12-16,77.129997,77.879997,76.230003,76.239998,72.259377,563300
2014-12-17,76.489998,77.709999,75.269997,77.680000,73.624199,404600
2014-12-18,78.279999,79.040001,77.309998,78.010002,73.936966,479300
2014-12-19,77.559998,78.279999,77.080002,77.320000,73.282997,1059700
2014-12-22,77.570000,78.650002,76.570000,78.489998,74.391907,278300
2014-12-23,78.389999,79.570000,78.190002,78.989998,74.865807,359200
2014-12-24,79.220001,79.839996,78.800003,78.820000,74.704674,265000
2014-12-26,79.269997,79.860001,78.919998,79.199997,75.064850,251900
2014-12-29,78.910004,80.750000,78.860001,80.529999,76.325378,416100
2014-12-30,80.489998,80.940002,79.650002,79.970001,75.794632,347000
2014-12-31,80.110001,80.540001,79.849998,79.959999,75.785156,405400
2015-01-02,80.160004,80.739998,79.169998,79.800003,75.633522,359700
2015-01-05,79.620003,80.720001,79.190002,79.620003,75.462906,494000
2015-01-06,80.209999,80.599998,78.360001,79.680000,75.519783,490300
2015-01-07,80.709999,84.379997,80.180000,83.059998,78.723297,1295100
2015-01-08,84.129997,85.000000,83.110001,84.239998,79.841690,740800
2015-01-09,84.449997,85.160004,83.500000,84.760002,80.334549,356300
2015-01-12,85.050003,85.470001,83.839996,84.339996,79.936462,424200
2015-01-13,85.610001,87.500000,84.809998,85.629997,81.159111,930500
2015-01-14,84.870003,85.599998,84.120003,84.449997,80.040726,749300
2015-01-15,85.989998,86.650002,81.150002,82.629997,78.315742,848700
2015-01-16,82.320000,82.830002,81.739998,82.690002,78.372627,648300
2015-01-20,83.919998,84.860001,82.389999,82.760002,78.438965,519000
2015-01-21,82.419998,83.019997,81.559998,82.150002,77.860817,473300
2015-01-22,82.699997,83.739998,82.010002,83.540001,79.178238,504700
2015-01-23,83.690002,84.720001,83.650002,84.199997,79.803780,292800
2015-01-26,84.730003,85.629997,84.250000,85.389999,80.931656,355800
2015-01-27,84.389999,86.120003,84.050003,85.669998,81.197037,380800
2015-01-28,86.260002,86.690002,84.110001,84.220001,79.822739,409800
2015-01-29,84.349998,86.129997,83.660004,86.099998,81.604576,392400
2015-01-30,85.809998,86.419998,84.550003,84.790001,80.362968,572400
2015-02-02,84.820000,85.690002,82.160004,84.550003,80.135513,428300
2015-02-03,84.699997,86.529999,84.610001,86.349998,81.841530,454600
2015-02-04,85.680000,86.419998,84.650002,85.800003,81.320229,535300
2015-02-05,85.699997,87.209999,85.389999,86.900002,82.362808,543000
2015-02-06,86.889999,88.550003,86.500000,88.279999,83.670769,713800
2015-02-09,87.739998,88.089996,84.480003,84.980003,80.543045,730600
2015-02-10,84.370003,87.459999,84.370003,86.820000,82.286980,439300
2015-02-11,87.029999,87.680000,86.019997,86.449997,81.936317,555800
2015-02-12,86.470001,88.190002,85.040001,88.120003,83.519104,482500
2015-02-13,87.959999,88.500000,86.330002,87.120003,82.571312,512100
2015-02-17,87.099998,88.809998,85.529999,88.160004,83.557030,1972800
2015-02-18,93.199997,96.099998,92.639999,94.699997,89.755554,3444300
2015-02-19,94.709999,96.750000,94.500000,95.870003,90.864479,1097700
2015-02-20,96.519997,98.550003,95.879997,97.989998,92.873779,964300
2015-02-23,98.099998,98.580002,95.889999,97.059998,91.992332,737100
2015-02-24,97.349998,98.250000,96.480003,97.290001,92.210320,522000
2015-02-25,97.309998,98.680000,96.699997,97.750000,92.646309,449600
2015-02-26,97.750000,98.489998,96.800003,98.220001,93.091782,546700
2015-02-27,98.309998,98.500000,96.559998,96.690002,91.641670,493600
2015-03-02,96.470001,98.629997,96.440002,98.500000,93.357147,852900
2015-03-03,98.529999,98.760002,96.629997,97.430000,92.343025,639300
2015-03-04,96.430000,97.750000,96.099998,96.919998,92.048607,439800
2015-03-05,97.050003,98.290001,96.500000,97.550003,92.646942,445500
2015-03-06,97.099998,97.639999,95.720001,96.250000,91.412292,475400
2015-03-09,96.570000,97.190002,95.419998,96.699997,91.839653,587900
2015-03-10,96.000000,96.199997,94.370003,95.250000,90.462555,452800
2015-03-11,95.260002,95.699997,93.940002,94.440002,89.693253,428500
2015-03-12,95.690002,97.839996,94.870003,97.650002,92.741920,487900
2015-03-13,97.239998,97.599998,95.750000,96.349998,91.507256,556200
2015-03-16,97.000000,97.860001,96.489998,96.550003,91.697220,416000
2015-03-17,96.529999,97.739998,96.199997,97.599998,92.694427,417600
2015-03-18,97.459999,97.870003,96.180000,96.940002,92.067604,429100
2015-03-19,96.830002,97.570000,96.019997,96.650002,91.792183,483300
2015-03-20,97.309998,97.599998,96.459999,97.070000,92.191063,598500
2015-03-23,96.940002,98.690002,96.150002,98.529999,93.577682,493300
2015-03-24,98.230003,99.949997,98.000000,99.139999,94.157028,536400
2015-03-25,99.790001,99.989998,95.680000,95.730003,90.918434,653400
2015-03-26,95.019997,96.610001,94.599998,95.250000,90.462555,416200
2015-03-27,95.470001,97.379997,95.300003,96.309998,91.469261,372200
2015-03-30,97.070000,97.930000,96.760002,97.040001,92.162575,354600
2015-03-31,97.510002,97.550003,95.690002,95.919998,91.098877,408600
2015-04-01,95.589996,96.040001,94.599998,95.309998,90.519508,468700
2015-04-02,95.419998,95.699997,94.800003,95.339996,90.548012,384200
2015-04-06,94.449997,96.180000,94.449997,95.120003,90.339081,281600
2015-04-07,95.230003,95.900002,93.300003,93.540001,88.838493,570800
2015-04-08,93.570000,97.269997,93.570000,97.209999,92.324028,529700
2015-04-09,97.309998,97.860001,95.080002,95.620003,90.813950,461900
2015-04-10,95.599998,96.699997,95.529999,95.949997,91.127350,215400
2015-04-13,95.699997,96.400002,94.739998,94.919998,90.149132,316200
2015-04-14,94.720001,95.199997,93.510002,93.800003,89.085419,402800
2015-04-15,94.250000,94.489998,92.720001,93.019997,88.344627,396700
2015-04-16,92.470001,93.970001,92.330002,92.459999,87.812767,343100
2015-04-17,91.879997,92.989998,90.709999,91.870003,87.252449,453400
2015-04-20,92.459999,93.250000,91.730003,91.910004,87.290428,394100
2015-04-21,92.089996,92.550003,91.510002,91.589996,86.986496,373600
2015-04-22,91.800003,92.000000,90.290001,91.320000,86.730072,551700
2015-04-23,91.650002,94.470001,91.379997,94.320000,89.579277,598300
2015-04-24,94.599998,95.529999,93.830002,93.879997,89.161407,268800
2015-04-27,93.820000,94.730003,92.019997,92.260002,87.622833,331800
2015-04-28,92.110001,94.099998,91.180000,93.629997,88.923958,360400
2015-04-29,93.419998,93.419998,88.620003,89.199997,84.716621,851400
2015-04-30,88.959999,89.360001,86.239998,86.769997,82.408768,1008200
2015-05-01,87.089996,89.029999,85.300003,87.269997,82.883629,979900
2015-05-04,87.330002,89.339996,87.300003,88.580002,84.127785,679200
2015-05-05,88.970001,90.019997,87.940002,88.570000,84.118301,708200
2015-05-06,88.839996,89.389999,88.199997,88.900002,84.431694,459500
2015-05-07,89.110001,91.459999,89.110001,90.730003,86.169716,542900
2015-05-08,91.800003,93.550003,91.650002,92.309998,87.670296,621400
2015-05-11,92.519997,92.900002,91.690002,92.150002,87.518341,422300
2015-05-12,91.470001,92.529999,90.160004,91.830002,87.214439,499200
2015-05-13,92.150002,92.949997,91.129997,91.779999,87.166954,1096100
2015-05-14,92.790001,93.239998,86.410004,87.820000,83.405991,2502900
2015-05-15,87.989998,88.620003,87.099998,87.730003,83.320511,854300
2015-05-18,87.529999,87.889999,86.510002,87.489998,83.092567,846300
2015-05-19,87.800003,89.849998,87.690002,89.379997,84.887573,858100
2015-05-20,89.089996,90.019997,88.599998,89.449997,84.954056,527600
2015-05-21,89.290001,89.690002,88.150002,88.239998,83.804871,436900
2015-05-22,88.510002,88.879997,86.739998,86.940002,82.570221,656200
2015-05-26,86.750000,87.440002,86.050003,87.160004,82.779175,653000
2015-05-27,87.480003,87.620003,86.820000,87.300003,82.912140,335300
2015-05-28,87.000000,87.739998,86.699997,87.070000,82.978836,389400
2015-05-29,87.029999,87.199997,86.570000,86.809998,82.731056,756800
2015-06-01,86.680000,87.000000,86.040001,86.150002,82.102074,596000
2015-06-02,85.769997,86.300003,85.650002,85.959999,81.920990,704400
2015-06-03,86.430000,87.059998,86.180000,86.980003,82.893074,457600
2015-06-04,86.690002,87.870003,86.419998,87.620003,83.503006,508800
2015-06-05,87.349998,87.930000,87.080002,87.830002,83.703133,355700
2015-06-08,87.580002,89.040001,87.580002,87.739998,83.617363,659200
2015-06-09,87.510002,87.529999,86.410004,86.639999,82.569038,522300
2015-06-10,86.699997,87.699997,86.500000,87.120003,83.026474,463300
2015-06-11,87.010002,87.639999,86.410004,86.860001,82.778694,403000
2015-06-12,86.779999,88.430000,86.779999,87.540001,83.426750,414300
2015-06-15,86.949997,87.510002,86.209999,86.959999,82.874008,441500
2015-06-16,86.699997,87.800003,86.589996,86.839996,82.759651,376100
2015-06-17,86.849998,87.339996,86.050003,87.150002,83.055084,413200
2015-06-18,87.440002,88.379997,87.150002,87.250000,83.150368,482700
2015-06-19,86.970001,88.290001,86.519997,88.010002,83.874672,674700
2015-06-22,88.599998,89.639999,88.129997,89.419998,85.218414,479200
2015-06-23,88.940002,89.260002,86.620003,87.879997,83.750778,790300
2015-06-24,87.620003,88.500000,87.059998,87.400002,83.293335,360100
2015-06-25,87.919998,88.300003,87.300003,87.830002,83.703133,305500
2015-06-26,88.080002,88.699997,87.110001,88.589996,84.427414,659100
2015-06-29,87.690002,88.449997,87.080002,87.110001,83.016953,576300
2015-06-30,87.620003,88.629997,87.290001,88.160004,84.017624,582200
2015-07-01,88.540001,88.800003,87.690002,88.000000,83.865150,573100
2015-07-02,87.940002,88.220001,87.089996,87.470001,83.360039,317000
2015-07-06,86.809998,88.379997,86.599998,87.889999,83.760315,441700
2015-07-07,89.120003,89.790001,87.629997,89.550003,85.342331,867600
2015-07-08,89.050003,89.500000,88.120003,88.889999,84.713310,4846100
2015-07-09,89.389999,89.739998,88.309998,88.330002,84.179642,1143000
2015-07-10,89.110001,90.000000,88.739998,89.889999,85.666328,488300
2015-07-13,90.000000,92.389999,89.900002,92.099998,87.772499,657600
2015-07-14,92.370003,93.230003,92.070000,92.889999,88.525360,571800
2015-07-15,93.089996,93.099998,92.000000,92.209999,87.877342,332600
2015-07-16,92.959999,93.000000,91.830002,92.900002,88.534904,391200
2015-07-17,92.669998,92.900002,91.769997,92.339996,88.001228,301400
2015-07-20,92.510002,93.370003,92.220001,92.839996,88.477722,302600
2015-07-21,92.339996,93.000000,92.010002,92.779999,88.420547,258500
2015-07-22,92.970001,95.070000,92.699997,94.959999,90.498108,581000
2015-07-23,94.949997,95.110001,92.970001,93.000000,88.630219,373900
2015-07-24,93.500000,93.620003,91.099998,91.620003,87.315048,433700
2015-07-27,91.580002,91.599998,89.849998,90.089996,85.856941,549800
2015-07-28,90.180000,91.820000,89.260002,91.570000,87.267395,406800
2015-07-29,91.879997,93.760002,91.660004,93.510002,89.116241,567300
2015-07-30,93.199997,94.419998,92.839996,94.150002,89.726173,418600
2015-07-31,94.419998,95.610001,93.769997,95.000000,90.536232,478800
2015-08-03,95.169998,96.419998,95.129997,96.120003,91.603615,479700
2015-08-04,96.449997,97.139999,95.510002,96.449997,91.918098,678400
2015-08-05,97.099998,98.260002,96.639999,97.139999,92.575684,1333400
2015-08-06,95.500000,96.300003,89.150002,91.110001,86.829002,2078700
2015-08-07,90.419998,91.510002,88.320000,90.209999,85.971313,1212700
2015-08-10,90.989998,91.930000,88.459999,88.589996,84.427414,821400
2015-08-11,88.290001,89.279999,87.080002,88.110001,83.969978,661200
2015-08-12,87.320000,87.699997,85.550003,87.459999,83.350510,723100
2015-08-13,87.309998,88.660004,87.309998,87.610001,83.493477,492900
2015-08-14,87.230003,88.080002,86.910004,87.480003,83.369583,302300
2015-08-17,87.080002,87.959999,86.290001,87.400002,83.293335,462500
2015-08-18,87.470001,87.720001,85.550003,85.940002,81.901932,889400
2015-08-19,85.610001,86.500000,84.500000,86.129997,82.083008,872500
2015-08-20,85.160004,86.110001,83.769997,83.919998,79.976852,922100
2015-08-21,82.470001,83.489998,81.309998,81.410004,77.584785,937400
2015-08-24,70.970001,80.709999,63.939999,78.500000,75.088211,1277400
2015-08-25,79.180000,80.980003,78.709999,78.720001,75.298668,860600
2015-08-26,80.470001,80.790001,77.809998,79.930000,76.456070,758700
2015-08-27,80.330002,82.099998,80.040001,81.489998,77.948280,607200
2015-08-28,81.570000,82.400002,80.870003,81.769997,78.216087,371800
2015-08-31,81.540001,82.160004,78.000000,78.180000,74.782120,654100
2015-09-01,76.879997,77.889999,76.260002,77.010002,73.662979,612800
2015-09-02,77.910004,78.480003,76.980003,78.040001,74.648209,506300
2015-09-03,78.559998,79.220001,78.300003,78.650002,75.231705,422800
2015-09-04,77.779999,79.000000,77.330002,78.309998,74.906479,277700
2015-09-08,79.660004,80.150002,78.680000,79.790001,76.322151,341300
2015-09-09,80.589996,80.620003,78.529999,78.709999,75.289108,359100
2015-09-10,78.739998,79.379997,77.989998,78.190002,74.791702,393300
2015-09-11,77.519997,79.489998,77.489998,79.440002,75.987373,340300
2015-09-14,79.889999,79.889999,77.269997,77.370003,74.007332,584700
2015-09-15,77.400002,78.290001,76.339996,77.839996,74.456894,497700
2015-09-16,77.610001,77.820000,75.559998,75.820000,72.524689,667800
2015-09-17,75.879997,77.849998,75.529999,77.019997,73.672531,635400
2015-09-18,75.690002,76.629997,75.389999,75.580002,72.295151,699200
2015-09-21,75.800003,76.550003,74.690002,75.010002,71.749908,518500
2015-09-22,75.830002,78.379997,75.029999,78.279999,74.877785,863200
2015-09-23,78.199997,78.870003,77.760002,78.430000,75.021271,389900
2015-09-24,78.250000,78.809998,77.190002,78.699997,75.279533,898100
2015-09-25,79.519997,80.519997,79.110001,79.709999,76.245644,823100
2015-09-28,79.739998,79.879997,76.440002,77.370003,74.007332,613900
2015-09-29,78.650002,79.059998,76.790001,78.370003,74.963890,738400
2015-09-30,79.250000,79.879997,76.830002,77.040001,73.691689,675800
2015-10-01,76.629997,77.050003,73.459999,74.360001,71.128159,794300
2015-10-02,73.820000,76.779999,73.220001,76.760002,73.423859,649700
2015-10-05,77.050003,78.440002,76.419998,78.089996,74.696037,436100
2015-10-06,78.180000,78.220001,76.370003,76.620003,73.289940,351000
2015-10-07,76.019997,76.800003,74.559998,75.529999,72.247314,456700
2015-10-08,74.940002,76.639999,74.860001,75.790001,72.496002,325100
2015-10-09,75.610001,77.480003,75.459999,77.410004,74.045601,452500
2015-10-12,77.110001,77.580002,76.349998,76.589996,73.261238,273100
2015-10-13,76.570000,78.190002,76.370003,76.510002,73.184708,255700
2015-10-14,76.650002,77.089996,74.680000,75.029999,71.769035,393400
2015-10-15,75.540001,76.279999,74.750000,76.220001,72.907318,283000
2015-10-16,76.220001,77.370003,76.029999,77.010002,73.662979,261600
2015-10-19,77.320000,80.089996,77.059998,78.930000,75.499535,627600
2015-10-20,80.000000,82.209999,79.089996,79.309998,75.863014,689700
2015-10-21,78.550003,79.029999,75.070000,75.860001,72.562958,1150700
2015-10-22,76.620003,77.000000,73.809998,74.519997,71.281204,1041000
2015-10-23,75.500000,75.849998,74.169998,74.730003,71.482071,739400
2015-10-26,74.589996,77.029999,74.570000,76.660004,73.328194,479200
2015-10-27,76.779999,76.779999,74.559998,75.209999,71.941208,405600
2015-10-28,75.400002,78.480003,74.910004,78.440002,75.030830,582700
2015-10-29,78.029999,78.199997,76.120003,76.389999,73.069916,476200
2015-10-30,76.269997,76.919998,74.250000,74.529999,71.290771,559900
2015-11-02,75.300003,77.410004,74.510002,77.120003,73.768196,718100
2015-11-03,77.120003,77.779999,76.019997,76.680000,73.347321,373000
2015-11-04,77.750000,77.910004,76.000000,76.400002,73.079498,362900
2015-11-05,76.000000,76.230003,72.050003,73.260002,70.075966,1357400
2015-11-06,74.120003,74.470001,72.940002,74.199997,70.975105,474800
2015-11-09,74.480003,74.750000,72.309998,72.930000,69.760292,528800
2015-11-10,72.589996,73.709999,71.849998,73.510002,70.315109,566900
2015-11-11,73.769997,74.919998,73.000000,74.029999,70.812500,407200
2015-11-12,73.930000,74.300003,73.019997,73.260002,70.075966,368500
2015-11-13,72.589996,72.879997,69.730003,70.190002,67.139404,724800
2015-11-16,70.300003,70.989998,69.820000,70.500000,67.435921,711700
2015-11-17,70.790001,71.599998,69.599998,69.989998,66.948074,1352600
2015-11-18,72.480003,74.489998,70.169998,74.050003,70.831627,2257100
2015-11-19,74.720001,74.720001,71.540001,72.230003,69.090721,1027600
2015-11-20,72.269997,74.220001,72.019997,73.949997,70.735977,751200
2015-11-23,73.709999,76.370003,73.610001,75.709999,72.419456,699700
2015-11-24,75.120003,76.580002,73.580002,75.239998,71.969910,703000
2015-11-25,75.519997,76.769997,75.169998,76.120003,72.811668,397400
2015-11-27,74.790001,75.580002,74.760002,74.839996,71.587288,250300
2015-11-30,74.339996,74.900002,73.580002,74.139999,70.917717,495600
2015-12-01,74.510002,74.860001,73.550003,73.660004,70.458595,839800
2015-12-02,73.839996,76.879997,73.769997,76.440002,73.117767,868500
2015-12-03,76.440002,77.360001,74.860001,75.160004,71.893379,668900
2015-12-04,75.610001,78.870003,75.610001,78.110001,74.715172,1145200
2015-12-07,77.919998,80.510002,77.180000,79.389999,76.232323,1282700
2015-12-08,79.180000,80.480003,79.000000,80.080002,76.894882,643100
2015-12-09,79.500000,81.940002,79.120003,80.489998,77.288574,1170800
2015-12-10,80.500000,81.199997,78.580002,79.660004,76.491600,778800
2015-12-11,78.510002,79.610001,78.190002,79.010002,75.867439,549700
2015-12-14,78.889999,78.889999,76.629997,77.190002,74.119827,587800
2015-12-15,77.769997,78.519997,77.029999,77.370003,74.292679,483000
2015-12-16,77.769997,78.419998,75.980003,77.050003,73.985405,595200
2015-12-17,77.070000,77.660004,75.300003,75.320000,72.324211,881700
2015-12-18,74.889999,76.080002,73.800003,75.360001,72.362617,1323400
2015-12-21,76.089996,77.919998,75.709999,77.349998,74.273453,515000
2015-12-22,77.019997,77.989998,75.830002,76.669998,73.620514,372900
2015-12-23,76.620003,77.389999,76.290001,76.959999,73.898987,272500
2015-12-24,76.910004,77.480003,76.260002,76.790001,73.735741,144000
2015-12-28,76.690002,77.629997,76.070000,77.570000,74.484718,346500
2015-12-29,78.000000,78.849998,77.190002,78.040001,74.936020,410600
2015-12-30,77.459999,77.930000,76.779999,76.889999,73.831772,265400
2015-12-31,76.779999,77.730003,76.120003,76.709999,73.658920,519500
2016-01-04,75.480003,76.449997,74.330002,75.070000,72.084152,932300
2016-01-05,75.230003,76.599998,74.099998,74.260002,71.306381,656900
2016-01-06,72.690002,74.180000,72.610001,73.699997,70.768639,887400
2016-01-07,72.279999,73.129997,71.050003,71.059998,68.233658,637800
2016-01-08,71.110001,72.220001,70.330002,71.269997,68.435303,1003300
2016-01-11,71.669998,72.089996,70.139999,71.120003,68.291260,742300
2016-01-12,71.849998,74.000000,71.519997,73.839996,70.903069,709700
2016-01-13,74.529999,75.059998,72.639999,73.320000,70.403755,1128300
2016-01-14,73.580002,74.699997,71.510002,73.260002,70.346146,634800
2016-01-15,71.669998,72.779999,70.250000,72.000000,69.136261,640800
2016-01-19,73.000000,73.959999,71.489998,72.430000,69.549149,688200
2016-01-20,73.430000,74.839996,71.580002,73.330002,70.413368,1679200
2016-01-21,73.639999,75.000000,72.809998,74.300003,71.344780,753500
2016-01-22,76.000000,78.250000,75.580002,77.760002,74.667160,1052000
2016-01-25,77.199997,77.489998,75.070000,75.559998,72.554665,779900
2016-01-26,75.660004,76.889999,75.230003,76.059998,73.034782,453800
2016-01-27,75.610001,76.459999,74.160004,75.139999,72.151375,586400
2016-01-28,75.940002,76.930000,74.699997,76.430000,73.390053,531500
2016-01-29,76.559998,77.860001,76.269997,77.639999,74.551941,894500
2016-02-01,77.190002,78.870003,77.129997,77.839996,74.743973,837800
2016-02-02,77.309998,77.529999,76.269997,76.930000,73.870163,415700
2016-02-03,77.080002,77.080002,74.190002,75.400002,72.401031,560000
2016-02-04,74.959999,76.550003,73.900002,76.169998,73.140396,641300
2016-02-05,76.050003,76.519997,72.900002,72.940002,70.038872,547500
2016-02-08,72.720001,73.010002,71.010002,72.680000,69.789215,627500
2016-02-09,72.489998,73.160004,70.750000,72.129997,69.261078,899400
2016-02-10,73.000000,73.480003,71.720001,71.769997,68.915405,616200
2016-02-11,71.089996,72.089996,70.269997,71.209999,68.377670,600200
2016-02-12,72.760002,73.900002,71.699997,73.589996,70.663010,659700
2016-02-16,74.389999,75.500000,74.010002,74.900002,71.920914,881300
2016-02-17,75.440002,77.900002,75.010002,76.910004,73.850967,3554400
2016-02-18,63.700001,65.699997,62.200001,64.480003,61.915363,8232300
2016-02-19,64.470001,66.160004,64.230003,65.620003,63.010025,1732900
2016-02-22,65.580002,66.099998,63.439999,64.050003,61.502468,1776200
2016-02-23,64.050003,67.599998,63.980000,66.830002,64.171883,1999100
2016-02-24,66.040001,68.400002,65.500000,67.959999,65.256950,1111400
2016-02-25,68.389999,69.419998,67.830002,69.290001,66.534042,967500
2016-02-26,69.230003,69.720001,67.769997,69.279999,66.813721,883000
2016-02-29,69.290001,70.290001,68.629997,68.750000,66.302589,1262100
2016-03-01,69.050003,70.300003,68.459999,69.610001,67.131989,1325500
2016-03-02,69.540001,70.309998,68.739998,69.360001,66.890877,1239000
2016-03-03,69.260002,69.760002,68.110001,69.580002,67.103043,1291800
2016-03-04,69.860001,71.349998,69.360001,70.320000,67.816711,1028300
2016-03-07,69.730003,70.589996,68.529999,69.139999,66.678719,688600
2016-03-08,68.519997,69.430000,67.620003,67.669998,65.261040,820100
2016-03-09,68.430000,69.330002,66.410004,67.529999,65.126022,1893200
2016-03-10,67.980003,68.169998,64.320000,65.029999,62.715012,1943000
2016-03-11,65.500000,66.190002,63.529999,66.120003,63.766216,1289200
2016-03-14,65.959999,67.279999,65.959999,67.010002,64.624535,951800
2016-03-15,67.250000,67.250000,65.680000,66.050003,63.698704,670100
2016-03-16,65.500000,65.720001,64.190002,64.699997,62.396767,1239900
2016-03-17,64.570000,65.739998,63.959999,64.849998,62.541428,783400
2016-03-18,65.040001,65.370003,64.769997,64.860001,62.551079,1106000
2016-03-21,64.589996,65.040001,64.019997,64.900002,62.589649,626700
2016-03-22,64.550003,64.699997,63.840000,64.290001,62.001358,415500
2016-03-23,64.300003,64.300003,62.560001,63.099998,60.853725,851800
2016-03-24,63.020000,63.810001,61.779999,63.119999,60.873016,829000
2016-03-28,63.119999,63.860001,62.029999,62.400002,60.178646,525700
2016-03-29,62.450001,64.449997,62.400002,64.309998,62.020653,764100
2016-03-30,64.870003,65.449997,63.669998,64.459999,62.165298,587500
2016-03-31,64.260002,64.720001,63.310001,63.869999,61.596310,554500
2016-04-01,63.400002,64.500000,63.400002,64.199997,61.914566,494900
2016-04-04,64.169998,64.440002,63.299999,63.810001,61.538448,435000
2016-04-05,63.080002,64.010002,62.849998,62.889999,60.651196,407200
2016-04-06,63.020000,64.559998,62.869999,64.150002,61.866352,591100
2016-04-07,64.059998,64.790001,63.900002,64.410004,62.117096,654000
2016-04-08,67.430000,68.919998,66.949997,68.040001,65.617867,1345500
2016-04-11,68.610001,69.000000,67.309998,67.580002,65.174248,985600
2016-04-12,67.379997,67.550003,66.260002,67.410004,65.010292,564100
2016-04-13,67.720001,68.629997,67.190002,68.269997,65.839676,662400
2016-04-14,68.400002,68.750000,67.879997,68.180000,65.752884,319800
2016-04-15,67.849998,68.629997,67.419998,68.459999,66.022911,317500
2016-04-18,68.480003,69.309998,67.540001,68.680000,66.235085,523800
2016-04-19,69.080002,69.269997,68.120003,68.199997,65.772171,515600
2016-04-20,68.349998,68.750000,67.650002,68.290001,65.858963,314300
2016-04-21,68.410004,68.410004,66.919998,67.879997,65.463562,723800
2016-04-22,67.639999,67.930000,66.910004,67.510002,65.106743,510700
2016-04-25,67.379997,67.760002,67.029999,67.279999,64.884918,496600
2016-04-26,67.589996,69.089996,67.160004,68.970001,66.514763,530500
2016-04-27,68.440002,69.349998,68.360001,69.099998,66.640129,461300
2016-04-28,68.660004,69.199997,68.309998,68.849998,66.399033,448600
2016-04-29,68.430000,69.070000,67.169998,67.550003,65.145309,396000
2016-05-02,68.029999,68.919998,67.830002,68.690002,66.244743,409700
2016-05-03,68.510002,68.809998,68.040001,68.440002,66.003632,443800
2016-05-04,67.959999,69.029999,67.529999,68.879997,66.427956,1146500
2016-05-05,68.480003,69.589996,67.690002,69.360001,66.890877,872800
2016-05-06,68.360001,68.970001,67.040001,68.480003,66.042198,922200
2016-05-09,68.769997,70.239998,68.370003,69.830002,67.344139,1156300
2016-05-10,69.480003,69.800003,67.489998,68.739998,66.292953,1637300
2016-05-11,68.629997,68.629997,64.300003,65.139999,62.821095,3862000
2016-05-12,72.000000,75.610001,71.540001,75.019997,72.349380,5936300
2016-05-13,75.529999,75.639999,73.290001,73.989998,71.356049,1656100
2016-05-16,74.279999,76.160004,73.690002,76.099998,73.390945,1075900
2016-05-17,75.910004,76.820000,74.150002,74.480003,71.828606,912600
2016-05-18,73.940002,75.680000,73.489998,74.720001,72.060066,950200
2016-05-19,74.300003,75.000000,73.620003,74.410004,71.761093,543600
2016-05-20,74.620003,74.620003,73.400002,74.320000,71.964447,1011900
2016-05-23,74.559998,75.500000,73.790001,74.230003,71.877304,892800
2016-05-24,74.620003,75.500000,74.019997,75.110001,72.729408,791700
2016-05-25,76.349998,80.459999,76.070000,79.050003,76.544533,2458200
2016-05-26,80.750000,84.949997,80.699997,83.389999,80.746979,2865200
2016-05-27,83.900002,85.050003,83.190002,84.820000,82.131638,1063900
2016-05-31,84.830002,85.559998,84.059998,85.199997,82.499596,1006100
2016-06-01,84.870003,86.209999,84.360001,85.510002,82.799774,637600
2016-06-02,85.489998,86.720001,85.489998,86.550003,83.806816,727100
2016-06-03,87.089996,87.129997,85.599998,86.059998,83.332344,677100
2016-06-06,86.449997,86.510002,85.480003,86.279999,83.545387,571500
2016-06-07,86.389999,86.389999,84.879997,84.910004,82.218803,705200
2016-06-08,85.239998,87.160004,85.000000,86.769997,84.019844,626000
2016-06-09,86.239998,86.849998,86.000000,86.080002,83.351715,473600
2016-06-10,85.720001,85.989998,84.690002,85.070000,82.373734,475900
2016-06-13,84.500000,85.239998,83.470001,83.589996,80.940628,599200
2016-06-14,83.550003,84.559998,83.150002,83.949997,81.289230,644600
2016-06-15,83.769997,83.940002,82.800003,83.000000,80.369339,497100
2016-06-16,82.580002,82.910004,81.699997,82.559998,79.943275,650700
2016-06-17,82.779999,83.050003,81.790001,82.690002,80.069160,490200
2016-06-20,83.699997,84.339996,82.660004,82.730003,80.107887,526200
2016-06-21,83.199997,85.639999,82.650002,85.199997,82.499596,1033800
2016-06-22,85.669998,86.830002,85.089996,86.040001,83.312988,984200
2016-06-23,87.330002,88.650002,87.250000,87.720001,84.939728,625400
2016-06-24,84.959999,87.669998,84.959999,86.449997,83.709984,1251500
2016-06-27,85.730003,85.940002,83.610001,84.150002,81.482887,966800
2016-06-28,84.900002,85.239998,83.379997,83.839996,81.182709,642100
2016-06-29,84.430000,85.059998,84.010002,84.949997,82.257523,623500
2016-06-30,85.000000,86.000000,83.000000,85.919998,83.196777,752100
2016-07-01,86.029999,86.209999,85.580002,85.849998,83.129013,462600
2016-07-05,85.779999,86.250000,83.639999,86.000000,83.274246,620300
2016-07-06,85.669998,86.989998,85.660004,86.360001,83.622833,410600
2016-07-07,86.540001,86.830002,85.650002,86.089996,83.361397,403000
2016-07-08,86.449997,87.750000,85.849998,86.260002,83.526009,449900
2016-07-11,86.260002,88.430000,86.080002,87.580002,84.804184,477600
2016-07-12,87.580002,87.809998,86.389999,86.779999,84.029518,297700
2016-07-13,86.889999,87.489998,86.449997,86.989998,84.232864,291200
2016-07-14,87.699997,88.889999,87.610001,88.160004,85.365791,333600
2016-07-15,88.570000,89.160004,87.680000,87.970001,85.181808,663500
2016-07-18,88.160004,88.930000,87.860001,88.629997,85.820900,944800
2016-07-19,88.199997,88.989998,87.419998,87.919998,85.133392,631500
2016-07-20,88.250000,89.699997,87.919998,89.129997,86.305054,325900
2016-07-21,89.180000,89.500000,88.620003,89.230003,86.401886,227000
2016-07-22,89.279999,91.559998,89.279999,91.070000,88.183563,646400
2016-07-25,91.000000,91.650002,89.940002,91.400002,88.503113,334000
2016-07-26,90.769997,91.059998,88.000000,88.129997,85.336739,847000
2016-07-27,88.760002,89.339996,86.580002,87.459999,84.687965,661100
2016-07-28,87.169998,89.779999,87.169998,88.910004,86.092026,412700
2016-07-29,88.629997,89.400002,87.279999,88.389999,85.588493,476900
2016-08-01,89.000000,90.849998,88.489998,90.690002,87.815620,862700
2016-08-02,90.139999,90.430000,87.889999,88.519997,85.714378,561100
2016-08-03,88.400002,88.400002,86.519997,87.730003,84.949417,1215000
2016-08-04,95.739998,98.849998,95.000000,96.989998,93.915924,3210300
2016-08-05,97.309998,98.160004,96.629997,96.690002,93.625458,720200
2016-08-08,96.940002,98.669998,96.519997,96.849998,93.780365,478200
2016-08-09,96.860001,99.150002,96.309998,98.379997,95.261864,607400
2016-08-10,98.629997,99.169998,96.970001,98.220001,95.106941,463000
2016-08-11,98.190002,99.500000,98.190002,99.080002,95.939682,453100
2016-08-12,99.029999,99.029999,97.900002,98.930000,96.085373,406000
2016-08-15,98.820000,99.680000,98.680000,98.980003,96.133942,343800
2016-08-16,98.500000,98.940002,98.070000,98.279999,95.454063,288200
2016-08-17,98.040001,98.650002,97.519997,98.449997,95.619171,327700
2016-08-18,98.199997,98.959999,97.760002,98.779999,95.939682,210400
2016-08-19,98.779999,98.779999,97.809998,98.320000,95.492920,258700
2016-08-22,98.470001,98.680000,97.809998,98.680000,95.842567,270800
2016-08-23,99.040001,99.650002,98.250000,99.040001,96.192223,339300
2016-08-24,99.339996,99.629997,98.519997,98.779999,95.939682,424500
2016-08-25,98.570000,98.930000,97.279999,98.910004,96.065956,206500
2016-08-26,99.000000,99.290001,97.430000,98.059998,95.240387,248400
2016-08-29,97.779999,99.629997,97.779999,99.559998,96.697250,361000
2016-08-30,99.610001,99.610001,98.570000,99.250000,96.396172,264500
2016-08-31,99.489998,99.660004,98.599998,99.459999,96.600143,321800
2016-09-01,99.790001,100.660004,98.669998,99.699997,96.833229,385000
2016-09-02,99.699997,101.540001,99.250000,101.529999,98.610619,389500
2016-09-06,101.459999,102.629997,100.430000,100.989998,98.086143,404400
2016-09-07,101.290001,101.750000,100.000000,101.050003,98.144424,293600
2016-09-08,101.019997,101.019997,97.989998,98.029999,95.211258,475000
2016-09-09,97.519997,97.930000,96.500000,96.709999,93.929214,637100
2016-09-12,96.720001,96.910004,95.120003,96.879997,94.094322,698600
2016-09-13,95.930000,98.080002,95.930000,97.459999,94.657646,563800
2016-09-14,97.699997,99.190002,97.290001,97.949997,95.133545,379900
2016-09-15,97.709999,98.959999,97.680000,98.510002,95.677460,306700
2016-09-16,98.760002,99.970001,98.349998,99.339996,96.483574,618500
2016-09-19,99.279999,99.839996,98.180000,99.089996,96.240768,294600
2016-09-20,99.620003,99.900002,98.169998,98.580002,95.745438,295400
2016-09-21,98.510002,99.680000,98.010002,99.269997,96.415604,242700
2016-09-22,99.430000,100.830002,99.360001,100.720001,97.823906,247800
2016-09-23,101.180000,102.510002,100.889999,102.139999,99.203072,438100
2016-09-26,101.879997,102.680000,101.599998,101.699997,98.775726,326000
2016-09-27,100.330002,100.690002,97.889999,98.239998,95.415215,1052900
2016-09-28,97.449997,98.089996,95.029999,96.190002,93.424164,1393900
2016-09-29,95.660004,96.269997,94.320000,94.370003,91.656494,659500
2016-09-30,94.940002,96.690002,94.449997,95.940002,93.181358,542900
2016-10-03,96.070000,96.959999,95.120003,95.180000,92.443207,429700
2016-10-04,95.610001,96.529999,94.440002,94.800003,92.074127,334600
2016-10-05,94.690002,94.870003,93.500000,93.809998,91.112595,364200
2016-10-06,93.379997,94.699997,92.500000,93.809998,91.112595,438700
2016-10-07,94.110001,94.970001,93.660004,94.750000,92.025574,535300
2016-10-10,94.830002,96.739998,94.790001,96.449997,93.676682,441200
2016-10-11,96.370003,96.370003,94.620003,94.779999,92.054703,307500
2016-10-12,94.779999,96.480003,94.320000,95.809998,93.055092,365400
2016-10-13,94.959999,95.510002,94.529999,95.059998,92.326653,186200
2016-10-14,95.510002,96.220001,94.879997,95.529999,92.783142,356300
2016-10-17,95.500000,96.360001,94.980003,95.410004,92.666603,230200
2016-10-18,96.269997,98.040001,95.730003,97.150002,94.356560,702000
2016-10-19,96.980003,98.559998,96.949997,97.449997,94.647934,297300
2016-10-20,96.769997,97.139999,94.330002,96.470001,93.696114,717200
2016-10-21,96.459999,99.010002,96.040001,98.500000,95.667747,391400
2016-10-24,96.699997,97.199997,95.930000,97.059998,94.269142,498400
2016-10-25,94.400002,94.860001,91.320000,91.940002,89.296379,1303500
2016-10-26,91.470001,93.080002,91.379997,91.570000,88.937004,498300
2016-10-27,92.290001,93.589996,91.019997,93.029999,90.355026,479600
2016-10-28,93.120003,94.559998,93.019997,94.220001,91.510811,277400
2016-10-31,94.540001,94.739998,93.400002,93.730003,91.034889,339800
2016-11-01,94.070000,95.370003,93.739998,93.940002,91.238861,305400
2016-11-02,94.169998,95.419998,93.430000,94.760002,92.035278,330600
2016-11-03,95.050003,96.489998,93.910004,94.050003,91.345695,397200
2016-11-04,94.029999,95.839996,93.940002,94.449997,91.734200,290300
2016-11-07,96.220001,97.620003,95.889999,96.970001,94.181732,687300
2016-11-08,96.940002,97.989998,94.910004,95.930000,93.171631,428800
2016-11-09,94.709999,98.430000,92.889999,98.260002,95.434639,1153300
2016-11-10,98.900002,100.400002,97.980003,98.720001,95.881416,482000
2016-11-11,98.660004,100.389999,98.050003,98.610001,95.774567,530400
2016-11-14,99.279999,101.010002,99.019997,100.790001,97.891891,535900
2016-11-15,100.379997,101.239998,99.690002,100.949997,98.047287,361600
2016-11-16,100.389999,100.910004,99.610001,100.199997,97.318855,428800
2016-11-17,100.690002,102.739998,100.690002,102.540001,99.591576,535400
2016-11-18,102.209999,102.559998,100.820000,101.669998,98.746590,721600
2016-11-21,101.680000,102.849998,100.959999,101.650002,98.727165,1390800
2016-11-22,98.410004,108.059998,97.519997,107.820000,104.719749,3350300
2016-11-23,109.400002,109.400002,106.589996,107.629997,104.535210,841300
2016-11-25,108.360001,108.750000,106.940002,107.650002,104.554642,291500
2016-11-28,107.010002,107.680000,104.510002,104.949997,101.932266,667100
2016-11-29,103.389999,105.970001,103.199997,104.949997,101.932266,642600
2016-11-30,104.989998,105.360001,103.519997,104.019997,101.029007,530400
2016-12-01,106.139999,106.790001,103.199997,105.500000,102.862007,838900
2016-12-02,105.489998,107.459999,105.370003,107.150002,104.470749,625200
2016-12-05,107.980003,108.550003,107.339996,108.239998,105.533485,661600
2016-12-06,108.199997,109.860001,107.010002,109.669998,106.927734,767500
2016-12-07,109.989998,112.410004,109.529999,111.930000,109.131226,659900
2016-12-08,111.760002,113.300003,111.070000,111.940002,109.140976,808000
2016-12-09,112.190002,112.980003,111.180000,112.519997,109.706474,495100
2016-12-12,112.610001,113.269997,111.150002,111.389999,108.604721,526700
2016-12-13,111.300003,111.900002,110.790001,111.339996,108.555962,550400
2016-12-14,111.339996,112.750000,110.040001,111.489998,108.702217,496100
2016-12-15,111.820000,112.550003,110.059998,111.559998,108.770470,372200
2016-12-16,111.949997,112.570000,110.769997,111.000000,108.224480,890800
2016-12-19,110.769997,111.820000,110.360001,110.639999,107.873482,387800
2016-12-20,111.099998,112.760002,110.650002,111.750000,108.955719,395600
2016-12-21,111.750000,112.290001,110.919998,111.339996,108.555962,237600
2016-12-22,111.239998,111.680000,110.500000,111.269997,108.487724,251000
2016-12-23,111.320000,112.120003,110.879997,111.419998,108.633972,304500
2016-12-27,111.309998,112.199997,111.269997,111.589996,108.799728,477600
2016-12-28,111.730003,112.150002,110.419998,111.970001,109.170227,476200
2016-12-29,112.120003,112.620003,111.050003,112.550003,109.735725,436900
2016-12-30,112.650002,112.650002,111.000000,111.639999,108.848480,578200
2017-01-03,111.980003,112.180000,107.099998,108.400002,105.689491,812600
2017-01-04,109.269997,110.500000,108.500000,108.980003,106.254990,774500
2017-01-05,108.639999,109.160004,105.760002,108.110001,105.406746,651800
2017-01-06,108.050003,108.349998,106.059998,106.279999,103.622513,711500
2017-01-09,106.019997,108.190002,105.839996,107.879997,105.182495,449800
2017-01-10,108.400002,110.750000,108.099998,109.989998,107.239723,449900
2017-01-11,109.650002,111.269997,108.629997,109.379997,106.644989,400700
2017-01-12,108.699997,110.000000,107.480003,108.989998,106.264732,348100
2017-01-13,109.470001,109.470001,107.180000,107.930000,105.231232,412800
2017-01-17,107.989998,109.169998,107.150002,107.570000,104.880249,221800
2017-01-18,108.089996,108.389999,107.199997,107.870003,105.172745,320300
2017-01-19,107.550003,108.070000,106.860001,107.320000,104.636490,312200
2017-01-20,106.959999,109.000000,106.769997,108.360001,105.650490,269200
2017-01-23,108.250000,109.110001,107.349998,108.190002,105.484734,210500
2017-01-24,108.589996,109.290001,107.620003,108.169998,105.465233,290300
2017-01-25,108.309998,109.449997,107.860001,108.029999,105.328743,243500
2017-01-26,107.750000,108.870003,107.250000,107.339996,104.655991,271300
2017-01-27,107.589996,107.790001,105.769997,107.139999,104.460999,593700
2017-01-30,106.930000,107.300003,105.870003,107.199997,104.519493,216000
2017-01-31,106.900002,108.230003,105.800003,107.919998,105.221489,330000
2017-02-01,108.250000,108.709999,106.410004,106.639999,103.973503,285800
2017-02-02,106.639999,107.949997,106.199997,107.010002,104.334251,354500
2017-02-03,107.269997,108.610001,106.650002,108.309998,105.601746,215500
2017-02-06,108.010002,108.589996,106.949997,107.050003,104.373238,416400
2017-02-07,107.360001,108.050003,106.650002,107.169998,104.490242,399300
2017-02-08,107.110001,108.500000,106.300003,108.150002,105.445732,230100
2017-02-09,108.389999,109.739998,107.919998,108.559998,105.845490,332100
2017-02-10,111.379997,112.470001,109.910004,111.919998,109.121483,736500
2017-02-13,112.529999,112.860001,109.660004,109.730003,106.986244,495500
2017-02-14,109.080002,109.879997,108.400002,109.379997,106.644989,410900
2017-02-15,109.040001,110.000000,108.000000,109.129997,106.401237,590700
2017-02-16,109.550003,109.550003,108.169998,109.300003,106.566978,501000
2017-02-17,109.510002,109.510002,106.400002,107.459999,104.772995,864300
2017-02-21,107.419998,107.940002,106.459999,107.370003,104.685242,636900
2017-02-22,106.449997,107.089996,102.370003,103.599998,101.009521,2021000
2017-02-23,93.269997,98.550003,93.040001,96.699997,94.282043,4962600
2017-02-24,95.029999,95.570000,93.940002,94.889999,92.517303,1661700
2017-02-27,94.730003,95.720001,94.489998,94.800003,92.429550,781300
2017-02-28,94.860001,95.260002,93.589996,93.709999,91.366806,896800
2017-03-01,94.500000,95.290001,93.430000,94.059998,91.708054,866600
2017-03-02,93.610001,95.970001,93.599998,95.599998,93.209549,1014000
2017-03-03,95.150002,96.839996,95.150002,95.519997,93.522858,1263500
2017-03-06,95.519997,96.650002,95.349998,96.110001,94.100525,859400
2017-03-07,96.029999,97.080002,95.550003,95.610001,93.610985,865600
2017-03-08,96.000000,96.440002,95.349998,95.980003,93.973251,714400
2017-03-09,95.680000,96.519997,95.500000,95.889999,93.885124,587500
2017-03-10,96.019997,97.440002,96.010002,97.160004,95.128578,885600
2017-03-13,97.330002,97.860001,96.970001,97.650002,95.608330,655800
2017-03-14,97.639999,98.370003,96.900002,97.540001,95.500626,750300
2017-03-15,97.690002,99.639999,97.150002,98.910004,96.841988,691700
2017-03-16,99.019997,101.360001,99.019997,99.889999,97.801498,990100
2017-03-17,99.800003,100.550003,99.510002,99.709999,97.625259,861400
2017-03-20,99.480003,99.930000,98.699997,99.540001,97.458809,544700
2017-03-21,99.989998,100.839996,98.830002,98.980003,96.910522,743000
2017-03-22,98.970001,99.489998,98.230003,99.080002,97.008430,864800
2017-03-23,98.989998,100.120003,98.650002,99.529999,97.449013,643900
2017-03-24,99.849998,100.400002,99.400002,100.180000,98.085434,443300
2017-03-27,99.370003,99.750000,98.300003,98.949997,96.881142,764000
2017-03-28,98.949997,100.400002,98.800003,100.160004,98.065865,406600
2017-03-29,99.849998,101.209999,99.849998,101.019997,98.907867,448000
2017-03-30,101.040001,101.820000,100.930000,101.800003,99.671555,255300
2017-03-31,101.580002,102.209999,101.510002,101.720001,99.593239,361300
2017-04-03,101.949997,102.489998,100.790001,101.889999,99.759682,407500
2017-04-04,101.599998,102.379997,101.400002,101.720001,99.593239,543100
2017-04-05,102.199997,103.139999,101.540001,101.680000,99.554077,553900
2017-04-06,101.930000,102.290001,101.169998,102.000000,99.867386,314800
2017-04-07,101.720001,102.320000,101.500000,102.150002,100.014244,319500
2017-04-10,100.849998,101.830002,100.160004,100.949997,98.839325,518900
2017-04-11,100.959999,102.279999,100.639999,102.279999,100.141518,466500
2017-04-12,102.129997,102.129997,99.830002,100.190002,98.095230,647800
2017-04-13,100.199997,102.010002,98.589996,98.839996,96.773445,545100
2017-04-17,99.250000,99.970001,97.720001,98.610001,96.548256,685100
2017-04-18,98.489998,98.669998,97.400002,98.010002,95.960808,397600
2017-04-19,98.160004,99.190002,98.089996,98.529999,96.469933,439500
2017-04-20,99.199997,100.849998,99.199997,100.639999,98.535812,532600
2017-04-21,100.790001,101.800003,100.029999,101.080002,98.966621,802000
2017-04-24,101.900002,102.220001,100.809998,101.580002,99.456161,577600
2017-04-25,102.169998,102.820000,101.440002,101.800003,99.671555,514500
2017-04-26,101.989998,102.669998,101.410004,101.540001,99.416992,630800
2017-04-27,101.690002,103.190002,101.500000,102.849998,100.699608,495000
2017-04-28,103.029999,103.089996,101.489998,101.970001,99.838013,400800
2017-05-01,102.169998,102.550003,101.430000,102.139999,100.004456,325900
2017-05-02,102.379997,103.669998,102.230003,103.589996,101.424133,333600
2017-05-03,103.410004,103.949997,102.769997,103.709999,101.541618,551500
2017-05-04,103.500000,104.800003,102.930000,104.750000,102.559875,443300
2017-05-05,104.900002,106.269997,104.419998,105.940002,103.724991,441200
2017-05-08,105.910004,106.000000,104.290001,104.449997,102.266144,262200
2017-05-09,103.849998,104.150002,102.050003,102.650002,100.503792,875900
2017-05-10,102.169998,104.209999,102.029999,103.370003,101.208740,725800
2017-05-11,102.849998,102.900002,101.550003,102.269997,100.131721,787200
2017-05-12,101.720001,102.000000,99.870003,100.300003,98.202927,1232600
2017-05-15,100.309998,100.480003,99.160004,99.559998,97.478386,1232000
2017-05-16,100.339996,101.989998,99.410004,101.889999,99.759682,2158700
2017-05-17,111.730003,113.000000,105.260002,107.669998,105.418823,5833700
2017-05-18,105.110001,107.489998,103.699997,104.019997,101.845139,2113800
2017-05-19,103.820000,104.779999,102.919998,104.080002,101.903893,1396100
2017-05-22,104.129997,105.470001,101.790001,102.550003,100.405884,908800
2017-05-23,102.900002,103.080002,100.599998,100.800003,98.692467,745900
2017-05-24,101.110001,105.769997,101.000000,104.769997,102.579460,1204400
2017-05-25,104.839996,105.199997,103.449997,104.129997,102.343575,618200
2017-05-26,103.779999,106.599998,103.779999,105.839996,104.024246,957500
2017-05-30,106.019997,106.760002,105.709999,105.760002,103.945625,511900
2017-05-31,106.199997,107.410004,105.809998,106.580002,104.751556,564500
2017-06-01,107.029999,107.360001,106.169998,106.860001,105.026749,522800
2017-06-02,108.510002,109.739998,106.300003,108.459999,106.599304,1218600
2017-06-05,108.410004,108.709999,106.629997,108.010002,106.157028,614700
2017-06-06,108.099998,110.209999,107.480003,109.449997,107.572311,697200
2017-06-07,109.330002,109.330002,107.949997,108.309998,106.451874,520300
2017-06-08,108.129997,108.300003,107.059998,107.910004,106.058739,409100
2017-06-09,107.610001,107.910004,106.750000,107.019997,105.183990,456300
2017-06-12,107.250000,107.720001,104.879997,105.660004,103.847328,697000
2017-06-13,105.230003,106.790001,104.559998,106.680000,104.849831,431100
2017-06-14,106.669998,107.629997,103.720001,106.779999,104.948120,507300
2017-06-15,106.180000,106.769997,104.300003,106.279999,104.456703,333900
2017-06-16,105.800003,106.730003,105.230003,106.349998,104.525490,837000
2017-06-19,105.680000,106.070000,104.510002,105.959999,104.142189,597400
2017-06-20,105.949997,105.949997,104.209999,105.300003,103.493515,383900
2017-06-21,105.370003,106.050003,105.010002,105.239998,103.434540,420600
2017-06-22,105.290001,105.610001,102.800003,102.870003,101.105209,774500
2017-06-23,102.660004,103.480003,100.059998,101.139999,99.404877,1028600
2017-06-26,101.239998,101.949997,100.550003,100.910004,99.178825,313700
2017-06-27,101.010002,101.430000,99.059998,99.169998,97.468674,388800
2017-06-28,99.489998,99.589996,98.269997,98.360001,96.672569,546900
2017-06-29,98.379997,98.809998,96.959999,97.660004,95.984589,479800
2017-06-30,97.959999,99.389999,97.360001,98.500000,96.810165,731500
2017-07-03,98.989998,99.389999,98.269997,98.410004,96.721718,302400
2017-07-05,98.290001,98.870003,96.610001,97.320000,95.650421,533100
2017-07-06,96.779999,97.320000,95.769997,96.970001,95.306427,350000
2017-07-07,97.169998,98.000000,96.949997,97.389999,95.719215,300500
2017-07-10,97.139999,97.400002,95.699997,96.279999,94.628258,334100
2017-07-11,96.419998,97.290001,96.059998,96.900002,95.237625,294800
2017-07-12,97.110001,97.620003,95.239998,95.330002,93.694557,576200
2017-07-13,95.550003,96.470001,94.339996,95.230003,93.596268,780900
2017-07-14,95.129997,95.769997,94.620003,94.639999,93.016396,413400
2017-07-17,95.169998,95.919998,94.500000,95.129997,93.497986,425300
2017-07-18,94.800003,95.169998,94.199997,94.320000,92.701881,631100
2017-07-19,94.010002,95.169998,93.599998,94.760002,93.134331,1041400
2017-07-20,95.059998,95.250000,94.400002,94.650002,93.026222,501300
2017-07-21,95.239998,95.239998,93.540001,94.620003,92.996742,631200
2017-07-24,94.750000,94.930000,93.739998,93.769997,92.161316,319400
2017-07-25,94.019997,94.980003,93.989998,94.930000,93.301414,421400
2017-07-26,94.949997,95.169998,93.970001,94.209999,92.593765,369300
2017-07-27,94.330002,95.459999,93.849998,95.389999,93.753525,376800
2017-07-28,94.720001,95.430000,91.680000,92.650002,91.060532,685100
2017-07-31,93.019997,93.089996,92.070000,92.760002,91.168648,445800
2017-08-01,93.379997,93.800003,92.209999,92.290001,90.706711,443100
2017-08-02,92.089996,92.620003,91.519997,92.040001,90.460991,478900
2017-08-03,91.790001,92.570000,91.139999,92.389999,90.804993,696200
2017-08-04,92.669998,93.339996,92.000000,93.190002,91.591270,735100
2017-08-07,93.190002,95.139999,93.080002,95.120003,93.488152,683400
2017-08-08,95.389999,95.459999,94.120003,94.839996,93.212952,909000
2017-08-09,94.849998,95.250000,93.959999,94.680000,93.055710,1574100
2017-08-10,95.949997,97.849998,94.680000,95.610001,93.969749,1822300
2017-08-11,95.120003,97.379997,94.269997,97.050003,95.385048,1041000
2017-08-14,97.150002,98.169998,96.050003,97.980003,96.299095,688100
2017-08-15,98.110001,98.110001,95.889999,96.970001,95.306427,760400
2017-08-16,97.349998,98.459999,97.000000,97.309998,95.640579,355400
2017-08-17,96.919998,97.620003,95.959999,95.970001,94.323578,470300
2017-08-18,95.209999,97.379997,94.620003,96.860001,95.596756,727600
2017-08-21,96.510002,97.150002,96.080002,96.370003,95.113144,478800
2017-08-22,96.400002,96.959999,96.059998,96.839996,95.577003,476700
2017-08-23,96.989998,97.220001,96.180000,96.989998,95.725052,904400
2017-08-24,97.169998,97.690002,96.000000,96.199997,94.945351,776200
2017-08-25,96.529999,97.589996,96.169998,96.970001,95.705322,309800
2017-08-28,96.029999,96.029999,93.209999,93.379997,92.162132,1006800
2017-08-29,92.690002,93.669998,92.480003,92.519997,91.313347,574200
2017-08-30,92.690002,94.110001,92.480003,93.750000,92.527313,579400
2017-08-31,93.809998,94.199997,93.290001,93.620003,92.399010,281800
2017-09-01,93.790001,95.000000,93.559998,94.830002,93.593224,337700
2017-09-05,94.660004,95.669998,93.510002,94.010002,92.783920,388300
2017-09-06,94.400002,94.570000,92.529999,92.809998,91.599564,836100
2017-09-07,92.769997,92.790001,90.889999,91.489998,90.296783,660800
2017-09-08,91.339996,92.730003,90.949997,92.239998,91.037003,917600
2017-09-11,92.480003,93.779999,92.360001,93.760002,92.537186,383000
2017-09-12,93.760002,96.739998,93.300003,96.699997,95.438835,603500
2017-09-13,96.360001,98.580002,96.220001,97.379997,96.109962,607000
2017-09-14,97.650002,97.650002,96.379997,96.620003,95.359879,345000
2017-09-15,96.150002,96.879997,95.570000,96.470001,95.211838,771700
2017-09-18,96.989998,98.070000,96.500000,97.180000,95.912575,301900
2017-09-19,96.989998,97.550003,95.889999,96.849998,95.586884,306900
2017-09-20,97.059998,97.610001,96.629997,97.169998,95.902710,362700
2017-09-21,97.489998,97.589996,96.230003,97.339996,96.070488,301300
2017-09-22,97.470001,98.290001,97.029999,97.309998,96.040886,455200
2017-09-25,97.160004,97.860001,96.680000,97.070000,95.804008,358200
2017-09-26,96.660004,98.230003,96.529999,97.930000,96.652794,393300
2017-09-27,98.230003,100.650002,97.849998,100.199997,98.893188,435300
2017-09-28,99.980003,101.320000,99.949997,101.040001,99.722229,494800
2017-09-29,101.029999,104.129997,100.550003,101.919998,100.590759,1006200
2017-10-02,102.410004,102.410004,99.970001,100.589996,99.278099,442600
2017-10-03,100.809998,101.269997,98.919998,99.339996,98.044403,492500
2017-10-04,101.650002,101.650002,99.070000,100.389999,99.080711,724300
2017-10-05,100.529999,101.610001,100.250000,101.000000,99.682762,327600
2017-10-06,101.160004,102.040001,100.610001,102.019997,100.689453,345800
2017-10-09,101.830002,102.250000,100.070000,100.430000,99.120186,366900
2017-10-10,101.059998,101.800003,100.070000,100.620003,99.307716,302000
2017-10-11,100.940002,101.330002,99.800003,100.220001,98.912926,299200
2017-10-12,100.209999,100.339996,97.900002,99.389999,98.093750,414600
2017-10-13,98.989998,99.820000,98.709999,99.760002,98.458931,288200
2017-10-16,100.330002,100.790001,97.769997,98.430000,97.146271,508000
2017-10-17,97.809998,100.959999,97.540001,100.110001,98.804367,549000
2017-10-18,99.889999,102.260002,99.379997,101.360001,100.038055,471400
2017-10-19,100.709999,102.010002,100.470001,101.930000,100.600624,299400
2017-10-20,102.660004,103.290001,102.230003,102.430000,101.094101,421100
2017-10-23,102.459999,102.980003,100.930000,101.550003,100.225586,339800
2017-10-24,101.940002,102.489998,100.769997,101.449997,100.126884,311500
2017-10-25,100.919998,102.010002,99.730003,101.830002,100.501930,240100
2017-10-26,102.250000,103.650002,101.860001,102.230003,100.896721,389900
2017-10-27,102.309998,104.269997,101.830002,104.029999,102.673241,463100
2017-10-30,103.660004,103.660004,101.160004,103.330002,101.982368,609100
2017-10-31,103.139999,103.959999,103.040001,103.510002,102.160019,508500
2017-11-01,103.330002,105.180000,101.470001,101.760002,100.432846,497500
2017-11-02,101.949997,102.669998,100.959999,101.209999,99.890007,466000
2017-11-03,102.489998,104.070000,101.820000,102.690002,101.350716,1081700
2017-11-06,102.709999,103.550003,102.150002,102.339996,101.005272,503700
2017-11-07,102.180000,103.610001,100.300003,101.190002,99.870277,399700
2017-11-08,100.510002,102.830002,100.510002,101.309998,99.988716,395900
2017-11-09,101.150002,101.820000,99.629997,100.239998,98.932671,434400
2017-11-10,100.000000,100.610001,99.220001,99.989998,98.685921,643800
2017-11-13,99.980003,100.570000,99.169998,99.699997,98.399712,668300
2017-11-14,99.849998,106.190002,99.849998,104.089996,102.732452,1551400
2017-11-15,103.089996,105.120003,102.129997,103.989998,102.633759,540400
2017-11-16,104.500000,105.470001,103.680000,104.440002,103.077888,370400
2017-11-17,104.300003,105.690002,104.300003,105.029999,103.660194,442300
2017-11-20,102.430000,103.739998,101.370003,102.980003,101.636940,925100
2017-11-21,103.010002,103.489998,101.849998,102.570000,101.232277,438800
2017-11-22,102.260002,105.459999,101.209999,101.330002,100.008461,1393000
2017-11-24,101.519997,101.790001,100.519997,100.900002,99.584061,211200
2017-11-27,101.199997,102.199997,100.580002,100.699997,99.386665,754300
2017-11-28,100.660004,103.150002,99.839996,102.440002,101.103973,850300
2017-11-29,103.169998,103.830002,101.910004,102.209999,100.876976,1481100
2017-11-30,99.879997,107.349998,96.529999,103.510002,102.160019,3607600
2017-12-01,102.610001,105.309998,101.739998,105.199997,104.230759,1247500
2017-12-04,106.000000,108.220001,105.900002,106.610001,105.627769,928200
2017-12-05,106.639999,108.550003,106.070000,106.160004,105.181915,1042200
2017-12-06,106.529999,107.400002,103.970001,104.290001,103.329147,515900
2017-12-07,104.000000,105.199997,102.589996,102.669998,101.724068,984400
2017-12-08,102.220001,104.839996,99.900002,104.570000,103.606567,1722200
2017-12-11,105.000000,106.000000,102.260002,103.029999,102.080757,760400
2017-12-12,104.699997,104.699997,100.889999,102.580002,101.634903,780000
2017-12-13,102.739998,103.989998,102.260002,102.489998,101.545731,525600
2017-12-14,103.110001,103.110001,98.510002,99.639999,98.721985,990600
2017-12-15,99.260002,100.620003,98.790001,99.209999,98.295952,1169400
2017-12-18,99.860001,100.949997,99.800003,100.339996,99.415535,545200
2017-12-19,103.000000,104.750000,101.639999,103.449997,102.496880,1438700
2017-12-20,101.699997,102.419998,99.900002,100.180000,99.257011,1093600
2017-12-21,99.779999,101.040001,99.779999,100.309998,99.385811,695700
2017-12-22,100.500000,100.800003,99.599998,99.849998,98.930054,360400
2017-12-26,99.580002,101.099998,99.580002,99.959999,99.039040,304400
2017-12-27,99.919998,100.349998,98.730003,99.050003,98.137428,397700
2017-12-28,99.129997,100.089996,98.730003,99.709999,98.791344,362400
2017-12-29,99.589996,99.589996,98.010002,98.110001,97.206085,466600
2018-01-02,96.690002,97.680000,96.080002,96.370003,95.482117,1168700
2018-01-03,96.750000,98.620003,96.019997,98.220001,97.315071,850500
2018-01-04,98.720001,99.739998,97.360001,98.809998,97.899635,701000
2018-01-05,100.500000,102.449997,96.779999,98.400002,97.493416,823100
2018-01-08,97.930000,97.930000,95.360001,96.589996,95.700089,794800
2018-01-09,95.620003,99.150002,91.349998,98.269997,97.364609,2046200
2018-01-10,97.040001,97.930000,95.400002,96.169998,95.283958,1398600
2018-01-11,96.050003,97.150002,94.570000,94.639999,93.768059,982600
2018-01-12,94.430000,94.540001,92.339996,92.860001,92.004456,1208700
2018-01-16,93.410004,93.410004,90.589996,91.260002,90.419197,930400
2018-01-17,91.349998,92.949997,91.349998,92.870003,92.014366,683600
2018-01-18,92.589996,93.500000,92.360001,93.209999,92.351227,580900
2018-01-19,94.230003,96.190002,93.940002,94.989998,94.114830,827300
2018-01-22,95.309998,95.309998,92.779999,93.989998,93.124039,824700
2018-01-23,93.800003,95.540001,93.160004,95.129997,94.253540,932900
2018-01-24,95.599998,95.930000,94.300003,95.000000,94.124733,646500
2018-01-25,94.959999,95.000000,93.779999,94.540001,93.668976,454900
2018-01-26,95.989998,95.989998,94.070000,94.910004,94.035568,727700
2018-01-29,94.879997,94.879997,93.809998,93.989998,93.124039,498000
2018-01-30,92.800003,93.459999,91.360001,91.949997,91.102837,707100
2018-01-31,92.279999,92.370003,90.870003,90.989998,90.151688,472000
2018-02-01,90.989998,92.089996,90.260002,91.370003,90.528183,570700
2018-02-02,91.019997,91.169998,87.209999,87.279999,86.475861,1088300
2018-02-05,86.379997,87.809998,84.139999,84.750000,83.969170,1778200
2018-02-06,83.760002,86.330002,83.220001,84.519997,83.741295,995300
2018-02-07,83.930000,84.910004,83.089996,83.360001,82.591980,521900
2018-02-08,83.489998,83.489998,80.629997,80.690002,79.946579,849100
2018-02-09,81.320000,82.269997,79.300003,81.900002,81.145439,1330100
2018-02-12,82.510002,85.230003,82.029999,83.070000,82.304657,838200
2018-02-13,82.599998,82.730003,81.459999,81.949997,81.194969,449600
2018-02-14,81.830002,84.610001,81.830002,83.580002,82.809952,577900
2018-02-15,83.980003,86.029999,83.070000,85.610001,84.821251,694900
2018-02-16,87.529999,91.750000,86.400002,91.599998,90.756058,1629400
2018-02-20,90.480003,90.570000,87.769997,88.180000,87.367577,1215000
2018-02-21,88.260002,89.290001,86.940002,87.080002,86.277710,979500
2018-02-22,90.500000,92.339996,88.760002,89.650002,88.824028,1573200
2018-02-23,89.370003,90.129997,87.820000,89.239998,88.417809,707100
2018-02-26,89.610001,90.459999,88.540001,90.059998,89.230247,703200
2018-02-27,89.669998,90.940002,89.669998,90.250000,89.418503,881900
2018-02-28,90.500000,91.680000,89.500000,90.080002,89.250069,926500
2018-03-01,90.139999,91.769997,90.129997,91.040001,90.201225,734900
2018-03-02,90.209999,92.089996,89.589996,91.860001,91.415321,859800
2018-03-05,91.139999,92.570000,90.699997,90.739998,90.300735,709900
2018-03-06,90.550003,91.000000,88.199997,89.500000,89.066742,1700500
2018-03-07,88.760002,89.790001,88.599998,89.250000,88.817955,834000
2018-03-08,89.330002,90.150002,88.489998,88.650002,88.220863,1199400
2018-03-09,89.330002,89.809998,88.599998,89.430000,88.997086,986000
2018-03-12,89.440002,90.120003,88.849998,89.300003,88.867714,667700
2018-03-13,89.540001,90.290001,88.000000,88.620003,88.191010,852500
2018-03-14,88.489998,88.940002,85.400002,85.739998,85.324944,877400
2018-03-15,85.730003,86.419998,83.830002,84.010002,83.603325,640800
2018-03-16,84.440002,85.529999,84.080002,84.849998,84.439255,934600
2018-03-19,84.489998,85.389999,83.190002,84.110001,83.702835,627600
2018-03-20,84.309998,86.330002,83.610001,84.209999,83.802353,480700
2018-03-21,84.089996,86.040001,83.739998,84.870003,84.459160,748100
2018-03-22,84.150002,85.730003,84.019997,84.160004,83.752594,789300
2018-03-23,84.680000,84.980003,83.730003,83.830002,83.424194,817200
2018-03-26,83.870003,85.000000,82.879997,84.919998,84.508911,741800
2018-03-27,85.250000,85.610001,83.639999,84.050003,83.643127,518800
2018-03-28,83.300003,85.620003,82.650002,85.120003,84.707947,388900
2018-03-29,85.269997,85.879997,84.629997,85.330002,84.916931,379400
2018-04-02,85.269997,86.180000,83.540001,84.139999,83.732689,811500
2018-04-03,84.769997,85.470001,84.309998,85.230003,84.817421,598600
2018-04-04,85.000000,86.449997,84.820000,86.059998,85.643394,724900
2018-04-05,86.019997,87.629997,85.349998,87.129997,86.708214,444100
2018-04-06,86.760002,87.459999,85.820000,86.540001,86.121071,464100
2018-04-09,86.900002,87.800003,86.650002,86.860001,86.439522,362900
2018-04-10,87.410004,88.120003,86.129997,86.239998,85.822525,369400
2018-04-11,86.160004,87.750000,86.160004,86.900002,86.479332,299800
2018-04-12,87.190002,88.040001,86.910004,87.690002,87.265511,351700
2018-04-13,88.169998,88.639999,87.169998,87.610001,87.185890,575800
2018-04-16,87.660004,89.379997,87.510002,88.989998,88.559212,636100
2018-04-17,89.699997,90.449997,88.959999,89.510002,89.076698,413800
2018-04-18,89.300003,90.150002,88.970001,89.019997,88.589066,394100
2018-04-19,88.750000,89.849998,87.750000,88.370003,87.942215,387700
2018-04-20,88.099998,88.910004,86.879997,88.870003,88.439796,285700
2018-04-23,89.160004,89.699997,88.769997,88.959999,88.529358,302400
2018-04-24,89.099998,89.599998,88.129997,88.800003,88.370132,336100
2018-04-25,88.959999,89.660004,88.550003,89.349998,88.917465,308300
2018-04-26,89.830002,90.879997,89.279999,90.480003,90.042000,233700
2018-04-27,90.519997,92.129997,90.470001,91.699997,91.256088,466900
2018-04-30,92.139999,92.389999,89.660004,89.699997,89.265770,541400
2018-05-01,89.610001,90.029999,89.150002,89.410004,88.977180,376000
2018-05-02,89.050003,89.699997,87.730003,88.809998,88.380081,372600
2018-05-03,88.570000,89.620003,87.669998,88.709999,88.280571,253400
2018-05-04,88.639999,89.650002,88.029999,88.309998,87.882500,663600
2018-05-07,87.879997,88.120003,86.540001,87.680000,87.255554,629400
2018-05-08,87.820000,92.459999,87.180000,90.779999,90.340546,692000
2018-05-09,90.629997,90.629997,88.519997,88.900002,88.469650,406100
2018-05-10,89.570000,91.940002,89.529999,91.510002,91.067017,438800
2018-05-11,91.500000,92.000000,89.730003,90.519997,90.081802,573200
2018-05-14,90.849998,91.169998,89.089996,89.330002,88.897568,447300
2018-05-15,89.610001,90.470001,89.139999,90.379997,89.942482,575900
2018-05-16,90.169998,91.849998,90.169998,91.370003,90.927696,710500
2018-05-17,87.000000,87.720001,83.570000,83.790001,83.384384,2627200
2018-05-18,83.750000,83.800003,79.230003,80.720001,80.329247,2496200
2018-05-21,81.209999,83.120003,80.750000,82.650002,82.249908,1089300
2018-05-22,82.190002,83.360001,81.959999,82.220001,81.821983,743100
2018-05-23,81.709999,83.160004,81.709999,82.339996,81.941399,863400
2018-05-24,82.190002,83.370003,82.190002,82.629997,82.229996,575200
2018-05-25,82.290001,83.180000,81.949997,81.980003,81.980003,458700
2018-05-29,81.580002,81.769997,80.480003,80.720001,80.720001,496000
2018-05-30,80.809998,82.830002,80.800003,81.860001,81.860001,827800
2018-05-31,81.980003,82.400002,80.000000,80.669998,80.669998,575700
2018-06-01,81.040001,81.629997,80.169998,80.419998,80.419998,526000
2018-06-04,80.809998,81.970001,80.110001,80.720001,80.720001,713000
2018-06-05,80.989998,82.820000,80.459999,82.779999,82.779999,492900
2018-06-06,82.599998,83.209999,81.760002,81.940002,81.940002,390300
2018-06-07,82.160004,82.800003,81.330002,82.279999,82.279999,488100
2018-06-08,82.449997,85.110001,82.410004,84.779999,84.779999,594100
2018-06-11,84.629997,85.190002,84.040001,84.750000,84.750000,587100
2018-06-12,85.139999,85.739998,84.709999,84.940002,84.940002,455300
2018-06-13,85.250000,85.800003,84.650002,85.000000,85.000000,384600
2018-06-14,85.309998,85.989998,84.860001,84.970001,84.970001,450200
2018-06-15,84.669998,86.989998,84.669998,86.260002,86.260002,877200
2018-06-18,86.040001,87.690002,85.199997,87.320000,87.320000,503500
2018-06-19,86.830002,87.830002,85.860001,86.290001,86.290001,430500
2018-06-20,86.379997,86.889999,84.620003,86.220001,86.220001,640700
2018-06-21,86.699997,87.500000,85.389999,85.550003,85.550003,629700
2018-06-22,86.099998,86.160004,84.750000,85.040001,85.040001,1211100
2018-06-25,84.970001,86.790001,84.709999,86.709999,86.709999,917000
2018-06-26,86.709999,88.220001,86.019997,87.349998,87.349998,641200
2018-06-27,87.260002,87.830002,86.400002,86.660004,86.660004,510700
2018-06-28,86.550003,86.650002,85.150002,86.550003,86.550003,399100
2018-06-29,86.839996,86.849998,85.029999,85.120003,85.120003,378800
