Date,Open,High,Low,Close,Adj Close,Volume
2015-04-08,11.060000,11.630000,9.640000,10.285000,10.285000,712100
2015-04-09,10.370000,10.600000,10.150000,10.500000,10.500000,252000
2015-04-10,10.500000,10.600000,10.030000,10.600000,10.600000,77600
2015-04-13,10.850000,10.850000,10.220000,10.560000,10.560000,65900
2015-04-14,10.260000,10.260000,10.100000,10.190000,10.190000,43900
2015-04-15,10.200000,10.400000,10.020000,10.150000,10.150000,51500
2015-04-16,10.150000,10.150000,10.000000,10.130000,10.130000,12700
2015-04-17,10.000000,10.000000,9.150000,9.160000,9.160000,61100
2015-04-20,9.250000,9.590000,9.180000,9.200000,9.200000,24300
2015-04-21,9.440000,9.800000,9.080000,9.290000,9.290000,26800
2015-04-22,9.330000,9.340000,8.090000,8.410000,8.410000,73600
2015-04-23,9.230000,9.230000,8.000000,8.840000,8.840000,51400
2015-04-24,8.700000,9.350000,8.700000,9.350000,9.350000,71000
2015-04-27,9.360000,9.400000,9.060000,9.400000,9.400000,18400
2015-04-28,9.400000,9.400000,8.840000,9.370000,9.370000,7300
2015-04-29,8.920000,9.400000,8.680000,8.980000,8.980000,6800
2015-04-30,8.790000,8.990000,8.290000,8.950000,8.950000,62500
2015-05-01,9.040000,9.240000,8.120000,8.900000,8.900000,144700
2015-05-04,8.500000,8.933000,8.200000,8.300000,8.300000,22700
2015-05-05,8.220000,8.750000,8.140000,8.480000,8.480000,6000
2015-05-06,8.500000,8.500000,8.200000,8.230000,8.230000,8200
2015-05-07,8.500000,8.500000,8.210000,8.500000,8.500000,11400
2015-05-08,8.500000,8.880000,8.200000,8.880000,8.880000,18400
2015-05-11,8.880000,8.880000,8.399000,8.860000,8.860000,4400
2015-05-12,8.800000,8.800000,8.300000,8.490000,8.490000,9600
2015-05-13,8.500000,8.680000,8.300000,8.392000,8.392000,15200
2015-05-14,9.380000,10.000000,8.700000,8.740000,8.740000,181600
2015-05-15,8.740000,8.960000,8.310000,8.450000,8.450000,46300
2015-05-18,8.360000,8.780000,8.050000,8.250000,8.250000,55600
2015-05-19,8.300000,8.450000,8.130000,8.280000,8.280000,22500
2015-05-20,8.240000,8.400000,8.040000,8.100000,8.100000,31200
2015-05-21,8.080000,8.350000,8.000000,8.190000,8.190000,31000
2015-05-22,8.090000,8.300000,8.070000,8.280000,8.280000,20300
2015-05-26,8.120000,8.290000,8.100000,8.130000,8.130000,34900
2015-05-27,8.260000,8.260000,8.000000,8.070000,8.070000,22100
2015-05-28,8.110000,8.268000,8.010000,8.220000,8.220000,23500
2015-05-29,8.210000,8.280000,8.110000,8.200000,8.200000,9200
2015-06-01,8.300000,8.580000,8.290000,8.580000,8.580000,73700
2015-06-02,10.250000,10.440000,9.000000,9.740000,9.740000,153300
2015-06-03,10.000000,10.400000,9.910000,10.400000,10.400000,155500
2015-06-04,10.400000,13.000000,10.360000,11.990000,11.990000,699900
2015-06-05,12.900000,12.900000,10.456000,10.990000,10.990000,258600
2015-06-08,10.740000,11.470000,9.800000,10.390000,10.390000,123800
2015-06-09,10.230000,10.230000,9.310000,9.460000,9.460000,93400
2015-06-10,9.610000,9.913000,9.359000,9.880000,9.880000,33300
2015-06-11,9.800000,9.990000,9.600000,9.820000,9.820000,48200
2015-06-12,9.630000,10.730000,9.600000,10.300000,10.300000,92300
2015-06-15,10.050000,10.160000,9.700000,9.700000,9.700000,50000
2015-06-16,9.750000,10.046000,9.310000,9.390000,9.390000,44200
2015-06-17,9.580000,9.650000,9.330000,9.480000,9.480000,14500
2015-06-18,9.400000,9.680000,9.330000,9.450000,9.450000,13300
2015-06-19,9.300000,9.470000,9.080000,9.340000,9.340000,12800
2015-06-22,9.340000,9.340000,8.500000,8.850000,8.850000,65700
2015-06-23,8.790000,9.240000,8.700000,9.190000,9.190000,39200
2015-06-24,9.200000,9.817000,9.070000,9.240000,9.240000,55400
2015-06-25,9.100000,9.440000,9.070000,9.160000,9.160000,14800
2015-06-26,9.070000,9.180000,8.560000,8.840000,8.840000,28100
2015-06-29,8.600000,8.780000,8.240000,8.370000,8.370000,9300
2015-06-30,8.390000,8.500000,8.010000,8.010000,8.010000,18000
2015-07-01,8.040000,9.170000,8.040000,8.310000,8.310000,13400
2015-07-02,8.350000,9.020000,8.270000,8.270000,8.270000,32000
2015-07-06,8.140000,8.290000,8.070000,8.130000,8.130000,16100
2015-07-07,8.130000,8.381000,5.600000,6.170000,6.170000,228700
2015-07-08,5.890000,5.989000,5.250000,5.360000,5.360000,161600
2015-07-09,6.190000,6.399000,5.600000,5.780000,5.780000,175700
2015-07-10,6.000000,6.290000,5.780000,5.960000,5.960000,83100
2015-07-13,6.000000,6.150000,5.840000,6.150000,6.150000,29800
2015-07-14,5.900000,6.430000,5.850000,6.340000,6.340000,27700
2015-07-15,6.240000,6.240000,5.760000,5.920000,5.920000,27500
2015-07-16,6.000000,6.280000,5.870000,6.190000,6.190000,50600
2015-07-17,6.300000,6.300000,6.050000,6.100000,6.100000,41700
2015-07-20,6.201000,6.201000,5.860000,6.000000,6.000000,8500
2015-07-21,6.050000,6.050000,5.800000,5.970000,5.970000,32100
2015-07-22,5.900000,5.990000,5.530000,5.760000,5.760000,21600
2015-07-23,5.560000,5.939000,5.550000,5.630000,5.630000,25600
2015-07-24,5.600000,5.900000,5.021000,5.400000,5.400000,68200
2015-07-27,5.100000,5.151000,4.750000,4.770000,4.770000,59400
2015-07-28,4.850000,4.850000,4.530000,4.590000,4.590000,49000
2015-07-29,4.520000,5.224000,4.111000,4.510000,4.510000,255000
2015-07-30,4.400000,4.645000,4.250000,4.370000,4.370000,92800
2015-07-31,4.500000,4.500000,4.130000,4.220000,4.220000,102800
2015-08-03,4.140000,4.340000,4.110000,4.200000,4.200000,42600
2015-08-04,4.250000,4.500000,4.250000,4.250000,4.250000,19100
2015-08-05,4.310000,4.900000,4.300000,4.570000,4.570000,40200
2015-08-06,4.610000,5.000000,4.570000,4.850000,4.850000,34800
2015-08-07,4.870000,5.600000,4.870000,5.310000,5.310000,44800
2015-08-10,5.440000,6.430000,5.440000,6.260000,6.260000,109500
2015-08-11,6.200000,6.520000,6.050000,6.120000,6.120000,79600
2015-08-12,6.100000,6.120000,5.450000,6.000000,6.000000,33900
2015-08-13,5.980000,5.980000,5.660000,5.760000,5.760000,22000
2015-08-14,5.600000,5.960000,5.600000,5.700000,5.700000,7400
2015-08-17,5.960000,6.480000,5.900000,5.920000,5.920000,37400
2015-08-18,6.370000,7.490000,5.907000,7.400000,7.400000,146200
2015-08-19,7.400000,8.200000,7.100000,7.920000,7.920000,62900
2015-08-20,7.480000,8.080000,7.111000,8.080000,8.080000,47100
2015-08-21,7.790000,8.150000,7.010000,7.030000,7.030000,89000
2015-08-24,6.900000,6.900000,5.500000,5.900000,5.900000,58100
2015-08-25,6.010000,6.350000,5.635000,5.820000,5.820000,28800
2015-08-26,6.160000,6.700000,5.800000,6.570000,6.570000,56300
2015-08-27,6.500000,7.650000,6.500000,7.390000,7.390000,42500
2015-08-28,7.740000,7.900000,7.510000,7.810000,7.810000,26900
2015-08-31,7.880000,7.880000,7.300000,7.800000,7.800000,13500
2015-09-01,7.607000,7.607000,6.800000,6.800000,6.800000,19400
2015-09-02,7.200000,7.300000,6.850000,6.850000,6.850000,9600
2015-09-03,7.250000,7.490000,6.970000,7.440000,7.440000,12800
2015-09-04,6.990000,7.426000,6.790000,7.420000,7.420000,15300
2015-09-08,7.182000,8.580000,7.182000,8.030000,8.030000,68000
2015-09-09,8.240000,8.450000,8.120000,8.240000,8.240000,8500
2015-09-10,7.990000,8.490000,7.830000,8.480000,8.480000,22400
2015-09-11,8.110000,8.410000,7.780000,8.020000,8.020000,20000
2015-09-14,8.250000,8.250000,7.650000,8.100000,8.100000,8000
2015-09-15,8.340000,8.340000,7.500000,7.730000,7.730000,5900
2015-09-16,7.700000,7.980000,7.700000,7.950000,7.950000,2800
2015-09-17,7.830000,7.870000,7.660000,7.780000,7.780000,15800
2015-09-18,7.649000,8.100000,7.510000,7.800000,7.800000,31500
2015-09-21,7.700000,7.700000,7.200000,7.250000,7.250000,42000
2015-09-22,7.085000,7.790000,6.910000,7.030000,7.030000,25500
2015-09-23,7.010000,7.440000,7.010000,7.260000,7.260000,24500
2015-09-24,6.955000,7.210000,6.900000,7.030000,7.030000,11300
2015-09-25,7.030000,7.200000,6.910000,6.910000,6.910000,19300
2015-09-28,6.910000,7.200000,6.310000,6.310000,6.310000,20300
2015-09-29,5.505000,6.400000,5.505000,6.040000,6.040000,29900
2015-09-30,6.030000,6.570000,6.030000,6.400000,6.400000,7000
2015-10-01,6.080000,7.900000,6.080000,7.510000,7.510000,24800
2015-10-02,7.450000,7.800000,7.160000,7.800000,7.800000,11800
2015-10-05,7.890000,7.890000,7.400000,7.490000,7.490000,3600
2015-10-06,7.150000,7.320000,7.150000,7.320000,7.320000,2300
2015-10-07,7.450000,7.460000,7.030000,7.040000,7.040000,9100
2015-10-08,7.090000,7.150000,7.060000,7.100000,7.100000,2700
2015-10-09,7.200000,7.400000,6.950000,7.380000,7.380000,13300
2015-10-12,7.380000,7.380000,7.380000,7.380000,7.380000,0
2015-10-13,7.060000,7.890000,7.000000,7.880000,7.880000,16300
2015-10-14,7.700000,7.700000,7.480000,7.500000,7.500000,4500
2015-10-15,7.210000,7.250000,7.210000,7.250000,7.250000,400
2015-10-16,7.090000,7.530000,7.090000,7.360000,7.360000,7400
2015-10-19,7.360000,7.360000,7.360000,7.360000,7.360000,0
2015-10-20,7.360000,7.610000,7.300000,7.300000,7.300000,7700
2015-10-21,7.270000,7.450000,7.000000,7.280000,7.280000,10700
2015-10-22,7.000000,7.000000,6.560000,6.760000,6.760000,4600
2015-10-23,7.000000,7.150000,6.700000,6.895000,6.895000,2100
2015-10-26,6.714000,6.770000,6.700000,6.700000,6.700000,2300
2015-10-27,7.000000,7.100000,6.900000,6.990000,6.990000,12600
2015-10-28,6.910000,6.910000,6.612000,6.660000,6.660000,2500
2015-10-29,6.800000,7.000000,6.790000,6.990000,6.990000,5700
2015-10-30,6.990000,6.990000,6.990000,6.990000,6.990000,0
2015-11-02,6.780000,6.970000,6.730000,6.960000,6.960000,800
2015-11-03,6.710000,6.960000,6.710000,6.820000,6.820000,1800
2015-11-04,7.000000,7.020000,6.780000,6.940000,6.940000,1800
2015-11-05,6.997000,7.020000,6.850000,7.020000,7.020000,4800
2015-11-06,6.900000,6.900000,6.900000,6.900000,6.900000,800
2015-11-09,6.850000,6.980000,6.760000,6.950000,6.950000,8100
2015-11-10,6.950000,6.950000,6.950000,6.950000,6.950000,0
2015-11-11,6.780000,6.892000,6.760000,6.820000,6.820000,900
2015-11-12,6.820000,6.850000,6.820000,6.850000,6.850000,1300
2015-11-13,6.800000,7.100000,6.800000,7.090000,7.090000,4900
2015-11-16,6.863000,7.280000,6.863000,7.000000,7.000000,7900
2015-11-17,6.930000,7.180000,6.920000,7.180000,7.180000,2200
2015-11-18,7.010000,7.280000,6.990000,7.150000,7.150000,10000
2015-11-19,6.784000,7.690000,6.784000,7.440000,7.440000,18000
2015-11-20,7.500000,7.500000,7.150000,7.270000,7.270000,8100
2015-11-23,7.160000,7.200000,6.800000,6.870000,6.870000,29500
2015-11-24,6.750000,6.990000,6.750000,6.980000,6.980000,3700
2015-11-25,6.970000,7.490000,6.860000,7.000000,7.000000,12500
2015-11-27,6.830000,7.100000,6.830000,7.050000,7.050000,5000
2015-11-30,6.950000,7.480000,6.890000,7.230000,7.230000,98800
2015-12-01,7.010000,7.190000,6.950000,7.030000,7.030000,10700
2015-12-02,7.160000,7.160000,6.880000,7.020000,7.020000,13100
2015-12-03,6.970000,6.990000,6.890000,6.950000,6.950000,2100
2015-12-04,6.949000,6.950000,6.750000,6.850000,6.850000,8900
2015-12-07,6.850000,6.940000,6.730000,6.850000,6.850000,11400
2015-12-08,6.730000,6.950000,6.300000,6.950000,6.950000,41400
2015-12-09,6.900000,6.900000,6.200000,6.580000,6.580000,43500
2015-12-10,6.600000,6.600000,6.250000,6.300000,6.300000,1000
2015-12-11,6.160000,6.170000,6.010000,6.010000,6.010000,5500
2015-12-14,5.880000,5.880000,5.850000,5.850000,5.850000,300
2015-12-15,5.840000,6.530000,5.840000,6.020000,6.020000,14800
2015-12-16,5.730000,5.740000,5.700000,5.710000,5.710000,3600
2015-12-17,5.510000,5.510000,5.400000,5.400000,5.400000,1100
2015-12-18,5.450000,5.550000,5.450000,5.550000,5.550000,500
2015-12-21,5.600000,5.980000,5.560000,5.630000,5.630000,8000
2015-12-22,5.580000,5.860000,5.460000,5.530000,5.530000,4500
2015-12-23,5.300000,5.940000,5.300000,5.520000,5.520000,7000
2015-12-24,5.450000,5.770000,5.220000,5.487000,5.487000,20200
2015-12-28,5.330000,5.450000,5.210000,5.255000,5.255000,5100
2015-12-29,5.900000,5.900000,5.160000,5.240000,5.240000,7700
2015-12-30,5.210000,5.279000,5.210000,5.220000,5.220000,2200
2015-12-31,5.200000,5.200000,4.760000,5.005000,5.005000,10000
2016-01-04,4.700000,4.970000,4.700000,4.970000,4.970000,6600
2016-01-05,4.960000,4.960000,4.948000,4.960000,4.960000,3000
2016-01-06,5.300000,5.330000,4.900000,5.170000,5.170000,13900
2016-01-07,5.002000,5.320000,5.001000,5.150000,5.150000,5300
2016-01-08,5.190000,5.299000,5.000000,5.010000,5.010000,2800
2016-01-11,5.220000,5.220000,5.000000,5.176000,5.176000,600
2016-01-12,5.100000,5.160000,5.050000,5.160000,5.160000,2500
2016-01-13,5.080000,5.080000,4.800000,4.850000,4.850000,3400
2016-01-14,5.000000,5.000000,4.380000,4.410000,4.410000,10800
2016-01-15,4.900000,4.900000,4.170000,4.250000,4.250000,3000
2016-01-19,4.390000,4.910000,4.250000,4.816000,4.816000,17000
2016-01-20,4.200000,5.090000,4.200000,4.680000,4.680000,11700
2016-01-21,4.920000,5.300000,4.920000,5.050000,5.050000,7900
2016-01-22,5.060000,5.460000,5.040000,5.440000,5.440000,4900
2016-01-25,5.460000,5.810000,5.460000,5.600000,5.600000,7100
2016-01-26,5.390000,5.500000,5.010000,5.260000,5.260000,1200
2016-01-27,5.400000,5.820000,5.310000,5.590000,5.590000,9800
2016-01-28,5.860000,6.000000,5.680000,5.900000,5.900000,14700
2016-01-29,6.000000,6.200000,5.890000,5.960000,5.960000,16600
2016-02-01,6.070000,6.070000,5.890000,6.070000,6.070000,5600
2016-02-02,5.929000,6.200000,5.500000,6.010000,6.010000,29800
2016-02-03,6.000000,6.000000,6.000000,6.000000,6.000000,100
2016-02-04,5.440000,6.000000,5.280000,5.940000,5.940000,25800
2016-02-05,5.940000,5.940000,5.940000,5.940000,5.940000,0
2016-02-08,5.402000,5.900000,5.400000,5.850000,5.850000,4700
2016-02-09,5.470000,5.470000,5.010000,5.010000,5.010000,4300
2016-02-10,5.590000,5.950000,5.590000,5.630000,5.630000,1800
2016-02-11,5.220000,5.510000,4.800000,4.960000,4.960000,20300
2016-02-12,4.901000,6.000000,4.900000,5.752000,5.752000,22000
2016-02-16,5.150000,5.200000,4.890000,4.900000,4.900000,18600
2016-02-17,4.830000,5.130000,4.810000,4.982000,4.982000,4900
2016-02-18,4.850000,4.990000,4.790000,4.790000,4.790000,3700
2016-02-19,4.790000,4.790000,4.790000,4.790000,4.790000,0
2016-02-22,4.950000,5.050000,4.910000,5.000000,5.000000,2500
2016-02-23,4.890000,4.980000,4.780000,4.780000,4.780000,600
2016-02-24,4.870000,4.870000,4.700000,4.730000,4.730000,1600
2016-02-25,4.800000,4.840000,4.680000,4.700000,4.700000,4000
2016-02-26,4.780000,4.940000,4.600000,4.620000,4.620000,2200
2016-02-29,4.480000,4.520000,4.200000,4.520000,4.520000,20200
2016-03-01,4.500000,4.760000,4.500000,4.570000,4.570000,6200
2016-03-02,4.570000,4.570000,4.570000,4.570000,4.570000,0
2016-03-03,4.760000,4.760000,4.430000,4.650000,4.650000,1500
2016-03-04,4.340000,4.610000,4.340000,4.580000,4.580000,2800
2016-03-07,4.620000,4.750000,4.620000,4.640000,4.640000,900
2016-03-08,4.630000,4.670000,4.360000,4.500000,4.500000,4500
2016-03-09,4.500000,4.500000,4.500000,4.500000,4.500000,0
2016-03-10,4.750000,4.750000,4.710000,4.710000,4.710000,300
2016-03-11,4.850000,4.940000,4.500000,4.860000,4.860000,2300
2016-03-14,4.790000,4.790000,4.790000,4.790000,4.790000,300
2016-03-15,4.790000,4.790000,4.736000,4.736000,4.736000,1000
2016-03-16,4.800000,4.800000,4.700000,4.700000,4.700000,600
2016-03-17,4.700000,4.700000,4.570000,4.570000,4.570000,2600
2016-03-18,4.660000,4.700000,4.270000,4.540000,4.540000,24000
2016-03-21,4.620000,4.690000,4.350000,4.640000,4.640000,5900
2016-03-22,4.600000,4.600000,4.170000,4.360000,4.360000,43700
2016-03-23,4.360000,4.570000,4.190000,4.263000,4.263000,11200
2016-03-24,4.510000,4.510000,4.250000,4.290000,4.290000,1300
2016-03-28,4.300000,4.300000,4.210000,4.221000,4.221000,1400
2016-03-29,4.210000,4.306000,4.010000,4.010000,4.010000,5300
2016-03-30,4.110000,4.244000,4.050000,4.244000,4.244000,1000
2016-03-31,4.350000,4.350000,3.825000,4.100000,4.100000,4400
2016-04-01,4.010000,4.240000,4.010000,4.240000,4.240000,1100
2016-04-04,4.200000,4.310000,4.100000,4.305000,4.305000,3100
2016-04-05,4.300000,4.300000,3.910000,4.090000,4.090000,5600
2016-04-06,4.130000,4.300000,4.100000,4.120000,4.120000,4200
2016-04-07,4.123000,4.290000,3.900000,4.190000,4.190000,5000
2016-04-08,4.100000,4.170000,3.810000,3.900000,3.900000,4200
2016-04-11,3.920000,4.197000,3.870000,3.930000,3.930000,3000
2016-04-12,3.930000,4.100000,3.750000,4.090000,4.090000,17500
2016-04-13,4.070000,4.200000,4.000000,4.200000,4.200000,5200
2016-04-14,4.120000,4.170000,4.060000,4.160000,4.160000,1200
2016-04-15,4.100000,4.100000,4.100000,4.100000,4.100000,1000
2016-04-18,4.100000,4.180000,4.100000,4.100000,4.100000,2700
2016-04-19,4.020000,4.160000,4.020000,4.150000,4.150000,800
2016-04-20,4.150000,4.150000,4.150000,4.150000,4.150000,0
2016-04-21,4.050000,4.170000,4.000000,4.090000,4.090000,5000
2016-04-22,4.080000,4.100000,4.080000,4.100000,4.100000,300
2016-04-25,4.100000,4.100000,4.100000,4.100000,4.100000,800
2016-04-26,4.100000,4.170000,4.100000,4.165000,4.165000,2900
2016-04-27,4.130000,4.180000,4.020000,4.020000,4.020000,5400
2016-04-28,4.100000,4.580000,4.100000,4.340000,4.340000,19800
2016-04-29,4.410000,4.530000,4.050000,4.100000,4.100000,117200
2016-05-02,4.160000,4.180000,4.000000,4.070000,4.070000,2200
2016-05-03,4.090000,4.270000,4.070000,4.260000,4.260000,5400
2016-05-04,4.200000,4.349000,4.110000,4.200000,4.200000,5700
2016-05-05,4.200000,4.200000,4.200000,4.200000,4.200000,0
2016-05-06,4.030000,4.040000,3.820000,3.980000,3.980000,18000
2016-05-09,3.810000,3.950000,3.800000,3.800000,3.800000,6300
2016-05-10,3.800000,3.800000,3.800000,3.800000,3.800000,0
2016-05-11,3.830000,4.025000,3.550000,3.610000,3.610000,22100
2016-05-12,3.530000,3.760000,3.126000,3.380000,3.380000,24900
2016-05-13,3.390000,3.390000,3.110000,3.190000,3.190000,28200
2016-05-16,3.190000,3.450000,3.190000,3.370000,3.370000,20900
2016-05-17,3.400000,3.760000,3.200000,3.750000,3.750000,55900
2016-05-18,3.780000,4.350000,3.470000,4.150000,4.150000,103600
2016-05-19,4.100000,4.100000,3.600000,3.750000,3.750000,9800
2016-05-20,3.790000,3.810000,3.570000,3.570000,3.570000,3500
2016-05-23,3.580000,3.750000,3.330000,3.580000,3.580000,5600
2016-05-24,3.500000,4.000000,3.500000,3.740000,3.740000,15300
2016-05-25,3.361000,3.900000,3.361000,3.560000,3.560000,3000
2016-05-26,3.560000,3.970000,3.450000,3.950000,3.950000,25000
2016-05-27,3.650000,3.964000,3.330000,3.490000,3.490000,106900
2016-05-31,3.690000,4.050000,3.310000,3.310000,3.310000,190000
2016-06-01,3.380000,3.967000,3.330000,3.550000,3.550000,69800
2016-06-02,3.900000,4.000000,3.560000,3.920000,3.920000,31400
2016-06-03,3.930000,4.350000,3.687000,4.150000,4.150000,114400
2016-06-06,4.290000,4.480000,4.030000,4.180000,4.180000,45100
2016-06-07,4.050000,4.250000,3.845000,4.100000,4.100000,12800
2016-06-08,4.090000,4.100000,3.797000,3.970000,3.970000,30600
2016-06-09,3.660000,4.500000,3.660000,4.100000,4.100000,14500
2016-06-10,3.700000,4.350000,3.580000,4.350000,4.350000,11300
2016-06-13,4.300000,4.300000,3.890000,3.910000,3.910000,5900
2016-06-14,4.100000,4.100000,3.910000,3.980000,3.980000,3500
2016-06-15,3.900000,3.910000,3.660000,3.660000,3.660000,19400
2016-06-16,3.785000,3.785000,3.785000,3.785000,3.785000,1000
2016-06-17,3.730000,3.730000,3.650000,3.660000,3.660000,5900
2016-06-20,3.980000,3.980000,3.460000,3.510000,3.510000,11000
2016-06-21,3.800000,3.810000,3.699000,3.700000,3.700000,15100
2016-06-22,3.610000,3.800000,3.610000,3.800000,3.800000,800
2016-06-23,3.620000,4.000000,3.620000,3.990000,3.990000,16400
2016-06-24,3.600000,4.000000,3.490000,3.730000,3.730000,29200
2016-06-27,3.600000,3.600000,3.450000,3.530000,3.530000,3200
2016-06-28,3.590000,3.590000,3.590000,3.590000,3.590000,200
2016-06-29,3.540000,3.970000,3.540000,3.780000,3.780000,8900
2016-06-30,3.820000,3.820000,3.650000,3.650000,3.650000,2900
2016-07-01,3.650000,3.650000,3.650000,3.650000,3.650000,0
2016-07-05,3.750000,3.980000,3.710000,3.813000,3.813000,3700
2016-07-06,3.790000,3.797000,3.790000,3.790000,3.790000,2100
2016-07-07,3.649000,3.649000,3.649000,3.649000,3.649000,700
2016-07-08,3.750000,4.000000,3.700000,3.770000,3.770000,16300
2016-07-11,3.600000,3.850000,3.540000,3.580000,3.580000,13600
2016-07-12,3.730000,3.740000,3.620000,3.620000,3.620000,1200
2016-07-13,3.600000,3.700000,3.570000,3.570000,3.570000,1400
2016-07-14,3.580000,3.600000,3.405000,3.540000,3.540000,9300
2016-07-15,3.540000,3.540000,3.540000,3.540000,3.540000,0
2016-07-18,3.710000,3.710000,3.540000,3.710000,3.710000,1000
2016-07-19,3.610000,3.790000,3.560000,3.790000,3.790000,600
2016-07-20,3.590000,3.590000,3.350000,3.530000,3.530000,20600
2016-07-21,3.500000,3.560000,3.190000,3.380000,3.380000,17700
2016-07-22,3.420000,3.420000,3.230000,3.350000,3.350000,12100
2016-07-25,3.250000,3.500000,3.250000,3.470000,3.470000,1400
2016-07-26,3.400000,3.400000,3.220000,3.300000,3.300000,5600
2016-07-27,3.170000,3.360000,3.140000,3.340000,3.340000,31800
2016-07-28,3.330000,3.430000,3.200000,3.420000,3.420000,23200
2016-07-29,3.201000,3.440000,3.100000,3.410000,3.410000,23000
2016-08-01,3.370000,3.370000,3.150000,3.170000,3.170000,4200
2016-08-02,3.180000,3.500000,3.180000,3.490000,3.490000,15600
2016-08-03,3.500000,3.610000,3.400000,3.590000,3.590000,27900
2016-08-04,3.500000,3.620000,3.270000,3.280000,3.280000,31700
2016-08-05,3.330000,3.580000,3.330000,3.570000,3.570000,11700
2016-08-08,3.350000,3.600000,3.210000,3.600000,3.600000,35500
2016-08-09,3.570000,3.595000,3.320000,3.400000,3.400000,3600
2016-08-10,3.380000,3.540000,3.320000,3.500000,3.500000,19600
2016-08-11,3.330000,3.480000,3.330000,3.380000,3.380000,20900
2016-08-12,3.470000,3.470000,3.300000,3.320000,3.320000,21900
2016-08-15,3.330000,3.440000,3.300000,3.300000,3.300000,25400
2016-08-16,3.300000,3.400000,3.020000,3.130000,3.130000,71300
2016-08-17,3.140000,3.390000,3.100000,3.390000,3.390000,60000
2016-08-18,3.390000,3.400000,3.210000,3.350000,3.350000,7300
2016-08-19,3.340000,3.520000,3.300000,3.500000,3.500000,82400
2016-08-22,3.410000,3.510000,3.400000,3.510000,3.510000,84400
2016-08-23,3.400000,4.490000,3.400000,4.190000,4.190000,179800
2016-08-24,4.200000,4.200000,3.400000,3.410000,3.410000,143200
2016-08-25,3.510000,3.700000,3.510000,3.520000,3.520000,192600
2016-08-26,3.960000,3.960000,3.410000,3.520000,3.520000,240200
2016-08-29,3.650000,3.660000,3.400000,3.660000,3.660000,21400
2016-08-30,3.640000,3.710000,3.510000,3.710000,3.710000,20600
2016-08-31,3.510000,3.890000,3.460000,3.890000,3.890000,70300
2016-09-01,3.800000,4.110000,3.550000,4.080000,4.080000,105300
2016-09-02,3.990000,3.990000,3.733000,3.940000,3.940000,29400
2016-09-06,3.758000,4.820000,3.758000,4.630000,4.630000,124000
2016-09-07,4.500000,5.100000,4.020000,5.100000,5.100000,190800
2016-09-08,4.900000,6.000000,4.500000,5.990000,5.990000,574500
2016-09-09,5.490000,5.520000,5.210000,5.500000,5.500000,135500
2016-09-12,5.260000,5.330000,5.000000,5.180000,5.180000,52200
2016-09-13,5.110000,5.200000,4.880000,4.890000,4.890000,18800
2016-09-14,4.700000,4.700000,4.311000,4.520000,4.520000,31100
2016-09-15,4.460000,4.500000,4.128000,4.360000,4.360000,37800
2016-09-16,4.150000,4.360000,4.150000,4.240000,4.240000,27100
2016-09-19,4.150000,4.380000,4.123000,4.220000,4.220000,21600
2016-09-20,4.240000,4.350000,4.170000,4.170000,4.170000,65600
2016-09-21,4.220000,4.270000,4.150000,4.270000,4.270000,30600
2016-09-22,4.210000,4.230000,4.150000,4.150000,4.150000,15900
2016-09-23,4.100000,4.130000,4.050000,4.070000,4.070000,32700
2016-09-26,4.060000,4.060000,3.900000,3.900000,3.900000,15300
2016-09-27,3.917000,3.920000,3.830000,3.890000,3.890000,3200
2016-09-28,3.930000,4.000000,3.925000,3.960000,3.960000,5400
2016-09-29,3.959000,3.960000,3.910000,3.910000,3.910000,24700
2016-09-30,3.920000,4.040000,3.920000,3.980000,3.980000,262200
2016-10-03,4.000000,4.000000,3.870000,3.900000,3.900000,9900
2016-10-04,3.900000,3.900000,3.880000,3.900000,3.900000,2300
2016-10-05,3.900000,3.900000,3.860000,3.860000,3.860000,3400
2016-10-06,3.850000,3.880000,3.840000,3.880000,3.880000,3400
2016-10-07,3.880000,3.900000,3.880000,3.880000,3.880000,1300
2016-10-10,3.880000,3.880000,3.810000,3.870000,3.870000,5600
2016-10-11,3.810000,3.850000,3.810000,3.850000,3.850000,2000
2016-10-12,3.850000,3.880000,3.850000,3.880000,3.880000,500
2016-10-13,3.810000,3.860000,3.810000,3.830000,3.830000,2700
2016-10-14,3.880000,3.880000,3.640000,3.880000,3.880000,7000
2016-10-17,3.627000,3.790000,3.627000,3.790000,3.790000,1400
2016-10-18,3.790000,3.790000,3.790000,3.790000,3.790000,0
2016-10-19,3.790000,3.790000,3.790000,3.790000,3.790000,0
2016-10-20,3.678000,3.682000,3.640000,3.640000,3.640000,8700
2016-10-21,3.640000,3.640000,3.640000,3.640000,3.640000,0
2016-10-24,3.660000,3.715000,3.640000,3.670000,3.670000,8800
2016-10-25,3.670000,3.670000,3.670000,3.670000,3.670000,0
2016-10-26,3.670000,3.670000,3.670000,3.670000,3.670000,0
2016-10-27,3.630000,3.700000,3.630000,3.700000,3.700000,500
2016-10-28,3.780000,3.830000,3.780000,3.830000,3.830000,800
2016-10-31,3.780000,3.780000,3.730000,3.730000,3.730000,1800
2016-11-01,3.760000,3.760000,3.760000,3.760000,3.760000,100
2016-11-02,3.706000,3.741000,3.700000,3.700000,3.700000,1200
2016-11-03,3.700000,3.720000,3.700000,3.720000,3.720000,2600
2016-11-04,3.720000,3.720000,3.720000,3.720000,3.720000,0
2016-11-07,3.800000,3.800000,3.800000,3.800000,3.800000,100
2016-11-08,3.800000,3.800000,3.800000,3.800000,3.800000,0
2016-11-09,3.700000,3.718000,3.700000,3.700000,3.700000,2100
2016-11-10,3.740000,3.980000,3.600000,3.600000,3.600000,43800
2016-11-11,3.700000,3.700000,3.700000,3.700000,3.700000,1400
2016-11-14,3.770000,3.779000,3.700000,3.710000,3.710000,900
2016-11-15,3.710000,3.710000,3.710000,3.710000,3.710000,0
2016-11-16,3.700000,3.700000,3.700000,3.700000,3.700000,1200
2016-11-17,3.700000,3.739000,3.700000,3.700000,3.700000,1900
2016-11-18,3.710000,3.710000,3.710000,3.710000,3.710000,200
2016-11-21,3.764000,3.780000,3.750000,3.780000,3.780000,700
2016-11-22,3.780000,3.780000,3.700000,3.700000,3.700000,6500
2016-11-23,3.710000,3.810000,3.710000,3.800000,3.800000,4500
2016-11-25,3.800000,3.800000,3.800000,3.800000,3.800000,0
2016-11-28,3.800000,3.800000,3.650000,3.650000,3.650000,2700
2016-11-29,3.520000,3.610000,3.500000,3.510000,3.510000,5300
2016-11-30,3.510000,3.510000,3.510000,3.510000,3.510000,0
2016-12-01,3.510000,3.510000,3.510000,3.510000,3.510000,0
2016-12-02,3.510000,3.510000,3.510000,3.510000,3.510000,0
2016-12-05,3.510000,3.510000,3.510000,3.510000,3.510000,0
2016-12-06,3.490000,3.510000,3.250000,3.490000,3.490000,6900
2016-12-07,3.530000,3.530000,3.331000,3.420000,3.420000,3100
2016-12-08,3.430000,3.480000,3.200000,3.350000,3.350000,53100
2016-12-09,3.380000,3.640000,3.380000,3.470000,3.470000,60900
2016-12-12,3.500000,3.570000,3.310000,3.330000,3.330000,37900
2016-12-13,3.360000,3.410000,3.300000,3.300000,3.300000,14500
2016-12-14,3.300000,3.330000,3.300000,3.330000,3.330000,2500
2016-12-15,3.300000,3.337000,2.900000,3.270000,3.270000,40900
2016-12-16,3.210000,3.240000,3.040000,3.240000,3.240000,17900
2016-12-19,3.210000,3.360000,3.130000,3.280000,3.280000,10600
2016-12-20,3.230000,3.370000,3.150000,3.310000,3.310000,28100
2016-12-21,3.189000,3.440000,3.189000,3.440000,3.440000,10600
2016-12-22,3.440000,3.550000,3.230000,3.500000,3.500000,77600
2016-12-23,3.460000,3.515000,3.460000,3.500000,3.500000,36000
2016-12-27,3.520000,3.850000,3.256000,3.780000,3.780000,248800
2016-12-28,3.770000,3.770000,3.390000,3.690000,3.690000,1900
2016-12-29,3.450000,4.000000,3.401000,3.990000,3.990000,291800
2016-12-30,3.900000,4.000000,3.600000,3.760000,3.760000,206200
2017-01-03,3.820000,3.820000,3.770000,3.770000,3.770000,400
2017-01-04,3.700000,3.700000,3.616000,3.620000,3.620000,2700
2017-01-05,3.660000,3.660000,3.650000,3.650000,3.650000,200
2017-01-06,3.680000,3.830000,3.600000,3.660000,3.660000,1300
2017-01-09,3.660000,3.660000,3.660000,3.660000,3.660000,0
2017-01-10,3.660000,3.660000,3.660000,3.660000,3.660000,0
2017-01-11,3.535000,3.535000,3.535000,3.535000,3.535000,200
2017-01-12,3.520000,3.520000,3.420000,3.430000,3.430000,1600
2017-01-13,3.310000,3.410000,3.310000,3.310000,3.310000,1000
2017-01-17,3.340000,3.340000,3.340000,3.340000,3.340000,100
2017-01-18,3.330000,3.330000,3.270000,3.270000,3.270000,1000
2017-01-19,3.210000,3.240000,3.110000,3.150000,3.150000,22300
2017-01-20,3.200000,3.200000,3.200000,3.200000,3.200000,1400
2017-01-23,3.160000,3.330000,3.100000,3.190000,3.190000,17900
2017-01-24,3.250000,3.250000,3.200000,3.200000,3.200000,2100
2017-01-25,3.200000,3.200000,3.170000,3.170000,3.170000,2200
2017-01-26,3.200000,3.200000,3.150000,3.150000,3.150000,1600
2017-01-27,3.100000,3.100000,3.100000,3.100000,3.100000,1000
2017-01-30,3.150000,3.150000,2.870000,3.000000,3.000000,16000
2017-01-31,2.980000,3.040000,2.980000,3.010000,3.010000,1400
2017-02-01,2.990000,3.120000,2.880000,2.960000,2.960000,38500
2017-02-02,3.000000,3.000000,2.950000,2.950000,2.950000,3100
2017-02-03,2.940000,3.040000,2.800000,2.830000,2.830000,16000
2017-02-06,2.980000,2.980000,2.910000,2.910000,2.910000,300
2017-02-07,2.842000,2.913000,2.842000,2.910000,2.910000,5800
2017-02-08,2.960000,3.070000,2.960000,3.000000,3.000000,2800
2017-02-09,3.150000,3.150000,2.965000,2.990000,2.990000,3600
2017-02-10,2.990000,2.990000,2.990000,2.990000,2.990000,0
2017-02-13,3.150000,3.261000,2.880000,2.980000,2.980000,7100
2017-02-14,3.060000,3.060000,3.040000,3.040000,3.040000,1200
2017-02-15,3.046000,3.270000,3.020000,3.190000,3.190000,2500
2017-02-16,3.110000,3.200000,2.950000,2.960000,2.960000,36400
2017-02-17,2.970000,2.970000,2.840000,2.950000,2.950000,54800
2017-02-21,2.920000,2.990000,2.920000,2.980000,2.980000,5900
2017-02-22,2.880000,2.990000,2.870000,2.936000,2.936000,1000
2017-02-23,2.980000,2.980000,2.891000,2.980000,2.980000,2500
2017-02-24,3.000000,3.150000,3.000000,3.150000,3.150000,1000
2017-02-27,3.080000,3.280000,2.940000,2.950000,2.950000,71200
2017-02-28,2.940000,2.960000,2.870000,2.870000,2.870000,4600
2017-03-01,2.900000,2.970000,2.860000,2.960000,2.960000,13400
2017-03-02,2.930000,2.990000,2.860000,2.990000,2.990000,29500
2017-03-03,2.974000,3.183000,2.974000,2.990000,2.990000,7000
2017-03-06,3.150000,3.238000,3.030000,3.050000,3.050000,35400
2017-03-07,3.200000,3.200000,3.090000,3.090000,3.090000,15900
2017-03-08,3.130000,3.153000,2.910000,2.980000,2.980000,30400
2017-03-09,2.943000,2.943000,2.880000,2.880000,2.880000,23900
2017-03-10,2.950000,3.200000,2.840000,2.910000,2.910000,36400
2017-03-13,3.000000,3.120000,3.000000,3.090000,3.090000,14800
2017-03-14,3.100000,3.180000,3.100000,3.180000,3.180000,3100
2017-03-15,3.130000,3.247000,2.950000,3.000000,3.000000,10500
2017-03-16,3.090000,3.115000,3.037000,3.040000,3.040000,7500
2017-03-17,3.000000,3.000000,2.910000,2.910000,2.910000,1300
2017-03-20,2.730000,2.900000,2.730000,2.870000,2.870000,8800
2017-03-21,2.840000,2.840000,2.770000,2.780000,2.780000,7900
2017-03-22,2.820000,2.850000,2.820000,2.850000,2.850000,6100
2017-03-23,2.850000,2.850000,2.850000,2.850000,2.850000,0
2017-03-24,2.840000,2.840000,2.840000,2.840000,2.840000,100
2017-03-27,2.840000,2.840000,2.840000,2.840000,2.840000,0
2017-03-28,2.830000,2.840000,2.830000,2.840000,2.840000,500
2017-03-29,2.840000,2.840000,2.840000,2.840000,2.840000,0
2017-03-30,2.710000,2.840000,2.636000,2.820000,2.820000,7300
2017-03-31,2.759000,2.800000,2.650000,2.700000,2.700000,13700
2017-04-03,2.780000,2.800000,2.780000,2.780000,2.780000,600
2017-04-04,2.620000,2.720000,2.620000,2.720000,2.720000,9400
2017-04-05,2.730000,2.755000,2.600000,2.600000,2.600000,20000
2017-04-06,2.660000,2.660000,2.390000,2.420000,2.420000,7300
2017-04-07,2.420000,2.420000,2.420000,2.420000,2.420000,0
2017-04-10,2.478000,2.490000,2.457000,2.490000,2.490000,10700
2017-04-11,2.460000,2.460000,2.312000,2.312000,2.312000,3500
2017-04-12,2.480000,2.510000,2.224000,2.300000,2.300000,2600
2017-04-13,2.160000,2.490000,2.140000,2.290000,2.290000,19700
2017-04-17,2.290000,2.330000,2.110000,2.200000,2.200000,13700
2017-04-18,2.230000,2.230000,2.160000,2.163000,2.163000,8200
2017-04-19,2.170000,2.240000,2.170000,2.230000,2.230000,800
2017-04-20,2.250000,2.290000,2.060000,2.290000,2.290000,16400
2017-04-21,2.240000,2.335000,2.100000,2.330000,2.330000,43000
2017-04-24,2.310000,2.430000,2.300000,2.300000,2.300000,1700
2017-04-25,2.420000,2.470000,2.360000,2.360000,2.360000,10000
2017-04-26,2.470000,2.470000,2.363000,2.460000,2.460000,1000
2017-04-27,2.460000,2.671000,2.460000,2.500000,2.500000,33900
2017-04-28,2.500000,2.775000,2.500000,2.600000,2.600000,21600
2017-05-01,2.500000,2.680000,2.500000,2.630000,2.630000,12800
2017-05-02,2.500000,2.610000,2.421000,2.610000,2.610000,1100
2017-05-03,2.500000,2.670000,2.500000,2.620000,2.620000,1100
2017-05-04,2.550000,2.550000,2.380000,2.540000,2.540000,32800
2017-05-05,2.360000,2.490000,2.320000,2.490000,2.490000,11700
2017-05-08,2.440000,2.520000,2.360000,2.380000,2.380000,10700
2017-05-09,2.380000,2.380000,2.250000,2.250000,2.250000,1000
2017-05-10,2.250000,2.470000,2.160000,2.470000,2.470000,16000
2017-05-11,2.320000,2.420000,2.200000,2.420000,2.420000,37300
2017-05-12,2.420000,2.420000,2.420000,2.420000,2.420000,0
2017-05-15,2.460000,2.550000,2.280000,2.340000,2.340000,55900
2017-05-16,2.410000,2.549000,2.250000,2.260000,2.260000,44700
2017-05-17,2.390000,2.460000,2.220000,2.220000,2.220000,32600
2017-05-18,2.285000,2.290000,2.050000,2.130000,2.130000,10300
2017-05-19,2.040000,2.410000,1.820000,1.830000,1.830000,21500
2017-05-22,1.870000,2.170000,1.530000,1.610000,1.610000,57600
2017-05-23,1.650000,1.730000,1.570000,1.580000,1.580000,21000
2017-05-24,1.590000,1.810000,1.590000,1.750000,1.750000,4800
2017-05-25,1.774000,1.790000,1.630000,1.630000,1.630000,4800
2017-05-26,1.590000,1.695000,1.550000,1.690000,1.690000,25200
2017-05-30,1.700000,1.710000,1.610000,1.710000,1.710000,16500
2017-05-31,1.630000,1.710000,1.630000,1.710000,1.710000,1300
2017-06-01,1.710000,2.450000,1.710000,1.919000,1.919000,145300
2017-06-02,2.090000,2.090000,1.930000,2.000000,2.000000,17500
2017-06-05,2.010000,2.560000,1.911000,1.960000,1.960000,36500
2017-06-06,1.960000,2.160000,1.940000,2.110000,2.110000,28600
2017-06-07,2.100000,2.100000,2.030000,2.100000,2.100000,1400
2017-06-08,2.100000,2.100000,2.000000,2.000000,2.000000,2500
2017-06-09,2.090000,2.090000,1.990000,1.990000,1.990000,3400
2017-06-12,2.090000,2.290000,1.900000,2.000000,2.000000,49900
2017-06-13,2.070000,2.140000,2.010000,2.050000,2.050000,13200
2017-06-14,2.140000,2.140000,2.050000,2.082000,2.082000,1700
2017-06-15,2.090000,2.260000,2.030000,2.170000,2.170000,46200
2017-06-16,2.300000,2.300000,1.960000,2.180000,2.180000,39000
2017-06-19,2.100000,2.120000,2.064000,2.064000,2.064000,3300
2017-06-20,2.170000,2.170000,2.010000,2.150000,2.150000,2400
2017-06-21,2.100000,2.100000,1.970000,1.980000,1.980000,12500
2017-06-22,2.078000,2.080000,2.020000,2.060000,2.060000,1300
2017-06-23,1.983000,2.450000,1.983000,2.280000,2.280000,80300
2017-06-26,2.326000,2.330000,2.140000,2.300000,2.300000,38600
2017-06-27,2.190000,2.221000,2.180000,2.221000,2.221000,1000
2017-06-28,2.450000,2.600000,2.250000,2.440000,2.440000,31800
2017-06-29,2.350000,2.350000,2.140000,2.200000,2.200000,11000
2017-06-30,2.140000,2.337000,2.130000,2.200000,2.200000,31800
2017-07-03,2.150000,2.150000,2.150000,2.150000,2.150000,600
2017-07-05,2.202000,2.390000,2.150000,2.245000,2.245000,65900
2017-07-06,2.320000,2.340000,2.320000,2.320000,2.320000,14200
2017-07-07,2.490000,2.550000,2.210000,2.400000,2.400000,15600
2017-07-10,2.220000,2.330000,2.220000,2.250000,2.250000,16200
2017-07-11,2.228000,2.370000,2.220000,2.320000,2.320000,20800
2017-07-12,2.360000,2.360000,2.260000,2.260000,2.260000,2300
2017-07-13,2.330000,2.350000,2.200000,2.210000,2.210000,3900
2017-07-14,2.260000,2.320000,2.170000,2.170000,2.170000,5500
2017-07-17,2.075000,2.250000,2.000000,2.190000,2.190000,17800
2017-07-18,2.190000,2.360000,2.190000,2.270000,2.270000,10300
2017-07-19,2.350000,2.350000,2.190000,2.200000,2.200000,39500
2017-07-20,2.130000,2.260000,2.130000,2.200000,2.200000,41300
2017-07-21,2.180000,2.230000,2.120000,2.130000,2.130000,5700
2017-07-24,2.210000,2.300000,2.140000,2.230000,2.230000,58200
2017-07-25,2.170000,2.190000,2.170000,2.190000,2.190000,300
2017-07-26,2.190000,2.200000,2.137000,2.160000,2.160000,19400
2017-07-27,2.210000,2.230000,2.120000,2.210000,2.210000,40200
2017-07-28,2.200000,2.200000,2.130000,2.130000,2.130000,2300
2017-07-31,2.130000,2.130000,2.130000,2.130000,2.130000,0
2017-08-01,2.120000,2.200000,2.060000,2.190000,2.190000,71600
2017-08-02,2.220000,2.220000,2.200000,2.200000,2.200000,1600
2017-08-03,2.200000,2.200000,2.200000,2.200000,2.200000,0
2017-08-04,2.200000,2.290000,2.000000,2.080000,2.080000,51800
2017-08-07,2.050000,2.120000,1.820000,2.020000,2.020000,19600
2017-08-08,2.020000,2.140000,1.970000,1.990000,1.990000,31100
2017-08-09,1.960000,2.060000,1.720000,2.020000,2.020000,44100
2017-08-10,1.898000,2.111000,1.898000,2.000000,2.000000,17900
2017-08-11,1.990000,2.120000,1.905000,1.980000,1.980000,7200
2017-08-14,2.130000,2.140000,1.720000,1.930000,1.930000,74100
2017-08-15,1.916000,1.950000,1.840000,1.860000,1.860000,5400
2017-08-16,1.930000,1.930000,1.750000,1.890000,1.890000,4900
2017-08-17,1.830000,1.950000,1.760000,1.910000,1.910000,5700
2017-08-18,1.840000,2.000000,1.820000,1.900000,1.900000,21100
2017-08-21,1.830000,2.030000,1.770000,1.950000,1.950000,126600
2017-08-22,1.880000,1.997000,1.730000,1.940000,1.940000,58100
2017-08-23,1.860000,2.050000,1.860000,1.982000,1.982000,7300
2017-08-24,1.940000,1.940000,1.770000,1.850000,1.850000,4100
2017-08-25,1.930000,2.000000,1.900000,1.940000,1.940000,10900
2017-08-28,1.950000,1.950000,1.880000,1.900000,1.900000,1200
2017-08-29,1.850000,1.850000,1.700000,1.790000,1.790000,3300
2017-08-30,1.711000,1.890000,1.610000,1.690000,1.690000,30200
2017-08-31,1.660000,1.660000,1.660000,1.660000,1.660000,400
2017-09-01,1.640000,1.770000,1.620000,1.710000,1.710000,19800
2017-09-05,1.700000,1.970000,1.690000,1.790000,1.790000,7300
2017-09-06,1.800000,1.890000,1.730000,1.880000,1.880000,5200
2017-09-07,1.960000,2.140000,1.650000,1.730000,1.730000,184700
2017-09-08,1.770000,2.070000,1.690000,1.770000,1.770000,26900
2017-09-11,1.880000,2.120000,1.780000,2.000000,2.000000,10600
2017-09-12,1.865000,1.990000,1.810000,1.820000,1.820000,31700
2017-09-13,1.910000,1.910000,1.740000,1.830000,1.830000,20200
2017-09-14,1.780000,1.780000,1.740000,1.740000,1.740000,4200
2017-09-15,1.909000,1.986000,1.680000,1.700000,1.700000,23600
2017-09-18,1.734000,1.776000,1.590000,1.645000,1.645000,15600
2017-09-19,1.620000,1.620000,1.434000,1.450000,1.450000,35000
2017-09-20,1.447000,1.530000,1.440000,1.490000,1.490000,9600
2017-09-21,1.500000,1.570000,1.490000,1.490000,1.490000,6100
2017-09-22,1.550000,1.560000,1.490000,1.510000,1.510000,2500
2017-09-25,1.550000,1.560000,1.355000,1.400000,1.400000,21700
2017-09-26,1.460000,1.550000,1.444000,1.460000,1.460000,1900
2017-09-27,1.550000,1.550000,1.460000,1.470000,1.470000,5200
2017-09-28,1.559000,1.559000,1.400000,1.400000,1.400000,6500
2017-09-29,1.450000,1.500000,1.450000,1.470000,1.470000,600
2017-10-02,1.447000,1.500000,1.400000,1.480000,1.480000,8300
2017-10-03,1.440000,1.640000,1.400000,1.460000,1.460000,9300
2017-10-04,1.530000,1.620000,1.430000,1.450000,1.450000,4600
2017-10-05,1.450000,1.530000,1.420000,1.520000,1.520000,4300
2017-10-06,1.530000,1.530000,1.403000,1.490000,1.490000,5300
2017-10-09,1.490000,1.620000,1.410000,1.420000,1.420000,8700
2017-10-10,1.430000,1.450000,1.380000,1.400000,1.400000,15300
2017-10-11,1.398000,1.480000,1.360000,1.360000,1.360000,14300
2017-10-12,1.260000,1.300000,1.220000,1.223000,1.223000,18200
2017-10-13,1.280000,1.310000,1.180000,1.200000,1.200000,24200
2017-10-16,1.190000,1.270000,1.160000,1.160000,1.160000,3700
2017-10-17,1.170000,1.170000,1.120000,1.130000,1.130000,11300
2017-10-18,1.130000,1.160000,1.100000,1.150000,1.150000,7800
2017-10-19,1.150000,1.150000,1.060000,1.075000,1.075000,16500
2017-10-20,1.080000,1.135000,1.060000,1.110000,1.110000,4800
2017-10-23,1.100000,1.130000,1.090000,1.090000,1.090000,5400
2017-10-24,1.068000,1.089000,1.060000,1.080000,1.080000,9900
2017-10-25,1.140000,1.141000,1.060000,1.070000,1.070000,7100
2017-10-26,1.102000,1.110000,1.070000,1.070000,1.070000,6400
2017-10-27,1.090000,1.180000,1.080000,1.150000,1.150000,9400
2017-10-30,1.120000,1.130000,0.990000,1.010000,1.010000,42100
2017-10-31,0.980000,0.998000,0.953000,0.953000,0.953000,3000
2017-11-01,0.960000,0.990000,0.960000,0.970000,0.970000,4300
2017-11-02,1.000000,1.080000,1.000000,1.080000,1.080000,7800
2017-11-03,1.070000,1.070000,1.010000,1.010000,1.010000,3900
2017-11-06,1.004000,1.130000,1.000000,1.100000,1.100000,25800
2017-11-07,1.100000,1.140000,1.040000,1.040000,1.040000,34800
2017-11-08,1.040000,1.040000,1.030000,1.030000,1.030000,800
2017-11-09,1.110000,1.160000,1.020000,1.090000,1.090000,48700
2017-11-10,1.125000,1.390000,1.084000,1.090000,1.090000,146200
2017-11-13,1.080000,1.167000,1.070000,1.120000,1.120000,36300
2017-11-14,1.110000,1.290000,1.110000,1.210000,1.210000,494200
2017-11-15,1.280000,1.576000,1.180000,1.220000,1.220000,665700
2017-11-16,1.240000,1.250000,1.110000,1.160000,1.160000,92200
2017-11-17,1.106000,1.279000,1.106000,1.200000,1.200000,32900
2017-11-20,1.230000,1.230000,1.190000,1.190000,1.190000,29900
2017-11-21,1.190000,1.209000,1.130000,1.209000,1.209000,76000
2017-11-22,1.230000,1.359000,1.116000,1.130000,1.130000,294500
2017-11-24,1.150000,1.180000,1.100000,1.125000,1.125000,54300
2017-11-27,1.149000,1.149000,1.030000,1.090000,1.090000,40500
2017-11-28,1.100000,1.180000,1.100000,1.120000,1.120000,57100
2017-11-29,1.120000,1.150000,1.070000,1.080000,1.080000,54500
2017-11-30,1.090000,1.100000,1.060000,1.090000,1.090000,51200
2017-12-01,1.077000,1.100000,1.040000,1.040000,1.040000,35400
2017-12-04,1.070000,1.130000,1.050000,1.050000,1.050000,31200
2017-12-05,1.060000,1.060000,0.970000,0.990000,0.990000,44000
2017-12-06,1.000000,1.000000,0.926000,0.930000,0.930000,24700
2017-12-07,0.970000,0.990000,0.970000,0.980000,0.980000,900
2017-12-08,0.990000,0.990000,0.930000,0.950000,0.950000,23500
2017-12-11,1.000000,1.000000,0.920000,0.930000,0.930000,6500
2017-12-12,0.950000,1.000000,0.940000,0.940000,0.940000,8800
2017-12-13,0.980000,1.010000,0.930000,0.930000,0.930000,40600
2017-12-14,0.930000,0.990000,0.930000,0.931000,0.931000,7200
2017-12-15,0.940000,1.090000,0.940000,1.005000,1.005000,277300
2017-12-18,1.020000,1.025000,0.950000,1.000000,1.000000,77900
2017-12-19,0.973000,1.160000,0.973000,1.070000,1.070000,471900
2017-12-20,1.090000,1.130000,0.990000,1.010000,1.010000,150900
2017-12-21,0.990000,1.040000,0.990000,1.000000,1.000000,19000
2017-12-22,1.021000,1.030000,0.980000,1.030000,1.030000,8900
2017-12-26,1.030000,1.040000,1.000000,1.000000,1.000000,3400
2017-12-27,0.989000,1.012000,0.980000,0.994000,0.994000,7800
2017-12-28,1.030000,1.030000,0.990000,1.020000,1.020000,14700
2017-12-29,1.020000,1.063000,1.000000,1.020000,1.020000,42900
2018-01-02,1.050000,1.200000,1.010000,1.050000,1.050000,54500
2018-01-03,1.020000,1.100000,1.010000,1.050000,1.050000,29300
2018-01-04,1.080000,1.220000,1.060000,1.200000,1.200000,399700
2018-01-05,1.240000,1.590000,1.110000,1.130000,1.130000,845600
2018-01-08,1.100000,1.150000,1.080000,1.100000,1.100000,110500
2018-01-09,1.080000,1.166000,1.080000,1.139000,1.139000,49700
2018-01-10,1.130000,1.176000,1.090000,1.140000,1.140000,145900
2018-01-11,1.110000,1.250000,1.110000,1.130000,1.130000,201100
2018-01-12,1.143000,1.190000,1.100000,1.180000,1.180000,131400
2018-01-16,1.180000,1.340000,1.160000,1.250000,1.250000,309700
2018-01-17,1.190000,1.250000,1.130000,1.230000,1.230000,189800
2018-01-18,1.220000,1.220000,1.150000,1.150000,1.150000,86200
2018-01-19,1.170000,1.220000,1.130000,1.140000,1.140000,84300
2018-01-22,1.150000,1.150000,1.100000,1.110000,1.110000,24700
2018-01-23,1.080000,1.110000,1.050000,1.070000,1.070000,45000
2018-01-24,1.090000,1.110000,1.060000,1.080000,1.080000,19900
2018-01-25,1.090000,1.090000,1.060000,1.075000,1.075000,34300
2018-01-26,1.090000,1.090000,1.030000,1.070000,1.070000,71400
2018-01-29,1.070000,1.130000,1.040000,1.040000,1.040000,49000
2018-01-30,1.040000,1.070000,0.980000,0.990000,0.990000,61100
2018-01-31,0.990000,1.049000,0.980000,0.980000,0.980000,31400
2018-02-01,0.980000,0.980000,0.932000,0.950000,0.950000,28300
2018-02-02,0.920000,1.040000,0.890000,0.950000,0.950000,30800
2018-02-05,0.940000,1.000000,0.910000,0.950000,0.950000,55300
2018-02-06,0.910000,1.000000,0.910000,0.970000,0.970000,67600
2018-02-07,1.000000,1.000000,0.925000,0.950000,0.950000,13300
2018-02-08,0.931000,0.970000,0.920000,0.950000,0.950000,44600
2018-02-09,0.920000,0.970000,0.800000,0.810000,0.810000,109000
2018-02-12,0.860000,1.000000,0.820000,0.822000,0.822000,43600
2018-02-13,0.870000,0.929000,0.850000,0.895000,0.895000,2000
2018-02-14,0.890000,0.950000,0.890000,0.900000,0.900000,13500
2018-02-15,0.900000,0.910000,0.897000,0.910000,0.910000,8400
2018-02-16,0.929000,0.930000,0.910000,0.910000,0.910000,8100
2018-02-20,0.880000,0.900000,0.860000,0.900000,0.900000,25100
2018-02-21,0.900000,0.980000,0.870000,0.910000,0.910000,34600
2018-02-22,0.910000,0.910000,0.890000,0.900000,0.900000,3800
2018-02-23,0.855000,0.900000,0.855000,0.890000,0.890000,22700
2018-02-26,0.890000,0.890000,0.890000,0.890000,0.890000,0
2018-02-27,0.862000,0.950000,0.862000,0.876000,0.876000,7600
2018-02-28,0.870000,0.874000,0.870000,0.874000,0.874000,1300
2018-03-01,0.874000,0.948000,0.874000,0.885000,0.885000,20900
2018-03-02,0.920000,0.944000,0.850000,0.940000,0.940000,13100
2018-03-05,0.888000,0.930000,0.860000,0.860000,0.860000,44500
2018-03-06,0.850000,0.900000,0.850000,0.890000,0.890000,8700
2018-03-07,0.900000,0.920000,0.860000,0.900000,0.900000,3200
2018-03-08,0.854000,0.970000,0.851000,0.874000,0.874000,8200
2018-03-09,0.920000,0.920000,0.920000,0.920000,0.920000,800
2018-03-12,0.860000,0.918000,0.860000,0.898000,0.898000,8200
2018-03-13,0.912000,0.970000,0.912000,0.950000,0.950000,24900
2018-03-14,0.916000,0.916000,0.916000,0.916000,0.916000,4000
2018-03-15,0.910000,0.910000,0.910000,0.910000,0.910000,100
2018-03-16,0.910000,0.990000,0.880000,0.920000,0.920000,4200
2018-03-19,0.966000,0.966000,0.860000,0.870000,0.870000,29500
2018-03-20,0.920000,0.922000,0.890000,0.890000,0.890000,22600
2018-03-21,0.870000,0.930000,0.870000,0.930000,0.930000,6600
2018-03-22,0.930000,0.930000,0.855000,0.873000,0.873000,9200
2018-03-23,0.870000,0.940000,0.870000,0.928000,0.928000,4000
2018-03-26,0.870000,0.870000,0.870000,0.870000,0.870000,300
2018-03-27,0.857000,0.880000,0.815000,0.874000,0.874000,31700
2018-03-28,0.871000,0.871000,0.870000,0.870000,0.870000,900
2018-03-29,0.867000,0.870000,0.851000,0.860000,0.860000,5400
2018-04-02,0.860000,0.860000,0.860000,0.860000,0.860000,0
2018-04-03,0.860000,0.860000,0.780000,0.800000,0.800000,38700
2018-04-04,0.780000,0.780000,0.780000,0.780000,0.780000,300
2018-04-05,0.780000,0.782000,0.780000,0.780000,0.780000,5500
2018-04-06,0.780000,0.800000,0.780000,0.800000,0.800000,700
2018-04-09,0.850000,0.850000,0.790000,0.840000,0.840000,1800
2018-04-10,0.840000,0.840000,0.840000,0.840000,0.840000,0
2018-04-11,0.840000,0.840000,0.840000,0.840000,0.840000,0
2018-04-12,0.840000,0.840000,0.840000,0.840000,0.840000,0
2018-04-13,0.800000,0.840000,0.790000,0.805000,0.805000,11300
2018-04-16,0.781000,0.800000,0.780000,0.781000,0.781000,17300
2018-04-17,0.781000,0.830000,0.683000,0.762000,0.762000,91600
2018-04-18,0.705000,0.818000,0.705000,0.818000,0.818000,4600
2018-04-19,0.800000,0.809000,0.744000,0.780000,0.780000,3700
2018-04-20,0.702000,0.750000,0.656000,0.671000,0.671000,41300
2018-04-23,0.670000,0.890000,0.670000,0.720000,0.720000,28800
2018-04-24,0.710000,0.850000,0.710000,0.714000,0.714000,11100
2018-04-25,0.749000,0.780000,0.640000,0.715000,0.715000,53500
2018-04-26,0.650000,0.780000,0.650000,0.692000,0.692000,9600
2018-04-27,0.720000,0.730000,0.658000,0.730000,0.730000,16900
2018-04-30,0.700000,0.799000,0.640000,0.660000,0.660000,186900
2018-05-01,0.670000,0.670000,0.570000,0.605000,0.605000,131300
2018-05-02,0.580000,0.650000,0.580000,0.582000,0.582000,51900
2018-05-03,0.570000,0.730000,0.570000,0.680000,0.680000,105200
2018-05-04,0.720000,0.940000,0.720000,0.751000,0.751000,158700
2018-05-07,0.750000,0.750000,0.700000,0.700000,0.700000,23700
2018-05-08,0.703000,0.740000,0.703000,0.740000,0.740000,400
2018-05-09,0.611000,0.740000,0.611000,0.740000,0.740000,700
2018-05-10,0.740000,0.910000,0.740000,0.900000,0.900000,196100
2018-05-11,0.960000,1.190000,0.695000,0.730000,0.730000,692300
2018-05-14,0.730000,0.740000,0.700000,0.729000,0.729000,61300
2018-05-15,0.700000,0.730000,0.690000,0.710000,0.710000,8600
2018-05-16,0.700000,0.700000,0.651000,0.700000,0.700000,44000
2018-05-17,0.680000,0.700000,0.640000,0.700000,0.700000,63400
2018-05-18,0.640000,0.660000,0.610000,0.656000,0.656000,104300
2018-05-21,0.650000,0.650000,0.593000,0.620000,0.620000,121000
2018-05-22,0.628000,0.640000,0.590000,0.630000,0.630000,298700
2018-05-23,0.610000,0.620000,0.590000,0.620000,0.620000,81000
2018-05-24,0.610000,0.630000,0.600000,0.630000,0.630000,77200
2018-05-25,0.600000,0.620000,0.512000,0.619000,0.619000,212400
2018-05-29,0.570000,0.640000,0.570000,0.600000,0.600000,90700
2018-05-30,0.618000,0.618000,0.530000,0.550000,0.550000,90500
2018-05-31,0.560000,0.560000,0.510000,0.540000,0.540000,102600
2018-06-01,0.540000,0.540000,0.481000,0.510000,0.510000,105200
2018-06-04,0.590000,0.590000,0.530000,0.590000,0.590000,83500
2018-06-05,0.540000,0.540000,0.510000,0.520000,0.520000,113600
2018-06-06,0.555000,0.555000,0.500000,0.506000,0.506000,138100
2018-06-07,0.510000,0.510000,0.450000,0.490000,0.490000,49900
2018-06-08,0.490000,0.490000,0.451000,0.470000,0.470000,72500
2018-06-11,0.500000,0.510000,0.450000,0.470000,0.470000,74700
2018-06-12,0.473000,0.510000,0.461000,0.480000,0.480000,78300
2018-06-13,0.500000,0.529000,0.450000,0.465000,0.465000,94800
2018-06-14,0.430000,0.520000,0.410000,0.433000,0.433000,134200
2018-06-15,0.440000,0.450000,0.429000,0.450000,0.450000,33100
2018-06-18,0.479000,0.479000,0.422000,0.440000,0.440000,37000
2018-06-19,0.420000,0.440000,0.395000,0.410000,0.410000,114500
2018-06-20,0.355000,0.429000,0.355000,0.400000,0.400000,31000
2018-06-21,0.378000,0.390000,0.370000,0.389000,0.389000,34600
2018-06-22,0.390000,0.460000,0.361000,0.390000,0.390000,154600
2018-06-25,0.340000,0.430000,0.340000,0.370000,0.370000,118900
2018-06-26,0.350000,0.400000,0.350000,0.380000,0.380000,149500
2018-06-27,0.380000,0.390000,0.370000,0.370000,0.370000,30500
2018-06-28,0.380000,0.414000,0.350000,0.391000,0.391000,176300
2018-06-29,0.390000,0.500000,0.386000,0.430000,0.430000,537000
