Date,Open,High,Low,Close,Adj Close,Volume
2013-01-02,7.179079,7.179079,6.976239,7.113880,6.901317,108300
2013-01-03,7.092147,7.367430,7.084903,7.222544,7.006734,106400
2013-01-04,7.229788,7.244277,7.106636,7.229788,7.013762,48400
2013-01-07,7.171834,7.294987,7.135613,7.266010,7.048902,119100
2013-01-08,7.280499,7.280499,7.208055,7.244277,7.027817,34000
2013-01-09,7.229788,7.258766,7.229788,7.251521,7.034845,26000
2013-01-10,7.251521,7.251521,7.229788,7.244277,7.027817,17200
2013-01-11,7.258766,7.258766,7.208055,7.244277,7.027817,30200
2013-01-14,7.200811,7.244277,7.179079,7.229788,7.013762,178600
2013-01-15,7.171834,7.237033,7.150101,7.186323,6.971594,331400
2013-01-16,7.186323,7.215300,7.179079,7.193567,6.978624,16000
2013-01-17,7.200811,7.229788,7.179079,7.200811,6.985651,24200
2013-01-18,7.171834,7.215300,7.150101,7.208055,6.992679,26700
2013-01-22,7.186323,7.222544,7.171834,7.208055,6.992679,23300
2013-01-23,7.222544,7.222544,6.997972,7.142857,6.929428,22600
2013-01-24,7.128368,7.186323,7.113880,7.179079,6.964568,14300
2013-01-25,7.215300,7.215300,7.128368,7.200811,6.985651,29200
2013-01-28,7.186323,7.244277,7.179079,7.244277,7.027817,37600
2013-01-29,7.244277,7.316720,7.229788,7.316720,7.098096,47700
2013-01-30,7.287743,7.403651,7.251521,7.367430,7.147291,38200
2013-01-31,7.360186,7.389163,7.237033,7.316720,7.098096,29800
2013-02-01,7.410895,7.678934,7.360186,7.592002,7.365153,96700
2013-02-04,7.584758,7.584758,7.425384,7.425384,7.203513,29200
2013-02-05,7.476094,7.570270,7.360186,7.541292,7.315958,26200
2013-02-06,7.497827,7.584758,7.432628,7.512315,7.287847,99800
2013-02-07,7.418139,7.563025,7.396407,7.497827,7.273791,84600
2013-02-08,7.490582,7.729643,7.403651,7.490582,7.266764,120900
2013-02-11,7.512315,7.555781,7.425384,7.519559,7.294875,23800
2013-02-12,7.505071,7.642712,7.403651,7.534048,7.308930,18900
2013-02-13,7.526804,7.664445,7.468850,7.541292,7.315958,21300
2013-02-14,7.505071,7.505071,7.374674,7.447117,7.224597,18900
2013-02-15,7.476094,7.570270,7.403651,7.403651,7.182429,35000
2013-02-19,7.432628,7.693422,7.418139,7.570270,7.344069,151200
2013-02-20,7.548537,7.592002,7.432628,7.439872,7.217568,45200
2013-02-21,7.439872,7.592002,7.345697,7.476094,7.252708,13800
2013-02-22,7.505071,7.534048,7.410895,7.476094,7.252708,20800
2013-02-25,7.497827,7.497827,7.150101,7.208055,6.992679,68800
2013-02-26,7.244277,7.389163,7.244277,7.360186,7.140264,13500
2013-02-27,7.215300,7.309475,7.215300,7.258766,7.041874,27000
2013-02-28,7.142857,7.273254,7.034193,7.237033,7.020790,44800
2013-03-01,7.150101,7.338453,7.135613,7.294987,7.077013,20900
2013-03-04,7.338453,7.389163,7.251521,7.389163,7.168374,19800
2013-03-05,7.389163,7.389163,7.244277,7.331208,7.112152,24100
2013-03-06,7.331208,7.389163,7.244277,7.367430,7.147291,12900
2013-03-07,7.345697,7.425384,7.316720,7.410895,7.189458,19000
2013-03-08,7.410895,7.418139,7.345697,7.396407,7.175402,24800
2013-03-11,7.374674,7.425384,7.374674,7.418139,7.196486,38200
2013-03-12,7.425384,7.476094,7.410895,7.425384,7.203513,69700
2013-03-13,7.425384,7.483338,7.425384,7.432628,7.210541,29500
2013-03-14,7.497827,7.497827,7.389163,7.490582,7.266764,42500
2013-03-15,7.461606,7.497827,7.389163,7.476094,7.252708,494400
2013-03-18,7.396407,7.497827,7.396407,7.468850,7.245680,18200
2013-03-19,7.461606,7.592002,7.461606,7.563025,7.337041,22500
2013-03-20,7.584758,7.635468,7.577514,7.635468,7.407319,23700
2013-03-21,7.577514,7.657201,7.483338,7.519559,7.294875,50100
2013-03-22,7.526804,7.592002,7.512315,7.519559,7.294875,17300
2013-03-25,7.534048,7.606491,7.534048,7.592002,7.365153,16500
2013-03-26,7.606491,7.678934,7.541292,7.678934,7.449487,43000
2013-03-27,7.606491,7.613735,7.541292,7.599247,7.372180,17500
2013-03-28,7.642712,7.642712,7.389163,7.389163,7.168374,30000
2013-04-01,7.360186,7.389163,7.244277,7.302231,7.084040,27700
2013-04-02,7.345697,7.403651,7.244277,7.251521,7.034845,23800
2013-04-03,7.287743,7.389163,7.258766,7.258766,7.041874,21500
2013-04-04,7.287743,7.294987,7.208055,7.229788,7.013762,43000
2013-04-05,7.113880,7.244277,7.113880,7.229788,7.013762,11700
2013-04-08,7.273254,7.287743,7.200811,7.244277,7.027817,87200
2013-04-09,7.244277,7.418139,7.244277,7.294987,7.077013,35200
2013-04-10,7.294987,7.483338,7.294987,7.447117,7.224597,30600
2013-04-11,7.447117,7.534048,7.345697,7.505071,7.280819,12400
2013-04-12,7.505071,7.534048,7.461606,7.497827,7.273791,18200
2013-04-15,7.468850,7.468850,7.099391,7.142857,6.929428,73100
2013-04-16,7.200811,7.316720,7.157346,7.229788,7.013762,49200
2013-04-17,7.150101,7.150101,6.911040,7.034193,6.824010,42300
2013-04-18,7.055926,7.092147,6.976239,7.034193,6.824010,20500
2013-04-19,7.026949,7.193567,7.026949,7.135613,6.922400,26700
2013-04-22,7.179079,7.280499,7.106636,7.193567,6.978624,15700
2013-04-23,7.266010,7.287743,7.099391,7.179079,6.964568,166000
2013-04-24,7.193567,7.193567,7.121124,7.135613,6.922400,59600
2013-04-25,7.135613,7.150101,7.063170,7.128368,6.915372,23800
2013-04-26,7.121124,7.150101,6.990727,7.099391,6.887263,312500
2013-04-29,7.157346,7.266010,7.121124,7.171834,6.957540,10000
2013-04-30,7.193567,7.222544,7.077659,7.135613,6.922400,28400
2013-05-01,7.092147,7.092147,6.903796,6.911040,6.704538,72600
2013-05-02,6.925529,7.034193,6.882063,6.932773,6.725622,61500
2013-05-03,7.005216,7.171834,6.997972,7.026949,6.816983,18000
2013-05-06,7.048682,7.106636,6.889307,7.084903,6.873206,19100
2013-05-07,7.121124,7.208055,7.055926,7.113880,6.901317,49500
2013-05-08,7.113880,7.294987,7.005216,7.237033,7.020790,34000
2013-05-09,7.208055,7.251521,7.026949,7.186323,6.971594,25900
2013-05-10,7.200811,7.381918,7.171834,7.273254,7.055929,31400
2013-05-13,7.244277,7.381918,7.179079,7.367430,7.147291,26000
2013-05-14,7.410895,7.512315,7.367430,7.439872,7.217568,23300
2013-05-15,7.396407,7.526804,7.302231,7.512315,7.287847,16100
2013-05-16,7.512315,7.534048,7.425384,7.497827,7.273791,36100
2013-05-17,7.505071,7.534048,7.439872,7.519559,7.294875,48700
2013-05-20,7.483338,7.534048,7.410895,7.468850,7.245680,20900
2013-05-21,7.483338,7.534048,7.367430,7.490582,7.266764,17900
2013-05-22,7.476094,7.534048,7.367430,7.418139,7.196486,28000
2013-05-23,7.374674,7.374674,7.179079,7.309475,7.091068,92600
2013-05-24,7.287743,7.505071,7.229788,7.425384,7.203513,62300
2013-05-28,7.505071,7.606491,7.425384,7.461606,7.238652,69000
2013-05-29,7.439872,7.454361,7.244277,7.338453,7.119180,29200
2013-05-30,7.345697,7.425384,7.273254,7.396407,7.175402,42700
2013-05-31,7.331208,7.367430,7.171834,7.171834,6.957540,84700
2013-06-03,7.222544,7.461606,7.171834,7.425384,7.203513,73700
2013-06-04,7.439872,7.439872,7.186323,7.251521,7.034845,29200
2013-06-05,7.222544,7.323964,7.222544,7.280499,7.062957,12500
2013-06-06,7.258766,7.316720,7.237033,7.316720,7.098096,41400
2013-06-07,7.381918,7.381918,7.193567,7.244277,7.027817,39200
2013-06-10,7.244277,7.244277,7.186323,7.244277,7.027817,26600
2013-06-11,7.164590,7.222544,7.113880,7.171834,6.957540,31100
2013-06-12,7.208055,7.251521,7.179079,7.215300,6.999706,23100
2013-06-13,7.186323,7.381918,7.186323,7.381918,7.161345,21600
2013-06-14,7.389163,7.389163,7.186323,7.200811,6.985651,16800
2013-06-17,7.287743,7.352941,7.179079,7.345697,7.126206,80200
2013-06-18,7.273254,7.360186,7.244277,7.352941,7.133235,116300
2013-06-19,7.331208,7.374674,7.316720,7.323964,7.105124,19700
2013-06-20,7.208055,7.338453,7.200811,7.229788,7.013762,51600
2013-06-21,7.251521,7.389163,7.215300,7.345697,7.126206,188800
2013-06-24,7.266010,7.338453,7.186323,7.266010,7.048902,49000
2013-06-25,7.352941,7.352941,7.237033,7.294987,7.077013,131600
2013-06-26,7.367430,7.454361,7.309475,7.381918,7.161345,57200
2013-06-27,7.432628,7.534048,7.403651,7.534048,7.308930,74900
2013-06-28,7.497827,7.649957,7.483338,7.599247,7.372180,280000
2013-07-01,7.664445,7.664445,7.454361,7.497827,7.273791,43800
2013-07-02,7.468850,7.534048,7.439872,7.497827,7.273791,49900
2013-07-03,7.432628,7.599247,7.425384,7.599247,7.372180,47600
2013-07-05,7.628224,7.896262,7.497827,7.889018,7.653294,103200
2013-07-08,7.874529,7.903506,7.773109,7.802086,7.568960,99100
2013-07-09,7.809330,7.809330,7.686178,7.751377,7.519765,56500
2013-07-10,7.693422,7.780354,7.686178,7.693422,7.463542,54200
2013-07-11,7.751377,7.831063,7.606491,7.664445,7.435431,38300
2013-07-12,7.635468,7.657201,7.606491,7.620979,7.393264,12600
2013-07-15,7.613735,7.657201,7.519559,7.592002,7.365153,176000
2013-07-16,7.592002,7.686178,7.592002,7.664445,7.435431,38700
2013-07-17,7.693422,7.831063,7.693422,7.809330,7.575988,37500
2013-07-18,7.809330,7.831063,7.765865,7.816575,7.583016,31600
2013-07-19,7.751377,7.881773,7.744132,7.845552,7.611128,51000
2013-07-22,7.874529,8.004926,7.845552,7.954216,7.716543,32100
2013-07-23,7.968705,7.983193,7.823819,7.939728,7.702488,39000
2013-07-24,7.896262,7.932483,7.736888,7.787598,7.554904,36900
2013-07-25,7.787598,7.852796,7.715155,7.816575,7.583016,28500
2013-07-26,7.744132,7.744132,7.606491,7.729643,7.498682,21100
2013-07-29,7.707911,7.707911,7.606491,7.613735,7.386238,11800
2013-07-30,7.664445,7.664445,7.447117,7.490582,7.266764,35800
2013-07-31,7.526804,7.686178,7.468850,7.505071,7.280819,45000
2013-08-01,7.592002,7.823819,7.592002,7.816575,7.583016,32000
2013-08-02,7.765865,7.816575,7.584758,7.649957,7.421376,22500
2013-08-05,7.664445,7.664445,7.534048,7.534048,7.308930,23100
2013-08-06,7.534048,7.548537,7.389163,7.396407,7.175402,25200
2013-08-07,7.439872,7.490582,7.418139,7.425384,7.203513,14300
2013-08-08,7.490582,7.490582,7.294987,7.316720,7.098096,19600
2013-08-09,7.323964,7.396407,7.237033,7.302231,7.084040,26500
2013-08-12,7.273254,7.345697,7.258766,7.338453,7.119180,5600
2013-08-13,7.418139,7.461606,7.367430,7.425384,7.203513,17900
2013-08-14,7.447117,7.584758,7.447117,7.534048,7.308930,14000
2013-08-15,7.476094,7.642712,7.447117,7.606491,7.379210,53800
2013-08-16,7.563025,7.649957,7.563025,7.570270,7.344069,20400
2013-08-19,7.606491,7.671690,7.512315,7.512315,7.287847,49000
2013-08-20,7.534048,7.693422,7.512315,7.584758,7.358126,52100
2013-08-21,7.555781,7.606491,7.468850,7.512315,7.287847,36500
2013-08-22,7.534048,7.693422,7.512315,7.657201,7.428403,18400
2013-08-23,7.649957,7.729643,7.563025,7.715155,7.484626,12400
2013-08-26,7.715155,7.736888,7.584758,7.606491,7.379210,21100
2013-08-27,7.519559,7.555781,7.237033,7.251521,7.034845,25800
2013-08-28,7.266010,7.287743,7.164590,7.215300,6.999706,57500
2013-08-29,7.222544,7.258766,7.171834,7.215300,6.999706,39000
2013-08-30,7.186323,7.186323,7.063170,7.084903,6.873206,47800
2013-09-03,7.171834,7.244277,6.918284,6.947262,6.739677,15800
2013-09-04,6.932773,7.034193,6.932773,7.012460,6.802927,19300
2013-09-05,7.005216,7.005216,6.911040,6.925529,6.718594,12500
2013-09-06,6.983483,6.983483,6.657491,6.693712,6.493703,35000
2013-09-09,6.751666,6.911040,6.700956,6.882063,6.676427,17600
2013-09-10,6.896552,6.896552,6.700956,6.867575,6.662372,16200
2013-09-11,6.860330,6.925529,6.824109,6.874819,6.669399,20900
2013-09-12,6.882063,6.882063,6.802376,6.802376,6.599121,9200
2013-09-13,6.831353,6.853086,6.809620,6.824109,6.620204,7000
2013-09-16,6.824109,6.860330,6.802376,6.831353,6.627232,24100
2013-09-17,6.824109,6.853086,6.773399,6.824109,6.620204,21600
2013-09-18,6.831353,6.954506,6.831353,6.903796,6.697511,32900
2013-09-19,6.903796,6.968995,6.860330,6.896552,6.690482,18900
2013-09-20,6.889307,7.135613,6.882063,7.106636,6.894289,77900
2013-09-23,7.135613,7.345697,7.135613,7.215300,6.999706,30900
2013-09-24,7.273254,7.490582,7.258766,7.403651,7.182429,309300
2013-09-25,7.432628,7.497827,7.345697,7.374674,7.154318,23300
2013-09-26,7.410895,7.454361,7.280499,7.403651,7.182429,19300
2013-09-27,7.360186,7.447117,7.352941,7.396407,7.175402,14900
2013-09-30,7.352941,7.454361,7.331208,7.403651,7.182429,31100
2013-10-01,7.425384,7.526804,7.367430,7.519559,7.294875,52000
2013-10-02,7.534048,7.548537,7.425384,7.490582,7.266764,23400
2013-10-03,7.461606,7.497827,7.454361,7.461606,7.238652,22500
2013-10-04,7.447117,7.599247,7.439872,7.534048,7.308930,19000
2013-10-07,7.461606,7.476094,7.461606,7.461606,7.238652,17600
2013-10-08,7.461606,7.526804,7.461606,7.476094,7.252708,21300
2013-10-09,7.476094,7.765865,7.476094,7.577514,7.351097,21300
2013-10-10,7.592002,7.606491,7.476094,7.534048,7.308930,56100
2013-10-11,7.497827,7.946972,7.468850,7.939728,7.702488,40000
2013-10-14,7.823819,7.874529,7.765865,7.823819,7.590044,43700
2013-10-15,7.794842,7.889018,7.744132,7.751377,7.519765,29900
2013-10-16,7.686178,7.809330,7.577514,7.635468,7.407319,54100
2013-10-17,7.606491,7.671690,7.534048,7.606491,7.379210,41900
2013-10-18,7.606491,7.664445,7.476094,7.620979,7.393264,99300
2013-10-21,7.954216,7.968705,7.831063,7.896262,7.660321,129400
2013-10-22,7.881773,7.917995,7.744132,7.751377,7.519765,99100
2013-10-23,7.765865,7.816575,7.642712,7.751377,7.519765,88600
2013-10-24,7.794842,7.794842,7.642712,7.649957,7.421376,47300
2013-10-25,7.606491,7.787598,7.606491,7.729643,7.498682,52300
2013-10-28,7.758621,7.787598,7.693422,7.707911,7.477599,41400
2013-10-29,7.744132,7.787598,7.700666,7.722399,7.491654,60500
2013-10-30,7.700666,7.729643,7.563025,7.599247,7.372180,67200
2013-10-31,7.628224,7.700666,7.606491,7.606491,7.379210,62100
2013-11-01,7.592002,7.671690,7.526804,7.592002,7.365153,294300
2013-11-04,7.635468,7.635468,7.563025,7.584758,7.358126,80000
2013-11-05,7.606491,7.613735,7.548537,7.606491,7.379210,40700
2013-11-06,7.606491,7.606491,7.505071,7.570270,7.344069,24200
2013-11-07,7.563025,7.606491,7.548537,7.555781,7.330014,25800
2013-11-08,7.592002,7.678934,7.584758,7.606491,7.379210,72300
2013-11-11,7.592002,7.599247,7.490582,7.548537,7.322986,57500
2013-11-12,7.548537,7.563025,7.439872,7.497827,7.273791,35000
2013-11-13,7.432628,7.715155,7.432628,7.707911,7.477599,76800
2013-11-14,7.657201,7.664445,7.577514,7.599247,7.372180,32000
2013-11-15,7.584758,7.606491,7.454361,7.534048,7.308930,18300
2013-11-18,7.599247,7.715155,7.432628,7.635468,7.407319,36700
2013-11-19,7.642712,7.642712,7.461606,7.490582,7.266764,69000
2013-11-20,7.505071,7.606491,7.490582,7.599247,7.372180,45600
2013-11-21,7.577514,7.606491,7.548537,7.599247,7.372180,65900
2013-11-22,7.606491,7.613735,7.570270,7.606491,7.379210,69700
2013-11-25,7.570270,7.635468,7.570270,7.606491,7.379210,82900
2013-11-26,7.606491,7.635468,7.548537,7.577514,7.351097,99200
2013-11-27,7.606491,7.606491,7.519559,7.599247,7.372180,32300
2013-11-29,7.606491,7.606491,7.555781,7.563025,7.337041,15700
2013-12-02,7.534048,7.563025,7.403651,7.439872,7.217568,54600
2013-12-03,7.389163,7.490582,7.374674,7.490582,7.266764,53500
2013-12-04,7.439872,7.490582,7.316720,7.396407,7.175402,29800
2013-12-05,7.418139,7.418139,7.331208,7.418139,7.196486,20500
2013-12-06,7.461606,7.773109,7.447117,7.649957,7.421376,980400
2013-12-09,7.700666,7.707911,7.642712,7.686178,7.456515,59900
2013-12-10,7.657201,7.671690,7.483338,7.505071,7.280819,43300
2013-12-11,7.505071,7.519559,7.389163,7.403651,7.182429,41600
2013-12-12,7.425384,7.476094,7.389163,7.425384,7.203513,44800
2013-12-13,7.447117,7.577514,7.425384,7.541292,7.315958,60000
2013-12-16,7.555781,7.657201,7.555781,7.657201,7.428403,92300
2013-12-17,7.635468,7.642712,7.570270,7.570270,7.344069,22300
2013-12-18,7.599247,7.787598,7.519559,7.787598,7.554904,99600
2013-12-19,7.823819,7.896262,7.802086,7.838308,7.604098,103900
2013-12-20,7.867285,8.019415,7.794842,7.997682,7.758711,238100
2013-12-23,7.983193,8.215010,7.946972,8.207766,7.962516,56100
2013-12-24,8.207766,8.388873,8.200521,8.236743,7.990630,39700
2013-12-26,8.236743,8.294697,8.193277,8.207766,7.962516,29200
2013-12-27,8.243987,8.243987,8.033903,8.120834,7.878184,17300
2013-12-30,8.215010,8.512026,8.186033,8.381629,8.131185,67300
2013-12-31,8.367140,8.685888,8.367140,8.425095,8.173353,58500
2014-01-02,8.338162,8.396117,8.258476,8.272964,8.025766,26300
2014-01-03,8.272964,8.519270,8.272964,8.396117,8.145241,93500
2014-01-06,8.446827,8.446827,8.258476,8.272964,8.025766,27800
2014-01-07,8.323674,8.432339,8.294697,8.374384,8.124157,17500
2014-01-08,8.338162,8.396117,8.294697,8.338162,8.089018,20900
2014-01-09,8.374384,8.410605,8.301942,8.338162,8.089018,19100
2014-01-10,8.367140,8.758331,8.309186,8.613445,8.356074,52500
2014-01-13,8.613445,8.613445,8.367140,8.490293,8.236602,39000
2014-01-14,8.425095,8.736598,8.425095,8.591713,8.334991,32000
2014-01-15,8.642423,8.671400,8.359896,8.548247,8.292824,42700
2014-01-16,8.562736,8.569980,8.417850,8.468560,8.215520,19000
2014-01-17,8.483048,8.497537,8.439583,8.468560,8.215520,21100
2014-01-21,8.548247,8.743842,8.367140,8.714866,8.454466,38500
2014-01-22,8.751086,8.823529,8.555491,8.765575,8.503661,34500
2014-01-23,8.693132,8.693132,8.548247,8.591713,8.334991,17500
2014-01-24,8.548247,8.569980,8.439583,8.483048,8.229574,18400
2014-01-27,8.533758,8.533758,8.403361,8.417850,8.166324,15800
2014-01-28,8.417850,8.417850,8.251231,8.309186,8.060907,40300
2014-01-29,8.258476,8.309186,8.243987,8.272964,8.025766,25800
2014-01-30,8.330918,8.338162,8.243987,8.258476,8.011714,41600
2014-01-31,8.294697,8.301942,8.222255,8.280209,8.032796,54300
2014-02-03,8.236743,8.294697,8.099102,8.106346,7.864128,70900
2014-02-04,8.113590,8.338162,7.990438,8.084613,7.843045,25600
2014-02-05,8.099102,8.113590,7.961461,8.048391,7.807905,32100
2014-02-06,8.041147,8.113590,8.041147,8.077369,7.836018,40400
2014-02-07,8.070125,8.084613,7.975949,8.041147,7.800877,28500
2014-02-10,7.925239,8.041147,7.903506,8.012171,7.772767,27300
2014-02-11,8.012171,8.439583,7.990438,8.374384,8.124157,45800
2014-02-12,8.403361,8.439583,8.330918,8.338162,8.089018,21200
2014-02-13,8.309186,8.584468,8.287453,8.577224,8.320936,21200
2014-02-14,8.591713,8.591713,8.454071,8.490293,8.236602,18400
2014-02-18,8.548247,8.548247,8.468560,8.512026,8.257687,18000
2014-02-19,8.497537,8.620689,8.367140,8.425095,8.173353,47300
2014-02-20,8.396117,8.772820,8.359896,8.685888,8.426352,67900
2014-02-21,8.743842,8.743842,8.519270,8.591713,8.334991,40900
2014-02-24,8.577224,8.722110,8.577224,8.613445,8.356074,20900
2014-02-25,8.642423,8.758331,8.620689,8.656911,8.398241,16800
2014-02-26,8.620689,8.845263,8.512026,8.809041,8.545826,35800
2014-02-27,8.809041,8.852507,8.685888,8.816285,8.552854,38500
2014-02-28,8.845263,9.214721,8.526514,9.113300,8.840994,104400
2014-03-03,9.055346,9.250942,8.910460,9.106056,8.833967,29500
2014-03-04,9.229209,10.113010,9.120544,9.924660,9.628110,119800
2014-03-05,9.866705,10.134744,9.794263,10.113010,9.810834,47000
2014-03-06,10.105766,10.141988,10.026079,10.105766,9.803804,33100
2014-03-07,10.141988,10.504202,9.794263,10.482469,10.169251,56000
2014-03-10,10.475224,10.576645,10.323094,10.576645,10.260615,46600
2014-03-11,10.627355,10.649087,10.395537,10.540423,10.225476,29100
2014-03-12,10.540423,10.576645,10.431759,10.533178,10.218448,52500
2014-03-13,10.576645,10.808461,10.489713,10.627355,10.309808,52400
2014-03-14,10.554912,10.837439,10.554912,10.721530,10.401171,20000
2014-03-17,10.815705,11.047523,10.576645,10.967835,10.640118,41900
2014-03-18,10.866416,11.221385,10.866416,11.156187,10.822839,80700
2014-03-19,11.221385,11.221385,10.982324,11.069255,10.738504,45900
2014-03-20,11.054767,11.083744,10.547668,11.083744,10.752562,36800
2014-03-21,11.083744,11.083744,10.873660,10.880904,10.555781,131400
2014-03-24,10.873660,11.004057,10.707042,10.837439,10.513614,38500
2014-03-25,10.866416,10.938858,10.801217,10.880904,10.555781,28400
2014-03-26,10.975080,11.011301,10.547668,10.670820,10.351976,47700
2014-03-27,10.714286,10.786729,10.576645,10.656331,10.337918,56700
2014-03-28,10.627355,10.851927,10.511446,10.612865,10.295754,65500
2014-03-31,10.685308,10.844683,10.504202,10.707042,10.387115,165900
2014-04-01,10.699798,10.866416,10.612865,10.714286,10.394143,29900
2014-04-02,10.714286,10.859171,10.656331,10.801217,10.478478,25900
2014-04-03,10.504202,10.714286,10.504202,10.649087,10.330892,48500
2014-04-04,10.750507,10.750507,10.504202,10.547668,10.232504,50700
2014-04-07,10.525934,10.641843,10.431759,10.591133,10.274669,41100
2014-04-08,10.540423,10.779484,10.540423,10.605621,10.288727,32500
2014-04-09,10.670820,10.757751,10.576645,10.685308,10.366031,50200
2014-04-10,10.634599,10.634599,10.547668,10.554912,10.239532,44700
2014-04-11,10.446247,10.764996,10.446247,10.511446,10.197363,29100
2014-04-14,10.649087,10.649087,10.475224,10.547668,10.232504,30300
2014-04-15,10.627355,10.627355,10.446247,10.562156,10.246558,38700
2014-04-16,10.649087,10.649087,10.417271,10.453492,10.141141,42600
2014-04-17,10.402781,10.598377,10.402781,10.504202,10.190336,13600
2014-04-21,10.475224,10.547668,10.417271,10.475224,10.162225,23800
2014-04-22,10.533178,10.533178,10.446247,10.482469,10.169251,12200
2014-04-23,10.467980,10.504202,10.395537,10.410027,10.098974,18300
2014-04-24,10.460736,10.649087,10.446247,10.612865,10.295754,51300
2014-04-25,10.605621,10.656331,10.294118,10.467980,10.155196,82900
2014-04-28,10.489713,10.634599,10.170965,10.489713,10.176280,31700
2014-04-29,10.583889,10.583889,10.475224,10.525934,10.211420,37600
2014-04-30,10.467980,10.627355,10.439003,10.562156,10.246558,46100
2014-05-01,10.496958,10.554912,10.214431,10.373805,10.063837,90800
2014-05-02,10.323094,10.605621,10.243407,10.308606,10.000585,46500
2014-05-05,10.207187,10.467980,10.192698,10.207187,9.902197,36800
2014-05-06,10.141988,10.279629,9.968125,9.982614,9.684333,47300
2014-05-07,9.837729,10.199942,9.787018,10.004347,9.705417,30300
2014-05-08,10.040568,10.098522,9.866705,9.873950,9.578916,38900
2014-05-09,9.815995,10.055057,9.815995,9.960881,9.663251,68300
2014-05-12,10.120255,10.243407,10.069545,10.105766,9.803804,52300
2014-05-13,10.105766,10.221675,9.873950,9.888438,9.592972,54800
2014-05-14,9.910171,9.960881,9.692842,9.707332,9.417276,62100
2014-05-15,9.634889,9.729064,9.395827,9.656621,9.368079,47200
2014-05-16,9.620399,9.808751,9.562446,9.794263,9.501613,45600
2014-05-19,9.743552,9.989858,9.743552,9.888438,9.592972,58200
2014-05-20,9.844973,10.055057,9.837729,9.852217,9.557831,125200
2014-05-21,9.852217,9.946392,9.852217,9.888438,9.592972,88400
2014-05-22,9.852217,9.924660,9.852217,9.910171,9.614055,88300
2014-05-23,9.873950,10.062301,9.852217,10.047812,9.747584,77300
2014-05-27,10.127500,10.359316,10.127500,10.301362,9.993556,31100
2014-05-28,10.228919,10.352072,10.141988,10.228919,9.923280,21600
2014-05-29,10.294118,10.294118,10.149232,10.163721,9.860029,17800
2014-05-30,10.214431,10.467980,10.214431,10.301362,9.993556,38700
2014-06-02,10.286874,10.344828,10.214431,10.214431,9.909223,23600
2014-06-03,10.120255,10.301362,10.120255,10.214431,9.909223,27000
2014-06-04,10.156476,10.286874,10.156476,10.221675,9.916252,34300
2014-06-05,10.192698,10.569400,10.192698,10.562156,10.246558,24500
2014-06-06,10.576645,10.757751,10.511446,10.743263,10.422255,48500
2014-06-09,10.786729,10.866416,10.743263,10.859171,10.534700,58200
2014-06-10,10.866416,11.004057,10.743263,10.960591,10.633090,48100
2014-06-11,10.866416,10.946102,10.866416,10.880904,10.555781,32500
2014-06-12,10.866416,10.938858,10.830194,10.880904,10.555781,57500
2014-06-13,10.946102,10.946102,10.851927,10.880904,10.555781,29800
2014-06-16,10.866416,10.938858,10.866416,10.909882,10.583894,35700
2014-06-17,10.873660,10.931614,10.866416,10.917126,10.590921,31300
2014-06-18,10.931614,10.975080,10.866416,10.924370,10.597948,30300
2014-06-19,10.953347,10.996813,10.866416,10.909882,10.583894,31000
2014-06-20,10.938858,11.011301,10.866416,10.967835,10.640118,215700
2014-06-23,10.938858,10.975080,10.866416,10.880904,10.555781,99200
2014-06-24,10.866416,10.960591,10.866416,10.888148,10.562809,34900
2014-06-25,10.866416,11.018545,10.837439,10.996813,10.668226,47400
2014-06-26,11.018545,11.018545,10.946102,10.975080,10.647144,15400
2014-06-27,10.895392,11.264851,10.895392,11.119966,10.787701,276400
2014-06-30,11.047523,11.047523,10.888148,10.967835,10.640118,27400
2014-07-01,11.047523,11.264851,11.047523,11.214141,10.879063,64100
2014-07-02,11.250362,11.264851,11.069255,11.141698,10.808783,41200
2014-07-03,11.163431,11.257607,11.134454,11.243118,10.907174,12200
2014-07-07,11.090988,11.257607,11.004057,11.018545,10.689312,60000
2014-07-08,11.033034,11.156187,10.917126,11.018545,10.689312,32000
2014-07-09,11.011301,11.018545,10.938858,10.967835,10.640118,69400
2014-07-10,10.866416,11.062011,10.866416,11.025789,10.696339,74500
2014-07-11,10.967835,10.975080,10.917126,10.975080,10.647144,79200
2014-07-14,11.047523,11.090988,10.938858,10.967835,10.640118,23300
2014-07-15,10.996813,10.996813,10.866416,10.967835,10.640118,74100
2014-07-16,11.011301,11.011301,10.902637,10.960591,10.633090,39600
2014-07-17,10.938858,10.975080,10.866416,10.938858,10.612007,57000
2014-07-18,10.924370,11.062011,10.909882,10.967835,10.640118,34900
2014-07-21,10.938858,10.982324,10.895392,10.975080,10.647144,32500
2014-07-22,11.011301,11.105476,10.982324,11.054767,10.724450,147000
2014-07-23,11.069255,11.119966,11.004057,11.076500,10.745533,327700
2014-07-24,11.076500,11.192408,10.902637,10.909882,10.583894,24000
2014-07-25,10.975080,10.975080,10.866416,10.909882,10.583894,49000
2014-07-28,10.960591,11.033034,10.880904,10.888148,10.562809,81300
2014-07-29,10.946102,10.996813,10.880904,10.909882,10.583894,30200
2014-07-30,10.946102,10.996813,10.938858,10.975080,10.647144,24200
2014-07-31,10.938858,11.119966,10.895392,10.917126,10.590921,115800
2014-08-01,10.982324,11.076500,10.764996,10.866416,10.541726,77300
2014-08-04,10.938858,10.996813,10.620111,10.851927,10.527671,33600
2014-08-05,10.830194,11.004057,10.612865,11.004057,10.675255,30700
2014-08-06,10.895392,11.083744,10.895392,11.054767,10.724450,28700
2014-08-07,11.076500,11.112720,10.931614,11.083744,10.752562,14900
2014-08-08,11.047523,11.156187,11.047523,11.134454,10.801757,18000
2014-08-11,11.214141,11.264851,11.163431,11.228629,10.893117,20100
2014-08-12,11.134454,11.264851,11.090988,11.148942,10.815811,29600
2014-08-13,11.119966,11.243118,10.931614,11.156187,10.822839,45600
2014-08-14,11.148942,11.264851,10.946102,11.257607,10.921227,37200
2014-08-15,11.344538,11.750217,11.177919,11.561866,11.216398,138700
2014-08-18,11.692263,11.757462,11.445958,11.576355,11.230453,44800
2014-08-19,11.576355,11.656042,11.525644,11.576355,11.230453,71000
2014-08-20,11.605331,11.605331,11.438713,11.503912,11.160172,19100
2014-08-21,11.453202,11.554622,11.445958,11.496668,11.153146,23300
2014-08-22,11.503912,11.540133,11.301072,11.388003,11.047729,21300
2014-08-25,11.416981,11.627065,11.373515,11.402492,11.061785,13900
2014-08-26,11.373515,11.576355,11.272095,11.489424,11.146119,28200
2014-08-27,11.619821,11.619821,11.409737,11.416981,11.075842,9200
2014-08-28,11.409737,11.424225,11.272095,11.315560,10.977449,13100
2014-08-29,11.315560,11.416981,11.264851,11.337294,10.998534,17300
2014-09-02,11.409737,11.590843,11.373515,11.409737,11.068811,37600
2014-09-03,11.409737,11.409737,10.859171,11.301072,10.963396,89300
2014-09-04,11.409737,11.409737,11.235873,11.235873,10.900144,10200
2014-09-05,11.482179,11.554622,10.938858,11.004057,10.675255,186700
2014-09-08,10.967835,11.011301,10.902637,11.011301,10.682282,40400
2014-09-09,10.996813,11.011301,10.822949,10.866416,10.541726,44800
2014-09-10,10.851927,10.859171,10.598377,10.808461,10.485505,66800
2014-09-11,10.750507,10.866416,10.750507,10.859171,10.534700,24700
2014-09-12,10.866416,10.866416,10.453492,10.540423,10.225476,72700
2014-09-15,10.460736,10.540423,10.228919,10.243407,9.937332,68800
2014-09-16,10.228919,10.286874,10.185453,10.185453,9.881112,29200
2014-09-17,10.127500,10.279629,10.127500,10.243407,9.937332,50600
2014-09-18,10.221675,10.366560,10.178209,10.315850,10.007613,28000
2014-09-19,10.308606,10.308606,10.120255,10.141988,9.838946,69800
2014-09-22,10.120255,10.149232,10.047812,10.055057,9.754611,29400
2014-09-23,10.055057,10.149232,9.852217,9.866705,9.571888,48000
2014-09-24,9.917416,10.026079,9.859461,9.924660,9.628110,28000
2014-09-25,9.939148,9.939148,9.772530,9.794263,9.501613,38300
2014-09-26,9.844973,9.924660,9.823239,9.859461,9.564859,21800
2014-09-29,9.663865,9.852217,9.663865,9.736308,9.445387,21800
2014-09-30,9.758041,9.852217,9.649377,9.656621,9.368079,41500
2014-10-01,9.685598,9.852217,9.620399,9.620399,9.332942,27600
2014-10-02,9.815995,9.852217,9.620399,9.765285,9.473498,18200
2014-10-03,9.852217,9.866705,9.605911,9.656621,9.368079,28800
2014-10-06,9.656621,9.656621,9.562446,9.598667,9.311859,44500
2014-10-07,9.569690,9.605911,9.439293,9.497247,9.213467,33100
2014-10-08,9.511736,9.801507,9.461026,9.736308,9.445387,31700
2014-10-09,9.758041,9.801507,9.468270,9.511736,9.227526,46900
2014-10-10,9.439293,9.540713,9.395827,9.410316,9.129136,37400
2014-10-13,9.432049,9.685598,9.149522,9.482759,9.199413,31800
2014-10-14,9.490003,9.721820,9.410316,9.663865,9.375108,49100
2014-10-15,9.518980,9.881194,9.388583,9.787018,9.494581,42200
2014-10-16,9.685598,9.779774,9.497247,9.750797,9.459444,39600
2014-10-17,9.779774,9.815995,9.642133,9.758041,9.466472,33200
2014-10-20,9.750797,9.750797,9.468270,9.540713,9.255636,22000
2014-10-21,9.613155,9.634889,9.555202,9.627645,9.339971,11100
2014-10-22,9.518980,9.634889,9.490003,9.504492,9.220496,17300
2014-10-23,9.620399,9.642133,9.518980,9.620399,9.332942,17800
2014-10-24,9.627645,9.642133,9.490003,9.569690,9.283749,18900
2014-10-27,9.562446,9.634889,9.490003,9.634889,9.346998,24400
2014-10-28,9.700087,10.265141,9.700087,10.250652,9.944362,54100
2014-10-29,10.141988,10.279629,10.113010,10.207187,9.902197,31600
2014-10-30,10.149232,10.344828,10.149232,10.323094,10.014640,48400
2014-10-31,10.323094,10.330339,10.243407,10.315850,10.007613,38600
2014-11-03,10.214431,10.352072,10.105766,10.163721,9.860029,26600
2014-11-04,10.098522,10.243407,10.098522,10.199942,9.895167,23100
2014-11-05,10.250652,10.323094,10.178209,10.323094,10.014640,28800
2014-11-06,10.301362,10.525934,10.207187,10.525934,10.211420,26000
2014-11-07,10.562156,10.605621,10.395537,10.467980,10.155196,40900
2014-11-10,10.424515,10.656331,10.424515,10.634599,10.316836,39400
2014-11-11,10.634599,10.757751,10.554912,10.685308,10.366031,50300
2014-11-12,10.656331,10.822949,10.569400,10.801217,10.478478,18600
2014-11-13,10.808461,10.851927,10.663576,10.714286,10.394143,20900
2014-11-14,10.714286,10.757751,10.562156,10.721530,10.401171,21200
2014-11-17,10.692553,10.692553,10.467980,10.467980,10.155196,13300
2014-11-18,10.525934,10.670820,10.525934,10.569400,10.253586,12000
2014-11-19,10.467980,10.591133,10.467980,10.496958,10.183309,17300
2014-11-20,10.431759,10.431759,10.105766,10.265141,9.958416,10600
2014-11-21,10.395537,10.475224,10.286874,10.286874,9.979502,15100
2014-11-24,10.286874,10.525934,10.279629,10.525934,10.211420,16100
2014-11-25,10.467980,10.605621,10.431759,10.467980,10.155196,11800
2014-11-26,10.547668,10.591133,10.439003,10.482469,10.169251,8000
2014-11-28,10.439003,10.504202,10.250652,10.250652,9.944362,12800
2014-12-01,10.272385,10.366560,10.170965,10.178209,9.874084,18300
2014-12-02,10.547668,10.547668,10.207187,10.286874,9.979502,22900
2014-12-03,10.265141,10.344828,10.265141,10.301362,9.993556,21500
2014-12-04,10.207187,10.344828,10.163721,10.315850,10.007613,16400
2014-12-05,10.294118,10.612865,10.033323,10.055057,9.754611,73800
2014-12-08,10.040568,10.149232,10.004347,10.069545,9.768666,14700
2014-12-09,10.004347,10.141988,9.859461,10.141988,9.838946,44100
2014-12-10,10.127500,10.141988,10.040568,10.047812,9.747584,17900
2014-12-11,10.076789,10.141988,10.004347,10.026079,9.726499,14300
2014-12-12,9.902926,10.113010,9.902926,10.011591,9.712442,23600
2014-12-15,9.497247,10.141988,9.497247,9.844973,9.550804,30900
2014-12-16,9.787018,10.141988,9.787018,10.040568,9.740556,28700
2014-12-17,10.062301,10.141988,9.989858,10.141988,9.838946,29600
2014-12-18,10.141988,10.141988,10.047812,10.141988,9.838946,36400
2014-12-19,10.113010,10.207187,9.881194,9.931904,9.635136,132300
2014-12-22,9.968125,10.120255,9.830484,10.120255,9.817862,25600
2014-12-23,10.120255,10.141988,9.504492,10.127500,9.824890,16400
2014-12-24,10.141988,10.141988,10.076789,10.076789,9.775694,4500
2014-12-26,10.141988,10.141988,10.098522,10.127500,9.824890,9300
2014-12-29,10.120255,10.134744,10.040568,10.120255,9.817862,26700
2014-12-30,10.062301,10.134744,9.975369,10.033323,9.733527,10300
2014-12-31,9.997103,10.018835,9.946392,9.960881,9.663251,22700
2015-01-02,10.033323,10.033323,9.779774,9.888438,9.592972,7200
2015-01-05,9.685598,10.018835,9.685598,9.830484,9.536749,13300
2015-01-06,9.823239,9.939148,9.634889,9.779774,9.487554,16700
2015-01-07,9.823239,9.852217,9.772530,9.852217,9.557831,7000
2015-01-08,9.873950,10.047812,9.772530,10.011591,9.712442,6600
2015-01-09,9.982614,9.982614,9.881194,9.881194,9.585943,6600
2015-01-12,9.837729,9.852217,9.678354,9.721820,9.431331,18200
2015-01-13,9.779774,9.852217,9.714576,9.794263,9.501613,13200
2015-01-14,9.794263,9.881194,9.613155,9.772530,9.480524,10800
2015-01-15,9.837729,9.837729,9.692842,9.729064,9.438360,12300
2015-01-16,9.671110,9.910171,9.671110,9.910171,9.614055,12800
2015-01-20,9.902926,9.902926,9.692842,9.707332,9.417276,9000
2015-01-21,9.678354,9.815995,9.671110,9.801507,9.508639,8500
2015-01-22,9.888438,9.997103,9.815995,9.997103,9.698391,19800
2015-01-23,9.997103,9.997103,9.910171,9.946392,9.649193,7400
2015-01-26,9.924660,9.975369,9.844973,9.939148,9.642166,12600
2015-01-27,9.946392,9.968125,9.873950,9.902926,9.607027,9200
2015-01-28,9.982614,9.982614,9.634889,9.649377,9.361054,71100
2015-01-29,9.634889,9.649377,9.526224,9.598667,9.311859,61200
2015-01-30,9.526224,9.598667,9.417561,9.417561,9.136164,34800
2015-02-02,9.526224,9.627645,9.511736,9.598667,9.311859,67600
2015-02-03,9.576934,9.656621,9.555202,9.591423,9.304831,56700
2015-02-04,9.598667,9.663865,9.555202,9.591423,9.304831,65200
2015-02-05,9.598667,9.605911,9.584179,9.598667,9.311859,17300
2015-02-06,9.598667,9.939148,9.598667,9.765285,9.473498,61000
2015-02-09,9.634889,9.765285,9.627645,9.656621,9.368079,47300
2015-02-10,9.656621,9.721820,9.569690,9.692842,9.403218,44300
2015-02-11,9.649377,9.656621,9.490003,9.584179,9.297805,29400
2015-02-12,9.598667,9.649377,9.598667,9.649377,9.361054,53300
2015-02-13,9.634889,9.794263,9.634889,9.765285,9.473498,13400
2015-02-17,9.801507,9.946392,9.685598,9.736308,9.445387,38000
2015-02-18,9.852217,9.852217,9.642133,9.685598,9.396192,10400
2015-02-19,9.692842,9.692842,9.547957,9.576934,9.290774,117800
2015-02-20,9.605911,9.700087,9.591423,9.692842,9.403218,32200
2015-02-23,9.649377,9.743552,9.642133,9.729064,9.438360,4700
2015-02-24,9.873950,9.873950,9.656621,9.663865,9.375108,7800
2015-02-25,9.656621,9.736308,9.634889,9.663865,9.375108,3800
2015-02-26,9.656621,9.721820,9.598667,9.605911,9.318886,10800
2015-02-27,9.627645,9.692842,9.598667,9.620399,9.332942,9200
2015-03-02,9.627645,9.692842,9.620399,9.642133,9.354026,8400
2015-03-03,9.649377,9.844973,9.620399,9.707332,9.417276,21100
2015-03-04,9.634889,9.758041,9.634889,9.692842,9.403218,19400
2015-03-05,9.656621,9.714576,9.634889,9.692842,9.403218,11500
2015-03-06,9.598667,9.700087,9.576934,9.656621,9.368079,22000
2015-03-09,9.598667,9.685598,9.598667,9.685598,9.396192,14900
2015-03-10,9.656621,9.787018,9.642133,9.692842,9.403218,16100
2015-03-11,9.634889,9.815995,9.634889,9.794263,9.501613,23100
2015-03-12,9.866705,10.069545,9.823239,10.055057,9.754611,15300
2015-03-13,10.069545,10.250652,9.924660,10.199942,9.895167,14700
2015-03-16,10.236163,10.236163,10.026079,10.141988,9.838946,13400
2015-03-17,10.084034,10.207187,10.033323,10.113010,9.810834,14800
2015-03-18,10.127500,10.192698,9.997103,10.047812,9.747584,29500
2015-03-19,9.982614,9.989858,9.866705,9.924660,9.628110,14900
2015-03-20,9.939148,10.033323,9.939148,10.011591,9.712442,48800
2015-03-23,10.156476,10.156476,9.844973,9.975369,9.677306,23300
2015-03-24,10.069545,10.127500,9.910171,10.091278,9.789751,11800
2015-03-25,10.047812,10.084034,9.960881,10.026079,9.726499,26600
2015-03-26,9.989858,10.178209,9.953636,10.011591,9.712442,20600
2015-03-27,10.004347,10.076789,9.960881,10.004347,9.705417,13600
2015-03-30,9.917416,9.968125,9.910171,9.960881,9.663251,20700
2015-03-31,9.772530,9.852217,9.743552,9.837729,9.543777,21900
2015-04-01,9.772530,9.866705,9.743552,9.823239,9.529719,20900
2015-04-02,9.823239,9.852217,9.787018,9.837729,9.543777,25500
2015-04-06,9.787018,9.837729,9.743552,9.765285,9.473498,27200
2015-04-07,9.736308,9.772530,9.721820,9.729064,9.438360,31800
2015-04-08,9.721820,9.815995,9.692842,9.729064,9.438360,58000
2015-04-09,9.743552,9.772530,9.700087,9.743552,9.452416,64500
2015-04-10,9.750797,9.772530,9.649377,9.750797,9.459444,27800
2015-04-13,9.758041,9.844973,9.743552,9.815995,9.522692,52500
2015-04-14,9.830484,9.917416,9.779774,9.917416,9.621084,62200
2015-04-15,9.881194,9.953636,9.830484,9.844973,9.550804,83500
2015-04-16,9.844973,9.895682,9.794263,9.844973,9.550804,28100
2015-04-17,9.787018,9.873950,9.787018,9.801507,9.508639,72300
2015-04-20,9.830484,9.888438,9.787018,9.837729,9.543777,43100
2015-04-21,9.787018,9.808751,9.656621,9.736308,9.445387,44800
2015-04-22,9.678354,9.758041,9.649377,9.758041,9.466472,44800
2015-04-23,9.714576,9.815995,9.707332,9.794263,9.501613,36200
2015-04-24,9.779774,9.852217,9.779774,9.844973,9.550804,22600
2015-04-27,9.844973,9.844973,9.729064,9.765285,9.473498,77900
2015-04-28,9.837729,9.837729,9.743552,9.772530,9.480524,57900
2015-04-29,9.779774,9.787018,9.707332,9.714576,9.424304,27100
2015-04-30,9.700087,9.714576,9.562446,9.663865,9.375108,48600
2015-05-01,9.642133,9.743552,9.576934,9.620399,9.332942,26900
2015-05-04,9.591423,9.721820,9.591423,9.721820,9.431331,30400
2015-05-05,9.671110,9.736308,9.504492,9.627645,9.339971,27200
2015-05-06,9.649377,9.736308,9.649377,9.707332,9.417276,36000
2015-05-07,9.721820,9.772530,9.591423,9.678354,9.389165,36300
2015-05-08,9.700087,9.721820,9.642133,9.707332,9.417276,27800
2015-05-11,9.700087,9.743552,9.656621,9.678354,9.389165,19100
2015-05-12,9.613155,9.714576,9.605911,9.707332,9.417276,27400
2015-05-13,9.678354,9.714576,9.649377,9.692842,9.403218,21300
2015-05-14,10.141988,10.511446,10.105766,10.467980,10.155196,1758600
2015-05-15,14.640000,14.900000,14.570000,14.790000,14.348075,1488500
2015-05-18,14.770000,14.820000,14.590000,14.590000,14.154052,548600
2015-05-19,10.600000,10.720000,10.570000,10.720000,10.399686,22812700
2015-05-20,10.750000,10.800000,10.650000,10.800000,10.477297,4097600
2015-05-21,10.750000,10.940000,10.740000,10.900000,10.574308,4023400
2015-05-22,10.940000,11.010000,10.830000,10.900000,10.574308,3041100
2015-05-26,10.920000,10.940000,10.720000,10.800000,10.477297,1422600
2015-05-27,10.900000,10.930000,10.830000,10.890000,10.564606,1695600
2015-05-28,10.900000,10.950000,10.850000,10.950000,10.622813,1806800
2015-05-29,10.950000,10.960000,10.830000,10.870000,10.545205,1413600
2015-06-01,10.900000,10.920000,10.720000,10.820000,10.496698,1320100
2015-06-02,10.810000,10.870000,10.800000,10.840000,10.516099,1264600
2015-06-03,10.830000,10.870000,10.760000,10.850000,10.525801,955800
2015-06-04,10.800000,10.900000,10.800000,10.890000,10.564606,1350300
2015-06-05,10.860000,10.900000,10.850000,10.890000,10.564606,1754900
2015-06-08,10.840000,10.990000,10.840000,10.990000,10.661618,2274700
2015-06-09,10.950000,10.990000,10.950000,10.990000,10.661618,1660200
2015-06-10,10.990000,11.050000,10.980000,11.050000,10.719827,1538900
2015-06-11,11.050000,11.110000,11.030000,11.110000,10.778033,841300
2015-06-12,11.080000,11.260000,11.080000,11.210000,10.875046,1273900
2015-06-15,11.230000,11.450000,11.200000,11.440000,11.098171,1918500
2015-06-16,11.430000,11.500000,11.330000,11.450000,11.107872,1778000
2015-06-17,11.450000,11.500000,11.330000,11.390000,11.049668,1249900
2015-06-18,11.380000,11.420000,11.320000,11.390000,11.049668,1199900
2015-06-19,11.390000,11.420000,11.260000,11.260000,10.923552,3687100
2015-06-22,11.290000,11.430000,11.240000,11.410000,11.069070,1294100
2015-06-23,11.370000,11.440000,11.300000,11.330000,10.991458,1138000
2015-06-24,11.320000,11.460000,11.290000,11.320000,10.981756,906800
2015-06-25,11.360000,11.390000,11.230000,11.380000,11.039967,1348500
2015-06-26,11.380000,11.440000,11.200000,11.300000,10.962356,10204000
2015-06-29,11.300000,11.320000,11.050000,11.090000,10.758632,1790600
2015-06-30,11.140000,11.180000,11.070000,11.160000,10.826539,1021100
2015-07-01,11.200000,11.350000,11.140000,11.330000,10.991458,1156500
2015-07-02,11.340000,11.410000,11.220000,11.390000,11.049668,1224100
2015-07-06,11.290000,11.470000,11.150000,11.470000,11.127276,1048500
2015-07-07,11.440000,11.460000,11.280000,11.350000,11.010863,702800
2015-07-08,11.310000,11.410000,11.310000,11.390000,11.049668,689500
2015-07-09,11.450000,11.510000,11.390000,11.470000,11.127276,1105600
2015-07-10,11.500000,11.580000,11.490000,11.560000,11.214586,805600
2015-07-13,11.600000,11.600000,11.510000,11.530000,11.185482,458200
2015-07-14,11.500000,11.580000,11.480000,11.560000,11.214586,412600
2015-07-15,11.560000,11.650000,11.540000,11.580000,11.233988,824200
2015-07-16,11.650000,11.680000,11.540000,11.600000,11.253392,901600
2015-07-17,11.610000,11.630000,11.460000,11.540000,11.195184,764100
2015-07-20,11.540000,11.670000,11.510000,11.640000,11.292197,602700
2015-07-21,11.600000,11.660000,11.510000,11.560000,11.214586,460400
2015-07-22,11.530000,11.670000,11.530000,11.630000,11.282495,470800
2015-07-23,11.590000,11.630000,11.410000,11.460000,11.117574,502200
2015-07-24,11.420000,11.520000,11.320000,11.330000,10.991458,431800
2015-07-27,11.310000,11.350000,11.220000,11.300000,10.962356,425500
2015-07-28,11.340000,11.520000,11.270000,11.390000,11.049668,706400
2015-07-29,11.360000,11.410000,11.270000,11.290000,10.952655,445000
2015-07-30,11.220000,11.310000,11.130000,11.280000,10.942952,453400
2015-07-31,11.050000,11.320000,11.050000,11.150000,10.816837,670900
2015-08-03,11.170000,11.220000,11.070000,11.120000,10.787733,653200
2015-08-04,11.150000,11.260000,11.100000,11.150000,10.816837,533000
2015-08-05,11.150000,11.470000,11.150000,11.390000,11.049668,611100
2015-08-06,11.420000,11.470000,11.250000,11.450000,11.107872,552700
2015-08-07,11.400000,11.500000,11.280000,11.420000,11.078769,423400
2015-08-10,11.430000,11.520000,11.390000,11.480000,11.136976,591900
2015-08-11,11.480000,11.580000,11.410000,11.580000,11.233988,507100
2015-08-12,11.560000,11.580000,11.370000,11.500000,11.156380,1297500
2015-08-13,11.550000,11.560000,11.450000,11.520000,11.175781,795500
2015-08-14,11.470000,11.560000,11.470000,11.550000,11.204885,533100
2015-08-17,11.630000,11.790000,11.630000,11.770000,11.418312,1344100
2015-08-18,11.750000,11.860000,11.700000,11.780000,11.428012,506000
2015-08-19,11.810000,11.810000,11.690000,11.690000,11.340703,305900
2015-08-20,11.650000,11.660000,11.480000,11.490000,11.146678,847300
2015-08-21,11.350000,11.570000,11.340000,11.440000,11.098171,781600
2015-08-24,11.250000,11.360000,11.060000,11.100000,10.768332,844300
2015-08-25,11.250000,11.250000,11.010000,11.090000,10.758632,872400
2015-08-26,11.270000,11.340000,11.110000,11.310000,10.972058,1084700
2015-08-27,11.330000,11.410000,11.190000,11.350000,11.010863,544300
2015-08-28,11.300000,11.340000,11.210000,11.310000,10.972058,471200
2015-08-31,11.250000,11.380000,11.250000,11.350000,11.010863,363500
2015-09-01,11.250000,11.340000,11.170000,11.260000,10.923552,781800
2015-09-02,11.330000,11.430000,11.280000,11.360000,11.020562,381600
2015-09-03,11.400000,11.400000,11.250000,11.300000,10.962356,279000
2015-09-04,11.220000,11.380000,11.220000,11.350000,11.010863,484400
2015-09-08,11.450000,11.450000,11.090000,11.310000,10.972058,1704000
2015-09-09,11.310000,11.420000,11.310000,11.400000,11.059368,869800
2015-09-10,11.400000,11.440000,11.320000,11.340000,11.020494,929500
2015-09-11,11.300000,11.370000,11.150000,11.210000,10.894157,537200
2015-09-14,11.220000,11.260000,11.150000,11.250000,10.933030,480400
2015-09-15,11.280000,11.320000,11.190000,11.300000,10.981622,611300
2015-09-16,11.340000,11.490000,11.250000,11.320000,11.001060,826400
2015-09-17,11.300000,11.570000,11.260000,11.310000,10.991341,1121000
2015-09-18,11.230000,11.900000,11.190000,11.850000,11.516127,4011800
2015-09-21,11.650000,11.720000,11.530000,11.700000,11.370352,903700
2015-09-22,11.610000,11.730000,11.500000,11.600000,11.273172,505700
2015-09-23,11.590000,11.820000,11.590000,11.760000,11.428662,778300
2015-09-24,11.760000,11.790000,11.670000,11.740000,11.409225,828200
2015-09-25,11.780000,11.810000,11.570000,11.570000,11.244015,667000
2015-09-28,11.580000,11.630000,11.430000,11.490000,11.166267,829300
2015-09-29,11.550000,11.590000,11.420000,11.480000,11.156550,700400
2015-09-30,11.500000,11.540000,11.380000,11.470000,11.146833,609800
2015-10-01,11.490000,11.550000,11.340000,11.410000,11.088523,621000
2015-10-02,11.350000,11.410000,11.230000,11.400000,11.078803,769200
2015-10-05,11.450000,11.570000,11.440000,11.500000,11.175986,372200
2015-10-06,11.500000,11.510000,11.370000,11.470000,11.146833,432100
2015-10-07,11.500000,11.800000,11.450000,11.780000,11.448097,963200
2015-10-08,11.750000,11.850000,11.740000,11.850000,11.516127,718600
2015-10-09,11.900000,11.960000,11.750000,11.770000,11.438381,502700
2015-10-12,11.800000,11.950000,11.740000,11.880000,11.545280,363700
2015-10-13,11.850000,11.900000,11.740000,11.760000,11.428662,373600
2015-10-14,11.790000,11.820000,11.650000,11.700000,11.370352,358400
2015-10-15,11.760000,11.900000,11.750000,11.890000,11.555000,268800
2015-10-16,11.900000,11.950000,11.820000,11.930000,11.593872,407500
2015-10-19,11.890000,11.950000,11.860000,11.930000,11.593872,239900
2015-10-20,11.960000,12.000000,11.910000,11.980000,11.642464,377200
2015-10-21,11.980000,12.000000,11.800000,11.820000,11.486972,207600
2015-10-22,11.820000,12.000000,11.820000,11.960000,11.623027,308300
2015-10-23,11.990000,12.000000,11.850000,12.000000,11.661900,282800
2015-10-26,12.000000,12.060000,11.950000,12.010000,11.671618,234800
2015-10-27,11.980000,12.080000,11.890000,11.970000,11.632746,269500
2015-10-28,12.000000,12.180000,11.940000,12.110000,11.768799,694800
2015-10-29,12.110000,12.180000,11.950000,12.050000,11.710490,487700
2015-10-30,12.080000,12.080000,11.850000,11.950000,11.613309,293200
2015-11-02,11.960000,12.250000,11.960000,12.200000,11.856265,433400
2015-11-03,12.170000,12.240000,12.040000,12.100000,11.759083,407800
2015-11-04,12.120000,12.180000,12.090000,12.160000,11.817391,289000
2015-11-05,12.170000,12.250000,12.120000,12.210000,11.865982,168200
2015-11-06,12.220000,12.250000,12.030000,12.220000,11.875701,302200
2015-11-09,12.240000,12.240000,12.080000,12.150000,11.807673,202000
2015-11-10,12.180000,12.360000,12.140000,12.320000,11.972882,610200
2015-11-11,12.330000,12.390000,12.110000,12.220000,11.875701,636500
2015-11-12,12.180000,12.210000,11.990000,12.000000,11.661900,511900
2015-11-13,11.930000,12.040000,11.860000,11.940000,11.603589,472800
2015-11-16,11.970000,12.150000,11.860000,12.140000,11.797956,382200
2015-11-17,12.200000,12.290000,11.990000,12.060000,11.720210,366600
2015-11-18,12.100000,12.270000,12.030000,12.250000,11.904855,323500
2015-11-19,12.190000,12.300000,12.180000,12.250000,11.904855,392600
2015-11-20,12.290000,12.300000,12.190000,12.230000,11.885418,201800
2015-11-23,12.180000,12.300000,12.170000,12.260000,11.914572,161100
2015-11-24,12.300000,12.350000,12.220000,12.340000,11.992318,385400
2015-11-25,12.340000,12.470000,12.310000,12.430000,12.079783,289200
2015-11-27,12.410000,12.410000,12.220000,12.260000,11.914572,166000
2015-11-30,12.260000,12.700000,12.200000,12.600000,12.265003,1061100
2015-12-01,12.650000,12.690000,12.380000,12.520000,12.187130,280000
2015-12-02,12.530000,12.700000,12.530000,12.620000,12.284471,539600
2015-12-03,12.650000,12.740000,12.520000,12.580000,12.245534,517300
2015-12-04,12.600000,12.720000,12.430000,12.690000,12.352609,400600
2015-12-07,12.720000,12.720000,12.450000,12.520000,12.187130,326200
2015-12-08,12.440000,12.530000,12.360000,12.450000,12.118991,170400
2015-12-09,12.410000,12.500000,12.320000,12.350000,12.021648,289900
2015-12-10,12.320000,12.440000,12.260000,12.300000,11.972978,283100
2015-12-11,12.170000,12.390000,12.120000,12.190000,11.865902,362600
2015-12-14,12.050000,12.450000,12.050000,12.120000,11.797764,484200
2015-12-15,12.210000,12.470000,12.180000,12.450000,12.118991,268900
2015-12-16,12.460000,12.620000,12.390000,12.560000,12.226065,398000
2015-12-17,12.610000,12.630000,12.350000,12.400000,12.070319,299700
2015-12-18,12.400000,12.470000,12.290000,12.300000,11.972978,523600
2015-12-21,12.360000,12.520000,12.200000,12.300000,11.972978,183400
2015-12-22,12.340000,12.470000,12.180000,12.450000,12.118991,293500
2015-12-23,12.490000,12.700000,12.400000,12.680000,12.342876,522900
2015-12-24,12.710000,12.810000,12.610000,12.760000,12.420748,292000
2015-12-28,12.750000,12.780000,12.600000,12.670000,12.333143,406200
2015-12-29,12.740000,12.900000,12.660000,12.890000,12.547293,270100
2015-12-30,12.870000,13.000000,12.760000,12.860000,12.518088,381800
2015-12-31,12.820000,12.900000,12.660000,12.670000,12.333143,340300
2016-01-04,12.500000,12.550000,12.380000,12.430000,12.099522,589100
2016-01-05,12.430000,12.580000,12.410000,12.500000,12.167661,316300
2016-01-06,12.350000,12.670000,12.320000,12.640000,12.303940,486000
2016-01-07,12.490000,12.560000,12.330000,12.340000,12.011913,720800
2016-01-08,12.370000,12.590000,12.240000,12.290000,11.963244,1174100
2016-01-11,12.350000,12.400000,12.050000,12.090000,11.768560,725700
2016-01-12,12.190000,12.210000,11.800000,11.960000,11.642018,597200
2016-01-13,12.020000,12.140000,11.760000,11.890000,11.573881,897400
2016-01-14,11.980000,12.040000,11.760000,11.850000,11.534944,1016000
2016-01-15,11.640000,11.750000,11.350000,11.730000,11.418133,967700
2016-01-19,11.820000,11.930000,11.770000,11.870000,11.554411,495300
2016-01-20,11.780000,11.840000,11.530000,11.740000,11.427867,802700
2016-01-21,11.780000,11.780000,11.310000,11.390000,11.087174,566000
2016-01-22,11.450000,11.710000,11.380000,11.670000,11.359729,673800
2016-01-25,11.640000,11.740000,11.510000,11.570000,11.262387,514900
2016-01-26,11.640000,11.720000,11.550000,11.720000,11.408400,440900
2016-01-27,11.670000,11.920000,11.630000,11.780000,11.466803,537700
2016-01-28,11.860000,11.990000,11.840000,11.910000,11.593349,357500
2016-01-29,11.930000,12.090000,11.860000,12.090000,11.768560,619900
2016-02-01,11.990000,12.100000,11.900000,11.990000,11.671221,482800
2016-02-02,11.860000,12.000000,11.840000,11.950000,11.632285,388700
2016-02-03,12.040000,12.040000,11.720000,11.950000,11.632285,812900
2016-02-04,11.930000,12.070000,11.620000,11.670000,11.359729,355400
2016-02-05,11.680000,11.720000,11.380000,11.510000,11.203982,697000
2016-02-08,11.480000,11.810000,11.360000,11.770000,11.457070,497000
2016-02-09,11.720000,11.790000,11.520000,11.650000,11.340259,296600
2016-02-10,11.700000,12.000000,11.670000,11.720000,11.408400,450500
2016-02-11,11.640000,11.760000,11.600000,11.670000,11.359729,481700
2016-02-12,11.780000,11.880000,11.680000,11.840000,11.525209,573900
2016-02-16,11.880000,12.110000,11.720000,12.050000,11.729625,415800
2016-02-17,12.090000,12.190000,12.050000,12.170000,11.846435,445200
2016-02-18,12.180000,12.250000,12.100000,12.200000,11.875638,287500
2016-02-19,12.200000,12.260000,12.120000,12.250000,11.924307,362100
2016-02-22,12.340000,12.420000,12.090000,12.100000,11.778297,342300
2016-02-23,12.040000,12.090000,11.950000,11.960000,11.642018,453800
2016-02-24,11.860000,11.990000,11.700000,11.740000,11.427867,743300
2016-02-25,11.810000,12.050000,11.790000,12.040000,11.719891,1215500
2016-02-26,12.080000,12.350000,11.880000,11.970000,11.651753,603000
2016-02-29,12.000000,12.150000,11.880000,11.970000,11.651753,448200
2016-03-01,12.020000,12.170000,11.940000,12.150000,11.826966,341500
2016-03-02,12.110000,12.240000,12.020000,12.100000,11.778297,290200
2016-03-03,12.060000,12.160000,12.030000,12.150000,11.826966,237900
2016-03-04,12.160000,12.210000,11.960000,12.030000,11.710156,490700
2016-03-07,11.940000,12.100000,11.890000,12.060000,11.758909,416800
2016-03-08,12.000000,12.020000,11.900000,11.920000,11.622404,343300
2016-03-09,11.960000,12.000000,11.840000,11.860000,11.563902,293900
2016-03-10,11.880000,11.950000,11.740000,11.860000,11.563902,493700
2016-03-11,11.930000,11.960000,11.850000,11.900000,11.602903,344400
2016-03-14,11.890000,11.970000,11.770000,11.890000,11.593154,516500
2016-03-15,11.820000,12.020000,11.800000,11.870000,11.573652,225500
2016-03-16,11.810000,12.010000,11.760000,11.900000,11.602903,695500
2016-03-17,11.860000,12.280000,11.780000,12.240000,11.934413,534700
2016-03-18,12.290000,12.500000,12.240000,12.420000,12.109921,980400
2016-03-21,12.410000,12.470000,12.340000,12.440000,12.129422,287900
2016-03-22,12.380000,12.410000,12.280000,12.330000,12.022166,146200
2016-03-23,12.310000,12.310000,12.100000,12.100000,11.797912,206600
2016-03-24,12.040000,12.140000,11.950000,12.070000,11.768659,179200
2016-03-28,12.130000,12.270000,12.090000,12.200000,11.895413,199900
2016-03-29,12.140000,12.330000,12.010000,12.320000,12.012416,313400
2016-03-30,12.360000,12.410000,12.240000,12.250000,11.944164,578200
2016-03-31,12.260000,12.370000,12.230000,12.350000,12.041668,405400
2016-04-01,12.260000,12.570000,12.260000,12.550000,12.236674,508100
2016-04-04,12.520000,12.620000,12.410000,12.600000,12.285427,400900
2016-04-05,12.540000,12.620000,12.330000,12.390000,12.080670,388600
2016-04-06,12.360000,12.610000,12.310000,12.600000,12.285427,314900
2016-04-07,12.530000,12.660000,12.480000,12.650000,12.334179,892700
2016-04-08,12.710000,12.730000,12.410000,12.490000,12.178172,499200
2016-04-11,12.440000,12.740000,12.440000,12.710000,12.392680,646800
2016-04-12,12.660000,12.770000,12.640000,12.750000,12.431682,513100
2016-04-13,12.750000,12.830000,12.690000,12.810000,12.490184,450500
2016-04-14,12.830000,12.900000,12.730000,12.830000,12.509684,356000
2016-04-15,12.780000,12.840000,12.660000,12.700000,12.382930,216500
2016-04-18,12.730000,12.850000,12.630000,12.840000,12.519433,293900
2016-04-19,12.840000,12.900000,12.700000,12.840000,12.519433,268100
2016-04-20,12.870000,12.930000,12.790000,12.840000,12.519433,228400
2016-04-21,12.820000,12.930000,12.600000,12.800000,12.480433,540900
2016-04-22,12.800000,12.930000,12.740000,12.790000,12.470684,282900
2016-04-25,12.770000,12.800000,12.620000,12.790000,12.470684,192700
2016-04-26,12.780000,12.860000,12.730000,12.800000,12.480433,257500
2016-04-27,12.830000,12.890000,12.680000,12.760000,12.441432,233600
2016-04-28,12.740000,12.870000,12.400000,12.710000,12.392680,275000
2016-04-29,12.690000,12.750000,12.510000,12.620000,12.304927,218800
2016-05-02,12.690000,12.770000,12.590000,12.760000,12.441432,182300
2016-05-03,12.670000,12.680000,12.560000,12.650000,12.334179,220100
2016-05-04,12.630000,12.650000,12.430000,12.510000,12.197674,207500
2016-05-05,12.500000,12.570000,12.420000,12.430000,12.119671,251000
2016-05-06,12.370000,12.730000,12.370000,12.560000,12.246425,339600
2016-05-09,12.510000,12.830000,12.370000,12.800000,12.480433,409600
2016-05-10,12.830000,12.830000,12.580000,12.630000,12.314678,352400
2016-05-11,12.640000,12.680000,12.490000,12.500000,12.187923,181400
2016-05-12,12.530000,12.680000,12.530000,12.630000,12.314678,296900
2016-05-13,12.610000,12.720000,12.580000,12.700000,12.382930,330300
2016-05-16,12.690000,12.830000,12.660000,12.790000,12.470684,482300
2016-05-17,12.730000,12.820000,12.580000,12.660000,12.343929,572700
2016-05-18,12.680000,12.910000,12.680000,12.900000,12.577935,706100
2016-05-19,12.820000,12.850000,12.510000,12.750000,12.431682,612900
2016-05-20,12.750000,12.870000,12.730000,12.870000,12.548685,906600
2016-05-23,12.890000,13.190000,12.870000,12.970000,12.646190,1267300
2016-05-24,12.970000,13.030000,12.880000,12.980000,12.655940,1280700
2016-05-25,13.000000,13.000000,12.680000,13.000000,12.675441,1164000
2016-05-26,13.000000,13.070000,12.940000,13.040000,12.714442,1169100
2016-05-27,13.020000,13.090000,13.000000,13.050000,12.743738,803400
2016-05-31,13.080000,13.100000,12.970000,13.090000,12.782799,1583200
2016-06-01,13.070000,13.100000,12.970000,13.080000,12.773033,1031700
2016-06-02,13.060000,13.120000,12.990000,13.100000,12.792565,1457100
2016-06-03,13.030000,13.110000,12.960000,13.100000,12.792565,813000
2016-06-06,13.090000,13.230000,13.000000,13.170000,12.860922,816000
2016-06-07,13.200000,13.250000,13.130000,13.250000,12.939044,1236500
2016-06-08,13.250000,13.370000,13.220000,13.330000,13.017166,1319500
2016-06-09,13.330000,13.400000,13.240000,13.350000,13.036697,892800
2016-06-10,13.310000,13.390000,13.300000,13.370000,13.056227,908800
2016-06-13,13.400000,13.420000,13.290000,13.300000,12.987871,876000
2016-06-14,13.230000,13.340000,13.070000,13.110000,12.802329,846100
2016-06-15,13.170000,13.240000,13.020000,13.060000,12.753504,679000
2016-06-16,12.990000,13.140000,12.960000,13.090000,12.782799,648300
2016-06-17,13.130000,13.140000,12.790000,12.900000,12.597259,4312100
2016-06-20,12.990000,13.130000,12.880000,12.980000,12.675379,748100
2016-06-21,12.980000,13.080000,12.930000,13.000000,12.694911,430600
2016-06-22,13.000000,13.090000,12.970000,13.020000,12.714443,544800
2016-06-23,13.040000,13.210000,12.970000,13.200000,12.890217,649600
2016-06-24,12.730000,13.170000,12.730000,12.800000,12.499604,2016000
2016-06-27,12.790000,12.890000,12.230000,12.230000,11.942982,1521500
2016-06-28,12.280000,12.330000,12.140000,12.180000,11.894156,1215500
2016-06-29,12.300000,12.310000,12.160000,12.210000,11.923451,1226700
2016-06-30,12.180000,12.590000,12.180000,12.580000,12.284768,874100
2016-07-01,12.510000,12.600000,12.460000,12.550000,12.255471,577300
2016-07-05,12.530000,12.950000,12.400000,12.570000,12.275002,579100
2016-07-06,12.500000,12.650000,12.450000,12.570000,12.275002,571300
2016-07-07,12.590000,12.740000,12.510000,12.630000,12.333594,476000
2016-07-08,12.710000,12.810000,12.660000,12.750000,12.450777,585200
2016-07-11,12.780000,13.040000,12.770000,13.000000,12.694911,585600
2016-07-12,13.000000,13.150000,12.970000,13.130000,12.821860,817400
2016-07-13,13.120000,13.230000,13.080000,13.120000,12.812095,745800
2016-07-14,13.200000,13.290000,13.130000,13.150000,12.841390,467900
2016-07-15,13.200000,13.200000,13.100000,13.140000,12.831625,447000
2016-07-18,13.150000,13.180000,13.050000,13.060000,12.753504,314000
2016-07-19,13.060000,13.130000,12.990000,12.990000,12.685145,297100
2016-07-20,13.060000,13.110000,13.010000,13.020000,12.714443,261100
2016-07-21,13.060000,13.060000,12.920000,12.930000,12.626554,235900
2016-07-22,12.920000,13.130000,12.920000,13.080000,12.773033,220200
2016-07-25,13.020000,13.130000,12.980000,13.070000,12.763268,240900
2016-07-26,13.090000,13.160000,12.930000,13.020000,12.714443,347200
2016-07-27,13.000000,13.070000,12.690000,12.980000,12.675379,258000
2016-07-28,13.000000,13.040000,12.940000,12.980000,12.675379,210500
2016-07-29,13.000000,13.150000,12.960000,13.020000,12.714443,488500
2016-08-01,13.000000,13.060000,12.700000,12.960000,12.655850,395400
2016-08-02,12.940000,13.010000,12.660000,12.860000,12.558196,486600
2016-08-03,12.860000,13.010000,12.810000,12.990000,12.685145,486300
2016-08-04,12.990000,13.020000,12.590000,13.000000,12.694911,418400
2016-08-05,13.000000,13.160000,12.910000,13.050000,12.743738,697000
2016-08-08,13.010000,13.140000,12.910000,13.060000,12.753504,467600
2016-08-09,13.090000,13.250000,13.080000,13.240000,12.929277,462600
2016-08-10,13.240000,13.300000,13.200000,13.240000,12.929277,326300
2016-08-11,13.260000,13.320000,13.220000,13.270000,12.958575,494400
2016-08-12,13.270000,13.360000,13.260000,13.340000,13.026932,611800
2016-08-15,13.290000,13.440000,12.610000,13.430000,13.114820,1252900
2016-08-16,13.430000,13.450000,13.350000,13.360000,13.046463,386000
2016-08-17,13.330000,13.450000,13.310000,13.370000,13.056227,420400
2016-08-18,13.380000,13.560000,13.320000,13.540000,13.222239,555400
2016-08-19,13.540000,13.560000,13.490000,13.540000,13.222239,345100
2016-08-22,13.550000,13.600000,13.470000,13.580000,13.261299,458000
2016-08-23,13.600000,13.650000,13.480000,13.620000,13.300361,638300
2016-08-24,13.620000,13.680000,13.570000,13.610000,13.290595,965600
2016-08-25,13.540000,13.660000,13.540000,13.660000,13.339422,466800
2016-08-26,13.690000,13.740000,13.550000,13.620000,13.300361,479400
2016-08-29,13.590000,13.750000,13.590000,13.650000,13.349258,653100
2016-08-30,13.700000,13.730000,13.640000,13.640000,13.339481,456200
2016-08-31,13.660000,13.700000,13.580000,13.690000,13.388377,1279600
2016-09-01,13.670000,13.720000,13.570000,13.680000,13.378598,663000
2016-09-02,13.720000,13.740000,13.640000,13.720000,13.417717,645800
2016-09-06,13.690000,13.890000,13.690000,13.880000,13.574191,930500
2016-09-07,13.890000,14.030000,13.850000,14.030000,13.720887,834400
2016-09-08,14.000000,14.080000,13.960000,14.030000,13.720887,598600
2016-09-09,13.940000,14.090000,13.870000,13.880000,13.574191,645700
2016-09-12,13.820000,13.990000,13.690000,13.950000,13.642649,708500
2016-09-13,13.910000,13.920000,13.810000,13.860000,13.554631,683300
2016-09-14,13.850000,14.000000,13.740000,13.760000,13.456834,951700
2016-09-15,13.780000,13.890000,13.760000,13.890000,13.583971,593200
2016-09-16,13.910000,13.950000,13.630000,13.750000,13.447057,3512700
2016-09-19,13.740000,13.930000,13.720000,13.810000,13.505734,613100
2016-09-20,13.850000,13.910000,13.800000,13.850000,13.544853,854500
2016-09-21,13.900000,13.920000,13.740000,13.810000,13.505734,343300
2016-09-22,13.830000,13.890000,13.720000,13.850000,13.544853,1014000
2016-09-23,13.830000,13.850000,13.770000,13.800000,13.495955,739600
2016-09-26,13.760000,13.760000,13.550000,13.550000,13.251463,515100
2016-09-27,13.490000,13.610000,13.490000,13.530000,13.231904,608200
2016-09-28,13.590000,13.590000,13.470000,13.500000,13.202563,435300
2016-09-29,13.470000,13.660000,13.400000,13.410000,13.114547,428500
2016-09-30,13.500000,13.650000,13.420000,13.610000,13.310140,665200
2016-10-03,13.530000,13.650000,13.450000,13.640000,13.339481,551700
2016-10-04,13.600000,13.670000,13.540000,13.590000,13.290581,385200
2016-10-05,13.620000,13.770000,13.620000,13.660000,13.359038,437600
2016-10-06,13.700000,13.710000,13.560000,13.650000,13.349258,859300
2016-10-07,13.670000,13.690000,13.530000,13.670000,13.368819,388200
2016-10-10,13.660000,13.800000,13.660000,13.730000,13.427495,182000
2016-10-11,13.720000,13.750000,13.540000,13.590000,13.290581,337900
2016-10-12,13.620000,13.740000,13.600000,13.700000,13.398157,318700
2016-10-13,13.610000,13.660000,13.560000,13.630000,13.329700,313200
2016-10-14,13.710000,13.850000,13.710000,13.780000,13.476394,584200
2016-10-17,13.800000,13.850000,13.700000,13.750000,13.447057,304800
2016-10-18,13.750000,13.900000,13.750000,13.900000,13.593750,428800
2016-10-19,13.850000,14.000000,13.850000,14.000000,13.691548,524400
2016-10-20,13.900000,14.000000,13.900000,13.950000,13.642649,271500
2016-10-21,13.850000,14.000000,13.850000,13.950000,13.642649,236500
2016-10-24,14.000000,14.030000,13.900000,14.000000,13.691548,346900
2016-10-25,14.000000,14.000000,13.950000,13.950000,13.642649,198900
2016-10-26,13.850000,14.000000,13.550000,13.950000,13.642649,186500
2016-10-27,14.000000,14.000000,13.830000,13.950000,13.642649,265900
2016-10-28,13.900000,13.950000,13.800000,13.850000,13.544853,256200
2016-10-31,14.000000,14.000000,13.850000,13.950000,13.642649,452900
2016-11-01,13.900000,13.980000,13.750000,13.850000,13.544853,511600
2016-11-02,13.850000,13.850000,13.550000,13.700000,13.398157,455800
2016-11-03,13.750000,13.800000,13.650000,13.750000,13.447057,432000
2016-11-04,13.800000,13.800000,13.650000,13.700000,13.398157,320000
2016-11-07,13.700000,13.800000,13.650000,13.800000,13.495955,606300
2016-11-08,13.800000,14.000000,13.600000,14.000000,13.691548,318700
2016-11-09,14.000000,14.350000,13.950000,14.350000,14.033836,852900
2016-11-10,14.350000,14.600000,14.150000,14.550000,14.229429,763100
2016-11-11,14.500000,14.700000,14.350000,14.700000,14.376125,939600
2016-11-14,14.900000,15.080000,14.800000,14.950000,14.620617,498000
2016-11-15,14.850000,15.050000,14.690000,15.000000,14.669517,413700
2016-11-16,15.000000,15.100000,14.850000,15.050000,14.718414,195500
2016-11-17,14.950000,15.150000,14.850000,15.100000,14.767314,300800
2016-11-18,14.950000,15.250000,14.950000,15.150000,14.816211,433300
2016-11-21,15.100000,15.150000,14.900000,15.150000,14.816211,362600
2016-11-22,15.250000,15.250000,15.100000,15.150000,14.816211,406300
2016-11-23,15.150000,15.250000,15.100000,15.150000,14.816211,509900
2016-11-25,15.150000,15.600000,15.150000,15.300000,14.962905,793300
2016-11-28,15.250000,15.300000,15.150000,15.200000,14.884565,332600
2016-11-29,15.300000,15.350000,15.150000,15.250000,14.933529,293500
2016-11-30,15.300000,15.350000,15.150000,15.150000,14.835603,292700
2016-12-01,15.150000,15.400000,15.150000,15.350000,15.031452,330200
2016-12-02,15.350000,15.400000,15.150000,15.250000,14.933529,352600
2016-12-05,15.300000,15.500000,15.150000,15.450000,15.129378,360800
2016-12-06,15.500000,15.700000,15.350000,15.650000,15.325227,294000
2016-12-07,15.600000,15.900000,15.600000,15.750000,15.423152,336400
2016-12-08,15.750000,16.100000,15.650000,15.950000,15.619000,395200
2016-12-09,16.000000,16.000000,15.800000,16.000000,15.667963,463700
2016-12-12,16.000000,16.000000,15.500000,15.600000,15.276265,351600
2016-12-13,15.600000,15.800000,15.400000,15.500000,15.178341,454100
2016-12-14,15.450000,15.530000,15.250000,15.350000,15.031452,425100
2016-12-15,15.300000,15.550000,15.300000,15.450000,15.129378,458600
2016-12-16,15.500000,15.550000,15.200000,15.500000,15.178341,1225200
2016-12-19,15.500000,15.700000,15.350000,15.600000,15.276265,359600
2016-12-20,15.600000,15.850000,15.450000,15.500000,15.178341,503600
2016-12-21,15.500000,15.500000,15.350000,15.400000,15.080416,502900
2016-12-22,15.450000,15.550000,15.350000,15.500000,15.178341,284500
2016-12-23,15.550000,15.650000,15.450000,15.600000,15.276265,313700
2016-12-27,15.600000,15.800000,15.600000,15.750000,15.423152,234200
2016-12-28,15.750000,15.950000,15.550000,15.900000,15.570040,686400
2016-12-29,15.900000,15.950000,15.600000,15.750000,15.423152,218700
2016-12-30,15.750000,15.750000,15.550000,15.550000,15.227303,312800
2017-01-03,15.700000,15.800000,15.350000,15.700000,15.374190,648900
2017-01-04,15.750000,15.850000,15.500000,15.650000,15.325227,553500
2017-01-05,15.600000,15.680000,15.300000,15.450000,15.129378,283200
2017-01-06,15.500000,15.550000,15.350000,15.450000,15.129378,268600
2017-01-09,15.350000,15.500000,14.930000,15.000000,14.688716,985800
2017-01-10,14.950000,15.000000,14.750000,14.800000,14.492867,840300
2017-01-11,14.750000,14.900000,14.650000,14.800000,14.492867,571700
2017-01-12,14.750000,14.800000,14.400000,14.600000,14.297018,449400
2017-01-13,14.550000,14.880000,14.550000,14.800000,14.492867,434400
2017-01-17,14.750000,14.750000,14.380000,14.400000,14.101168,409700
2017-01-18,14.400000,14.500000,14.330000,14.400000,14.101168,354500
2017-01-19,14.400000,14.400000,14.250000,14.350000,14.052204,274200
2017-01-20,14.350000,14.600000,14.350000,14.400000,14.101168,487400
2017-01-23,14.400000,14.450000,14.250000,14.350000,14.052204,596200
2017-01-24,14.350000,14.700000,14.300000,14.600000,14.297018,410900
2017-01-25,14.600000,14.700000,14.500000,14.550000,14.248055,618200
2017-01-26,14.500000,14.750000,14.500000,14.700000,14.394941,433600
2017-01-27,14.650000,14.850000,14.550000,14.750000,14.443904,269800
2017-01-30,14.650000,14.650000,14.350000,14.450000,14.150129,296700
2017-01-31,15.250000,15.450000,15.100000,15.250000,14.933529,620400
2017-02-01,15.300000,15.400000,15.150000,15.250000,14.933529,339800
2017-02-02,15.150000,15.230000,14.900000,14.900000,14.590792,271100
2017-02-03,15.000000,15.350000,15.000000,15.250000,14.933529,326200
2017-02-06,15.300000,15.350000,15.100000,15.150000,14.835603,323200
2017-02-07,15.100000,15.250000,14.950000,15.000000,14.688716,385900
2017-02-08,15.000000,15.200000,14.800000,14.850000,14.541829,346200
2017-02-09,14.850000,15.080000,14.850000,15.050000,14.737679,305100
2017-02-10,15.100000,15.250000,14.900000,15.150000,14.835603,261000
2017-02-13,15.200000,15.350000,15.100000,15.250000,14.933529,405300
2017-02-14,15.150000,15.400000,15.050000,15.300000,14.982491,390600
2017-02-15,15.300000,15.400000,15.150000,15.350000,15.031452,321400
2017-02-16,15.300000,15.550000,15.150000,15.500000,15.178341,523300
2017-02-17,15.550000,15.650000,15.400000,15.600000,15.276265,559900
2017-02-21,15.650000,15.700000,15.550000,15.550000,15.227303,226000
2017-02-22,15.500000,15.700000,15.430000,15.600000,15.276265,374200
2017-02-23,15.600000,15.800000,15.400000,15.650000,15.325227,346900
2017-02-24,15.450000,15.650000,15.150000,15.300000,14.982491,369200
2017-02-27,15.200000,15.400000,15.200000,15.400000,15.110043,299300
2017-02-28,15.300000,15.500000,15.200000,15.350000,15.060985,507500
2017-03-01,15.500000,15.650000,15.450000,15.600000,15.306278,406600
2017-03-02,15.550000,15.600000,15.350000,15.350000,15.060985,271400
2017-03-03,15.400000,15.400000,15.200000,15.350000,15.060985,246100
2017-03-06,15.300000,15.350000,15.100000,15.250000,14.962868,320900
2017-03-07,15.250000,15.350000,15.150000,15.150000,14.864750,300300
2017-03-08,15.250000,15.250000,15.050000,15.050000,14.766632,358200
2017-03-09,15.100000,15.400000,15.100000,15.300000,15.011926,505700
2017-03-10,15.300000,15.480000,15.250000,15.350000,15.060985,569800
2017-03-13,15.300000,15.400000,15.150000,15.300000,15.011926,229200
2017-03-14,15.250000,15.350000,14.950000,15.300000,15.011926,237500
2017-03-15,15.350000,15.450000,15.250000,15.350000,15.060985,306100
2017-03-16,15.400000,15.450000,15.250000,15.400000,15.110043,423500
2017-03-17,15.300000,15.550000,15.200000,15.550000,15.257218,826300
2017-03-20,15.350000,15.500000,15.250000,15.400000,15.110043,336600
2017-03-21,15.400000,15.400000,14.750000,14.750000,14.472281,529600
2017-03-22,14.750000,14.850000,14.550000,14.650000,14.374163,342700
2017-03-23,14.650000,15.000000,14.650000,14.900000,14.619455,233400
2017-03-24,14.900000,15.050000,14.830000,14.950000,14.668514,229600
2017-03-27,14.700000,15.050000,14.650000,15.050000,14.766632,251500
2017-03-28,14.950000,15.050000,14.850000,15.000000,14.717574,307800
2017-03-29,14.950000,15.050000,14.900000,14.950000,14.668514,168400
2017-03-30,14.950000,15.100000,14.850000,15.100000,14.815691,489100
2017-03-31,15.100000,15.300000,15.000000,15.050000,14.766632,366900
2017-04-03,15.100000,15.230000,14.930000,15.100000,14.815691,309900
2017-04-04,15.050000,15.230000,15.050000,15.150000,14.864750,262300
2017-04-05,15.200000,15.350000,14.800000,14.850000,14.570398,458600
2017-04-06,14.850000,14.980000,14.800000,14.850000,14.570398,396000
2017-04-07,14.750000,14.950000,14.750000,14.850000,14.570398,462200
2017-04-10,14.900000,15.000000,14.750000,14.900000,14.619455,179900
2017-04-11,14.850000,15.130000,14.800000,15.100000,14.815691,286300
2017-04-12,15.000000,15.150000,14.850000,14.850000,14.570398,179000
2017-04-13,14.800000,15.000000,14.650000,14.650000,14.374163,353200
2017-04-17,14.700000,14.900000,14.650000,14.900000,14.619455,221900
2017-04-18,14.800000,14.900000,14.650000,14.850000,14.570398,324300
2017-04-19,14.950000,15.080000,14.800000,14.850000,14.570398,294100
2017-04-20,14.950000,15.100000,14.880000,15.100000,14.815691,493300
2017-04-21,15.100000,15.300000,15.000000,15.200000,14.913808,304700
2017-04-24,15.350000,15.500000,15.250000,15.350000,15.060985,277600
2017-04-25,15.450000,15.500000,15.350000,15.400000,15.110043,417500
2017-04-26,15.350000,15.630000,15.350000,15.350000,15.060985,475300
2017-04-27,15.400000,15.450000,15.200000,15.300000,15.011926,246800
2017-04-28,15.250000,15.250000,14.550000,14.600000,14.325106,442000
2017-05-01,14.600000,14.600000,14.330000,14.500000,14.226987,440000
2017-05-02,14.500000,14.600000,14.350000,14.400000,14.128870,322200
2017-05-03,14.300000,14.650000,14.300000,14.500000,14.226987,367200
2017-05-04,14.600000,14.750000,14.550000,14.650000,14.374163,188000
2017-05-05,14.750000,14.800000,14.500000,14.600000,14.325106,239600
2017-05-08,14.550000,14.750000,14.500000,14.750000,14.472281,508300
2017-05-09,14.800000,14.850000,14.430000,14.550000,14.276047,397400
2017-05-10,14.550000,14.880000,14.450000,14.700000,14.423223,711700
2017-05-11,14.600000,14.950000,14.550000,14.650000,14.374163,609100
2017-05-12,14.850000,14.900000,14.500000,14.800000,14.521339,360800
2017-05-15,14.800000,14.950000,14.700000,14.750000,14.472281,388700
2017-05-16,14.550000,14.550000,13.980000,14.200000,13.932636,1050200
2017-05-17,14.050000,14.200000,13.800000,13.850000,13.589227,870700
2017-05-18,13.850000,14.150000,13.800000,14.100000,13.834519,555400
2017-05-19,14.050000,14.100000,13.850000,14.000000,13.736403,608100
2017-05-22,14.000000,14.100000,13.950000,14.000000,13.736403,437400
2017-05-23,14.000000,14.280000,13.850000,14.250000,13.981695,404200
2017-05-24,14.300000,14.300000,13.900000,14.000000,13.736403,475900
2017-05-25,14.150000,14.200000,13.850000,14.050000,13.785461,405100
2017-05-26,14.050000,14.150000,13.900000,14.000000,13.736403,345200
2017-05-30,13.950000,13.950000,13.750000,13.900000,13.638285,415400
2017-05-31,13.900000,14.100000,13.800000,13.950000,13.687343,380100
2017-06-01,13.950000,14.250000,13.950000,14.150000,13.883578,361800
2017-06-02,14.150000,14.400000,14.080000,14.150000,13.883578,581600
2017-06-05,14.150000,14.300000,13.980000,14.050000,13.814751,303900
2017-06-06,13.900000,14.050000,13.750000,13.850000,13.618099,400500
2017-06-07,13.900000,14.080000,13.830000,14.000000,13.765587,328600
2017-06-08,13.950000,14.500000,13.900000,14.450000,14.208053,506500
2017-06-09,14.450000,14.780000,14.200000,14.750000,14.503029,480300
2017-06-12,14.750000,14.850000,14.250000,14.550000,14.306378,419800
2017-06-13,14.600000,14.750000,14.550000,14.650000,14.404703,232600
2017-06-14,14.600000,14.650000,14.250000,14.450000,14.208053,374500
2017-06-15,14.350000,14.700000,14.350000,14.550000,14.306378,218100
2017-06-16,14.400000,14.700000,14.400000,14.700000,14.453867,847000
2017-06-19,14.700000,14.700000,14.450000,14.500000,14.257215,326600
2017-06-20,14.450000,14.550000,14.230000,14.250000,14.011401,369100
2017-06-21,14.350000,14.450000,14.200000,14.200000,13.962238,261400
2017-06-22,14.100000,14.350000,14.100000,14.300000,14.060564,198000
2017-06-23,14.300000,14.450000,14.150000,14.250000,14.011401,764800
2017-06-26,14.300000,14.600000,14.130000,14.550000,14.306378,316500
2017-06-27,14.600000,14.700000,14.500000,14.600000,14.355541,343800
2017-06-28,14.650000,14.950000,14.600000,14.900000,14.650517,392200
2017-06-29,15.000000,15.100000,14.700000,14.850000,14.601356,300700
2017-06-30,14.900000,14.950000,14.730000,14.850000,14.601356,164700
2017-07-03,15.000000,15.250000,14.950000,15.150000,14.896332,146200
2017-07-05,15.200000,15.200000,14.900000,15.100000,14.847169,222300
2017-07-06,15.050000,15.150000,14.850000,14.850000,14.601356,312900
2017-07-07,14.950000,15.350000,14.850000,15.250000,14.994658,425100
2017-07-10,15.200000,15.230000,14.950000,14.950000,14.699680,265600
2017-07-11,15.000000,15.000000,14.600000,14.700000,14.453867,289000
2017-07-12,14.700000,14.900000,14.700000,14.850000,14.601356,202800
2017-07-13,14.800000,14.900000,14.650000,14.750000,14.503029,170500
2017-07-14,14.650000,14.750000,14.600000,14.650000,14.404703,293900
2017-07-17,14.600000,14.700000,14.500000,14.550000,14.306378,341700
2017-07-18,14.500000,14.600000,14.350000,14.550000,14.306378,714000
2017-07-19,14.550000,14.750000,14.500000,14.700000,14.453867,207100
2017-07-20,14.700000,14.750000,14.600000,14.750000,14.503029,128000
2017-07-21,14.900000,14.950000,14.700000,14.700000,14.453867,288500
2017-07-24,14.650000,14.850000,14.600000,14.750000,14.503029,253100
2017-07-25,14.850000,15.080000,14.850000,14.900000,14.650517,344300
2017-07-26,14.950000,15.000000,14.650000,14.700000,14.453867,190800
2017-07-27,14.700000,14.900000,14.650000,14.750000,14.503029,226700
2017-07-28,14.700000,14.800000,14.600000,14.700000,14.453867,207100
2017-07-31,14.750000,14.830000,14.600000,14.600000,14.355541,319300
2017-08-01,14.700000,14.800000,14.630000,14.700000,14.453867,311200
2017-08-02,14.700000,14.750000,14.550000,14.650000,14.404703,232100
2017-08-03,14.650000,14.700000,14.500000,14.500000,14.257215,222900
2017-08-04,14.600000,14.700000,14.400000,14.450000,14.208053,382100
2017-08-07,14.450000,14.650000,14.400000,14.550000,14.306378,230900
2017-08-08,14.500000,14.850000,14.500000,14.600000,14.355541,222200
2017-08-09,14.500000,14.600000,14.350000,14.400000,14.158890,309800
2017-08-10,14.350000,14.500000,14.250000,14.350000,14.109726,398300
2017-08-11,14.450000,14.450000,14.100000,14.100000,13.863914,277900
2017-08-14,14.250000,14.550000,14.200000,14.550000,14.306378,304100
2017-08-15,14.600000,14.650000,14.350000,14.400000,14.158890,249200
2017-08-16,14.400000,14.500000,14.300000,14.300000,14.060564,245900
2017-08-17,14.250000,14.300000,14.100000,14.150000,13.913074,328000
2017-08-18,14.050000,14.150000,14.000000,14.100000,13.863914,379600
2017-08-21,14.050000,14.200000,13.950000,14.150000,13.913074,266800
2017-08-22,14.250000,14.300000,14.130000,14.200000,13.962238,193900
2017-08-23,14.050000,14.250000,14.050000,14.100000,13.863914,332200
2017-08-24,14.200000,14.300000,14.100000,14.200000,13.962238,244000
2017-08-25,14.250000,14.400000,14.150000,14.250000,14.011401,282600
2017-08-28,14.300000,14.300000,14.150000,14.250000,14.040961,172800
2017-08-29,14.150000,14.280000,14.100000,14.150000,13.942428,206400
2017-08-30,14.150000,14.300000,14.150000,14.150000,13.942428,231800
2017-08-31,14.150000,14.350000,14.150000,14.150000,13.942428,291500
2017-09-01,14.150000,14.300000,14.100000,14.150000,13.942428,310300
2017-09-05,14.150000,14.300000,13.950000,14.000000,13.794628,384100
2017-09-06,14.000000,14.100000,13.850000,13.850000,13.646829,336500
2017-09-07,13.900000,13.950000,13.550000,13.600000,13.400496,493700
2017-09-08,13.550000,13.800000,13.350000,13.700000,13.499029,635100
2017-09-11,13.800000,13.930000,13.730000,13.900000,13.696095,459000
2017-09-12,13.950000,14.000000,13.900000,13.950000,13.745361,448900
2017-09-13,13.950000,14.300000,13.900000,14.250000,14.040961,527000
2017-09-14,14.200000,14.480000,14.200000,14.400000,14.188761,437900
2017-09-15,14.450000,14.750000,14.250000,14.750000,14.533626,780500
2017-09-18,14.700000,14.900000,14.550000,14.800000,14.582892,297300
2017-09-19,14.750000,14.900000,14.730000,14.900000,14.681425,296400
2017-09-20,14.950000,15.300000,14.750000,15.100000,14.878491,412800
2017-09-21,15.100000,15.300000,15.050000,15.150000,14.927758,361400
2017-09-22,15.150000,15.280000,15.050000,15.250000,15.026291,351100
2017-09-25,15.250000,15.350000,15.100000,15.250000,15.026291,213500
2017-09-26,15.200000,15.300000,15.200000,15.300000,15.075559,382500
2017-09-27,15.300000,15.450000,15.150000,15.350000,15.124824,894600
2017-09-28,15.350000,15.380000,15.200000,15.350000,15.124824,306300
2017-09-29,15.400000,15.400000,15.250000,15.350000,15.124824,310200
2017-10-02,15.350000,15.450000,15.250000,15.450000,15.223357,480100
2017-10-03,15.300000,15.450000,15.250000,15.250000,15.143913,383100
2017-10-04,15.200000,15.330000,15.100000,15.250000,15.143913,340100
2017-10-05,15.300000,15.300000,15.150000,15.300000,15.193566,236900
2017-10-06,15.300000,15.400000,15.250000,15.300000,15.193566,219700
2017-10-09,15.300000,15.450000,15.250000,15.350000,15.243217,241600
2017-10-10,15.450000,15.500000,15.350000,15.500000,15.392175,354700
2017-10-11,15.450000,15.550000,15.350000,15.450000,15.342522,273700
2017-10-12,15.450000,15.450000,15.300000,15.350000,15.243217,196700
2017-10-13,15.350000,15.350000,15.180000,15.350000,15.243217,196800
2017-10-16,15.300000,15.450000,15.250000,15.400000,15.292871,264000
2017-10-17,15.450000,15.450000,15.300000,15.350000,15.243217,155000
2017-10-18,15.400000,15.530000,15.300000,15.400000,15.292871,256800
2017-10-19,15.350000,15.550000,15.250000,15.500000,15.392175,238500
2017-10-20,15.500000,15.600000,15.350000,15.450000,15.342522,282200
2017-10-23,15.500000,15.550000,15.150000,15.200000,15.094261,231500
2017-10-24,15.350000,15.500000,15.300000,15.350000,15.243217,213900
2017-10-25,15.450000,15.450000,15.200000,15.400000,15.292871,202900
2017-10-26,15.450000,15.500000,15.350000,15.450000,15.342522,153200
2017-10-27,15.500000,15.500000,15.300000,15.500000,15.392175,164800
2017-10-30,15.350000,15.400000,15.050000,15.100000,14.994957,164300
2017-10-31,15.400000,15.400000,15.000000,15.050000,14.945306,400800
2017-11-01,15.200000,15.300000,14.900000,15.050000,14.945306,291700
2017-11-02,15.000000,15.000000,14.500000,14.750000,14.647391,1848300
2017-11-03,14.800000,14.900000,14.600000,14.800000,14.697043,674300
2017-11-06,14.800000,14.850000,14.650000,14.800000,14.697043,399000
2017-11-07,14.750000,14.800000,14.350000,14.450000,14.349479,300200
2017-11-08,14.350000,14.500000,14.250000,14.350000,14.250175,389200
2017-11-09,14.200000,14.350000,14.050000,14.200000,14.101217,345300
2017-11-10,14.200000,14.500000,14.200000,14.300000,14.200522,369900
2017-11-13,14.200000,14.500000,14.150000,14.500000,14.399131,323200
2017-11-14,14.350000,14.550000,14.350000,14.450000,14.349479,347800
2017-11-15,14.350000,14.500000,14.250000,14.250000,14.150870,479800
2017-11-16,14.350000,14.480000,14.250000,14.300000,14.200522,491500
2017-11-17,14.200000,14.480000,14.200000,14.450000,14.349479,495800
2017-11-20,14.400000,14.700000,14.300000,14.650000,14.548087,681300
2017-11-21,14.700000,14.700000,14.500000,14.600000,14.498436,521300
2017-11-22,14.550000,14.680000,14.450000,14.550000,14.448783,428500
2017-11-24,14.650000,14.650000,14.400000,14.450000,14.349479,201000
2017-11-27,14.450000,14.700000,14.450000,14.550000,14.448783,374200
2017-11-28,14.650000,14.800000,14.500000,14.800000,14.697043,596700
2017-11-29,14.750000,15.200000,14.500000,15.100000,14.994957,858200
2017-11-30,15.200000,15.350000,14.750000,14.800000,14.697043,719000
2017-12-01,14.850000,14.890000,14.250000,14.700000,14.597740,538700
2017-12-04,14.900000,15.100000,14.700000,14.900000,14.796348,771700
2017-12-05,14.950000,14.950000,14.650000,14.680000,14.607289,425700
2017-12-06,14.650000,14.750000,14.550000,14.600000,14.527686,372500
2017-12-07,14.500000,14.730000,14.450000,14.650000,14.577438,549000
2017-12-08,14.650000,14.650000,14.450000,14.500000,14.428182,337100
2017-12-11,14.500000,14.600000,14.400000,14.400000,14.328676,284100
2017-12-12,14.400000,14.500000,14.200000,14.350000,14.278925,402900
2017-12-13,14.350000,14.650000,14.250000,14.350000,14.278925,485800
2017-12-14,14.350000,14.600000,14.200000,14.300000,14.229173,445800
2017-12-15,14.250000,14.750000,14.180000,14.650000,14.577438,1506200
2017-12-18,14.750000,14.850000,14.550000,14.600000,14.527686,509100
2017-12-19,14.700000,14.800000,14.500000,14.550000,14.477934,405600
2017-12-20,14.600000,14.800000,14.500000,14.650000,14.577438,285100
2017-12-21,14.700000,14.850000,14.600000,14.700000,14.627191,348300
2017-12-22,14.800000,14.850000,14.600000,14.700000,14.627191,274500
2017-12-26,14.700000,14.850000,14.700000,14.750000,14.676943,235400
2017-12-27,14.700000,14.800000,14.650000,14.700000,14.627191,218500
2017-12-28,14.700000,14.800000,14.600000,14.700000,14.627191,217100
2017-12-29,14.800000,14.800000,14.430000,14.450000,14.378428,348800
2018-01-02,14.600000,14.600000,14.300000,14.350000,14.278925,430900
2018-01-03,14.350000,14.450000,14.200000,14.400000,14.328676,482200
2018-01-04,14.500000,14.500000,14.230000,14.250000,14.179420,249200
2018-01-05,14.350000,14.450000,14.150000,14.250000,14.179420,291800
2018-01-08,14.200000,14.250000,14.050000,14.150000,14.079914,270400
2018-01-09,14.150000,14.300000,13.880000,14.100000,14.030163,289300
2018-01-10,14.100000,14.300000,14.100000,14.250000,14.179420,388500
2018-01-11,14.250000,14.450000,14.200000,14.400000,14.328676,283600
2018-01-12,14.450000,14.500000,14.300000,14.450000,14.378428,185900
2018-01-16,14.450000,14.500000,14.250000,14.250000,14.179420,242700
2018-01-17,14.300000,14.300000,13.300000,14.250000,14.179420,346700
2018-01-18,14.200000,14.250000,13.950000,14.100000,14.030163,205600
2018-01-19,14.050000,14.280000,14.050000,14.100000,14.030163,495800
2018-01-22,14.050000,14.300000,14.050000,14.150000,14.079914,279700
2018-01-23,14.100000,14.250000,14.050000,14.150000,14.079914,687500
2018-01-24,14.250000,14.250000,13.900000,14.000000,13.930658,462200
2018-01-25,14.050000,14.050000,13.750000,13.850000,13.781401,315600
2018-01-26,13.800000,13.850000,13.650000,13.650000,13.582391,416700
2018-01-29,13.650000,13.800000,13.550000,13.600000,13.532640,201400
2018-01-30,13.600000,13.800000,13.550000,13.600000,13.532640,197300
2018-01-31,13.600000,13.800000,13.450000,13.800000,13.731648,464200
2018-02-01,13.800000,13.800000,13.450000,13.650000,13.582391,401700
2018-02-02,13.600000,13.750000,13.500000,13.500000,13.433134,387500
2018-02-05,13.500000,13.580000,13.000000,13.050000,12.985363,650400
2018-02-06,12.750000,13.230000,12.750000,13.100000,13.035115,714900
2018-02-07,13.050000,13.200000,12.950000,13.100000,13.035115,450300
2018-02-08,13.150000,13.150000,12.850000,12.850000,12.786355,403200
2018-02-09,12.950000,13.280000,12.900000,13.150000,13.084867,476000
2018-02-12,13.200000,13.300000,13.050000,13.150000,13.084867,279000
2018-02-13,13.100000,13.250000,13.050000,13.100000,13.035115,276700
2018-02-14,13.000000,13.300000,13.000000,13.200000,13.134621,515400
2018-02-15,13.200000,13.350000,13.150000,13.350000,13.283877,209800
2018-02-16,13.300000,13.450000,13.300000,13.400000,13.333630,248700
2018-02-20,13.350000,13.450000,13.200000,13.250000,13.184373,227000
2018-02-21,13.300000,13.400000,13.180000,13.200000,13.134621,330600
2018-02-22,13.200000,13.350000,13.150000,13.200000,13.134621,321800
2018-02-23,13.250000,13.350000,13.200000,13.300000,13.234125,225900
2018-02-26,13.350000,13.380000,13.200000,13.350000,13.283877,184500
2018-02-27,13.300000,13.450000,13.130000,13.150000,13.084867,250000
2018-02-28,13.200000,13.350000,13.000000,13.000000,12.935611,390800
2018-03-01,13.000000,13.150000,12.950000,13.000000,12.935611,402700
2018-03-02,12.950000,13.380000,12.950000,13.300000,13.234125,406900
2018-03-05,13.250000,13.530000,13.180000,13.350000,13.283877,350400
2018-03-06,13.400000,13.500000,13.200000,13.400000,13.363660,150000
2018-03-07,13.400000,13.550000,13.350000,13.450000,13.413525,203300
2018-03-08,13.500000,13.530000,13.300000,13.350000,13.313797,389900
2018-03-09,13.450000,13.500000,13.400000,13.500000,13.463389,169200
2018-03-12,13.500000,13.530000,13.350000,13.500000,13.463389,173700
2018-03-13,13.500000,13.550000,13.350000,13.450000,13.413525,169800
2018-03-14,13.500000,13.500000,13.200000,13.250000,13.214067,169400
2018-03-15,13.200000,13.350000,13.100000,13.350000,13.313797,190400
2018-03-16,13.350000,13.500000,13.250000,13.400000,13.363660,591300
2018-03-19,13.350000,13.500000,13.200000,13.500000,13.463389,263700
2018-03-20,13.500000,13.500000,13.200000,13.350000,13.313797,287700
2018-03-21,13.350000,13.450000,13.200000,13.300000,13.263932,169100
2018-03-22,13.200000,13.350000,13.050000,13.100000,13.064475,390500
2018-03-23,13.150000,13.300000,12.950000,13.000000,12.964746,749900
2018-03-26,13.100000,13.250000,13.000000,13.150000,13.114338,310000
2018-03-27,13.150000,13.350000,13.050000,13.100000,13.064475,372900
2018-03-28,13.050000,13.250000,13.050000,13.150000,13.114338,599700
2018-03-29,13.100000,13.350000,13.000000,13.000000,12.964746,851500
2018-04-02,13.050000,13.700000,13.000000,13.550000,13.513254,2139600
2018-04-03,13.300000,13.550000,12.950000,13.300000,13.263932,909400
2018-04-04,13.150000,13.350000,13.100000,13.250000,13.214067,506500
2018-04-05,13.300000,13.350000,13.150000,13.150000,13.114338,932000
2018-04-06,13.150000,13.300000,12.950000,13.050000,13.014610,504500
2018-04-09,13.050000,13.250000,13.050000,13.050000,13.014610,505400
2018-04-10,13.050000,13.300000,13.000000,13.150000,13.114338,596400
2018-04-11,13.150000,13.350000,13.050000,13.150000,13.114338,546700
2018-04-12,13.250000,13.550000,13.250000,13.350000,13.313797,474300
2018-04-13,13.400000,13.400000,13.200000,13.230000,13.194121,419200
2018-04-16,13.250000,13.350000,13.180000,13.250000,13.214067,562200
2018-04-17,13.250000,13.400000,13.150000,13.200000,13.164203,683300
2018-04-18,13.200000,13.350000,13.150000,13.150000,13.114338,465800
2018-04-19,13.200000,13.500000,13.200000,13.450000,13.413525,354100
2018-04-20,13.400000,13.530000,13.300000,13.450000,13.413525,401100
2018-04-23,13.500000,13.600000,13.350000,13.550000,13.513254,268500
2018-04-24,13.550000,13.700000,13.500000,13.700000,13.662847,375500
2018-04-25,13.600000,13.650000,13.350000,13.500000,13.463389,308700
2018-04-26,13.550000,13.550000,13.300000,13.400000,13.363660,170600
2018-04-27,13.450000,13.500000,13.250000,13.350000,13.313797,224500
2018-04-30,13.600000,14.150000,13.600000,14.050000,14.011898,814900
2018-05-01,14.000000,14.130000,13.850000,14.050000,14.011898,580600
2018-05-02,14.000000,14.130000,14.000000,14.050000,14.011898,707300
2018-05-03,14.000000,14.150000,13.950000,14.050000,14.011898,467000
2018-05-04,14.000000,14.200000,14.000000,14.150000,14.111627,430300
2018-05-07,14.200000,14.230000,14.050000,14.200000,14.161491,385500
2018-05-08,14.150000,14.300000,14.150000,14.250000,14.211355,303000
2018-05-09,14.250000,14.400000,14.200000,14.400000,14.360949,309800
2018-05-10,14.350000,14.400000,14.080000,14.350000,14.311085,224700
2018-05-11,14.300000,14.400000,14.080000,14.130000,14.091681,379500
2018-05-14,14.150000,14.250000,13.980000,14.000000,13.962033,366800
2018-05-15,14.000000,14.200000,14.000000,14.050000,14.011898,388300
2018-05-16,14.100000,14.250000,14.000000,14.150000,14.111627,354300
2018-05-17,14.100000,14.350000,14.100000,14.300000,14.261220,288400
2018-05-18,14.350000,14.400000,14.250000,14.350000,14.311085,328900
2018-05-21,14.350000,14.430000,14.250000,14.400000,14.360949,292500
2018-05-22,14.400000,14.450000,14.350000,14.400000,14.360949,261600
2018-05-23,14.400000,14.400000,14.300000,14.350000,14.311085,331300
2018-05-24,14.300000,14.300000,13.910000,14.250000,14.211355,272700
2018-05-25,14.350000,14.400000,14.300000,14.350000,14.311085,400000
2018-05-29,14.300000,14.400000,13.950000,14.300000,14.261220,328000
2018-05-30,14.350000,14.500000,14.300000,14.450000,14.410813,639300
2018-05-31,14.500000,14.550000,14.350000,14.450000,14.410813,354700
2018-06-01,14.500000,14.550000,14.400000,14.400000,14.360949,375500
2018-06-04,14.550000,14.800000,14.500000,14.750000,14.710000,524200
2018-06-05,14.750000,14.750000,14.500000,14.550000,14.550000,319100
2018-06-06,14.500000,14.650000,14.500000,14.650000,14.650000,322100
2018-06-07,14.750000,14.750000,14.630000,14.750000,14.750000,360000
2018-06-08,14.750000,14.800000,14.600000,14.600000,14.600000,414000
2018-06-11,14.550000,14.630000,14.250000,14.330000,14.330000,457200
2018-06-12,14.350000,14.350000,14.100000,14.250000,14.250000,326400
2018-06-13,14.250000,14.550000,14.000000,14.100000,14.100000,391500
2018-06-14,14.100000,14.250000,13.900000,14.000000,14.000000,691000
2018-06-15,13.950000,14.000000,13.700000,13.700000,13.700000,1091100
2018-06-18,13.650000,13.850000,13.650000,13.800000,13.800000,542800
2018-06-19,13.800000,14.000000,13.750000,13.950000,13.950000,435400
2018-06-20,14.000000,14.100000,13.900000,14.050000,14.050000,318100
2018-06-21,14.000000,14.100000,13.800000,14.000000,14.000000,338000
2018-06-22,14.000000,14.100000,13.850000,14.100000,14.100000,1429600
2018-06-25,14.050000,14.200000,13.880000,14.000000,14.000000,416300
2018-06-26,13.950000,14.000000,13.750000,13.900000,13.900000,321600
2018-06-27,13.850000,13.900000,13.550000,13.550000,13.550000,258300
2018-06-28,13.600000,13.650000,13.450000,13.500000,13.500000,250500
2018-06-29,13.500000,13.600000,13.400000,13.450000,13.450000,332800
