Date,Open,High,Low,Close,Adj Close,Volume
2018-06-19,14.450000,14.450000,14.300000,14.300000,14.300000,400
2018-06-20,14.300000,14.500000,14.300000,14.500000,14.500000,1200
2018-06-21,14.440000,14.500000,14.310000,14.500000,14.500000,1000
2018-06-22,14.600000,14.800000,14.250000,14.800000,14.800000,8400
2018-06-25,14.940000,14.950000,14.850000,14.900000,14.900000,4600
2018-06-26,14.920000,15.260000,14.920000,15.260000,15.260000,3000
2018-06-27,15.000000,15.350000,15.000000,15.350000,15.350000,700
2018-06-28,15.330000,15.350000,15.330000,15.350000,15.350000,500
2018-06-29,15.450000,15.450000,15.240000,15.240000,15.240000,2900
