Date,Open,High,Low,Close,Adj Close,Volume
2013-01-02,1.090000,1.090000,1.090000,1.090000,0.751897,700
2013-01-03,1.100000,1.100000,1.100000,1.100000,0.758795,900
2013-01-04,1.100000,1.100000,1.020000,1.020000,0.703610,4500
2013-01-07,1.040000,1.100000,1.030000,1.100000,0.758795,5600
2013-01-08,1.100000,1.100000,1.100000,1.100000,0.758795,0
2013-01-09,1.080000,1.080000,1.070000,1.070000,0.738101,1100
2013-01-10,1.070000,1.070000,1.070000,1.070000,0.738101,0
2013-01-11,1.070000,1.070000,1.070000,1.070000,0.738101,3000
2013-01-14,1.070000,1.100000,1.070000,1.100000,0.758795,12200
2013-01-15,1.110000,1.110000,1.110000,1.110000,0.765693,5000
2013-01-16,1.110000,1.110000,1.110000,1.110000,0.765693,200
2013-01-17,1.090000,1.100000,1.040000,1.050000,0.724304,1300
2013-01-18,1.050000,1.050000,1.050000,1.050000,0.724304,0
2013-01-22,1.100000,1.100000,1.100000,1.100000,0.758795,200
2013-01-23,1.100000,1.100000,1.100000,1.100000,0.758795,0
2013-01-24,1.030000,1.040000,1.030000,1.040000,0.717406,2300
2013-01-25,1.100000,1.200000,1.100000,1.200000,0.827776,16300
2013-01-28,1.210000,1.210000,1.190000,1.200000,0.827776,7900
2013-01-29,1.200000,1.210000,1.180000,1.200000,0.827776,2200
2013-01-30,1.200000,1.200000,1.200000,1.200000,0.827776,1500
2013-01-31,1.200000,1.200000,1.150000,1.150000,0.793286,4000
2013-02-01,1.110000,1.120000,1.110000,1.120000,0.772591,7100
2013-02-04,1.220000,1.230000,1.220000,1.230000,0.848471,2200
2013-02-05,1.230000,1.230000,1.230000,1.230000,0.848471,0
2013-02-06,1.220000,1.240000,1.200000,1.240000,0.855369,13500
2013-02-07,1.230000,1.340000,1.230000,1.330000,0.917452,7700
2013-02-08,1.300000,1.350000,1.250000,1.260000,0.869165,5700
2013-02-11,1.400000,1.400000,1.260000,1.330000,0.917452,700
2013-02-12,1.350000,1.440000,1.320000,1.330000,0.917452,5100
2013-02-13,1.300000,1.300000,1.300000,1.300000,0.896758,2500
2013-02-14,1.240000,1.300000,1.200000,1.290000,0.889860,23300
2013-02-15,1.350000,1.350000,1.230000,1.230000,0.848471,11100
2013-02-19,1.250000,1.500000,1.230000,1.450000,1.000230,56200
2013-02-20,1.470000,1.470000,1.350000,1.400000,0.965739,8200
2013-02-21,1.380000,1.400000,1.310000,1.310000,0.903656,8500
2013-02-22,1.310000,1.350000,1.270000,1.310000,0.903656,6800
2013-02-25,1.290000,1.290000,1.250000,1.250000,0.862267,2600
2013-02-26,1.230000,1.230000,1.210000,1.210000,0.834675,7900
2013-02-27,1.270000,1.270000,1.210000,1.220000,0.841573,6800
2013-02-28,1.330000,1.360000,1.290000,1.320000,0.910554,13700
2013-03-01,1.330000,1.330000,1.320000,1.320000,0.910554,2000
2013-03-04,1.310000,1.310000,1.300000,1.310000,0.903656,1100
2013-03-05,1.310000,1.440000,1.310000,1.400000,0.965739,15000
2013-03-06,1.400000,1.500000,1.370000,1.470000,1.014026,33000
2013-03-07,1.450000,1.470000,1.360000,1.400000,0.965739,4900
2013-03-08,1.430000,1.430000,1.310000,1.400000,0.965739,5600
2013-03-11,1.350000,1.480000,1.350000,1.450000,1.000230,1600
2013-03-12,1.450000,1.450000,1.450000,1.450000,1.000230,0
2013-03-13,1.480000,1.480000,1.350000,1.410000,0.972637,2800
2013-03-14,1.410000,1.410000,1.410000,1.410000,0.972637,0
2013-03-15,1.410000,1.410000,1.410000,1.410000,0.972637,0
2013-03-18,1.360000,1.440000,1.360000,1.440000,0.993332,300
2013-03-19,1.400000,1.470000,1.290000,1.440000,0.993332,8300
2013-03-20,1.350000,1.450000,1.350000,1.430000,0.986434,5400
2013-03-21,1.420000,1.420000,1.420000,1.420000,0.979535,100
2013-03-22,1.350000,1.350000,1.340000,1.340000,0.924350,2300
2013-03-25,1.330000,1.370000,1.240000,1.260000,0.869165,39000
2013-03-26,1.260000,1.310000,1.260000,1.310000,0.903656,200
2013-03-27,1.320000,1.390000,1.300000,1.330000,0.917452,6400
2013-03-28,1.350000,1.350000,1.350000,1.350000,0.931249,100
2013-04-01,1.350000,1.370000,1.290000,1.350000,0.931249,4400
2013-04-02,1.360000,1.360000,1.280000,1.350000,0.931249,13700
2013-04-03,1.260000,1.360000,1.240000,1.250000,0.862267,36100
2013-04-04,1.280000,1.300000,1.250000,1.280000,0.882962,8900
2013-04-05,1.280000,1.280000,1.280000,1.280000,0.882962,0
2013-04-08,1.280000,1.280000,1.270000,1.280000,0.882962,1600
2013-04-09,1.250000,1.280000,1.250000,1.270000,0.876064,2700
2013-04-10,1.250000,1.250000,1.220000,1.250000,0.862267,5500
2013-04-11,1.280000,1.280000,1.280000,1.280000,0.882962,1600
2013-04-12,1.280000,1.280000,1.280000,1.280000,0.882962,0
2013-04-15,1.280000,1.280000,1.220000,1.250000,0.862267,12900
2013-04-16,1.260000,1.260000,1.240000,1.240000,0.855369,2200
2013-04-17,1.240000,1.260000,1.220000,1.220000,0.841573,2400
2013-04-18,1.250000,1.270000,1.230000,1.250000,0.862267,4000
2013-04-19,1.270000,1.270000,1.250000,1.250000,0.862267,1500
2013-04-22,1.250000,1.250000,1.230000,1.230000,0.848471,6400
2013-04-23,1.250000,1.250000,1.220000,1.250000,0.862267,2500
2013-04-24,1.220000,1.240000,1.220000,1.240000,0.855369,1100
2013-04-25,1.240000,1.240000,1.240000,1.240000,0.855369,100
2013-04-26,1.220000,1.250000,1.210000,1.250000,0.862267,2500
2013-04-29,1.270000,1.270000,1.220000,1.240000,0.855369,1100
2013-04-30,1.270000,1.280000,1.210000,1.270000,0.876064,7000
2013-05-01,1.250000,1.250000,1.250000,1.250000,0.862267,200
2013-05-02,1.280000,1.280000,1.200000,1.210000,0.834675,11600
2013-05-03,1.350000,1.470000,1.250000,1.460000,1.007128,37100
2013-05-06,1.490000,1.490000,1.450000,1.450000,1.000230,39600
2013-05-07,1.440000,1.440000,1.360000,1.440000,0.993332,7100
2013-05-08,1.400000,1.440000,1.350000,1.400000,0.965739,30000
2013-05-09,1.430000,1.430000,1.360000,1.410000,0.972637,7800
2013-05-10,1.430000,1.460000,1.430000,1.460000,1.007128,2400
2013-05-13,1.460000,1.470000,1.360000,1.450000,1.007128,12000
2013-05-14,1.450000,1.460000,1.370000,1.450000,1.007128,3500
2013-05-15,1.450000,1.490000,1.440000,1.480000,1.027965,14900
2013-05-16,1.500000,1.500000,1.420000,1.470000,1.021020,7000
2013-05-17,1.490000,1.500000,1.420000,1.480000,1.027965,7200
2013-05-20,1.500000,1.550000,1.440000,1.490000,1.034911,69900
2013-05-21,1.510000,1.690000,1.500000,1.640000,1.139096,49900
2013-05-22,1.640000,1.740000,1.580000,1.670000,1.159934,86600
2013-05-23,1.670000,1.720000,1.660000,1.660000,1.152988,39000
2013-05-24,1.680000,1.690000,1.640000,1.650000,1.146042,8800
2013-05-28,1.690000,1.700000,1.560000,1.560000,1.083531,49700
2013-05-29,1.690000,1.690000,1.560000,1.580000,1.097422,5000
2013-05-30,1.620000,1.690000,1.510000,1.510000,1.048802,21200
2013-05-31,1.530000,1.580000,1.500000,1.500000,1.041857,3500
2013-06-03,1.530000,1.550000,1.450000,1.480000,1.027965,10500
2013-06-04,1.530000,1.530000,1.480000,1.480000,1.027965,1700
2013-06-05,1.480000,1.480000,1.470000,1.480000,1.027965,2000
2013-06-06,1.480000,1.500000,1.480000,1.500000,1.041857,600
2013-06-07,1.490000,1.550000,1.450000,1.550000,1.076585,54200
2013-06-10,1.560000,1.570000,1.510000,1.560000,1.083531,8700
2013-06-11,1.550000,1.550000,1.420000,1.530000,1.062694,11700
2013-06-12,1.540000,1.540000,1.520000,1.520000,1.055748,500
2013-06-13,1.490000,1.490000,1.430000,1.480000,1.027965,4800
2013-06-14,1.470000,1.510000,1.450000,1.450000,1.007128,5000
2013-06-17,1.480000,1.490000,1.480000,1.480000,1.027965,3000
2013-06-18,1.530000,1.550000,1.530000,1.530000,1.062694,7300
2013-06-19,1.540000,1.600000,1.520000,1.590000,1.104368,16700
2013-06-20,1.600000,1.600000,1.520000,1.520000,1.055748,6700
2013-06-21,1.510000,1.590000,1.510000,1.590000,1.104368,7200
2013-06-24,1.590000,1.600000,1.460000,1.600000,1.111314,10900
2013-06-25,1.500000,1.600000,1.500000,1.600000,1.111314,2800
2013-06-26,1.590000,1.600000,1.590000,1.600000,1.111314,5500
2013-06-27,1.600000,1.650000,1.600000,1.640000,1.139096,9900
2013-06-28,1.650000,1.650000,1.640000,1.650000,1.146042,9900
2013-07-01,1.650000,1.700000,1.420000,1.690000,1.173825,9500
2013-07-02,1.650000,1.650000,1.500000,1.520000,1.055748,3100
2013-07-03,1.590000,1.680000,1.590000,1.660000,1.152988,3500
2013-07-05,1.650000,1.650000,1.500000,1.610000,1.118260,7900
2013-07-08,1.530000,1.640000,1.530000,1.550000,1.076585,6100
2013-07-09,1.580000,1.670000,1.550000,1.670000,1.159934,5100
2013-07-10,1.660000,1.660000,1.550000,1.650000,1.146042,5200
2013-07-11,1.650000,1.650000,1.550000,1.630000,1.132151,2300
2013-07-12,1.630000,1.630000,1.550000,1.630000,1.132151,9000
2013-07-15,1.590000,1.620000,1.590000,1.610000,1.118260,4600
2013-07-16,1.590000,1.610000,1.590000,1.610000,1.118260,2000
2013-07-17,1.570000,1.610000,1.520000,1.610000,1.118260,4300
2013-07-18,1.600000,1.600000,1.580000,1.600000,1.111314,6000
2013-07-19,1.580000,1.600000,1.560000,1.600000,1.111314,4600
2013-07-22,1.600000,1.610000,1.580000,1.610000,1.118260,3600
2013-07-23,1.520000,1.610000,1.520000,1.610000,1.118260,5000
2013-07-24,1.600000,1.610000,1.560000,1.580000,1.097422,11800
2013-07-25,1.540000,1.590000,1.520000,1.520000,1.055748,3000
2013-07-26,1.530000,1.600000,1.530000,1.590000,1.104368,3000
2013-07-29,1.550000,1.580000,1.530000,1.580000,1.097422,5100
2013-07-30,1.550000,1.580000,1.530000,1.530000,1.062694,14100
2013-07-31,1.600000,1.600000,1.500000,1.590000,1.104368,8200
2013-08-01,1.570000,1.570000,1.500000,1.510000,1.048802,5900
2013-08-02,1.510000,1.650000,1.510000,1.650000,1.146042,9800
2013-08-05,1.690000,1.690000,1.650000,1.650000,1.146042,11400
2013-08-06,1.670000,1.700000,1.660000,1.680000,1.166879,22700
2013-08-07,1.700000,1.700000,1.680000,1.680000,1.166879,10400
2013-08-08,1.700000,1.700000,1.660000,1.690000,1.173825,3800
2013-08-09,1.690000,1.700000,1.650000,1.690000,1.173825,7500
2013-08-12,1.700000,1.700000,1.690000,1.690000,1.173825,7800
2013-08-13,1.700000,1.700000,1.600000,1.610000,1.124916,6300
2013-08-14,1.650000,1.720000,1.570000,1.580000,1.103955,8600
2013-08-15,1.700000,1.700000,1.650000,1.700000,1.187799,8100
2013-08-16,1.660000,1.690000,1.660000,1.680000,1.173825,600
2013-08-19,1.700000,1.700000,1.570000,1.660000,1.159851,1700
2013-08-20,1.680000,1.700000,1.620000,1.690000,1.180812,1300
2013-08-21,1.700000,1.700000,1.650000,1.690000,1.180812,3900
2013-08-22,1.700000,1.700000,1.700000,1.700000,1.187799,2200
2013-08-23,1.720000,1.750000,1.680000,1.680000,1.173825,28900
2013-08-26,1.690000,1.720000,1.690000,1.700000,1.187799,14500
2013-08-27,1.720000,1.740000,1.600000,1.610000,1.124916,24200
2013-08-28,1.540000,1.620000,1.520000,1.520000,1.062032,16500
2013-08-29,1.520000,1.620000,1.520000,1.600000,1.117929,6500
2013-08-30,1.580000,1.710000,1.520000,1.620000,1.131903,2500
2013-09-03,1.720000,1.720000,1.550000,1.600000,1.117929,9600
2013-09-04,1.650000,1.700000,1.650000,1.690000,1.180812,5300
2013-09-05,1.660000,1.670000,1.660000,1.670000,1.166838,2500
2013-09-06,1.640000,1.720000,1.630000,1.720000,1.201773,800
2013-09-09,1.720000,1.730000,1.690000,1.720000,1.201773,5800
2013-09-10,1.750000,1.760000,1.710000,1.760000,1.229722,19500
2013-09-11,1.770000,2.110000,1.760000,2.060000,1.439333,59400
2013-09-12,2.160000,2.180000,2.020000,2.080000,1.453307,30500
2013-09-13,2.120000,2.140000,2.000000,2.000000,1.397411,18100
2013-09-16,1.970000,1.980000,1.860000,1.900000,1.327540,21300
2013-09-17,1.950000,1.950000,1.850000,1.850000,1.292605,28600
2013-09-18,1.780000,1.910000,1.780000,1.800000,1.257670,38600
2013-09-19,1.860000,1.860000,1.800000,1.840000,1.285618,4700
2013-09-20,1.840000,1.840000,1.800000,1.830000,1.278631,2400
2013-09-23,1.830000,1.830000,1.750000,1.800000,1.257670,9800
2013-09-24,1.750000,1.760000,1.750000,1.750000,1.222734,4500
2013-09-25,1.750000,1.900000,1.750000,1.770000,1.236708,28700
2013-09-26,1.820000,1.860000,1.780000,1.860000,1.299592,1500
2013-09-27,1.870000,1.940000,1.870000,1.940000,1.355488,10600
2013-09-30,1.950000,1.950000,1.800000,1.910000,1.334527,5200
2013-10-01,1.900000,1.920000,1.820000,1.890000,1.320553,2800
2013-10-02,1.840000,2.060000,1.840000,1.910000,1.334527,33400
2013-10-03,1.950000,2.000000,1.870000,1.900000,1.327540,3800
2013-10-04,1.950000,1.990000,1.880000,1.990000,1.390424,1300
2013-10-07,1.990000,1.990000,1.980000,1.980000,1.383436,4300
2013-10-08,1.990000,1.990000,1.850000,1.850000,1.292605,8400
2013-10-09,1.850000,1.940000,1.790000,1.830000,1.278631,3900
2013-10-10,1.810000,1.850000,1.810000,1.850000,1.292605,1300
2013-10-11,1.840000,1.960000,1.840000,1.960000,1.369463,7400
2013-10-14,1.960000,1.960000,1.860000,1.880000,1.313566,6000
2013-10-15,1.930000,1.930000,1.930000,1.930000,1.348501,300
2013-10-16,1.960000,1.960000,1.870000,1.890000,1.320553,2200
2013-10-17,1.960000,1.960000,1.870000,1.870000,1.306579,2000
2013-10-18,1.870000,1.940000,1.870000,1.910000,1.334527,3200
2013-10-21,1.910000,1.910000,1.880000,1.880000,1.313566,20800
2013-10-22,1.900000,1.950000,1.890000,1.930000,1.348501,11700
2013-10-23,1.910000,1.990000,1.910000,1.980000,1.383436,3300
2013-10-24,1.990000,1.990000,1.980000,1.980000,1.383436,2400
2013-10-25,1.990000,1.990000,1.920000,1.980000,1.383436,9100
2013-10-28,1.980000,2.100000,1.980000,2.080000,1.453307,28900
2013-10-29,2.080000,2.190000,2.020000,2.020000,1.411385,24400
2013-10-30,2.020000,2.170000,2.020000,2.150000,1.502216,8100
2013-10-31,2.210000,2.300000,2.170000,2.200000,1.537152,20500
2013-11-01,2.200000,2.270000,2.020000,2.230000,1.558113,11600
2013-11-04,2.200000,2.200000,2.150000,2.150000,1.502216,5500
2013-11-05,2.100000,2.120000,2.100000,2.120000,1.481255,8000
2013-11-06,2.050000,2.050000,1.960000,2.020000,1.411385,24200
2013-11-07,1.950000,1.950000,1.760000,1.810000,1.264657,29900
2013-11-08,1.890000,1.980000,1.890000,1.960000,1.369463,6800
2013-11-11,1.950000,2.100000,1.950000,2.020000,1.411385,5100
2013-11-12,2.090000,2.090000,1.930000,2.030000,1.418372,1700
2013-11-13,2.030000,2.030000,1.950000,1.960000,1.376242,3500
2013-11-14,1.830000,2.030000,1.830000,1.890000,1.327090,9200
2013-11-15,1.830000,1.970000,1.830000,1.920000,1.348155,12100
2013-11-18,1.880000,1.880000,1.770000,1.800000,1.263895,27500
2013-11-19,1.830000,1.970000,1.820000,1.970000,1.383264,13200
2013-11-20,1.900000,1.900000,1.800000,1.840000,1.291982,3600
2013-11-21,1.940000,1.940000,1.850000,1.850000,1.299004,9100
2013-11-22,1.890000,1.920000,1.760000,1.800000,1.263895,25500
2013-11-25,1.780000,1.800000,1.760000,1.780000,1.249852,25200
2013-11-26,1.790000,1.810000,1.750000,1.750000,1.228787,19800
2013-11-27,1.750000,1.760000,1.650000,1.710000,1.200701,35900
2013-11-29,1.700000,1.720000,1.700000,1.720000,1.207723,3600
2013-12-02,1.680000,1.850000,1.650000,1.750000,1.228787,137400
2013-12-03,1.770000,1.790000,1.700000,1.700000,1.193679,19200
2013-12-04,1.710000,1.820000,1.710000,1.780000,1.249852,11400
2013-12-05,1.820000,1.860000,1.740000,1.740000,1.221766,2900
2013-12-06,1.790000,1.860000,1.750000,1.750000,1.228787,4400
2013-12-09,1.800000,1.800000,1.720000,1.770000,1.242831,2300
2013-12-10,1.750000,1.770000,1.740000,1.740000,1.221766,800
2013-12-11,1.720000,1.800000,1.720000,1.740000,1.221766,6600
2013-12-12,1.760000,1.770000,1.710000,1.710000,1.200701,1600
2013-12-13,1.760000,1.840000,1.760000,1.820000,1.277939,2000
2013-12-16,1.850000,1.910000,1.800000,1.870000,1.313047,6800
2013-12-17,1.850000,1.880000,1.830000,1.870000,1.313047,1400
2013-12-18,1.840000,1.850000,1.810000,1.850000,1.299004,800
2013-12-19,1.880000,1.890000,1.850000,1.850000,1.299004,4600
2013-12-20,1.790000,1.800000,1.780000,1.790000,1.256874,3200
2013-12-23,1.710000,1.800000,1.710000,1.750000,1.228787,22100
2013-12-24,1.750000,1.780000,1.750000,1.750000,1.228787,3200
2013-12-26,1.740000,1.790000,1.740000,1.780000,1.249852,2000
2013-12-27,1.780000,1.830000,1.710000,1.750000,1.228787,18200
2013-12-30,1.810000,1.840000,1.720000,1.750000,1.228787,18500
2013-12-31,1.780000,1.780000,1.710000,1.710000,1.200701,4000
2014-01-02,1.750000,1.760000,1.750000,1.750000,1.228787,3800
2014-01-03,1.770000,1.770000,1.720000,1.740000,1.221766,3400
2014-01-06,1.780000,1.780000,1.720000,1.720000,1.207723,1500
2014-01-07,1.750000,1.760000,1.720000,1.760000,1.235809,5100
2014-01-08,1.730000,1.790000,1.730000,1.790000,1.256874,6200
2014-01-09,1.750000,1.750000,1.740000,1.740000,1.221766,1900
2014-01-10,1.720000,1.720000,1.680000,1.680000,1.179636,21700
2014-01-13,1.580000,1.660000,1.580000,1.590000,1.116441,23300
2014-01-14,1.640000,1.650000,1.610000,1.610000,1.130485,18300
2014-01-15,1.660000,1.690000,1.610000,1.650000,1.158571,17100
2014-01-16,1.650000,1.700000,1.650000,1.650000,1.158571,7500
2014-01-17,1.700000,1.790000,1.640000,1.640000,1.151549,20300
2014-01-21,1.660000,1.700000,1.660000,1.660000,1.165593,14500
2014-01-22,1.670000,1.700000,1.660000,1.660000,1.165593,6200
2014-01-23,1.700000,1.720000,1.670000,1.670000,1.172614,1600
2014-01-24,1.680000,1.690000,1.650000,1.660000,1.165593,5200
2014-01-27,1.700000,1.700000,1.630000,1.630000,1.144528,11800
2014-01-28,1.680000,1.680000,1.670000,1.670000,1.172614,9900
2014-01-29,1.680000,1.680000,1.660000,1.680000,1.179636,1100
2014-01-30,1.620000,1.700000,1.620000,1.670000,1.172614,4400
2014-01-31,1.670000,1.670000,1.640000,1.670000,1.172614,8200
2014-02-03,1.670000,1.670000,1.650000,1.660000,1.165593,3600
2014-02-04,1.700000,1.840000,1.690000,1.830000,1.284961,29000
2014-02-05,1.830000,1.830000,1.770000,1.770000,1.242831,7800
2014-02-06,1.800000,1.800000,1.720000,1.730000,1.214744,4100
2014-02-07,1.800000,1.810000,1.800000,1.810000,1.270917,9700
2014-02-10,1.840000,1.840000,1.800000,1.820000,1.277939,13200
2014-02-11,1.830000,1.830000,1.830000,1.830000,1.284961,1100
2014-02-12,1.850000,1.900000,1.840000,1.900000,1.341442,21100
2014-02-13,1.900000,1.910000,1.860000,1.870000,1.320262,11500
2014-02-14,1.840000,1.850000,1.840000,1.850000,1.306141,2400
2014-02-18,1.880000,1.900000,1.840000,1.850000,1.306141,5200
2014-02-19,1.870000,1.900000,1.860000,1.870000,1.320262,3000
2014-02-20,1.900000,1.970000,1.840000,1.950000,1.376744,14600
2014-02-21,1.980000,2.000000,1.880000,2.000000,1.412045,16100
2014-02-24,2.000000,2.040000,2.000000,2.040000,1.440286,25200
2014-02-25,2.040000,2.130000,2.020000,2.020000,1.426165,14900
2014-02-26,1.970000,2.140000,1.970000,1.980000,1.397924,9600
2014-02-27,2.080000,2.080000,2.080000,2.080000,1.468526,2300
2014-02-28,2.010000,2.100000,2.010000,2.010000,1.419105,5000
2014-03-03,2.030000,2.040000,2.010000,2.010000,1.419105,1200
2014-03-04,1.970000,2.040000,1.970000,1.980000,1.397924,3600
2014-03-05,2.030000,2.040000,1.970000,1.970000,1.390864,11300
2014-03-06,2.000000,2.030000,1.960000,1.960000,1.383804,2700
2014-03-07,2.000000,2.000000,1.960000,1.960000,1.383804,600
2014-03-10,1.960000,2.020000,1.920000,1.950000,1.376744,16900
2014-03-11,1.920000,1.930000,1.860000,1.870000,1.320262,22800
2014-03-12,1.870000,1.880000,1.810000,1.810000,1.277900,12000
2014-03-13,1.840000,1.840000,1.800000,1.840000,1.299081,1200
2014-03-14,1.800000,1.830000,1.800000,1.800000,1.270840,2800
2014-03-17,1.800000,1.840000,1.800000,1.830000,1.292021,9000
2014-03-18,1.830000,1.840000,1.800000,1.820000,1.284961,7900
2014-03-19,1.820000,1.850000,1.800000,1.830000,1.292021,19900
2014-03-20,1.860000,1.870000,1.860000,1.860000,1.313202,2000
2014-03-21,1.810000,1.830000,1.810000,1.810000,1.277900,9200
2014-03-24,1.880000,1.880000,1.840000,1.870000,1.320262,21700
2014-03-25,1.890000,2.110000,1.850000,2.050000,1.447345,61800
2014-03-26,2.110000,2.110000,2.010000,2.040000,1.440286,14600
2014-03-27,2.090000,2.120000,1.880000,1.950000,1.376744,18800
2014-03-28,1.980000,1.980000,1.960000,1.970000,1.390864,5200
2014-03-31,1.900000,1.970000,1.900000,1.950000,1.376744,6900
2014-04-01,1.890000,1.920000,1.890000,1.920000,1.355563,9200
2014-04-02,1.950000,1.950000,1.840000,1.840000,1.299081,4400
2014-04-03,1.860000,1.940000,1.860000,1.940000,1.369683,5900
2014-04-04,1.920000,1.940000,1.920000,1.920000,1.355563,8900
2014-04-07,1.940000,1.940000,1.940000,1.940000,1.369683,300
2014-04-08,1.930000,1.950000,1.920000,1.920000,1.355563,2200
2014-04-09,1.920000,1.950000,1.920000,1.950000,1.376744,10700
2014-04-10,1.940000,1.940000,1.870000,1.870000,1.320262,3200
2014-04-11,1.800000,1.910000,1.800000,1.910000,1.348503,9500
2014-04-14,1.930000,1.930000,1.850000,1.910000,1.348503,1400
2014-04-15,1.900000,1.900000,1.850000,1.870000,1.320262,2200
2014-04-16,1.870000,1.870000,1.850000,1.870000,1.320262,3100
2014-04-17,1.920000,1.920000,1.840000,1.840000,1.299081,2600
2014-04-21,1.830000,1.850000,1.830000,1.830000,1.292021,2400
2014-04-22,1.830000,1.940000,1.830000,1.880000,1.327322,9400
2014-04-23,1.870000,1.870000,1.870000,1.870000,1.320262,200
2014-04-24,1.850000,1.940000,1.840000,1.930000,1.362623,8400
2014-04-25,1.850000,1.940000,1.850000,1.920000,1.355563,2300
2014-04-28,1.930000,1.930000,1.880000,1.920000,1.355563,700
2014-04-29,1.930000,1.960000,1.920000,1.960000,1.383804,6100
2014-04-30,1.870000,1.960000,1.870000,1.960000,1.383804,400
2014-05-01,1.960000,1.960000,1.900000,1.920000,1.355563,2300
2014-05-02,1.900000,2.050000,1.900000,2.010000,1.419105,12700
2014-05-05,2.040000,2.040000,2.020000,2.020000,1.426165,1500
2014-05-06,2.050000,2.050000,1.930000,1.930000,1.362623,2300
2014-05-07,2.050000,2.050000,2.050000,2.050000,1.447345,300
2014-05-08,2.050000,2.090000,1.930000,1.950000,1.376744,5900
2014-05-09,2.020000,2.040000,2.020000,2.040000,1.440286,1800
2014-05-12,1.940000,1.940000,1.940000,1.940000,1.369683,300
2014-05-13,2.040000,2.380000,2.030000,2.250000,1.605098,50600
2014-05-14,2.250000,2.250000,2.190000,2.240000,1.597964,3900
2014-05-15,2.180000,2.210000,2.010000,2.150000,1.533760,14500
2014-05-16,2.040000,2.180000,2.030000,2.060000,1.469556,8500
2014-05-19,2.100000,2.140000,2.100000,2.140000,1.526626,4400
2014-05-20,2.150000,2.530000,2.150000,2.440000,1.740639,12300
2014-05-21,2.590000,2.590000,2.310000,2.390000,1.704971,26400
2014-05-22,2.420000,2.450000,2.200000,2.250000,1.605098,10400
2014-05-23,2.370000,2.430000,2.270000,2.270000,1.619365,5200
2014-05-27,2.360000,2.490000,2.270000,2.270000,1.619365,1400
2014-05-28,2.310000,2.400000,2.300000,2.360000,1.683569,11600
2014-05-29,2.460000,2.460000,2.340000,2.350000,1.676435,2500
2014-05-30,2.270000,2.440000,2.260000,2.270000,1.619365,3500
2014-06-02,2.250000,2.260000,2.250000,2.260000,1.612232,700
2014-06-03,2.250000,2.390000,2.250000,2.300000,1.640766,3000
2014-06-04,2.390000,2.390000,2.250000,2.360000,1.683569,2600
2014-06-05,2.340000,2.390000,2.340000,2.390000,1.704971,1000
2014-06-06,2.360000,2.360000,2.260000,2.290000,1.633633,4600
2014-06-09,2.350000,2.610000,2.330000,2.480000,1.769174,57200
2014-06-10,2.770000,2.930000,2.600000,2.860000,2.040257,77900
2014-06-11,2.990000,3.180000,2.900000,3.010000,2.147264,85300
2014-06-12,3.170000,3.190000,2.910000,2.990000,2.132996,51700
2014-06-13,2.990000,3.050000,2.810000,2.810000,2.004588,21200
2014-06-16,2.910000,3.100000,2.800000,3.060000,2.182933,45300
2014-06-17,3.050000,3.140000,3.000000,3.100000,2.211468,44200
2014-06-18,3.010000,3.100000,3.010000,3.080000,2.197200,11600
2014-06-19,3.010000,3.050000,3.010000,3.010000,2.147264,20500
2014-06-20,3.010000,3.080000,3.000000,3.010000,2.147264,16100
2014-06-23,2.900000,3.100000,2.900000,3.010000,2.147264,10700
2014-06-24,3.100000,3.200000,3.010000,3.010000,2.147264,16200
2014-06-25,3.200000,3.200000,3.000000,3.170000,2.261405,7500
2014-06-26,3.170000,3.170000,3.020000,3.080000,2.197200,9100
2014-06-27,3.100000,3.330000,3.100000,3.310000,2.361277,54300
2014-06-30,3.380000,3.390000,3.120000,3.380000,2.411214,51500
2014-07-01,3.300000,3.700000,3.280000,3.700000,2.639494,52700
2014-07-02,3.800000,4.000000,3.600000,3.910000,2.789303,63900
2014-07-03,3.800000,3.850000,3.470000,3.480000,2.482551,48200
2014-07-07,3.540000,3.770000,3.510000,3.580000,2.553889,26600
2014-07-08,3.500000,3.750000,3.480000,3.530000,2.568441,24600
2014-07-09,3.700000,3.710000,3.550000,3.610000,2.626649,12300
2014-07-10,3.560000,3.720000,3.560000,3.720000,2.706686,13900
2014-07-11,3.710000,3.710000,3.510000,3.530000,2.568441,30600
2014-07-14,3.520000,3.650000,3.320000,3.330000,2.422920,94800
2014-07-15,3.290000,3.600000,3.200000,3.220000,2.342883,33600
2014-07-16,3.200000,3.420000,2.870000,2.920000,2.124603,74900
2014-07-17,2.850000,2.900000,2.550000,2.730000,1.986358,236200
2014-07-18,2.650000,2.770000,2.550000,2.640000,1.920873,54200
2014-07-21,2.620000,2.750000,2.470000,2.730000,1.986358,65200
2014-07-22,2.750000,2.750000,2.500000,2.510000,1.826285,102500
2014-07-23,2.500000,2.580000,2.400000,2.420000,1.760801,59300
2014-07-24,2.430000,2.590000,2.350000,2.400000,1.746249,151200
2014-07-25,2.620000,3.690000,2.620000,3.080000,2.241019,696800
2014-07-28,2.780000,2.870000,2.500000,2.530000,1.840837,772200
2014-07-29,2.530000,2.640000,2.530000,2.620000,1.906321,153400
2014-07-30,2.620000,2.650000,2.520000,2.560000,1.862666,77100
2014-07-31,2.560000,2.610000,2.550000,2.580000,1.877217,93400
2014-08-01,2.550000,2.640000,2.550000,2.620000,1.906321,59200
2014-08-04,2.600000,2.650000,2.550000,2.560000,1.862666,128600
2014-08-05,2.600000,2.600000,2.500000,2.510000,1.826285,69300
2014-08-06,2.500000,2.530000,2.450000,2.530000,1.840837,111700
2014-08-07,2.520000,2.620000,2.480000,2.550000,1.855389,38000
2014-08-08,2.510000,2.570000,2.410000,2.450000,1.782629,201400
2014-08-11,2.520000,2.550000,2.350000,2.350000,1.709868,58500
2014-08-12,2.350000,2.430000,2.350000,2.390000,1.738973,30800
2014-08-13,2.560000,2.600000,2.370000,2.370000,1.738973,78800
2014-08-14,2.500000,2.590000,2.400000,2.520000,1.849034,86400
2014-08-15,2.600000,2.640000,2.470000,2.580000,1.893059,32400
2014-08-18,2.600000,2.640000,2.510000,2.570000,1.885721,49300
2014-08-19,2.570000,2.700000,2.510000,2.650000,1.944421,81200
2014-08-20,2.700000,2.780000,2.640000,2.770000,2.032470,62300
2014-08-21,2.750000,2.750000,2.650000,2.730000,2.003121,34900
2014-08-22,2.730000,2.800000,2.710000,2.770000,2.032470,50300
2014-08-25,2.770000,2.800000,2.700000,2.720000,1.995783,113000
2014-08-26,2.700000,2.750000,2.550000,2.560000,1.878384,92000
2014-08-27,2.620000,2.650000,2.610000,2.650000,1.944421,15900
2014-08-28,2.680000,2.680000,2.580000,2.600000,1.907733,37300
2014-08-29,2.660000,2.680000,2.590000,2.680000,1.966433,20800
2014-09-02,2.690000,2.780000,2.600000,2.750000,2.017796,34900
2014-09-03,2.710000,2.740000,2.700000,2.710000,1.988445,28100
2014-09-04,2.700000,2.720000,2.660000,2.690000,1.973771,28000
2014-09-05,2.720000,2.720000,2.690000,2.710000,1.988445,25500
2014-09-08,2.720000,2.750000,2.690000,2.700000,1.981108,45800
2014-09-09,2.700000,2.740000,2.680000,2.730000,2.003121,23300
2014-09-10,2.770000,2.860000,2.690000,2.760000,2.025133,42800
2014-09-11,2.780000,2.790000,2.690000,2.750000,2.017796,37300
2014-09-12,2.780000,2.800000,2.700000,2.760000,2.025133,33900
2014-09-15,2.790000,2.790000,2.700000,2.710000,1.988445,38400
2014-09-16,2.800000,2.800000,2.710000,2.760000,2.025133,23000
2014-09-17,2.780000,2.790000,2.750000,2.790000,2.047145,22000
2014-09-18,2.770000,2.830000,2.770000,2.800000,2.054482,41400
2014-09-19,2.820000,2.820000,2.720000,2.720000,1.995783,51400
2014-09-22,2.710000,2.730000,2.650000,2.660000,1.951758,54400
2014-09-23,2.650000,2.790000,2.650000,2.740000,2.010458,31300
2014-09-24,2.790000,2.790000,2.700000,2.720000,1.995783,28100
2014-09-25,2.690000,2.760000,2.680000,2.700000,1.981108,35500
2014-09-26,2.740000,2.800000,2.710000,2.790000,2.047145,32500
2014-09-29,2.800000,2.800000,2.740000,2.800000,2.054482,33200
2014-09-30,2.820000,2.850000,2.750000,2.810000,2.061820,45500
2014-10-01,2.770000,2.810000,2.760000,2.810000,2.061820,25300
2014-10-02,2.800000,2.820000,2.750000,2.820000,2.069157,41400
2014-10-03,2.830000,2.850000,2.810000,2.840000,2.083833,53600
2014-10-06,2.840000,2.890000,2.830000,2.880000,2.113182,135200
2014-10-07,2.840000,2.890000,2.800000,2.820000,2.069157,35100
2014-10-08,2.790000,2.800000,2.620000,2.730000,2.054109,43800
2014-10-09,2.710000,2.800000,2.670000,2.680000,2.016488,67600
2014-10-10,2.630000,2.760000,2.630000,2.720000,2.046585,38500
2014-10-13,2.700000,2.790000,2.630000,2.670000,2.008963,60100
2014-10-14,2.660000,2.710000,2.640000,2.670000,2.008963,17600
2014-10-15,2.670000,2.670000,2.610000,2.660000,2.001439,26000
2014-10-16,2.650000,2.750000,2.610000,2.750000,2.069157,26300
2014-10-17,2.750000,2.750000,2.700000,2.740000,2.061633,24700
2014-10-20,2.740000,2.740000,2.670000,2.740000,2.061633,14100
2014-10-21,2.750000,2.790000,2.680000,2.760000,2.076682,22700
2014-10-22,2.790000,2.790000,2.650000,2.750000,2.069157,18800
2014-10-23,2.760000,2.800000,2.750000,2.760000,2.076682,33400
2014-10-24,2.770000,2.790000,2.750000,2.760000,2.076682,22000
2014-10-27,2.790000,2.820000,2.650000,2.670000,2.008963,70700
2014-10-28,2.740000,2.810000,2.690000,2.710000,2.039061,38800
2014-10-29,2.750000,2.820000,2.720000,2.780000,2.091730,5100
2014-10-30,2.850000,2.850000,2.750000,2.750000,2.069157,90700
2014-10-31,2.750000,2.840000,2.750000,2.820000,2.121826,15100
2014-11-03,2.820000,2.840000,2.800000,2.840000,2.136875,12000
2014-11-04,2.850000,2.850000,2.760000,2.790000,2.099254,36500
2014-11-05,2.840000,2.850000,2.800000,2.850000,2.144399,8400
2014-11-06,2.870000,2.880000,2.800000,2.840000,2.136875,29000
2014-11-07,2.840000,2.880000,2.760000,2.870000,2.159448,20900
2014-11-10,2.920000,3.020000,2.860000,2.950000,2.219642,52100
2014-11-11,2.990000,3.090000,2.900000,3.050000,2.294884,105500
2014-11-12,3.040000,3.120000,2.960000,3.030000,2.294884,46300
2014-11-13,2.990000,3.050000,2.980000,3.050000,2.310032,59600
2014-11-14,3.080000,3.080000,2.980000,2.980000,2.257015,31400
2014-11-17,2.960000,2.990000,2.860000,2.860000,2.166128,38400
2014-11-18,2.920000,2.980000,2.860000,2.860000,2.166128,37400
2014-11-19,2.860000,3.000000,2.860000,3.000000,2.272162,38100
2014-11-20,3.010000,3.010000,2.890000,2.930000,2.219145,28800
2014-11-21,2.920000,2.990000,2.920000,2.950000,2.234293,22900
2014-11-24,2.990000,2.990000,2.920000,2.920000,2.211572,30800
2014-11-25,2.960000,2.980000,2.900000,2.960000,2.241867,40000
2014-11-26,2.980000,3.000000,2.950000,3.000000,2.272162,25100
2014-11-28,3.000000,3.000000,2.960000,3.000000,2.272162,14400
2014-12-01,3.000000,3.080000,2.980000,2.990000,2.264588,70300
2014-12-02,3.020000,3.080000,3.020000,3.020000,2.287310,43600
2014-12-03,3.050000,3.100000,3.030000,3.100000,2.347900,74100
2014-12-04,3.100000,3.100000,3.050000,3.100000,2.347900,31900
2014-12-05,3.100000,3.170000,3.100000,3.150000,2.385771,57600
2014-12-08,3.150000,3.190000,3.130000,3.140000,2.378197,31100
2014-12-09,3.160000,3.250000,3.110000,3.250000,2.461509,39400
2014-12-10,3.230000,3.400000,3.180000,3.340000,2.529673,60200
2014-12-11,3.380000,3.470000,3.300000,3.450000,2.612987,67500
2014-12-12,3.480000,3.480000,3.250000,3.440000,2.605413,38400
2014-12-15,3.440000,3.580000,3.390000,3.520000,2.666003,71000
2014-12-16,3.550000,3.560000,3.450000,3.490000,2.643282,58700
2014-12-17,3.490000,3.700000,3.490000,3.630000,2.749316,55600
2014-12-18,3.750000,3.850000,3.700000,3.730000,2.825055,58800
2014-12-19,3.700000,3.700000,3.510000,3.510000,2.658430,67200
2014-12-22,3.500000,3.690000,3.450000,3.530000,2.673578,74000
2014-12-23,3.560000,3.740000,3.480000,3.650000,2.764464,66400
2014-12-24,3.710000,3.870000,3.670000,3.870000,2.931089,55800
2014-12-26,3.870000,4.100000,3.730000,3.820000,2.893220,84100
2014-12-29,3.900000,4.080000,3.900000,3.940000,2.984107,83100
2014-12-30,4.000000,4.000000,3.880000,3.960000,2.999254,48500
2014-12-31,3.950000,4.030000,3.900000,4.030000,3.052271,78100
2015-01-02,4.100000,4.180000,4.020000,4.180000,3.165879,79200
2015-01-05,4.210000,4.440000,4.100000,4.290000,3.249191,231400
2015-01-06,4.330000,4.360000,4.030000,4.280000,3.241618,148100
2015-01-07,4.200000,4.250000,3.920000,4.200000,3.233918,125900
2015-01-08,4.200000,4.370000,4.010000,4.140000,3.241748,82700
2015-01-09,4.140000,4.170000,4.000000,4.050000,3.171275,77600
2015-01-12,4.100000,4.150000,3.930000,3.970000,3.108633,81900
2015-01-13,3.950000,3.970000,3.320000,3.600000,2.818911,325700
2015-01-14,3.600000,3.690000,3.500000,3.630000,2.842402,35100
2015-01-15,3.560000,3.670000,3.340000,3.670000,2.873724,56100
2015-01-16,3.680000,3.680000,3.470000,3.600000,2.818911,39600
2015-01-20,3.670000,3.670000,3.500000,3.560000,2.787590,60700
2015-01-21,3.510000,3.570000,3.340000,3.460000,2.709287,90000
2015-01-22,3.360000,3.660000,3.280000,3.630000,2.842402,90200
2015-01-23,3.630000,3.810000,3.420000,3.530000,2.764099,38700
2015-01-26,3.500000,3.640000,3.480000,3.560000,2.787590,38900
2015-01-27,3.530000,3.730000,3.530000,3.630000,2.842402,44500
2015-01-28,3.700000,3.700000,3.640000,3.700000,2.897215,6100
2015-01-29,3.720000,3.790000,3.600000,3.680000,2.881554,58700
2015-01-30,3.670000,3.770000,3.560000,3.590000,2.811081,43700
2015-02-02,3.640000,3.720000,3.560000,3.710000,2.905045,16900
2015-02-03,3.730000,3.790000,3.610000,3.730000,2.920706,48300
2015-02-04,3.670000,3.830000,3.640000,3.640000,2.850233,31400
2015-02-05,3.710000,3.790000,3.680000,3.710000,2.905045,21100
2015-02-06,3.740000,3.770000,3.690000,3.730000,2.920706,10400
2015-02-09,3.800000,3.880000,3.710000,3.790000,2.967688,47500
2015-02-10,3.700000,3.760000,3.700000,3.710000,2.905045,37600
2015-02-11,3.710000,3.830000,3.710000,3.720000,2.928663,36000
2015-02-12,3.780000,3.790000,3.720000,3.720000,2.928663,19800
2015-02-13,3.740000,3.740000,3.600000,3.630000,2.857808,16900
2015-02-17,3.600000,3.650000,3.360000,3.490000,2.747590,97400
2015-02-18,3.500000,3.610000,3.370000,3.560000,2.802699,43700
2015-02-19,3.620000,3.620000,3.480000,3.610000,2.842063,19000
2015-02-20,3.620000,3.620000,3.510000,3.520000,2.771208,12000
2015-02-23,3.520000,3.560000,3.460000,3.470000,2.731845,19200
2015-02-24,3.590000,3.610000,3.510000,3.610000,2.842063,26900
2015-02-25,3.670000,3.730000,3.580000,3.630000,2.857808,17400
2015-02-26,3.700000,3.740000,3.530000,3.740000,2.944408,22400
2015-02-27,3.740000,3.740000,3.630000,3.660000,2.881427,22400
2015-03-02,3.630000,3.740000,3.550000,3.620000,2.849936,20400
2015-03-03,3.600000,3.670000,3.600000,3.650000,2.873554,10600
2015-03-04,3.670000,3.740000,3.600000,3.740000,2.944408,8900
2015-03-05,3.750000,3.750000,3.680000,3.720000,2.928663,15900
2015-03-06,3.680000,3.710000,3.600000,3.650000,2.873554,17700
2015-03-09,3.710000,3.750000,3.680000,3.720000,2.928663,22300
2015-03-10,3.730000,3.730000,3.650000,3.690000,2.905045,5700
2015-03-11,3.730000,3.730000,3.650000,3.680000,2.897172,8300
2015-03-12,3.740000,3.740000,3.610000,3.650000,2.873554,19800
2015-03-13,3.620000,3.730000,3.620000,3.680000,2.897172,18200
2015-03-16,3.700000,3.700000,3.650000,3.690000,2.905045,16700
2015-03-17,3.700000,3.750000,3.660000,3.740000,2.944408,14900
2015-03-18,3.730000,3.730000,3.670000,3.730000,2.936537,14100
2015-03-19,3.690000,3.900000,3.690000,3.900000,3.070372,40500
2015-03-20,3.930000,4.040000,3.930000,3.980000,3.133355,41300
2015-03-23,4.010000,4.070000,3.850000,3.860000,3.038882,61300
2015-03-24,3.820000,3.860000,3.670000,3.760000,2.960154,39900
2015-03-25,3.800000,3.800000,3.730000,3.750000,2.952281,15900
2015-03-26,3.770000,3.770000,3.650000,3.730000,2.936537,19000
2015-03-27,3.670000,3.750000,3.670000,3.740000,2.944408,8100
2015-03-30,3.770000,4.020000,3.740000,3.970000,3.125482,39600
2015-03-31,4.000000,4.010000,3.810000,3.960000,3.117610,30000
2015-04-01,4.000000,4.060000,4.000000,4.030000,3.172719,35400
2015-04-02,4.050000,4.060000,3.870000,3.920000,3.086118,48800
2015-04-06,3.900000,4.000000,3.900000,3.960000,3.117610,35600
2015-04-07,4.000000,4.140000,3.950000,4.010000,3.156973,61400
2015-04-08,4.040000,4.170000,3.980000,4.040000,3.237099,26500
2015-04-09,4.040000,4.100000,3.970000,4.040000,3.237099,18500
2015-04-10,4.000000,4.080000,3.950000,4.000000,3.205049,26000
2015-04-13,4.050000,4.050000,4.010000,4.020000,3.221074,29500
2015-04-14,4.040000,4.040000,3.990000,4.030000,3.229087,19700
2015-04-15,4.090000,4.100000,4.040000,4.090000,3.277163,54400
2015-04-16,4.100000,4.100000,4.050000,4.070000,3.261137,35300
2015-04-17,4.090000,4.100000,4.050000,4.080000,3.269150,26000
2015-04-20,4.140000,4.250000,4.100000,4.240000,3.397352,49600
2015-04-21,4.240000,4.440000,4.220000,4.330000,3.469465,77900
2015-04-22,4.370000,4.470000,4.340000,4.460000,3.573629,43300
2015-04-23,4.500000,4.630000,4.470000,4.620000,3.701831,66100
2015-04-24,4.620000,4.620000,4.280000,4.370000,3.501516,97400
2015-04-27,4.410000,4.490000,4.400000,4.470000,3.581642,33800
2015-04-28,4.420000,4.600000,4.420000,4.590000,3.677794,27300
2015-04-29,4.600000,4.600000,4.450000,4.480000,3.589654,46700
2015-04-30,4.510000,4.600000,4.460000,4.570000,3.661768,18300
2015-05-01,4.600000,4.610000,4.520000,4.590000,3.677794,29000
2015-05-04,4.600000,4.600000,4.550000,4.580000,3.669781,21600
2015-05-05,4.600000,4.600000,4.420000,4.450000,3.565616,35800
2015-05-06,4.510000,4.510000,4.420000,4.450000,3.565616,13000
2015-05-07,4.540000,4.540000,4.430000,4.490000,3.597667,24500
2015-05-08,4.500000,4.510000,4.440000,4.500000,3.605680,25900
2015-05-11,4.460000,4.740000,4.460000,4.700000,3.765932,91300
2015-05-12,4.730000,4.760000,4.560000,4.650000,3.725869,93500
2015-05-13,4.660000,4.730000,4.550000,4.560000,3.653755,43400
2015-05-14,4.700000,4.750000,4.480000,4.710000,3.773945,53200
2015-05-15,4.750000,4.750000,4.580000,4.740000,3.797983,34700
2015-05-18,4.770000,4.780000,4.000000,4.170000,3.341264,427500
2015-05-19,4.040000,4.360000,4.040000,4.210000,3.373314,113800
2015-05-20,4.250000,4.250000,3.900000,4.110000,3.293188,198800
2015-05-21,4.180000,4.360000,4.080000,4.180000,3.349276,146300
2015-05-22,4.230000,4.640000,4.120000,4.390000,3.517541,126500
2015-05-26,4.380000,4.430000,4.300000,4.380000,3.509529,273100
2015-05-27,4.470000,4.470000,4.350000,4.380000,3.509529,22600
2015-05-28,4.370000,4.400000,4.220000,4.230000,3.389339,40400
2015-05-29,4.210000,4.390000,4.210000,4.320000,3.461453,42100
2015-06-01,4.400000,4.400000,4.260000,4.320000,3.461453,27300
2015-06-02,4.320000,4.320000,4.200000,4.210000,3.373314,40600
2015-06-03,4.200000,4.250000,4.200000,4.250000,3.405364,41700
2015-06-04,4.280000,4.280000,4.130000,4.220000,3.381326,21300
2015-06-05,4.240000,4.240000,4.140000,4.150000,3.325238,39800
2015-06-08,4.020000,4.190000,3.980000,4.100000,3.285175,119300
2015-06-09,4.060000,4.180000,4.060000,4.160000,3.333251,28600
2015-06-10,4.190000,4.210000,4.160000,4.190000,3.357289,23400
2015-06-11,4.160000,4.280000,4.160000,4.160000,3.333251,85000
2015-06-12,4.150000,4.250000,4.110000,4.200000,3.365301,20400
2015-06-15,4.220000,4.350000,4.210000,4.260000,3.413377,56800
2015-06-16,4.270000,4.290000,4.240000,4.260000,3.413377,12900
2015-06-17,4.250000,4.290000,4.200000,4.240000,3.397352,18400
2015-06-18,4.290000,4.350000,4.260000,4.290000,3.437415,26400
2015-06-19,4.310000,4.360000,4.170000,4.170000,3.341264,64700
2015-06-22,4.160000,4.220000,4.110000,4.180000,3.349276,21300
2015-06-23,4.180000,4.320000,4.180000,4.260000,3.413377,12700
2015-06-24,4.280000,4.360000,4.260000,4.260000,3.413377,14800
2015-06-25,4.300000,4.410000,4.250000,4.370000,3.501516,34500
2015-06-26,4.440000,4.650000,4.370000,4.460000,3.573629,64000
2015-06-29,4.530000,4.530000,4.320000,4.390000,3.517541,36700
2015-06-30,4.410000,4.580000,4.390000,4.390000,3.517541,23100
2015-07-01,4.420000,4.500000,4.410000,4.420000,3.541579,13200
2015-07-02,4.470000,4.490000,4.430000,4.450000,3.565616,22800
2015-07-06,4.470000,4.640000,4.420000,4.510000,3.613693,89100
2015-07-07,4.520000,4.540000,4.400000,4.420000,3.541579,55800
2015-07-08,4.450000,4.450000,4.100000,4.260000,3.476296,44900
2015-07-09,4.260000,4.360000,3.920000,3.920000,3.198845,97700
2015-07-10,3.980000,4.160000,3.980000,4.120000,3.362051,36000
2015-07-13,4.130000,4.260000,4.120000,4.120000,3.362051,27600
2015-07-14,4.230000,4.230000,4.170000,4.180000,3.411014,8100
2015-07-15,4.210000,4.240000,4.160000,4.160000,3.394693,14400
2015-07-16,4.170000,4.200000,4.150000,4.180000,3.411014,17500
2015-07-17,4.200000,4.230000,4.150000,4.160000,3.394693,5000
2015-07-20,4.210000,4.210000,4.080000,4.120000,3.362051,45300
2015-07-21,4.140000,4.140000,4.080000,4.110000,3.353892,21400
2015-07-22,4.120000,4.170000,4.090000,4.120000,3.362051,33100
2015-07-23,4.110000,4.130000,4.090000,4.120000,3.362051,15200
2015-07-24,4.140000,4.150000,4.090000,4.110000,3.353892,29700
2015-07-27,4.060000,4.090000,4.060000,4.060000,3.313090,25000
2015-07-28,4.050000,4.100000,4.020000,4.020000,3.280449,35000
2015-07-29,4.010000,4.090000,4.010000,4.090000,3.337571,19400
2015-07-30,4.090000,4.120000,4.090000,4.090000,3.337571,17300
2015-07-31,4.120000,4.260000,4.100000,4.220000,3.443655,57100
2015-08-03,4.260000,4.410000,4.170000,4.170000,3.402854,45900
2015-08-04,4.170000,4.180000,4.120000,4.160000,3.394693,15200
2015-08-05,4.100000,4.150000,4.000000,4.000000,3.264128,57800
2015-08-06,4.000000,4.130000,3.900000,3.920000,3.198845,46800
2015-08-07,3.950000,3.990000,3.880000,3.880000,3.166204,32300
2015-08-10,3.850000,3.940000,3.770000,3.870000,3.158044,32400
2015-08-11,3.800000,3.920000,3.800000,3.830000,3.125402,28600
2015-08-12,3.770000,3.910000,3.700000,3.900000,3.182525,31100
2015-08-13,3.880000,3.900000,3.770000,3.900000,3.182525,30200
2015-08-14,3.840000,3.860000,3.750000,3.800000,3.100921,22200
2015-08-17,3.730000,3.790000,3.720000,3.740000,3.051960,48200
2015-08-18,3.770000,3.790000,3.700000,3.750000,3.060120,22900
2015-08-19,3.750000,3.750000,3.620000,3.620000,2.954036,24100
2015-08-20,3.620000,3.620000,3.220000,3.310000,2.701066,120500
2015-08-21,3.350000,3.410000,3.320000,3.340000,2.725547,39400
2015-08-24,3.200000,3.210000,3.080000,3.210000,2.619463,78600
2015-08-25,3.280000,3.340000,3.200000,3.260000,2.660264,47600
2015-08-26,3.300000,3.700000,3.300000,3.590000,2.929554,52600
2015-08-27,3.660000,3.740000,3.530000,3.610000,2.945875,19100
2015-08-28,3.590000,3.780000,3.530000,3.720000,3.035639,33700
2015-08-31,3.890000,4.230000,3.810000,4.090000,3.337571,135300
2015-09-01,4.000000,4.110000,4.000000,4.080000,3.329411,24300
2015-09-02,4.130000,4.300000,4.080000,4.080000,3.329411,48600
2015-09-03,4.060000,4.300000,4.060000,4.170000,3.402854,65900
2015-09-04,4.150000,4.250000,4.070000,4.090000,3.337571,42200
2015-09-08,4.190000,4.290000,4.120000,4.230000,3.451815,33700
2015-09-09,4.210000,4.300000,4.150000,4.190000,3.419174,23300
2015-09-10,4.230000,4.230000,4.150000,4.210000,3.435495,20500
2015-09-11,4.210000,4.280000,4.200000,4.280000,3.492616,20400
2015-09-14,4.250000,4.320000,4.200000,4.240000,3.459976,21400
2015-09-15,4.300000,4.300000,4.100000,4.100000,3.345731,20600
2015-09-16,4.120000,4.190000,4.090000,4.170000,3.402854,24300
2015-09-17,4.170000,4.200000,4.080000,4.140000,3.378372,9500
2015-09-18,4.120000,4.290000,4.120000,4.260000,3.476296,37700
2015-09-21,4.300000,4.300000,4.110000,4.140000,3.378372,18200
2015-09-22,4.140000,4.280000,4.120000,4.140000,3.378372,21400
2015-09-23,4.150000,4.260000,4.150000,4.160000,3.394693,32800
2015-09-24,4.100000,4.220000,4.100000,4.150000,3.386533,12500
2015-09-25,4.150000,4.220000,4.100000,4.120000,3.362051,8500
2015-09-28,4.100000,4.160000,4.050000,4.050000,3.304930,21500
2015-09-29,4.100000,4.210000,4.050000,4.150000,3.386533,26600
2015-09-30,4.130000,4.220000,4.060000,4.100000,3.345731,12900
2015-10-01,4.120000,4.180000,4.080000,4.080000,3.329411,15400
2015-10-02,4.060000,4.250000,4.060000,4.250000,3.468136,28800
2015-10-05,4.210000,4.250000,4.120000,4.210000,3.435495,21200
2015-10-06,4.250000,4.270000,4.160000,4.220000,3.443655,34000
2015-10-07,4.210000,4.210000,4.070000,4.190000,3.485245,20400
2015-10-08,4.200000,4.320000,4.150000,4.300000,3.576743,28300
2015-10-09,4.250000,4.320000,4.250000,4.260000,3.543471,19700
2015-10-12,4.250000,4.330000,4.160000,4.220000,3.510199,15300
2015-10-13,4.210000,4.210000,4.110000,4.160000,3.460291,16600
2015-10-14,4.110000,4.260000,4.100000,4.130000,3.435337,9800
2015-10-15,4.180000,4.180000,4.150000,4.170000,3.468609,9400
2015-10-16,4.170000,4.210000,4.170000,4.170000,3.468609,9900
2015-10-19,4.120000,4.220000,4.060000,4.100000,3.410383,25700
2015-10-20,4.140000,4.200000,4.080000,4.080000,3.393747,14400
2015-10-21,4.140000,4.200000,4.070000,4.100000,3.410383,17100
2015-10-22,4.110000,4.140000,4.040000,4.110000,3.418701,14600
2015-10-23,4.120000,4.130000,4.040000,4.070000,3.385429,21300
2015-10-26,4.050000,4.100000,4.050000,4.070000,3.385429,11500
2015-10-27,4.090000,4.090000,4.000000,4.070000,3.385429,28400
2015-10-28,4.080000,4.150000,4.070000,4.080000,3.393747,7600
2015-10-29,4.110000,4.180000,4.030000,4.110000,3.418701,21900
2015-10-30,4.100000,4.170000,4.020000,4.020000,3.343839,19900
2015-11-02,4.020000,4.100000,4.020000,4.100000,3.410383,9000
2015-11-03,4.150000,4.160000,4.020000,4.070000,3.385429,6000
2015-11-04,4.100000,4.100000,4.020000,4.060000,3.377111,12300
2015-11-05,4.030000,4.140000,4.030000,4.110000,3.418701,15500
2015-11-06,4.120000,4.150000,4.100000,4.150000,3.451973,11100
2015-11-09,4.180000,4.250000,4.090000,4.250000,3.535153,30700
2015-11-10,4.270000,4.330000,4.230000,4.290000,3.568425,47000
2015-11-11,4.330000,4.330000,4.250000,4.270000,3.551789,6400
2015-11-12,4.290000,4.320000,4.230000,4.250000,3.535153,10800
2015-11-13,4.290000,4.290000,4.210000,4.230000,3.518517,10200
2015-11-16,4.270000,4.340000,4.210000,4.340000,3.610016,22800
2015-11-17,4.350000,4.350000,4.300000,4.300000,3.576743,38200
2015-11-18,4.350000,4.350000,4.240000,4.240000,3.526835,20400
2015-11-19,4.250000,4.350000,4.250000,4.300000,3.576743,12300
2015-11-20,4.220000,4.310000,4.210000,4.250000,3.535153,34900
2015-11-23,4.250000,4.310000,4.210000,4.210000,3.501881,14900
2015-11-24,4.240000,4.320000,4.210000,4.260000,3.543471,10800
2015-11-25,4.290000,4.320000,4.270000,4.290000,3.568425,12300
2015-11-27,4.290000,4.290000,4.250000,4.290000,3.568425,3100
2015-11-30,4.290000,4.290000,4.250000,4.290000,3.568425,6700
2015-12-01,4.290000,4.290000,4.210000,4.210000,3.501881,20400
2015-12-02,4.220000,4.270000,4.220000,4.250000,3.535153,17900
2015-12-03,4.300000,4.310000,4.220000,4.260000,3.543471,7200
2015-12-04,4.250000,4.340000,4.250000,4.300000,3.576743,14900
2015-12-07,4.300000,4.390000,4.260000,4.380000,3.643287,30100
2015-12-08,4.380000,4.420000,4.320000,4.420000,3.676560,19500
2015-12-09,4.420000,4.420000,4.400000,4.400000,3.659923,9900
2015-12-10,4.400000,4.430000,4.390000,4.400000,3.659923,6900
2015-12-11,4.340000,4.360000,4.250000,4.310000,3.585061,16700
2015-12-14,4.280000,4.380000,4.250000,4.260000,3.543471,51100
2015-12-15,4.250000,4.370000,4.250000,4.260000,3.543471,6200
2015-12-16,4.310000,4.310000,4.260000,4.290000,3.568425,6300
2015-12-17,4.310000,4.470000,4.290000,4.370000,3.634969,23300
2015-12-18,4.400000,4.470000,4.350000,4.470000,3.718149,16400
2015-12-21,4.470000,4.530000,4.470000,4.510000,3.751421,30300
2015-12-22,4.510000,4.540000,4.490000,4.500000,3.743103,20200
2015-12-23,4.490000,4.580000,4.490000,4.570000,3.801330,26700
2015-12-24,4.580000,4.580000,4.500000,4.500000,3.743103,6300
2015-12-28,4.540000,4.600000,4.500000,4.510000,3.751421,67100
2015-12-29,4.390000,4.480000,4.200000,4.390000,3.721750,45200
2015-12-30,4.430000,4.430000,4.320000,4.380000,3.713272,20600
2015-12-31,4.360000,4.440000,4.170000,4.390000,3.721750,30500
2016-01-04,4.320000,4.470000,4.280000,4.280000,3.628494,19000
2016-01-05,4.250000,4.280000,4.250000,4.250000,3.603060,18300
2016-01-06,4.200000,4.330000,4.200000,4.300000,3.645449,13400
2016-01-07,4.250000,4.300000,4.210000,4.250000,3.603060,29900
2016-01-08,4.300000,4.330000,4.210000,4.260000,3.611538,34800
2016-01-11,4.240000,4.250000,4.100000,4.150000,3.518282,11500
2016-01-12,4.140000,4.280000,4.100000,4.130000,3.501326,13000
2016-01-13,4.160000,4.270000,4.010000,4.070000,3.450460,35800
2016-01-14,4.150000,4.150000,4.000000,4.080000,3.458938,24000
2016-01-15,4.060000,4.120000,3.800000,3.890000,3.297860,50300
2016-01-19,3.950000,4.090000,3.860000,4.080000,3.458938,29000
2016-01-20,4.120000,4.150000,4.040000,4.130000,3.501326,16500
2016-01-21,4.090000,4.180000,4.040000,4.180000,3.543715,12500
2016-01-22,4.200000,4.200000,4.080000,4.110000,3.484371,31500
2016-01-25,4.140000,4.140000,4.030000,4.100000,3.475893,9400
2016-01-26,4.080000,4.150000,4.040000,4.110000,3.484371,5300
2016-01-27,4.120000,4.140000,4.060000,4.070000,3.450460,4700
2016-01-28,4.130000,4.150000,4.060000,4.130000,3.501326,8100
2016-01-29,4.120000,4.160000,4.070000,4.110000,3.484371,12000
2016-02-01,4.120000,4.160000,4.110000,4.160000,3.526760,3600
2016-02-02,4.160000,4.300000,4.160000,4.280000,3.628494,16900
2016-02-03,4.300000,4.300000,4.210000,4.250000,3.603060,18100
2016-02-04,4.310000,4.340000,4.120000,4.340000,3.679361,18900
2016-02-05,4.350000,4.400000,4.220000,4.250000,3.603060,10200
2016-02-08,4.270000,4.270000,4.090000,4.170000,3.535238,5100
2016-02-09,4.080000,4.190000,4.080000,4.120000,3.492849,7800
2016-02-10,4.120000,4.120000,4.080000,4.120000,3.492849,10200
2016-02-11,4.090000,4.120000,4.080000,4.110000,3.484371,4100
2016-02-12,4.120000,4.170000,4.090000,4.120000,3.492849,13400
2016-02-16,4.120000,4.140000,4.070000,4.080000,3.458938,20600
2016-02-17,4.040000,4.080000,3.920000,3.970000,3.365682,72900
2016-02-18,4.010000,4.020000,3.980000,4.000000,3.391115,11100
2016-02-19,4.010000,4.050000,3.990000,4.020000,3.408071,21000
2016-02-22,4.050000,4.070000,3.950000,3.950000,3.348727,66500
2016-02-23,4.030000,4.030000,3.980000,3.990000,3.382638,7100
2016-02-24,4.020000,4.060000,3.950000,4.040000,3.425026,15000
2016-02-25,4.060000,4.060000,4.000000,4.030000,3.416549,17100
2016-02-26,4.010000,4.040000,4.010000,4.020000,3.408071,7800
2016-02-29,4.020000,4.040000,4.000000,4.020000,3.408071,14300
2016-03-01,4.040000,4.070000,4.000000,4.010000,3.399593,15900
2016-03-02,4.040000,4.070000,4.000000,4.040000,3.425026,4300
2016-03-03,4.070000,4.090000,4.060000,4.070000,3.450460,9400
2016-03-04,4.090000,4.150000,4.080000,4.100000,3.475893,14400
2016-03-07,4.160000,4.200000,4.060000,4.170000,3.535238,25800
2016-03-08,4.100000,4.160000,4.010000,4.010000,3.399593,14000
2016-03-09,4.130000,4.190000,4.120000,4.150000,3.518282,13400
2016-03-10,4.180000,4.220000,4.160000,4.160000,3.526760,18200
2016-03-11,4.160000,4.200000,4.070000,4.160000,3.526760,9400
2016-03-14,4.120000,4.140000,4.040000,4.110000,3.484371,30400
2016-03-15,4.080000,4.100000,4.050000,4.080000,3.458938,4300
2016-03-16,4.100000,4.130000,4.080000,4.110000,3.484371,7500
2016-03-17,4.130000,4.160000,4.090000,4.140000,3.509804,15800
2016-03-18,4.160000,4.160000,4.140000,4.160000,3.526760,6100
2016-03-21,4.180000,4.250000,4.150000,4.150000,3.518282,44600
2016-03-22,4.120000,4.250000,4.100000,4.100000,3.475893,8600
2016-03-23,4.160000,4.220000,4.120000,4.170000,3.535238,4200
2016-03-24,4.190000,4.190000,4.100000,4.160000,3.526760,11500
2016-03-28,4.200000,4.250000,4.130000,4.130000,3.501326,21800
2016-03-29,4.160000,4.310000,4.160000,4.230000,3.586105,16100
2016-03-30,4.210000,4.310000,4.160000,4.310000,3.653926,25100
2016-03-31,4.310000,4.420000,4.270000,4.350000,3.687838,51400
2016-04-01,4.310000,4.510000,4.310000,4.440000,3.764138,76600
2016-04-04,4.470000,4.550000,4.400000,4.470000,3.789572,113000
2016-04-05,4.500000,4.500000,4.430000,4.450000,3.772616,54700
2016-04-06,4.400000,4.410000,4.270000,4.380000,3.785580,17800
2016-04-07,4.380000,4.380000,4.310000,4.330000,3.742365,17700
2016-04-08,4.350000,4.420000,4.250000,4.250000,3.673222,61000
2016-04-11,4.240000,4.310000,4.110000,4.160000,3.595437,49100
2016-04-12,4.130000,4.280000,4.130000,4.240000,3.664580,14300
2016-04-13,4.190000,4.240000,4.130000,4.210000,3.638651,24100
2016-04-14,4.150000,4.240000,4.130000,4.130000,3.569508,23100
2016-04-15,4.180000,4.310000,4.180000,4.200000,3.630008,22500
2016-04-18,4.240000,4.360000,4.220000,4.240000,3.664580,40300
2016-04-19,4.280000,4.290000,4.220000,4.270000,3.690508,16300
2016-04-20,4.270000,4.370000,4.230000,4.250000,3.673222,38500
2016-04-21,4.240000,4.340000,4.240000,4.340000,3.751009,22700
2016-04-22,4.350000,4.440000,4.320000,4.320000,3.733723,17100
2016-04-25,4.340000,4.440000,4.310000,4.420000,3.820152,24600
2016-04-26,4.430000,4.480000,4.210000,4.440000,3.837437,32800
2016-04-27,4.420000,4.500000,4.270000,4.450000,3.846080,31200
2016-04-28,4.470000,4.470000,4.370000,4.370000,3.776937,20200
2016-04-29,4.360000,4.450000,4.270000,4.400000,3.802866,8000
2016-05-02,4.430000,4.430000,4.230000,4.260000,3.681866,52700
2016-05-03,4.300000,4.370000,4.210000,4.210000,3.638651,58300
2016-05-04,4.190000,4.270000,4.190000,4.270000,3.690508,27500
2016-05-05,4.320000,4.320000,4.190000,4.250000,3.673222,25600
2016-05-06,4.350000,4.360000,4.200000,4.350000,3.759652,12400
2016-05-09,4.350000,4.350000,4.290000,4.330000,3.742365,20400
2016-05-10,4.300000,4.370000,4.270000,4.270000,3.690508,21000
2016-05-11,4.270000,4.360000,4.220000,4.230000,3.655938,13900
2016-05-12,4.260000,4.260000,4.220000,4.220000,3.647294,5700
2016-05-13,4.250000,4.270000,4.210000,4.220000,3.647294,7100
2016-05-16,4.260000,4.340000,4.190000,4.250000,3.673222,39000
2016-05-17,4.290000,4.350000,4.250000,4.340000,3.751009,25000
2016-05-18,4.330000,4.330000,4.200000,4.320000,3.733723,13400
2016-05-19,4.260000,4.290000,4.260000,4.260000,3.681866,3600
2016-05-20,4.250000,4.370000,4.250000,4.320000,3.733723,6000
2016-05-23,4.340000,4.340000,4.280000,4.340000,3.751009,18900
2016-05-24,4.340000,4.390000,4.290000,4.390000,3.794223,15100
2016-05-25,4.360000,4.500000,4.350000,4.460000,3.854723,32700
2016-05-26,4.420000,4.500000,4.390000,4.480000,3.872008,19100
2016-05-27,4.500000,4.500000,4.370000,4.480000,3.872008,49700
2016-05-31,4.430000,4.490000,4.410000,4.410000,3.811509,9300
2016-06-01,4.380000,4.470000,4.380000,4.400000,3.802866,6200
2016-06-02,4.410000,4.430000,4.380000,4.410000,3.811509,5800
2016-06-03,4.410000,4.490000,4.410000,4.460000,3.854723,11300
2016-06-06,4.490000,4.490000,4.380000,4.450000,3.846080,14400
2016-06-07,4.490000,4.490000,4.450000,4.480000,3.872008,8000
2016-06-08,4.490000,4.650000,4.480000,4.560000,3.941152,78000
2016-06-09,4.590000,4.640000,4.520000,4.600000,3.975724,18600
2016-06-10,4.610000,4.630000,4.530000,4.560000,3.941152,14600
2016-06-13,4.650000,4.660000,4.370000,4.450000,3.846080,63300
2016-06-14,4.550000,4.550000,4.400000,4.480000,3.872008,6500
2016-06-15,4.510000,4.620000,4.430000,4.600000,3.975724,20000
2016-06-16,4.560000,4.620000,4.560000,4.590000,3.967082,15900
2016-06-17,4.560000,4.610000,4.560000,4.590000,3.967082,8900
2016-06-20,4.660000,4.720000,4.640000,4.720000,4.079438,18100
2016-06-21,4.750000,4.900000,4.710000,4.800000,4.148582,49500
2016-06-22,4.800000,5.120000,4.790000,4.960000,4.286867,69000
2016-06-23,5.040000,5.100000,4.900000,5.010000,4.330081,65600
2016-06-24,4.850000,5.080000,4.700000,5.040000,4.356010,71800
2016-06-27,4.970000,5.060000,4.850000,5.050000,4.364653,40000
2016-06-28,5.090000,5.400000,4.970000,5.170000,4.468368,82700
2016-06-29,5.200000,5.350000,5.060000,5.320000,4.598011,78900
2016-06-30,5.250000,5.390000,5.210000,5.320000,4.598011,57700
2016-07-01,5.380000,5.750000,5.350000,5.640000,4.874582,108100
2016-07-05,5.690000,5.880000,5.650000,5.870000,5.073369,61800
2016-07-06,5.790000,5.850000,5.610000,5.800000,5.090924,129900
2016-07-07,5.840000,5.840000,5.410000,5.600000,4.915375,72100
2016-07-08,5.650000,5.660000,5.330000,5.370000,4.713494,31600
2016-07-11,5.290000,5.560000,5.210000,5.410000,4.748603,58800
2016-07-12,5.470000,5.690000,5.380000,5.470000,4.801268,45800
2016-07-13,5.510000,5.510000,5.360000,5.420000,4.757380,25000
2016-07-14,5.500000,5.500000,5.400000,5.410000,4.748603,15100
2016-07-15,5.460000,5.570000,5.360000,5.400000,4.739825,26500
2016-07-18,5.420000,5.530000,5.360000,5.450000,4.783713,41600
2016-07-19,5.400000,5.520000,5.340000,5.380000,4.722271,17700
2016-07-20,5.420000,5.490000,5.360000,5.490000,4.818823,18500
2016-07-21,5.460000,5.550000,5.410000,5.420000,4.757380,16300
2016-07-22,5.460000,5.590000,5.400000,5.570000,4.889042,26800
2016-07-25,5.590000,5.630000,5.400000,5.470000,4.801268,31600
2016-07-26,5.530000,5.650000,5.420000,5.490000,4.818823,29900
2016-07-27,5.550000,5.600000,5.450000,5.450000,4.783713,17000
2016-07-28,5.480000,5.560000,5.460000,5.510000,4.836379,3700
2016-07-29,5.490000,5.590000,5.480000,5.580000,4.897820,6500
2016-08-01,5.650000,5.650000,5.500000,5.570000,4.889042,38800
2016-08-02,5.570000,5.650000,5.520000,5.650000,4.959262,26700
2016-08-03,5.650000,5.650000,5.610000,5.650000,4.959262,27800
2016-08-04,5.610000,5.700000,5.610000,5.700000,5.003149,19300
2016-08-05,5.700000,5.750000,5.680000,5.740000,5.038259,36000
2016-08-08,5.800000,6.430000,5.790000,6.410000,5.626348,136900
2016-08-09,6.390000,6.450000,5.810000,6.010000,5.275250,170400
2016-08-10,5.780000,5.890000,5.740000,5.820000,5.108479,212100
2016-08-11,5.880000,5.890000,5.810000,5.830000,5.117256,23000
2016-08-12,5.840000,6.050000,5.800000,5.920000,5.196253,174900
2016-08-15,5.990000,6.000000,5.870000,5.910000,5.187476,64200
2016-08-16,5.860000,5.920000,5.860000,5.880000,5.161144,58100
2016-08-17,5.860000,5.950000,5.860000,5.900000,5.178699,26400
2016-08-18,5.940000,5.940000,5.890000,5.900000,5.178699,37800
2016-08-19,5.940000,5.940000,5.860000,5.880000,5.161144,30400
2016-08-22,5.890000,5.980000,5.860000,5.920000,5.196253,57100
2016-08-23,5.920000,5.920000,5.880000,5.890000,5.169921,38100
2016-08-24,5.900000,5.950000,5.800000,5.830000,5.117256,97600
2016-08-25,5.830000,5.900000,5.820000,5.890000,5.169921,15500
2016-08-26,5.890000,5.950000,5.870000,5.900000,5.178699,44700
2016-08-29,6.030000,6.250000,5.940000,6.170000,5.415690,161300
2016-08-30,6.200000,6.280000,6.060000,6.190000,5.433245,64200
2016-08-31,6.180000,6.180000,6.070000,6.160000,5.406912,33300
2016-09-01,6.200000,6.220000,6.160000,6.200000,5.442022,25200
2016-09-02,6.200000,6.250000,6.170000,6.190000,5.433245,28500
2016-09-06,6.240000,6.300000,6.070000,6.280000,5.512242,37200
2016-09-07,6.280000,6.320000,6.190000,6.250000,5.485909,34500
2016-09-08,6.270000,6.280000,6.120000,6.230000,5.468355,23100
2016-09-09,6.220000,6.240000,6.060000,6.090000,5.345470,32000
2016-09-12,6.040000,6.070000,5.880000,6.020000,5.284028,55000
2016-09-13,5.990000,6.170000,5.980000,6.160000,5.406912,30500
2016-09-14,6.160000,6.260000,6.160000,6.250000,5.485909,36400
2016-09-15,6.250000,6.450000,6.190000,6.270000,5.503465,102600
2016-09-16,6.310000,6.400000,6.290000,6.400000,5.617571,38800
2016-09-19,6.450000,6.490000,6.390000,6.430000,5.643904,33900
2016-09-20,6.490000,6.530000,6.440000,6.520000,5.722900,37200
2016-09-21,6.550000,6.750000,6.540000,6.740000,5.916005,68800
2016-09-22,6.740000,7.000000,6.670000,6.810000,5.977447,47700
2016-09-23,6.810000,7.180000,6.810000,7.090000,6.223216,120800
2016-09-26,7.120000,7.190000,6.860000,7.080000,6.214438,54100
2016-09-27,7.140000,7.410000,7.080000,7.380000,6.477762,88300
2016-09-28,7.400000,7.480000,7.050000,7.150000,6.275880,114600
2016-09-29,7.150000,7.240000,6.860000,6.920000,6.073998,76500
2016-09-30,7.080000,7.170000,6.950000,7.170000,6.293436,48700
2016-10-03,7.140000,7.220000,6.910000,7.210000,6.328546,79900
2016-10-04,7.160000,7.220000,7.110000,7.150000,6.275880,22000
2016-10-05,7.190000,7.250000,7.100000,7.250000,6.363655,51000
2016-10-06,7.250000,7.300000,7.100000,7.240000,6.443757,41300
2016-10-07,7.200000,7.240000,7.110000,7.120000,6.336954,25100
2016-10-10,7.100000,7.250000,6.990000,7.200000,6.408156,38400
2016-10-11,7.160000,7.570000,7.160000,7.300000,6.497159,123300
2016-10-12,7.300000,7.580000,7.300000,7.460000,6.639561,56100
2016-10-13,7.500000,7.600000,7.320000,7.350000,6.541659,38000
2016-10-14,7.450000,7.450000,7.200000,7.400000,6.586161,59500
2016-10-17,7.550000,7.560000,7.150000,7.250000,6.452658,47000
2016-10-18,7.400000,7.400000,6.900000,7.100000,6.319154,85100
2016-10-19,7.050000,7.200000,7.000000,7.050000,6.274652,32000
2016-10-20,7.050000,7.050000,6.950000,6.950000,6.185650,18300
2016-10-21,7.000000,7.050000,6.950000,6.950000,6.185650,37200
2016-10-24,6.850000,6.850000,6.250000,6.330000,5.633837,187800
2016-10-25,6.250000,6.250000,5.300000,5.600000,4.984121,364400
2016-10-26,5.350000,6.350000,5.350000,6.250000,5.562636,126400
2016-10-27,6.300000,6.450000,6.000000,6.000000,5.340129,57200
2016-10-28,6.020000,6.200000,6.020000,6.050000,5.384631,21900
2016-10-31,6.050000,6.150000,6.000000,6.050000,5.384631,29900
2016-11-01,6.050000,6.100000,5.750000,5.750000,5.117625,39800
2016-11-02,5.750000,6.000000,5.750000,5.900000,5.251128,39100
2016-11-03,5.900000,5.950000,5.750000,5.750000,5.117625,21100
2016-11-04,5.750000,5.800000,5.750000,5.750000,5.117625,25300
2016-11-07,5.750000,5.950000,5.750000,5.950000,5.295629,83400
2016-11-08,5.950000,6.000000,5.760000,5.950000,5.295629,31000
2016-11-09,5.750000,6.000000,5.550000,5.900000,5.251128,58000
2016-11-10,5.900000,6.380000,5.700000,6.350000,5.651638,133000
2016-11-11,6.450000,6.500000,6.100000,6.450000,5.740640,122600
2016-11-14,6.500000,6.500000,5.850000,6.500000,5.785141,64500
2016-11-15,6.450000,6.450000,5.950000,6.250000,5.562636,65400
2016-11-16,6.300000,6.400000,5.900000,6.300000,5.607137,91100
2016-11-17,6.300000,7.000000,6.150000,6.900000,6.141149,183000
2016-11-18,6.800000,6.900000,6.550000,6.800000,6.052147,70000
2016-11-21,6.850000,6.850000,6.650000,6.750000,6.007646,30300
2016-11-22,6.800000,6.850000,6.500000,6.600000,5.874143,61300
2016-11-23,6.600000,7.000000,6.550000,6.950000,6.185650,55600
2016-11-25,6.950000,7.000000,6.800000,7.000000,6.230151,25100
2016-11-28,7.000000,7.000000,6.850000,6.950000,6.185650,19200
2016-11-29,6.950000,7.150000,6.920000,7.100000,6.319154,28400
2016-11-30,7.050000,7.150000,7.000000,7.000000,6.230151,49400
2016-12-01,7.050000,7.150000,6.800000,7.100000,6.319154,15800
2016-12-02,7.200000,7.200000,6.900000,6.950000,6.185650,22600
2016-12-05,7.050000,7.050000,6.650000,6.850000,6.096648,31000
2016-12-06,6.900000,6.900000,6.600000,6.700000,5.963145,17400
2016-12-07,6.650000,6.850000,6.650000,6.800000,6.052147,15400
2016-12-08,6.650000,6.850000,6.650000,6.750000,6.007646,44700
2016-12-09,6.800000,7.100000,6.750000,6.860000,6.105549,50600
2016-12-12,6.950000,7.000000,6.750000,6.850000,6.096648,9200
2016-12-13,6.950000,7.150000,6.810000,6.900000,6.141149,47900
2016-12-14,7.000000,7.200000,6.850000,7.060000,6.283554,81100
2016-12-15,7.050000,7.150000,7.000000,7.150000,6.363655,39100
2016-12-16,7.200000,7.200000,7.000000,7.050000,6.274652,12100
2016-12-19,7.050000,7.100000,7.000000,7.000000,6.230151,23400
2016-12-20,7.050000,7.050000,7.000000,7.050000,6.274652,5600
2016-12-21,7.070000,7.100000,7.000000,7.000000,6.230151,9100
2016-12-22,7.050000,7.200000,7.000000,7.150000,6.363655,23300
2016-12-23,7.150000,7.350000,7.100000,7.350000,6.541659,81400
2016-12-27,7.350000,7.350000,7.000000,7.250000,6.452658,32400
2016-12-28,7.250000,7.300000,7.150000,7.300000,6.588027,49900
2016-12-29,7.400000,7.400000,7.250000,7.400000,6.678275,35100
2016-12-30,7.350000,7.600000,7.350000,7.600000,6.858768,71200
2017-01-03,7.650000,7.650000,6.900000,7.200000,6.497781,117500
2017-01-04,7.250000,7.330000,7.090000,7.150000,6.452658,24600
2017-01-05,7.150000,7.230000,7.000000,7.000000,6.317286,42000
2017-01-06,7.000000,7.150000,7.000000,7.050000,6.362410,23600
2017-01-09,7.100000,7.300000,7.100000,7.300000,6.588027,35900
2017-01-10,7.150000,7.650000,7.150000,7.360000,6.642176,86100
2017-01-11,7.400000,7.500000,7.350000,7.350000,6.633152,19500
2017-01-12,7.350000,7.450000,7.150000,7.150000,6.452658,28600
2017-01-13,7.200000,7.250000,7.100000,7.150000,6.452658,20700
2017-01-17,7.150000,7.250000,7.150000,7.200000,6.497781,19000
2017-01-18,7.250000,7.250000,7.100000,7.250000,6.542904,14200
2017-01-19,7.150000,7.350000,7.150000,7.150000,6.452658,9000
2017-01-20,7.200000,7.200000,7.050000,7.090000,6.398509,42200
2017-01-23,7.100000,7.100000,6.950000,7.000000,6.317286,39600
2017-01-24,6.950000,7.000000,6.300000,6.700000,6.046546,192100
2017-01-25,6.800000,6.850000,6.500000,6.700000,6.046546,38200
2017-01-26,6.600000,6.850000,6.550000,6.600000,5.956299,26400
2017-01-27,6.550000,6.550000,6.100000,6.150000,5.550188,107600
2017-01-30,6.100000,6.470000,6.050000,6.300000,5.685558,79400
2017-01-31,6.350000,6.400000,6.240000,6.400000,5.775805,33600
2017-02-01,6.350000,6.500000,6.160000,6.200000,5.595311,24200
2017-02-02,6.350000,6.350000,6.000000,6.150000,5.550188,50300
2017-02-03,6.200000,6.300000,6.120000,6.250000,5.640435,21100
2017-02-06,6.350000,7.000000,6.350000,7.000000,6.317286,168700
2017-02-07,7.000000,7.000000,6.850000,6.900000,6.227040,33500
2017-02-08,6.900000,6.950000,6.850000,6.900000,6.227040,13800
2017-02-09,6.850000,7.000000,6.850000,6.950000,6.272163,31900
2017-02-10,7.000000,7.000000,6.900000,6.900000,6.227040,11000
2017-02-13,6.950000,6.950000,6.600000,6.850000,6.181916,41900
2017-02-14,6.800000,6.850000,6.630000,6.800000,6.136793,13900
2017-02-15,6.800000,6.800000,6.600000,6.650000,6.001422,29300
2017-02-16,6.650000,6.700000,6.400000,6.500000,5.866052,63500
2017-02-17,6.450000,6.450000,6.050000,6.200000,5.595311,95700
2017-02-21,6.200000,6.450000,6.200000,6.380000,5.757756,23500
2017-02-22,6.400000,6.450000,6.350000,6.400000,5.775805,11000
2017-02-23,6.250000,6.350000,6.000000,6.050000,5.459941,122200
2017-02-24,6.050000,6.400000,6.050000,6.250000,5.640435,47000
2017-02-27,6.350000,6.400000,6.250000,6.400000,5.775805,28000
2017-02-28,6.300000,6.300000,6.250000,6.250000,5.640435,20400
2017-03-01,6.250000,6.500000,6.100000,6.250000,5.640435,83100
2017-03-02,6.300000,6.300000,6.000000,6.150000,5.550188,32100
2017-03-03,6.100000,6.300000,6.000000,6.050000,5.459941,52200
2017-03-06,6.050000,6.200000,6.050000,6.200000,5.595311,19000
2017-03-07,6.150000,6.350000,6.050000,6.100000,5.505064,32500
2017-03-08,6.150000,6.150000,6.080000,6.150000,5.550188,10100
2017-03-09,6.100000,6.130000,5.750000,6.000000,5.414817,33000
2017-03-10,5.900000,6.000000,5.800000,5.850000,5.279447,36900
2017-03-13,5.850000,5.850000,5.300000,5.500000,4.963583,104300
2017-03-14,5.350000,5.650000,5.100000,5.650000,5.098953,110800
2017-03-15,5.700000,6.000000,5.600000,5.700000,5.144076,55700
2017-03-16,5.700000,5.950000,5.530000,5.800000,5.234324,29300
2017-03-17,5.850000,6.200000,5.800000,6.200000,5.595311,23600
2017-03-20,6.150000,6.250000,5.900000,5.950000,5.369694,23300
2017-03-21,6.000000,6.150000,5.900000,5.950000,5.369694,26500
2017-03-22,5.850000,5.950000,5.810000,5.900000,5.324570,13400
2017-03-23,5.880000,6.000000,5.850000,6.000000,5.414817,8600
2017-03-24,6.000000,6.000000,5.750000,5.750000,5.189200,16100
2017-03-27,5.750000,5.950000,5.690000,5.850000,5.279447,30400
2017-03-28,5.800000,6.000000,5.600000,5.600000,5.053829,44700
2017-03-29,5.650000,5.890000,5.600000,5.800000,5.234324,26300
2017-03-30,5.900000,5.900000,5.750000,5.800000,5.234324,27200
2017-03-31,5.850000,5.980000,5.800000,5.900000,5.324570,25400
2017-04-03,5.850000,5.950000,5.850000,5.900000,5.324570,15400
2017-04-04,6.000000,6.000000,5.940000,5.950000,5.369694,29500
2017-04-05,6.000000,6.100000,6.000000,6.100000,5.505064,72900
2017-04-06,5.950000,6.000000,5.750000,5.800000,5.321562,44000
2017-04-07,5.750000,5.900000,5.640000,5.700000,5.229811,23500
2017-04-10,5.650000,5.780000,5.600000,5.600000,5.138059,35900
2017-04-11,5.700000,5.850000,5.700000,5.750000,5.275686,29700
2017-04-12,5.650000,5.740000,5.600000,5.650000,5.183936,27100
2017-04-13,5.600000,5.650000,5.500000,5.500000,5.046309,47100
2017-04-17,5.500000,5.600000,5.500000,5.550000,5.092184,46900
2017-04-18,5.500000,5.550000,5.400000,5.500000,5.046309,33300
2017-04-19,5.550000,5.580000,5.500000,5.550000,5.092184,10500
2017-04-20,5.600000,5.600000,5.450000,5.450000,5.000432,41100
2017-04-21,5.500000,5.500000,5.100000,5.100000,4.679305,93400
2017-04-24,4.950000,5.120000,4.650000,5.050000,4.633429,170700
2017-04-25,5.150000,5.400000,5.150000,5.250000,4.816931,81000
2017-04-26,5.400000,5.400000,5.200000,5.200000,4.771056,19800
2017-04-27,5.300000,5.350000,5.100000,5.250000,4.816931,21000
2017-04-28,5.200000,5.350000,5.150000,5.200000,4.771056,23600
2017-05-01,5.350000,5.800000,5.300000,5.750000,5.275686,76300
2017-05-02,5.650000,5.750000,5.500000,5.600000,5.138059,47800
2017-05-03,5.650000,5.650000,5.510000,5.650000,5.183936,15600
2017-05-04,5.750000,5.750000,5.500000,5.600000,5.138059,20100
2017-05-05,5.600000,5.600000,5.500000,5.600000,5.138059,10700
2017-05-08,5.650000,5.650000,5.500000,5.550000,5.092184,14000
2017-05-09,5.500000,5.500000,5.400000,5.400000,4.954557,39800
2017-05-10,5.450000,5.500000,5.400000,5.450000,5.000432,31700
2017-05-11,5.450000,5.500000,5.350000,5.450000,5.000432,20400
2017-05-12,5.400000,5.410000,5.250000,5.300000,4.862807,27500
2017-05-15,5.400000,5.400000,5.250000,5.350000,4.908682,32500
2017-05-16,5.350000,5.350000,5.200000,5.220000,4.789405,43900
2017-05-17,5.150000,5.290000,5.000000,5.050000,4.633429,40100
2017-05-18,5.050000,5.350000,5.010000,5.150000,4.725180,46900
2017-05-19,5.350000,5.400000,5.250000,5.300000,4.862807,16400
2017-05-22,5.400000,5.500000,5.300000,5.400000,4.954557,27400
2017-05-23,5.500000,5.500000,5.350000,5.400000,4.954557,21600
2017-05-24,5.450000,5.450000,5.300000,5.350000,4.908682,15400
2017-05-25,5.350000,5.450000,5.300000,5.450000,5.000432,13000
2017-05-26,5.450000,5.450000,5.400000,5.450000,5.000432,31300
2017-05-30,5.400000,5.450000,5.250000,5.250000,4.816931,32300
2017-05-31,5.250000,5.250000,5.150000,5.150000,4.725180,22600
2017-06-01,5.200000,5.200000,5.050000,5.100000,4.679305,34000
2017-06-02,5.150000,5.200000,5.100000,5.100000,4.679305,17800
2017-06-05,5.100000,5.100000,5.000000,5.000000,4.587553,31300
2017-06-06,5.000000,5.130000,5.000000,5.100000,4.679305,20900
2017-06-07,5.050000,5.150000,5.050000,5.150000,4.725180,27800
2017-06-08,5.100000,5.150000,4.850000,4.950000,4.541678,100700
2017-06-09,5.050000,5.150000,5.000000,5.050000,4.633429,48400
2017-06-12,5.050000,5.100000,5.000000,5.050000,4.633429,36300
2017-06-13,5.050000,5.050000,5.000000,5.000000,4.587553,11700
2017-06-14,5.000000,5.100000,4.950000,5.000000,4.587553,22000
2017-06-15,4.950000,5.050000,4.900000,5.000000,4.587553,20800
2017-06-16,5.000000,5.000000,4.900000,4.950000,4.541678,23800
2017-06-19,4.950000,5.100000,4.950000,5.050000,4.633429,24900
2017-06-20,5.150000,5.150000,5.050000,5.100000,4.679305,25200
2017-06-21,5.000000,5.200000,5.000000,5.150000,4.725180,28600
2017-06-22,5.200000,5.300000,5.100000,5.250000,4.816931,27700
2017-06-23,5.300000,5.300000,5.200000,5.300000,4.862807,22800
2017-06-26,5.300000,5.400000,5.280000,5.350000,4.908682,27800
2017-06-27,5.300000,5.400000,5.300000,5.350000,4.908682,8200
2017-06-28,5.400000,5.450000,5.300000,5.350000,4.908682,37200
2017-06-29,5.400000,5.600000,5.350000,5.600000,5.138059,149800
2017-06-30,5.600000,6.000000,5.600000,5.950000,5.459188,149700
2017-07-03,6.000000,6.240000,5.950000,6.100000,5.596816,65800
2017-07-05,6.200000,6.300000,6.100000,6.250000,5.734442,88600
2017-07-06,6.200000,6.200000,6.050000,6.050000,5.643493,29200
2017-07-07,6.100000,6.100000,5.550000,5.650000,5.270370,96700
2017-07-10,5.650000,5.650000,5.400000,5.650000,5.270370,49500
2017-07-11,5.520000,5.740000,5.520000,5.600000,5.223728,11300
2017-07-12,5.650000,5.850000,5.600000,5.800000,5.410291,21600
2017-07-13,5.750000,5.800000,5.610000,5.700000,5.317009,25400
2017-07-14,5.750000,5.800000,5.600000,5.650000,5.270370,9600
2017-07-17,5.750000,5.750000,5.600000,5.650000,5.270370,14000
2017-07-18,5.600000,5.750000,5.600000,5.700000,5.317009,20200
2017-07-19,5.700000,5.750000,5.600000,5.600000,5.223728,28300
2017-07-20,5.600000,5.650000,5.500000,5.600000,5.223728,9600
2017-07-21,5.550000,5.650000,5.550000,5.590000,5.214401,6300
2017-07-24,5.500000,5.600000,5.500000,5.500000,5.130448,19600
2017-07-25,5.500000,5.700000,5.450000,5.500000,5.130448,27600
2017-07-26,5.550000,5.550000,5.400000,5.500000,5.130448,13800
2017-07-27,5.450000,5.540000,5.300000,5.500000,5.130448,45900
2017-07-28,5.300000,5.450000,5.300000,5.400000,5.037167,16500
2017-07-31,5.450000,5.450000,5.250000,5.400000,5.037167,21100
2017-08-01,5.500000,5.500000,5.400000,5.400000,5.037167,7100
2017-08-02,5.450000,5.450000,5.400000,5.450000,5.083807,13900
2017-08-03,5.400000,5.400000,5.350000,5.400000,5.037167,18000
2017-08-04,5.450000,5.450000,5.350000,5.400000,5.037167,10200
2017-08-07,5.450000,5.450000,5.300000,5.400000,5.037167,20000
2017-08-08,5.350000,5.400000,5.350000,5.350000,4.990527,13300
2017-08-09,5.300000,5.450000,5.250000,5.400000,5.037167,19800
2017-08-10,5.300000,5.600000,5.300000,5.450000,5.083807,21900
2017-08-11,5.500000,5.600000,5.360000,5.550000,5.177088,3800
2017-08-14,5.600000,5.700000,5.560000,5.700000,5.317009,18300
2017-08-15,5.600000,5.730000,5.500000,5.650000,5.270370,28200
2017-08-16,5.600000,5.750000,5.600000,5.700000,5.317009,6300
2017-08-17,5.800000,5.810000,5.650000,5.700000,5.317009,26900
2017-08-18,5.800000,5.800000,5.710000,5.800000,5.410291,11500
2017-08-21,5.750000,5.800000,5.650000,5.650000,5.270370,28300
2017-08-22,5.700000,5.750000,5.700000,5.750000,5.363650,3300
2017-08-23,5.750000,5.750000,5.650000,5.700000,5.317009,7300
2017-08-24,5.700000,5.700000,5.620000,5.650000,5.270370,4100
2017-08-25,5.650000,5.700000,5.600000,5.640000,5.261041,7300
2017-08-28,5.650000,5.650000,5.550000,5.550000,5.177088,6200
2017-08-29,5.500000,5.500000,5.450000,5.500000,5.130448,42600
2017-08-30,5.450000,5.650000,5.450000,5.650000,5.270370,41700
2017-08-31,5.650000,5.700000,5.600000,5.600000,5.223728,12000
2017-09-01,5.550000,5.700000,5.550000,5.700000,5.317009,5300
2017-09-05,5.700000,5.800000,5.650000,5.800000,5.410291,31900
2017-09-06,5.750000,5.800000,5.700000,5.700000,5.317009,11700
2017-09-07,5.650000,5.800000,5.650000,5.800000,5.410291,13200
2017-09-08,5.750000,5.800000,5.650000,5.800000,5.410291,9600
2017-09-11,5.800000,5.800000,5.750000,5.800000,5.410291,17700
2017-09-12,5.800000,5.800000,5.750000,5.780000,5.391634,2200
2017-09-13,5.800000,5.950000,5.800000,5.900000,5.503572,28000
2017-09-14,5.950000,6.000000,5.700000,6.000000,5.596852,23000
2017-09-15,6.050000,6.050000,5.800000,5.800000,5.410291,24000
2017-09-18,5.800000,5.900000,5.800000,5.850000,5.456931,12100
2017-09-19,5.800000,5.910000,5.800000,5.850000,5.456931,13600
2017-09-20,5.850000,5.890000,5.850000,5.850000,5.456931,1600
2017-09-21,5.870000,5.900000,5.850000,5.900000,5.503572,6500
2017-09-22,5.750000,5.900000,5.610000,5.900000,5.503572,10800
2017-09-25,5.750000,5.940000,5.720000,5.800000,5.410291,17100
2017-09-26,5.800000,5.900000,5.770000,5.800000,5.410291,11000
2017-09-27,5.900000,5.900000,5.750000,5.750000,5.363650,15800
2017-09-28,5.800000,5.850000,5.780000,5.800000,5.410291,10900
2017-09-29,5.850000,5.950000,5.850000,5.850000,5.456931,12300
2017-10-02,5.850000,6.050000,5.850000,6.000000,5.596852,43400
2017-10-03,6.050000,6.080000,6.000000,6.000000,5.596852,31900
2017-10-04,6.050000,6.100000,6.000000,6.100000,5.690134,37200
2017-10-05,6.100000,6.150000,6.050000,6.080000,5.671477,44300
2017-10-06,6.000000,6.000000,5.850000,5.900000,5.597945,32900
2017-10-09,5.900000,5.950000,5.750000,5.770000,5.571392,19900
2017-10-10,5.800000,5.830000,5.500000,5.750000,5.552080,30600
2017-10-11,5.750000,5.950000,5.750000,5.950000,5.745195,9700
2017-10-12,5.900000,5.950000,5.760000,5.850000,5.648638,15900
2017-10-13,5.900000,5.900000,5.650000,5.750000,5.552080,22700
2017-10-16,5.850000,5.850000,5.530000,5.800000,5.600359,18800
2017-10-17,5.800000,5.900000,5.800000,5.900000,5.696917,10300
2017-10-18,5.900000,5.950000,5.740000,5.800000,5.600359,21800
2017-10-19,5.900000,5.950000,5.800000,5.900000,5.696917,11900
2017-10-20,5.850000,5.850000,5.800000,5.850000,5.648638,11300
2017-10-23,5.800000,5.930000,5.800000,5.900000,5.696917,26700
2017-10-24,5.900000,5.950000,5.850000,5.900000,5.696917,19700
2017-10-25,5.850000,5.900000,5.850000,5.900000,5.696917,17000
2017-10-26,5.900000,5.900000,5.850000,5.870000,5.667950,12300
2017-10-27,5.900000,5.950000,5.900000,5.950000,5.745195,13300
2017-10-30,5.950000,6.000000,5.930000,6.000000,5.793475,28400
2017-10-31,6.000000,6.050000,5.950000,6.050000,5.841754,29800
2017-11-01,6.050000,6.100000,6.050000,6.100000,5.890033,25800
2017-11-02,6.050000,6.100000,6.050000,6.100000,5.890033,8700
2017-11-03,6.100000,6.100000,6.050000,6.060000,5.851409,10700
2017-11-06,6.100000,6.100000,6.000000,6.100000,5.890033,19300
2017-11-07,5.950000,6.000000,5.870000,5.900000,5.696917,15100
2017-11-08,6.000000,6.000000,5.880000,5.910000,5.706573,5300
2017-11-09,5.850000,5.950000,5.680000,5.900000,5.696917,21700
2017-11-10,5.850000,5.950000,5.850000,5.850000,5.648638,10000
2017-11-13,5.950000,5.950000,5.850000,5.900000,5.696917,12800
2017-11-14,5.900000,5.930000,5.850000,5.850000,5.648638,7700
2017-11-15,5.900000,5.950000,5.850000,5.950000,5.745195,11900
2017-11-16,5.900000,6.000000,5.900000,6.000000,5.793475,12800
2017-11-17,6.000000,6.000000,5.950000,5.950000,5.745195,8300
2017-11-20,6.000000,6.000000,5.950000,5.980000,5.774163,9900
2017-11-21,5.900000,6.000000,5.850000,5.850000,5.648638,38400
2017-11-22,5.880000,5.950000,5.850000,5.900000,5.696917,4800
2017-11-24,5.970000,6.000000,5.900000,5.950000,5.745195,6100
2017-11-27,5.900000,5.950000,5.900000,5.950000,5.745195,26900
2017-11-28,6.000000,6.000000,5.910000,6.000000,5.793475,11700
2017-11-29,6.000000,6.000000,5.900000,5.930000,5.725884,15700
2017-11-30,5.950000,6.000000,5.910000,5.960000,5.754852,4000
2017-12-01,5.900000,6.000000,5.900000,5.950000,5.745195,3900
2017-12-04,6.000000,6.000000,5.920000,5.980000,5.774163,6800
2017-12-05,6.000000,6.000000,5.850000,5.900000,5.696917,27000
2017-12-06,5.900000,5.950000,5.850000,5.910000,5.706573,2500
2017-12-07,5.850000,5.950000,5.830000,5.850000,5.648638,27800
2017-12-08,5.800000,5.850000,5.750000,5.800000,5.600359,9100
2017-12-11,5.900000,5.900000,5.800000,5.800000,5.600359,21800
2017-12-12,5.800000,5.850000,5.800000,5.800000,5.600359,10200
2017-12-13,5.750000,5.850000,5.750000,5.800000,5.600359,11200
2017-12-14,5.850000,5.850000,5.800000,5.800000,5.600359,7200
2017-12-15,5.850000,5.850000,5.750000,5.750000,5.552080,18700
2017-12-18,5.850000,5.850000,5.800000,5.850000,5.648638,18700
2017-12-19,5.850000,5.880000,5.820000,5.830000,5.629326,6700
2017-12-20,5.850000,5.850000,5.800000,5.850000,5.648638,5700
2017-12-21,5.850000,5.950000,5.850000,5.930000,5.725884,32000
2017-12-22,5.950000,6.000000,5.880000,5.980000,5.774163,12700
2017-12-26,5.950000,6.000000,5.910000,5.950000,5.745195,27200
2017-12-27,5.950000,6.000000,5.950000,5.980000,5.774163,19300
2017-12-28,5.900000,6.000000,5.880000,5.950000,5.852857,28900
2017-12-29,6.000000,6.000000,5.900000,5.950000,5.852857,18400
2018-01-02,5.950000,6.000000,5.900000,5.950000,5.852857,6300
2018-01-03,5.930000,5.950000,5.800000,5.850000,5.754489,13100
2018-01-04,5.800000,5.850000,5.760000,5.790000,5.695469,22500
2018-01-05,5.800000,5.800000,5.750000,5.790000,5.695469,14300
2018-01-08,5.800000,5.800000,5.720000,5.720000,5.626612,28200
2018-01-09,5.750000,5.800000,5.750000,5.770000,5.675796,13800
2018-01-10,5.700000,5.800000,5.700000,5.750000,5.656122,10900
2018-01-11,5.800000,5.900000,5.750000,5.880000,5.784000,31900
2018-01-12,5.900000,5.900000,5.850000,5.850000,5.754489,18900
2018-01-16,5.900000,5.900000,5.850000,5.900000,5.803673,27200
2018-01-17,5.900000,6.000000,5.850000,5.950000,5.852857,35200
2018-01-18,5.900000,6.100000,5.900000,6.100000,6.000408,46000
2018-01-19,6.100000,6.100000,6.050000,6.100000,6.000408,46900
2018-01-22,6.100000,6.100000,6.000000,6.050000,5.951225,23600
2018-01-23,6.050000,6.100000,6.050000,6.100000,6.000408,15800
2018-01-24,6.100000,6.150000,6.050000,6.050000,5.951225,23600
2018-01-25,6.100000,6.100000,6.050000,6.090000,5.990571,3800
2018-01-26,6.050000,6.100000,6.000000,6.040000,5.941388,7600
2018-01-29,6.050000,6.050000,6.000000,6.030000,5.931551,13700
2018-01-30,6.100000,6.100000,6.000000,6.030000,5.931551,17000
2018-01-31,6.050000,6.050000,5.950000,5.950000,5.852857,10100
2018-02-01,5.950000,5.970000,5.850000,5.850000,5.754489,23100
2018-02-02,5.860000,5.950000,5.800000,5.900000,5.803673,8400
2018-02-05,5.850000,5.900000,5.780000,5.780000,5.685633,14300
2018-02-06,5.950000,5.950000,5.800000,5.880000,5.784000,22900
2018-02-07,5.850000,6.050000,5.850000,6.020000,5.921714,20500
2018-02-08,5.970000,6.100000,5.970000,6.010000,5.911878,27300
2018-02-09,6.050000,6.100000,6.030000,6.100000,6.000408,29000
2018-02-12,6.100000,6.100000,6.050000,6.050000,5.951225,17600
2018-02-13,6.050000,6.100000,6.000000,6.080000,5.980734,15600
2018-02-14,6.150000,6.150000,6.060000,6.150000,6.049592,24400
2018-02-15,6.100000,6.150000,6.100000,6.110000,6.010245,5300
2018-02-16,6.100000,6.150000,6.100000,6.120000,6.020082,4100
2018-02-20,6.150000,6.150000,6.100000,6.120000,6.020082,8700
2018-02-21,6.150000,6.150000,6.100000,6.100000,6.000408,1700
2018-02-22,6.150000,6.150000,6.100000,6.130000,6.029918,9100
2018-02-23,6.150000,6.150000,6.120000,6.150000,6.049592,5600
2018-02-26,6.150000,6.150000,6.100000,6.150000,6.049592,5300
2018-02-27,6.150000,6.200000,6.120000,6.200000,6.098775,28500
2018-02-28,6.200000,6.250000,6.170000,6.250000,6.147959,43400
2018-03-01,6.250000,6.300000,6.200000,6.250000,6.147959,17200
2018-03-02,6.250000,6.250000,6.200000,6.250000,6.147959,10200
2018-03-05,6.250000,6.300000,6.220000,6.220000,6.118449,21700
2018-03-06,6.300000,6.300000,6.250000,6.250000,6.147959,10200
2018-03-07,6.300000,6.300000,6.250000,6.250000,6.147959,19600
2018-03-08,6.300000,6.300000,6.260000,6.280000,6.177470,4000
2018-03-09,6.300000,6.300000,6.250000,6.250000,6.147959,8000
2018-03-12,6.300000,6.400000,6.250000,6.350000,6.246326,26800
2018-03-13,6.400000,6.400000,6.300000,6.350000,6.246326,7800
2018-03-14,6.350000,6.400000,6.300000,6.390000,6.285673,17000
2018-03-15,6.400000,6.400000,6.320000,6.400000,6.295510,10600
2018-03-16,6.450000,6.500000,6.360000,6.400000,6.295510,31200
2018-03-19,6.500000,6.500000,6.400000,6.400000,6.295510,21300
2018-03-20,6.450000,6.500000,6.400000,6.500000,6.393878,27900
2018-03-21,6.500000,6.800000,6.450000,6.800000,6.688980,52400
2018-03-22,6.900000,6.950000,6.800000,6.950000,6.836530,51600
2018-03-23,6.950000,7.200000,6.930000,7.200000,7.082448,68400
2018-03-26,7.200000,7.200000,6.710000,6.950000,6.836530,59100
2018-03-27,7.000000,7.000000,6.650000,6.900000,6.787347,33700
2018-03-28,6.900000,7.000000,6.810000,6.910000,6.797184,15500
2018-03-29,7.000000,7.000000,6.930000,6.950000,6.836530,17900
2018-04-02,6.900000,7.000000,6.900000,7.000000,6.885714,20000
2018-04-03,7.000000,7.100000,6.940000,6.950000,6.836530,47300
2018-04-04,7.000000,7.100000,7.000000,7.100000,6.984081,23900
2018-04-05,7.100000,7.150000,7.050000,7.150000,7.033265,25800
2018-04-06,7.150000,7.400000,7.100000,7.350000,7.230000,55400
2018-04-09,7.300000,7.500000,7.000000,7.050000,7.050000,42900
2018-04-10,7.000000,7.000000,6.900000,6.950000,6.950000,25900
2018-04-11,6.900000,7.000000,6.850000,6.850000,6.850000,18100
2018-04-12,6.850000,7.100000,6.750000,7.050000,7.050000,17400
2018-04-13,7.100000,7.100000,6.850000,6.900000,6.900000,21500
2018-04-16,7.000000,7.100000,6.930000,7.100000,7.100000,21500
2018-04-17,7.100000,7.200000,7.100000,7.160000,7.160000,18100
2018-04-18,7.150000,7.450000,7.150000,7.300000,7.300000,33200
2018-04-19,7.300000,7.420000,7.250000,7.350000,7.350000,19400
2018-04-20,7.300000,7.350000,7.250000,7.300000,7.300000,11100
2018-04-23,7.350000,7.400000,7.260000,7.300000,7.300000,23400
2018-04-24,7.300000,7.330000,7.250000,7.250000,7.250000,10100
2018-04-25,7.250000,7.400000,7.250000,7.350000,7.350000,21300
2018-04-26,7.300000,7.400000,7.300000,7.350000,7.350000,11500
2018-04-27,7.300000,7.400000,7.300000,7.400000,7.400000,11200
2018-04-30,7.400000,7.550000,7.300000,7.500000,7.500000,47500
2018-05-01,7.500000,7.550000,7.350000,7.550000,7.550000,26000
2018-05-02,7.500000,7.600000,7.450000,7.590000,7.590000,25300
2018-05-03,7.600000,7.600000,7.490000,7.510000,7.510000,30400
2018-05-04,7.600000,7.600000,7.500000,7.550000,7.550000,26400
2018-05-07,7.550000,7.600000,7.310000,7.360000,7.360000,39300
2018-05-08,7.350000,7.400000,6.360000,6.960000,6.960000,175500
2018-05-09,7.000000,7.250000,6.950000,7.250000,7.250000,41800
2018-05-10,7.300000,7.350000,7.100000,7.100000,7.100000,29000
2018-05-11,7.250000,7.690000,7.110000,7.600000,7.600000,67000
2018-05-14,7.600000,7.600000,7.410000,7.500000,7.500000,36700
2018-05-15,7.500000,7.550000,7.350000,7.360000,7.360000,22800
2018-05-16,7.450000,7.500000,7.050000,7.050000,7.050000,15800
2018-05-17,7.050000,7.200000,6.750000,6.900000,6.900000,60600
2018-05-18,7.150000,7.250000,6.950000,7.200000,7.200000,38300
2018-05-21,7.200000,7.360000,7.200000,7.250000,7.250000,12500
2018-05-22,7.400000,7.400000,7.200000,7.400000,7.400000,10800
2018-05-23,7.350000,7.350000,7.210000,7.230000,7.230000,11000
2018-05-24,7.200000,7.300000,7.200000,7.300000,7.300000,9000
2018-05-25,7.250000,7.300000,7.210000,7.300000,7.300000,9400
2018-05-29,7.250000,7.250000,7.200000,7.230000,7.230000,10200
2018-05-30,7.230000,7.300000,7.200000,7.200000,7.200000,8600
2018-05-31,7.200000,7.300000,7.100000,7.280000,7.280000,13300
2018-06-01,7.300000,7.400000,7.100000,7.400000,7.400000,21100
2018-06-04,7.500000,7.550000,7.300000,7.350000,7.350000,32000
2018-06-05,7.400000,7.600000,7.400000,7.550000,7.550000,34900
2018-06-06,7.600000,7.600000,7.300000,7.350000,7.350000,25100
2018-06-07,7.300000,7.350000,7.250000,7.250000,7.250000,12500
2018-06-08,7.310000,7.450000,7.290000,7.350000,7.350000,11500
2018-06-11,7.350000,7.440000,7.290000,7.400000,7.400000,18000
2018-06-12,7.500000,7.500000,7.150000,7.250000,7.250000,23700
2018-06-13,7.250000,7.300000,7.150000,7.250000,7.250000,20400
2018-06-14,7.200000,7.250000,7.150000,7.250000,7.250000,6800
2018-06-15,7.150000,7.300000,7.150000,7.300000,7.300000,28700
2018-06-18,7.350000,7.350000,7.200000,7.300000,7.300000,6900
2018-06-19,7.100000,7.250000,7.100000,7.200000,7.200000,19700
2018-06-20,7.250000,7.250000,7.200000,7.200000,7.200000,12600
2018-06-21,7.200000,7.250000,7.190000,7.200000,7.200000,6800
2018-06-22,7.150000,7.240000,7.150000,7.150000,7.150000,11700
2018-06-25,7.200000,7.300000,7.160000,7.200000,7.200000,17400
2018-06-26,7.230000,7.300000,7.150000,7.270000,7.270000,8200
2018-06-27,7.300000,7.350000,7.220000,7.350000,7.350000,10600
2018-06-28,7.400000,7.500000,7.200000,7.450000,7.450000,37000
2018-06-29,7.500000,7.700000,7.400000,7.550000,7.550000,68400
