Date,Open,High,Low,Close,Adj Close,Volume
2014-08-01,13.070000,13.420000,12.720000,13.000000,13.000000,2625400
2014-08-04,12.950000,13.250000,12.950000,13.020000,13.020000,163200
2014-08-05,13.000000,13.122000,12.850000,13.000000,13.000000,80300
2014-08-06,13.000000,13.250000,12.900000,13.000000,13.000000,97600
2014-08-07,13.010000,13.050000,12.900000,13.000000,13.000000,160700
2014-08-08,13.010000,13.100000,12.950000,13.000000,13.000000,11000
2014-08-11,13.010000,13.200000,13.000000,13.140000,13.140000,68700
2014-08-12,13.140000,13.250000,13.000000,13.080000,13.080000,236300
2014-08-13,13.096000,13.110000,12.900000,13.000000,13.000000,132900
2014-08-14,13.000000,13.100000,12.900000,13.100000,13.100000,28600
2014-08-15,13.150000,13.250000,13.040000,13.080000,13.080000,43900
2014-08-18,13.100000,13.100000,12.910000,13.045000,13.045000,39800
2014-08-19,13.000000,13.070000,12.950000,13.070000,13.070000,14800
2014-08-20,13.070000,13.080000,12.950000,13.010000,13.010000,14200
2014-08-21,13.000000,13.080000,12.950000,13.070000,13.070000,15000
2014-08-22,13.000000,13.080000,13.000000,13.045000,13.045000,24000
2014-08-25,13.080000,13.100000,13.010000,13.050000,13.050000,41800
2014-08-26,13.060000,13.135000,12.687000,13.010000,13.010000,53500
2014-08-27,13.000000,13.190000,13.000000,13.000000,13.000000,16500
2014-08-28,13.050000,13.142000,13.000000,13.070000,13.070000,34200
2014-08-29,13.050000,13.220000,13.000000,13.010000,13.010000,45800
2014-09-02,13.250000,14.290000,13.010000,13.800000,13.800000,75400
2014-09-03,14.880000,14.880000,14.050000,14.440000,14.440000,80800
2014-09-04,14.440000,14.836000,14.240000,14.800000,14.800000,59000
2014-09-05,15.000000,16.452000,14.900000,15.560000,15.560000,95300
2014-09-08,15.750000,16.200001,15.020000,15.415000,15.415000,153600
2014-09-09,15.670000,15.670000,14.740000,15.020000,15.020000,43300
2014-09-10,15.390000,15.390000,14.500000,14.670000,14.670000,28100
2014-09-11,14.250000,14.440000,13.010000,13.970000,13.970000,80000
2014-09-12,13.740000,14.090000,12.550000,12.790000,12.790000,67500
2014-09-15,12.810000,12.850000,10.500000,11.680000,11.680000,109600
2014-09-16,11.860000,11.860000,10.930000,11.400000,11.400000,37300
2014-09-17,11.280000,11.660000,11.130000,11.310000,11.310000,28500
2014-09-18,12.090000,12.090000,11.250000,11.350000,11.350000,23500
2014-09-19,11.990000,11.990000,10.890000,10.890000,10.890000,71900
2014-09-22,10.810000,10.940000,10.000000,10.110000,10.110000,38500
2014-09-23,10.435000,11.590000,10.010000,11.020000,11.020000,50400
2014-09-24,11.300000,12.240000,11.050000,12.120000,12.120000,46700
2014-09-25,12.150000,12.150000,11.020000,11.800000,11.800000,80200
2014-09-26,11.800000,12.410000,11.570000,12.110000,12.110000,40400
2014-09-29,12.060000,14.210000,12.060000,13.740000,13.740000,86000
2014-09-30,13.700000,14.280000,12.610000,13.130000,13.130000,451300
2014-10-01,13.160000,13.770000,11.970000,12.420000,12.420000,145000
2014-10-02,12.420000,12.930000,11.050000,12.490000,12.490000,38700
2014-10-03,12.520000,13.710000,12.520000,13.020000,13.020000,30800
2014-10-06,13.030000,13.200000,12.570000,12.950000,12.950000,55200
2014-10-07,12.820000,12.950000,12.250000,12.900000,12.900000,66400
2014-10-08,12.860000,13.945000,12.550000,13.300000,13.300000,44900
2014-10-09,13.350000,13.510000,12.340000,12.470000,12.470000,37800
2014-10-10,12.500000,12.500000,11.080000,11.080000,11.080000,19300
2014-10-13,11.150000,11.400000,10.850000,11.010000,11.010000,10900
2014-10-14,11.030000,11.460000,10.660000,11.460000,11.460000,21000
2014-10-15,11.240000,12.320000,11.240000,11.990000,11.990000,25200
2014-10-16,11.950000,12.000000,11.520000,11.900000,11.900000,17900
2014-10-17,11.940000,12.130000,11.260000,11.300000,11.300000,29900
2014-10-20,11.340000,11.590000,11.110000,11.170000,11.170000,12100
2014-10-21,11.170000,11.440000,11.090000,11.300000,11.300000,37700
2014-10-22,11.470000,11.610000,11.250000,11.340000,11.340000,23000
2014-10-23,11.350000,11.470000,11.050000,11.260000,11.260000,43800
2014-10-24,11.210000,11.490000,11.040000,11.250000,11.250000,27300
2014-10-27,11.120000,11.440000,11.120000,11.250000,11.250000,43300
2014-10-28,11.250000,12.510000,11.240000,11.490000,11.490000,21300
2014-10-29,11.430000,11.970000,11.270000,11.390000,11.390000,11600
2014-10-30,11.932000,12.000000,10.900000,10.900000,10.900000,21400
2014-10-31,11.160000,11.690000,10.510000,10.790000,10.790000,68400
2014-11-03,11.240000,11.240000,10.695000,10.950000,10.950000,28300
2014-11-04,10.680000,10.710000,10.410000,10.630000,10.630000,22900
2014-11-05,10.670000,11.580000,10.660000,11.370000,11.370000,21600
2014-11-06,11.700000,12.260000,11.450000,11.990000,11.990000,23900
2014-11-07,12.040000,12.050000,11.850000,12.000000,12.000000,25500
2014-11-10,12.000000,12.000000,11.802000,11.930000,11.930000,23500
2014-11-11,12.090000,12.090000,11.560000,11.740000,11.740000,21000
2014-11-12,11.340000,11.500000,10.900000,11.340000,11.340000,23700
2014-11-13,10.900000,11.740000,10.900000,11.510000,11.510000,11000
2014-11-14,11.340000,11.550000,11.250000,11.450000,11.450000,11800
2014-11-17,11.510000,11.999000,11.330000,11.450000,11.450000,5000
2014-11-18,11.550000,12.300000,11.280000,11.500000,11.500000,6200
2014-11-19,11.440000,12.450000,10.970000,11.150000,11.150000,10700
2014-11-20,10.900000,11.190000,10.450000,10.700000,10.700000,25800
2014-11-21,10.990000,10.990000,10.370000,10.420000,10.420000,30700
2014-11-24,10.640000,10.860000,10.400000,10.530000,10.530000,28300
2014-11-25,10.570000,10.570000,10.050000,10.200000,10.200000,50800
2014-11-26,10.040000,10.404000,10.040000,10.370000,10.370000,5800
2014-11-28,10.380000,10.670000,10.300000,10.300000,10.300000,6400
2014-12-01,10.360000,10.520000,10.010000,10.010000,10.010000,40500
2014-12-02,10.120000,10.380000,10.000000,10.080000,10.080000,23700
2014-12-03,10.130000,10.300000,10.000000,10.140000,10.140000,28200
2014-12-04,10.200000,10.340000,10.200000,10.290000,10.290000,25200
2014-12-05,10.340000,10.890000,10.160000,10.800000,10.800000,59700
2014-12-08,10.820000,11.286000,10.720000,10.890000,10.890000,22200
2014-12-09,10.990000,11.550000,10.990000,11.030000,11.030000,30800
2014-12-10,11.300000,11.950000,11.300000,11.310000,11.310000,24400
2014-12-11,11.440000,12.270000,11.440000,12.050000,12.050000,55900
2014-12-12,11.930000,12.800000,11.010000,11.130000,11.130000,134700
2014-12-15,11.370000,11.790000,11.070000,11.640000,11.640000,34200
2014-12-16,11.580000,12.205000,11.411000,12.180000,12.180000,19700
2014-12-17,11.580000,13.060000,11.580000,13.000000,13.000000,27400
2014-12-18,13.130000,14.050000,12.900000,13.790000,13.790000,51000
2014-12-19,13.730000,14.360000,13.100000,13.670000,13.670000,131400
2014-12-22,13.880000,14.390000,13.230000,14.370000,14.370000,21500
2014-12-23,14.510000,14.639000,13.000000,13.440000,13.440000,27900
2014-12-24,13.360000,13.855000,13.200000,13.500000,13.500000,16700
2014-12-26,13.660000,14.925000,13.120000,13.330000,13.330000,19100
2014-12-29,13.500000,13.500000,13.000000,13.170000,13.170000,14100
2014-12-30,13.390000,13.500000,12.010000,12.060000,12.060000,21700
2014-12-31,12.210000,12.210000,11.575000,11.750000,11.750000,15800
2015-01-02,11.750000,12.460000,11.320000,11.870000,11.870000,22400
2015-01-05,11.270000,11.792000,11.270000,11.515000,11.515000,13300
2015-01-06,11.420000,11.840000,10.430000,10.650000,10.650000,25000
2015-01-07,11.040000,11.040000,10.040000,10.500000,10.500000,35700
2015-01-08,10.500000,12.620000,10.500000,12.400000,12.400000,21400
2015-01-09,12.185000,12.185000,11.645000,11.800000,11.800000,73800
2015-01-12,11.800000,11.800000,10.750000,11.350000,11.350000,28200
2015-01-13,11.520000,12.200000,11.440000,11.800000,11.800000,59800
2015-01-14,11.600000,11.610000,11.315000,11.370000,11.370000,9500
2015-01-15,11.256000,11.510000,10.710000,10.720000,10.720000,15100
2015-01-16,10.610000,11.170000,10.610000,11.000000,11.000000,9300
2015-01-20,11.120000,11.160000,10.010000,10.500000,10.500000,21500
2015-01-21,10.190000,10.588000,9.900000,10.050000,10.050000,23700
2015-01-22,10.150000,10.280000,9.910000,10.120000,10.120000,21000
2015-01-23,10.130000,10.670000,10.100000,10.490000,10.490000,26400
2015-01-26,10.600000,11.980000,10.500000,10.950000,10.950000,58900
2015-01-27,10.690000,11.090000,10.560000,11.000000,11.000000,7000
2015-01-28,11.110000,11.370000,11.000000,11.120000,11.120000,16600
2015-01-29,11.060000,11.900000,11.060000,11.790000,11.790000,15900
2015-01-30,11.730000,12.830000,11.730000,12.790000,12.790000,31300
2015-02-02,12.800000,13.000000,11.990000,12.670000,12.670000,27500
2015-02-03,12.895000,13.090000,12.495000,12.800000,12.800000,32200
2015-02-04,12.660000,12.660000,11.970000,11.970000,11.970000,7100
2015-02-05,12.250000,12.320000,12.180000,12.250000,12.250000,4000
2015-02-06,12.300000,12.430000,12.080000,12.100000,12.100000,11900
2015-02-09,12.220000,12.220000,12.020000,12.070000,12.070000,3600
2015-02-10,12.230000,12.230000,11.900000,11.900000,11.900000,2800
2015-02-11,11.975000,12.112000,11.870000,11.940000,11.940000,31300
2015-02-12,12.065000,12.270000,11.710000,12.150000,12.150000,25800
2015-02-13,12.070000,12.550000,11.710000,11.910000,11.910000,5800
2015-02-17,11.920000,12.330000,11.910000,12.290000,12.290000,4500
2015-02-18,12.275000,12.720000,12.250000,12.520000,12.520000,17900
2015-02-19,12.560000,13.100000,12.375000,12.980000,12.980000,29400
2015-02-20,13.040000,13.910000,13.040000,13.660000,13.660000,31200
2015-02-23,13.810000,13.810000,12.810000,13.290000,13.290000,24100
2015-02-24,13.044000,13.170000,12.950000,12.990000,12.990000,35700
2015-02-25,13.070000,13.160000,12.780000,12.920000,12.920000,63800
2015-02-26,13.130000,13.412000,12.720000,12.910000,12.910000,19400
2015-02-27,12.781000,13.050000,12.781000,12.840000,12.840000,8500
2015-03-02,12.890000,13.630000,12.660000,13.600000,13.600000,25200
2015-03-03,13.590000,13.890000,13.270000,13.490000,13.490000,29100
2015-03-04,13.928000,14.470000,13.310000,14.390000,14.390000,30400
2015-03-05,14.350000,14.650000,14.146000,14.350000,14.350000,29600
2015-03-06,14.340000,14.380000,13.790000,13.790000,13.790000,31100
2015-03-09,13.910000,14.070000,13.570000,13.800000,13.800000,128200
2015-03-10,14.140000,14.140000,13.350000,13.700000,13.700000,63300
2015-03-11,13.640000,13.790000,13.010000,13.270000,13.270000,153900
2015-03-12,13.410000,13.688000,13.230000,13.600000,13.600000,6200
2015-03-13,13.800000,13.800000,13.420000,13.670000,13.670000,52400
2015-03-16,13.790000,14.030000,13.610000,13.750000,13.750000,166800
2015-03-17,13.990000,14.150000,13.688000,13.930000,13.930000,53900
2015-03-18,14.000000,14.110000,13.630000,13.990000,13.990000,35300
2015-03-19,14.020000,14.150000,13.720000,13.740000,13.740000,53300
2015-03-20,13.840000,13.930000,13.660000,13.800000,13.800000,49400
2015-03-23,13.750000,13.750000,13.300000,13.380000,13.380000,17300
2015-03-24,13.730000,14.190000,13.300000,13.850000,13.850000,64200
2015-03-25,13.970000,14.534000,12.750000,13.010000,13.010000,59500
2015-03-26,12.730000,13.820000,12.560000,13.410000,13.410000,66600
2015-03-27,13.166000,13.210000,12.010000,12.365000,12.365000,63700
2015-03-30,12.630000,12.670000,11.880000,12.550000,12.550000,59300
2015-03-31,13.600000,13.600000,12.060000,12.450000,12.450000,30600
2015-04-01,12.360000,13.590000,11.880000,12.050000,12.050000,64600
2015-04-02,11.990000,12.170000,11.740000,11.780000,11.780000,21900
2015-04-06,11.620000,12.160000,11.620000,11.780000,11.780000,30500
2015-04-07,11.870000,12.270000,11.780000,11.910000,11.910000,38400
2015-04-08,11.730000,12.400000,11.730000,12.130000,12.130000,18800
2015-04-09,11.990000,12.600000,11.990000,12.200000,12.200000,9900
2015-04-10,12.270000,12.820000,12.100000,12.700000,12.700000,19000
2015-04-13,12.760000,13.020000,12.500000,12.620000,12.620000,15600
2015-04-14,12.380000,13.160000,12.380000,12.760000,12.760000,62600
2015-04-15,12.900000,13.010000,12.630000,13.010000,13.010000,11400
2015-04-16,12.870000,13.130000,12.870000,13.030000,13.030000,59400
2015-04-17,12.910000,13.200000,12.540000,12.950000,12.950000,42500
2015-04-20,12.969000,13.050000,12.655000,13.020000,13.020000,40300
2015-04-21,13.050000,13.630000,12.840000,13.215000,13.215000,173300
2015-04-22,13.150000,13.460000,12.950000,13.210000,13.210000,40100
2015-04-23,12.975000,13.400000,12.975000,13.390000,13.390000,74700
2015-04-24,13.600000,13.750000,13.210000,13.600000,13.600000,66300
2015-04-27,13.738000,13.800000,12.420000,12.970000,12.970000,111700
2015-04-28,13.100000,13.100000,12.465000,12.890000,12.890000,22700
2015-04-29,12.740000,12.950000,12.070000,12.120000,12.120000,110400
2015-04-30,12.440000,12.975000,11.270000,11.360000,11.360000,29500
2015-05-01,11.670000,11.670000,11.030000,11.350000,11.350000,21400
2015-05-04,11.390000,12.150000,11.210000,11.890000,11.890000,58000
2015-05-05,11.830000,11.830000,11.380000,11.510000,11.510000,18800
2015-05-06,11.590000,12.470000,11.320000,11.440000,11.440000,24900
2015-05-07,11.560000,11.610000,11.300000,11.600000,11.600000,10900
2015-05-08,11.630000,12.050000,11.450000,11.890000,11.890000,35500
2015-05-11,11.870000,12.470000,10.960000,11.040000,11.040000,28200
2015-05-12,11.000000,11.280000,10.810000,11.120000,11.120000,41000
2015-05-13,11.100000,11.230000,10.800000,11.110000,11.110000,51700
2015-05-14,11.820000,11.820000,11.020000,11.060000,11.060000,38200
2015-05-15,11.110000,11.468000,10.710000,11.000000,11.000000,40500
2015-05-18,11.030000,11.230000,10.860000,11.140000,11.140000,35000
2015-05-19,11.000000,11.150000,10.850000,10.990000,10.990000,34800
2015-05-20,11.100000,11.100000,10.720000,10.890000,10.890000,41900
2015-05-21,10.800000,11.390000,10.730000,11.390000,11.390000,27500
2015-05-22,11.450000,12.300000,11.270000,12.150000,12.150000,34100
2015-05-26,11.770000,11.820000,11.360000,11.670000,11.670000,32200
2015-05-27,11.820000,11.970000,11.110000,11.890000,11.890000,18900
2015-05-28,11.890000,12.350000,11.250000,12.230000,12.230000,44000
2015-05-29,12.070000,12.480000,11.660000,12.340000,12.340000,30800
2015-06-01,12.150000,12.890000,11.680000,12.740000,12.740000,87900
2015-06-02,12.620000,12.860000,12.227000,12.480000,12.480000,38500
2015-06-03,12.480000,12.480000,12.040000,12.330000,12.330000,102300
2015-06-04,12.150000,12.740000,11.410000,12.190000,12.190000,103400
2015-06-05,12.000000,14.360000,11.920000,14.020000,14.020000,642800
2015-06-08,14.080000,15.670000,13.890000,15.360000,15.360000,88400
2015-06-09,15.330000,17.480000,14.626000,16.930000,16.930000,136900
2015-06-10,17.100000,17.621000,16.500000,17.240000,17.240000,82000
2015-06-11,17.049999,17.480000,16.270000,16.410000,16.410000,66300
2015-06-12,16.360001,16.360001,14.300000,15.960000,15.960000,198100
2015-06-15,15.680000,16.610001,15.350000,16.480000,16.480000,75700
2015-06-16,16.250000,16.540001,15.750000,16.020000,16.020000,59400
2015-06-17,16.170000,16.920000,16.070000,16.590000,16.590000,51200
2015-06-18,16.799999,18.410000,16.709000,18.139999,18.139999,71900
2015-06-19,18.020000,20.480000,17.200001,19.900000,19.900000,265500
2015-06-22,20.100000,21.480000,19.603001,20.299999,20.299999,280400
2015-06-23,20.139999,20.139999,18.790001,19.750000,19.750000,58900
2015-06-24,20.000000,21.155001,18.559999,19.830000,19.830000,81400
2015-06-25,20.020000,20.020000,18.535000,19.450001,19.450001,86100
2015-06-26,19.530001,20.150000,18.188000,18.650000,18.650000,576000
2015-06-29,18.340000,18.500000,17.549999,18.000000,18.000000,55800
2015-06-30,18.330000,18.549999,17.900000,18.030001,18.030001,37400
2015-07-01,18.430000,18.850000,17.059999,18.160000,18.160000,82900
2015-07-02,18.090000,18.100000,16.059999,17.120001,17.120001,55400
2015-07-06,17.049999,18.010000,16.865999,17.290001,17.290001,64800
2015-07-07,17.290001,17.730000,16.742001,17.500000,17.500000,27100
2015-07-08,17.350000,17.350000,15.860000,16.000000,16.000000,60400
2015-07-09,16.160000,16.790001,16.010000,16.420000,16.420000,45400
2015-07-10,16.660000,16.716000,15.800000,16.350000,16.350000,86300
2015-07-13,16.639999,17.049999,16.150000,16.740000,16.740000,87100
2015-07-14,16.995001,18.129999,16.672001,18.010000,18.010000,86200
2015-07-15,17.930000,18.100000,16.889999,17.129999,17.129999,48100
2015-07-16,17.209999,18.165001,16.820000,17.959999,17.959999,56200
2015-07-17,17.980000,18.200001,17.770000,18.180000,18.180000,68000
2015-07-20,18.350000,18.350000,17.555000,17.790001,17.790001,46300
2015-07-21,17.730000,17.980000,16.850000,17.440001,17.440001,25900
2015-07-22,17.170000,18.090000,17.150000,17.650000,17.650000,17200
2015-07-23,17.639999,18.055000,17.400000,17.510000,17.510000,50900
2015-07-24,17.459999,17.830000,15.670000,15.780000,15.780000,53500
2015-07-27,15.780000,16.709999,15.200000,16.580000,16.580000,47200
2015-07-28,17.000000,21.740000,17.000000,20.910000,20.910000,471100
2015-07-29,21.160000,21.600000,18.629999,20.969999,20.969999,168000
2015-07-30,20.760000,20.770000,19.770000,20.540001,20.540001,37400
2015-07-31,20.900000,21.730000,20.010000,20.250000,20.250000,70900
2015-08-03,20.969999,21.480000,19.420000,20.129999,20.129999,131400
2015-08-04,19.990000,20.139999,19.510000,19.770000,19.770000,47000
2015-08-05,19.020000,20.740000,19.020000,20.490000,20.490000,44200
2015-08-06,20.559999,21.000000,19.059999,20.270000,20.270000,55200
2015-08-07,20.170000,20.870001,20.139999,20.520000,20.520000,66200
2015-08-10,20.750000,21.980000,20.500000,21.920000,21.920000,100200
2015-08-11,21.510000,22.000000,20.820000,21.090000,21.090000,140400
2015-08-12,20.910000,21.990000,19.590000,21.389999,21.389999,97500
2015-08-13,21.430000,21.530001,19.879999,19.900000,19.900000,32400
2015-08-14,19.940001,20.049999,18.600000,19.830000,19.830000,80900
2015-08-17,19.950001,20.990000,19.350000,20.180000,20.180000,72900
2015-08-18,19.850000,20.500000,18.309999,20.129999,20.129999,113400
2015-08-19,19.969999,19.969999,18.930000,19.010000,19.010000,61500
2015-08-20,18.809999,19.100000,17.170000,17.620001,17.620001,110400
2015-08-21,17.000000,18.500000,17.000000,17.459999,17.459999,75400
2015-08-24,16.370001,18.809999,16.240000,18.309999,18.309999,73600
2015-08-25,18.959999,20.180000,18.190001,19.620001,19.620001,134300
2015-08-26,20.049999,20.795000,18.530001,20.389999,20.389999,88300
2015-08-27,20.610001,20.799999,19.350000,20.540001,20.540001,78900
2015-08-28,20.340000,20.510000,19.730000,20.510000,20.510000,47000
2015-08-31,20.350000,20.450001,19.430000,20.100000,20.100000,30600
2015-09-01,19.400000,20.320000,19.400000,20.030001,20.030001,40900
2015-09-02,20.600000,21.000000,19.740000,20.990000,20.990000,62400
2015-09-03,20.969999,21.080000,20.459999,20.660000,20.660000,36700
2015-09-04,20.360001,21.219999,20.360001,20.830000,20.830000,29300
2015-09-08,21.000000,21.844999,20.709999,21.629999,21.629999,97700
2015-09-09,21.900000,22.350000,21.080000,21.820000,21.820000,88500
2015-09-10,21.870001,23.080000,21.680000,22.610001,22.610001,141300
2015-09-11,22.719999,22.930000,22.094000,22.650000,22.650000,76300
2015-09-14,22.879999,23.370001,21.900000,22.639999,22.639999,43300
2015-09-15,22.530001,22.770000,21.240000,22.090000,22.090000,68600
2015-09-16,22.040001,22.080000,21.500000,21.889999,21.889999,40700
2015-09-17,21.740000,22.290001,21.559999,21.920000,21.920000,29400
2015-09-18,21.530001,22.408001,21.530001,21.790001,21.790001,149400
2015-09-21,22.000000,23.260000,20.500000,20.750000,20.750000,59200
2015-09-22,20.400000,21.090000,19.770000,20.420000,20.420000,127500
2015-09-23,20.330000,21.370001,20.066000,20.930000,20.930000,80700
2015-09-24,20.809999,23.555000,20.809999,22.830000,22.830000,198000
2015-09-25,22.860001,23.040001,20.370001,21.200001,21.200001,69200
2015-09-28,21.090000,21.740000,18.530001,18.540001,18.540001,369700
2015-09-29,18.350000,19.115999,16.395000,16.950001,16.950001,254900
2015-09-30,17.100000,17.766001,16.325001,17.480000,17.480000,229400
2015-10-01,17.719999,17.735001,16.209999,17.719999,17.719999,108000
2015-10-02,17.440001,18.854000,16.540001,18.690001,18.690001,87500
2015-10-05,18.969999,19.469999,17.760000,18.840000,18.840000,73800
2015-10-06,18.719999,18.820000,17.049999,18.290001,18.290001,57300
2015-10-07,18.530001,19.610001,17.549999,19.440001,19.440001,43900
2015-10-08,19.209999,20.360001,18.540001,20.299999,20.299999,58700
2015-10-09,20.280001,21.594000,20.280001,21.170000,21.170000,63100
2015-10-12,21.200001,21.200001,19.070000,19.410000,19.410000,107800
2015-10-13,19.510000,20.900000,18.731001,20.070000,20.070000,96800
2015-10-14,20.139999,21.000000,19.299999,20.120001,20.120001,94400
2015-10-15,20.240000,24.190001,20.194000,22.740000,22.740000,352600
2015-10-16,22.840000,24.730000,22.840000,24.209999,24.209999,117500
2015-10-19,24.170000,25.440001,22.180000,22.860001,22.860001,119700
2015-10-20,24.600000,24.600000,22.030001,22.730000,22.730000,28300
2015-10-21,23.150000,23.959999,22.030001,23.600000,23.600000,141700
2015-10-22,23.830000,24.680000,22.740000,24.110001,24.110001,184400
2015-10-23,24.280001,25.559999,24.280001,25.090000,25.090000,150600
2015-10-26,25.110001,25.270000,23.100000,24.120001,24.120001,99500
2015-10-27,23.850000,24.850000,23.459999,24.200001,24.200001,151000
2015-10-28,24.219999,25.000000,23.600000,24.480000,24.480000,120200
2015-10-29,24.480000,25.180000,23.809999,23.879999,23.879999,51800
2015-10-30,24.799999,24.959999,23.110001,23.379999,23.379999,64900
2015-11-02,23.510000,25.559999,23.379999,24.980000,24.980000,72700
2015-11-03,24.850000,25.170000,24.459999,24.940001,24.940001,78600
2015-11-04,25.070000,25.980000,24.660000,25.840000,25.840000,123900
2015-11-05,25.790001,25.830000,22.580000,22.980000,22.980000,148000
2015-11-06,22.950001,23.920000,22.330000,23.250000,23.250000,122200
2015-11-09,23.910000,29.990000,23.910000,27.680000,27.680000,967700
2015-11-10,27.450001,28.100000,24.280001,26.750000,26.750000,677400
2015-11-11,27.559999,28.500000,26.146000,27.940001,27.940001,259400
2015-11-12,27.190001,27.990000,27.000000,27.740000,27.740000,1328900
2015-11-13,27.500000,28.969999,27.250000,28.150000,28.150000,127200
2015-11-16,27.959999,28.910000,27.250000,28.840000,28.840000,125600
2015-11-17,29.360001,32.099998,29.020000,30.139999,30.139999,322700
2015-11-18,30.230000,31.629999,28.760000,31.090000,31.090000,173400
2015-11-19,31.500000,31.780001,30.410000,31.500000,31.500000,97400
2015-11-20,32.200001,33.799999,30.900000,30.910000,30.910000,198800
2015-11-23,31.010000,32.459999,30.219999,31.680000,31.680000,132500
2015-11-24,31.580000,33.480000,31.101000,32.939999,32.939999,144300
2015-11-25,32.790001,33.680000,31.900999,32.520000,32.520000,100500
2015-11-27,32.630001,35.000000,32.630001,34.099998,34.099998,44500
2015-11-30,34.480000,34.830002,32.400002,32.930000,32.930000,165900
2015-12-01,33.439999,33.439999,29.920000,30.910000,30.910000,168300
2015-12-02,31.160000,31.379999,30.309999,30.490000,30.490000,143900
2015-12-03,30.400000,31.309999,28.510000,28.600000,28.600000,170700
2015-12-04,27.940001,30.200001,27.930000,30.150000,30.150000,69700
2015-12-07,29.889999,30.280001,28.000000,28.110001,28.110001,65000
2015-12-08,27.959999,29.570000,27.760000,29.260000,29.260000,63500
2015-12-09,29.100000,29.100000,28.070000,28.410000,28.410000,76800
2015-12-10,28.379999,29.750000,28.230000,29.570000,29.570000,87400
2015-12-11,28.790001,29.490000,27.299999,28.900000,28.900000,148000
2015-12-14,28.900000,30.340000,27.670000,27.709999,27.709999,102900
2015-12-15,28.059999,28.990000,27.980000,28.990000,28.990000,91600
2015-12-16,29.360001,31.830000,28.660000,31.690001,31.690001,241300
2015-12-17,31.709999,31.840000,29.010000,31.420000,31.420000,132600
2015-12-18,31.230000,32.570000,30.370001,31.940001,31.940001,455300
2015-12-21,32.130001,32.130001,30.743999,31.469999,31.469999,93400
2015-12-22,31.480000,32.362999,30.830000,31.790001,31.790001,58900
2015-12-23,32.130001,32.419998,31.410000,32.320000,32.320000,111800
2015-12-24,32.560001,33.000000,31.299999,32.580002,32.580002,72000
2015-12-28,32.400002,32.650002,29.010000,29.330000,29.330000,153000
2015-12-29,29.549999,29.980000,29.350000,29.730000,29.730000,60800
2015-12-30,29.500000,29.959999,29.049999,29.209999,29.209999,56200
2015-12-31,29.160000,29.573999,28.379999,28.450001,28.450001,119300
2016-01-04,27.670000,28.299999,26.530001,27.309999,27.309999,84600
2016-01-05,26.870001,28.389999,26.870001,27.950001,27.950001,75800
2016-01-06,26.920000,27.974001,24.570000,25.270000,25.270000,121900
2016-01-07,24.680000,24.850000,22.850000,24.000000,24.000000,137900
2016-01-08,24.200001,24.549999,23.605000,23.790001,23.790001,132500
2016-01-11,23.879999,23.990000,22.000000,22.680000,22.680000,118400
2016-01-12,22.840000,23.469999,21.320000,22.110001,22.110001,82500
2016-01-13,22.209999,22.459999,20.760000,21.160000,21.160000,159800
2016-01-14,21.389999,22.070000,19.809999,21.680000,21.680000,105800
2016-01-15,21.000000,21.980000,19.344999,20.670000,20.670000,131400
2016-01-19,20.000000,21.514999,19.459999,19.709999,19.709999,211900
2016-01-20,19.430000,21.670000,18.660000,20.959999,20.959999,121400
2016-01-21,21.049999,21.049999,19.549999,20.040001,20.040001,161600
2016-01-22,20.520000,20.520000,19.670000,19.959999,19.959999,101700
2016-01-25,19.860001,20.510000,19.350000,19.709999,19.709999,106100
2016-01-26,19.790001,20.420000,18.440001,20.270000,20.270000,123300
2016-01-27,20.240000,20.260000,19.315001,20.110001,20.110001,122700
2016-01-28,20.299999,20.299999,19.580000,20.170000,20.170000,160900
2016-01-29,20.129999,20.950001,19.715000,20.660000,20.660000,189000
2016-02-01,20.450001,20.600000,19.170000,20.110001,20.110001,187400
2016-02-02,19.850000,20.170000,19.219999,20.070000,20.070000,115700
2016-02-03,20.180000,20.240000,18.830000,19.980000,19.980000,172700
2016-02-04,19.809999,20.620001,19.680000,20.070000,20.070000,181900
2016-02-05,19.900000,20.340000,18.950001,19.250000,19.250000,160000
2016-02-08,18.910000,18.940001,17.180000,17.180000,17.180000,162800
2016-02-09,16.920000,17.910000,16.360001,16.780001,16.780001,120600
2016-02-10,16.930000,17.965000,16.600000,17.270000,17.270000,67000
2016-02-11,16.900000,18.629999,16.840000,17.360001,17.360001,164000
2016-02-12,17.879999,19.100000,17.059999,17.959999,17.959999,103300
2016-02-16,18.450001,18.650000,17.559999,17.969999,17.969999,147400
2016-02-17,18.110001,19.299999,17.990000,19.129999,19.129999,63400
2016-02-18,19.160000,19.500000,18.430000,18.870001,18.870001,103200
2016-02-19,18.610001,19.410000,18.424999,19.160000,19.160000,66200
2016-02-22,19.280001,19.655001,18.980000,19.549999,19.549999,106400
2016-02-23,19.520000,19.860001,18.459999,18.959999,18.959999,196000
2016-02-24,18.730000,19.587000,18.090000,19.219999,19.219999,73700
2016-02-25,19.280001,19.299999,18.299999,18.860001,18.860001,101800
2016-02-26,18.980000,19.445000,18.320000,18.879999,18.879999,63500
2016-02-29,18.860001,19.370001,18.559999,18.790001,18.790001,134700
2016-03-01,19.090000,20.040001,18.400000,19.340000,19.340000,99000
2016-03-02,19.230000,21.680000,18.670000,20.900000,20.900000,88100
2016-03-03,20.780001,21.350000,20.075001,20.410000,20.410000,50800
2016-03-04,20.299999,21.200001,20.000000,20.139999,20.139999,62800
2016-03-07,19.990000,21.370001,19.549999,21.290001,21.290001,33400
2016-03-08,21.190001,21.299999,19.559999,20.139999,20.139999,101000
2016-03-09,20.209999,20.270000,19.500000,20.049999,20.049999,48400
2016-03-10,20.280001,20.900000,18.754999,19.570000,19.570000,57000
2016-03-11,19.719999,20.639999,18.500000,20.459999,20.459999,47400
2016-03-14,21.080000,21.219999,20.040001,20.709999,20.709999,45700
2016-03-15,17.340000,19.510000,16.500000,19.320000,19.320000,209800
2016-03-16,19.049999,21.639999,18.530001,20.340000,20.340000,232700
2016-03-17,20.219999,20.459999,19.549999,20.410000,20.410000,150000
2016-03-18,20.650000,21.705000,20.250000,21.410000,21.410000,452700
2016-03-21,21.299999,23.400000,21.299999,22.299999,22.299999,160800
2016-03-22,22.420000,24.405001,22.420000,24.030001,24.030001,274600
2016-03-23,23.950001,24.625999,22.945000,23.840000,23.840000,224900
2016-03-24,23.610001,24.920000,23.070000,24.690001,24.690001,96600
2016-03-28,24.620001,25.430000,24.475000,25.120001,25.120001,199200
2016-03-29,25.040001,25.480000,23.809999,25.480000,25.480000,114900
2016-03-30,25.643000,26.290001,24.874001,25.540001,25.540001,127000
2016-03-31,25.870001,27.719999,25.870001,27.340000,27.340000,334600
2016-04-01,27.340000,28.500000,26.990000,27.985001,27.985001,173800
2016-04-04,28.120001,28.905001,27.020000,27.049999,27.049999,132500
2016-04-05,26.910000,27.639999,26.780001,26.820000,26.820000,60500
2016-04-06,26.850000,27.770000,24.190001,26.940001,26.940001,129100
2016-04-07,26.700001,27.240000,26.020000,26.420000,26.420000,66000
2016-04-08,26.790001,26.790001,25.020000,25.270000,25.270000,80700
2016-04-11,25.090000,25.330000,24.420000,24.850000,24.850000,139700
2016-04-12,24.830000,25.190001,24.000000,24.530001,24.530001,61500
2016-04-13,24.670000,25.240000,24.000000,25.200001,25.200001,122100
2016-04-14,25.270000,26.209999,24.809999,26.129999,26.129999,74100
2016-04-15,25.969999,26.010000,25.320000,25.920000,25.920000,70200
2016-04-18,29.850000,30.400000,26.070000,26.250000,26.250000,540600
2016-04-19,26.430000,26.510000,23.340000,24.120001,24.120001,336400
2016-04-20,24.129999,24.830000,23.299999,24.250000,24.250000,137400
2016-04-21,24.190001,24.950001,23.850000,24.889999,24.889999,99500
2016-04-22,24.709999,25.740000,24.600000,25.500000,25.500000,59900
2016-04-25,25.520000,25.600000,24.920000,25.160000,25.160000,65900
2016-04-26,25.200001,25.325001,23.760000,24.440001,24.440001,116900
2016-04-27,24.490000,24.500000,23.129999,23.520000,23.520000,105000
2016-04-28,23.490000,23.820000,23.020000,23.500000,23.500000,92600
2016-04-29,23.580000,23.820000,22.480000,23.049999,23.049999,200900
2016-05-02,23.040001,25.100000,22.940001,24.980000,24.980000,155200
2016-05-03,24.600000,25.110001,23.900000,24.500000,24.500000,115000
2016-05-04,21.559999,24.280001,21.559999,22.350000,22.350000,180100
2016-05-05,22.450001,22.850000,21.639999,22.120001,22.120001,96500
2016-05-06,21.959999,22.499001,21.799999,22.100000,22.100000,94200
2016-05-09,22.290001,24.219999,22.290001,23.709999,23.709999,97800
2016-05-10,23.770000,25.610001,23.030001,23.709999,23.709999,71800
2016-05-11,23.480000,23.879999,22.379999,22.440001,22.440001,82000
2016-05-12,22.100000,23.690001,21.950001,23.559999,23.559999,480100
2016-05-13,23.549999,23.940001,22.990000,23.400000,23.400000,124000
2016-05-16,23.650000,24.219999,23.360001,24.190001,24.190001,139400
2016-05-17,24.129999,24.330000,23.660000,23.940001,23.940001,125900
2016-05-18,23.879999,26.030001,23.590000,25.690001,25.690001,185600
2016-05-19,25.610001,26.330999,24.830000,26.049999,26.049999,167700
2016-05-20,26.240000,26.440001,25.280001,25.389999,25.389999,278700
2016-05-23,25.510000,26.650000,25.510000,26.070000,26.070000,118900
2016-05-24,26.320000,26.709999,25.620001,26.459999,26.459999,108100
2016-05-25,26.650000,27.370001,26.309999,27.320000,27.320000,102600
2016-05-26,27.459999,27.459999,26.650000,26.750000,26.750000,52800
2016-05-27,26.860001,26.860001,24.740000,26.330000,26.330000,55500
2016-05-31,26.750000,27.230000,26.309999,27.000000,27.000000,239700
2016-06-01,27.020000,27.930000,26.770000,27.730000,27.730000,82100
2016-06-02,27.709999,28.780001,27.480000,28.639999,28.639999,77700
2016-06-03,28.620001,28.620001,27.100000,27.250000,27.250000,54800
2016-06-06,27.530001,27.530001,26.219999,26.920000,26.920000,126300
2016-06-07,26.900000,26.900000,25.760000,26.030001,26.030001,80300
2016-06-08,26.059999,26.059999,25.150000,25.209999,25.209999,82900
2016-06-09,25.030001,25.200001,24.469999,24.610001,24.610001,48300
2016-06-10,24.260000,24.613001,23.600000,24.180000,24.180000,73600
2016-06-13,24.059999,24.870001,23.500000,24.209999,24.209999,82100
2016-06-14,24.160000,24.639999,23.139999,24.150000,24.150000,132800
2016-06-15,24.270000,25.230000,24.270000,24.639999,24.639999,64800
2016-06-16,24.500000,24.950001,24.270000,24.809999,24.809999,69300
2016-06-17,24.900000,24.900000,23.059999,23.570000,23.570000,168300
2016-06-20,23.860001,24.590000,23.639999,23.990000,23.990000,47600
2016-06-21,24.180000,24.520000,23.480000,24.389999,24.389999,56000
2016-06-22,24.260000,24.799999,23.830000,24.040001,24.040001,94100
2016-06-23,24.219999,24.760000,23.965000,24.059999,24.059999,116300
2016-06-24,22.900000,23.650000,22.080000,23.530001,23.530001,709500
2016-06-27,23.360001,23.480000,21.760000,22.000000,22.000000,149400
2016-06-28,22.170000,23.650000,22.170000,22.879999,22.879999,57200
2016-06-29,23.070000,23.790001,22.870001,23.610001,23.610001,35800
2016-06-30,23.980000,24.059999,22.840000,23.180000,23.180000,132500
2016-07-01,23.139999,23.730000,22.620001,23.160000,23.160000,123600
2016-07-05,23.000000,23.620001,22.879999,23.139999,23.139999,102400
2016-07-06,22.930000,24.209999,22.930000,24.000000,24.000000,69300
2016-07-07,24.190001,24.230000,23.440001,24.040001,24.040001,35800
2016-07-08,24.110001,24.860001,23.750000,24.830000,24.830000,81700
2016-07-11,25.030001,25.170000,24.459999,24.780001,24.780001,31600
2016-07-12,24.980000,25.389999,24.620001,25.070000,25.070000,57200
2016-07-13,27.030001,28.240000,26.309999,26.570000,26.570000,339900
2016-07-14,26.809999,26.820000,24.775000,25.389999,25.389999,125800
2016-07-15,25.570000,25.930000,25.040001,25.799999,25.799999,43300
2016-07-18,25.760000,25.780001,24.820000,25.500000,25.500000,64300
2016-07-19,25.510000,25.600000,23.990000,24.120001,24.120001,89500
2016-07-20,24.129999,24.980000,23.665001,24.860001,24.860001,35300
2016-07-21,25.059999,25.360001,24.209999,24.610001,24.610001,67000
2016-07-22,24.840000,25.549999,24.750000,25.190001,25.190001,88900
2016-07-25,25.180000,25.270000,24.270000,25.070000,25.070000,62200
2016-07-26,25.010000,25.350000,24.621000,25.240000,25.240000,274900
2016-07-27,25.260000,25.700001,25.000000,25.530001,25.530001,68200
2016-07-28,25.620001,25.620001,24.940001,25.190001,25.190001,35900
2016-07-29,25.000000,25.959999,24.930000,25.719999,25.719999,45500
2016-08-01,25.840000,26.120001,25.370001,25.690001,25.690001,76700
2016-08-02,25.750000,25.870001,25.010000,25.670000,25.670000,32400
2016-08-03,25.370001,26.110001,24.959999,26.040001,26.040001,58700
2016-08-04,26.360001,28.299999,26.360001,27.530001,27.530001,119200
2016-08-05,27.740000,28.260000,27.219999,28.139999,28.139999,70400
2016-08-08,28.180000,28.180000,27.020000,27.260000,27.260000,48600
2016-08-09,27.230000,27.780001,26.674999,27.430000,27.430000,62500
2016-08-10,27.340000,27.450001,25.830000,25.830000,25.830000,580600
2016-08-11,26.059999,26.379999,25.309999,26.090000,26.090000,57800
2016-08-12,26.000000,26.670000,25.260000,26.190001,26.190001,38200
2016-08-15,26.219999,27.059999,26.020000,26.889999,26.889999,53200
2016-08-16,26.900000,27.420000,26.030001,26.110001,26.110001,67500
2016-08-17,26.049999,26.379999,25.030001,25.480000,25.480000,63700
2016-08-18,27.490000,27.490000,25.420000,25.770000,25.770000,25000
2016-08-19,25.750000,27.680000,24.520000,24.879999,24.879999,49600
2016-08-22,25.315001,25.610001,25.014999,25.530001,25.530001,36000
2016-08-23,25.789000,26.100000,25.490000,25.790001,25.790001,36600
2016-08-24,25.969999,26.889999,25.740000,26.639999,26.639999,87400
2016-08-25,26.790001,27.030001,26.375000,26.740000,26.740000,55900
2016-08-26,26.760000,27.309999,26.219999,26.639999,26.639999,31800
2016-08-29,26.690001,27.209999,26.280001,27.070000,27.070000,91300
2016-08-30,27.260000,27.930000,26.799999,27.780001,27.780001,32000
2016-08-31,27.386000,27.790001,26.709999,27.540001,27.540001,41000
2016-09-01,27.450001,27.750000,27.040001,27.600000,27.600000,22700
2016-09-02,27.799999,28.270000,27.059999,28.030001,28.030001,41300
2016-09-06,28.360001,29.719999,28.336000,29.610001,29.610001,83200
2016-09-07,29.650000,30.190001,29.495001,30.090000,30.090000,96000
2016-09-08,29.709999,30.090000,28.395000,28.740000,28.740000,176100
2016-09-09,28.320000,28.320000,26.520000,26.900000,26.900000,123900
2016-09-12,26.910000,27.420000,26.760000,26.990000,26.990000,77200
2016-09-13,26.790001,27.230000,25.250000,25.350000,25.350000,44600
2016-09-14,25.379999,26.620001,25.257000,26.420000,26.420000,56700
2016-09-15,26.330000,27.440001,26.309999,27.000000,27.000000,103200
2016-09-16,27.129999,27.490000,26.635000,27.000000,27.000000,96300
2016-09-19,27.080000,27.299999,26.180000,26.450001,26.450001,72500
2016-09-20,26.780001,26.990000,25.740999,26.730000,26.730000,49100
2016-09-21,26.440001,26.799999,25.820000,26.570000,26.570000,105000
2016-09-22,26.330000,27.299999,25.900000,27.000000,27.000000,104600
2016-09-23,27.000000,27.402000,26.549999,26.860001,26.860001,64100
2016-09-26,26.670000,26.730000,26.190001,26.240000,26.240000,30800
2016-09-27,26.280001,26.469999,25.895000,26.370001,26.370001,56500
2016-09-28,26.389999,26.629999,26.049999,26.379999,26.379999,39100
2016-09-29,26.370001,26.370001,25.379999,25.469999,25.469999,49900
2016-09-30,25.540001,26.400000,25.100000,26.180000,26.180000,84900
2016-10-03,25.959999,26.200001,23.790001,23.950001,23.950001,177300
2016-10-04,24.120001,25.625000,22.695000,22.969999,22.969999,106900
2016-10-05,22.940001,23.799999,22.740000,23.520000,23.520000,79700
2016-10-06,23.280001,23.735001,22.700001,23.010000,23.010000,53500
2016-10-07,23.049999,23.520000,22.000000,22.260000,22.260000,67600
2016-10-10,22.530001,23.280001,22.309999,22.639999,22.639999,75200
2016-10-11,22.639999,22.799999,21.540001,21.790001,21.790001,60700
2016-10-12,21.709999,22.299999,21.530001,21.910000,21.910000,113000
2016-10-13,21.580000,22.309999,21.580000,21.809999,21.809999,75600
2016-10-14,21.799999,21.799999,21.010000,21.110001,21.110001,48200
2016-10-17,20.629999,21.549999,20.420000,21.129999,21.129999,88700
2016-10-18,21.500000,22.030001,21.260000,21.670000,21.670000,50300
2016-10-19,21.240000,21.469999,20.959999,21.280001,21.280001,38800
2016-10-20,21.219999,21.910000,21.070000,21.660000,21.660000,23400
2016-10-21,21.450001,21.770000,20.951000,21.420000,21.420000,25100
2016-10-24,21.660000,21.660000,20.950001,21.040001,21.040001,20700
2016-10-25,21.010000,21.150000,20.440001,20.850000,20.850000,35500
2016-10-26,20.910000,23.040001,20.847000,22.709999,22.709999,136000
2016-10-27,22.799999,23.879999,21.132000,21.410000,21.410000,77300
2016-10-28,21.350000,21.430000,20.559999,20.930000,20.930000,35100
2016-10-31,20.430000,22.020000,20.430000,20.860001,20.860001,63000
2016-11-01,21.000000,21.170000,20.120001,20.490000,20.490000,53200
2016-11-02,20.410000,20.809000,18.350000,18.410000,18.410000,106500
2016-11-03,18.370001,18.549999,17.139999,17.730000,17.730000,81200
2016-11-04,17.820000,19.990000,17.340000,19.770000,19.770000,124100
2016-11-07,20.049999,20.190001,19.485001,19.660000,19.660000,121700
2016-11-08,19.540001,19.995001,19.031000,19.719999,19.719999,52000
2016-11-09,20.030001,22.830000,20.030001,22.740000,22.740000,87900
2016-11-10,23.070000,25.000000,22.660000,24.260000,24.260000,103500
2016-11-11,24.360001,27.889999,23.860001,27.860001,27.860001,132800
2016-11-14,28.120001,29.290001,26.469999,29.139999,29.139999,142300
2016-11-15,28.840000,29.610001,28.450001,29.090000,29.090000,178000
2016-11-16,28.510000,28.750000,26.320000,27.410000,27.410000,194500
2016-11-17,27.580000,27.969999,27.049999,27.770000,27.770000,92900
2016-11-18,27.700001,28.410000,27.049999,28.129999,28.129999,80600
2016-11-21,28.260000,28.575001,27.290001,28.389999,28.389999,84900
2016-11-22,28.350000,29.090000,27.825001,28.860001,28.860001,198500
2016-11-23,28.450001,29.965000,27.730000,29.690001,29.690001,134000
2016-11-25,29.750000,29.930000,29.020000,29.790001,29.790001,35300
2016-11-28,29.309999,29.570000,28.730000,29.090000,29.090000,115400
2016-11-29,29.090000,29.430000,28.840000,28.969999,28.969999,155700
2016-11-30,29.129999,29.129999,27.129999,27.559999,27.559999,82300
2016-12-01,27.379999,27.799999,26.000000,26.549999,26.549999,137600
2016-12-02,26.040001,26.940001,25.920000,26.790001,26.790001,175400
2016-12-05,26.680000,27.590000,25.950001,26.180000,26.180000,116700
2016-12-06,26.360001,26.725000,25.879999,26.270000,26.270000,83100
2016-12-07,26.170000,26.500000,25.360001,26.010000,26.010000,87300
2016-12-08,25.969999,26.520000,25.549999,26.200001,26.200001,62100
2016-12-09,26.030001,27.125000,25.980000,26.459999,26.459999,78500
2016-12-12,26.430000,27.200001,25.850000,25.930000,25.930000,148200
2016-12-13,26.200001,26.900000,25.540001,25.629999,25.629999,117200
2016-12-14,25.580000,27.020000,25.250000,26.889999,26.889999,171700
2016-12-15,26.889999,27.129999,26.360001,26.790001,26.790001,160100
2016-12-16,26.830000,27.600000,26.110001,26.910000,26.910000,869400
2016-12-19,30.230000,36.709999,30.010000,33.860001,33.860001,2465100
2016-12-20,33.310001,34.660000,32.770000,34.080002,34.080002,646400
2016-12-21,33.970001,34.299999,33.049999,33.680000,33.680000,283200
2016-12-22,33.680000,34.009998,33.349998,33.810001,33.810001,131400
2016-12-23,33.869999,35.490002,33.869999,34.970001,34.970001,194100
2016-12-27,35.000000,35.000000,33.889999,33.930000,33.930000,138400
2016-12-28,33.910000,34.904999,33.320999,34.029999,34.029999,186000
2016-12-29,33.919998,34.880001,33.150002,33.299999,33.299999,231300
2016-12-30,33.299999,33.435001,31.480000,32.115002,32.115002,220300
2017-01-03,31.830000,32.875000,30.510000,31.049999,31.049999,285900
2017-01-04,31.010000,33.299999,31.010000,32.689999,32.689999,122900
2017-01-05,33.400002,36.049999,32.720001,33.250000,33.250000,1272100
2017-01-06,34.049999,34.759998,33.160000,34.369999,34.369999,386100
2017-01-09,34.500000,37.700001,34.500000,37.250000,37.250000,634800
2017-01-10,37.500000,37.810001,36.400002,37.799999,37.799999,263600
2017-01-11,37.840000,38.860001,36.709999,38.639999,38.639999,365500
2017-01-12,38.160000,39.560001,37.750000,39.500000,39.500000,217700
2017-01-13,39.169998,40.549999,38.139999,38.160000,38.160000,412000
2017-01-17,38.080002,38.110001,36.950001,37.610001,37.610001,217700
2017-01-18,38.320000,40.368999,37.689999,40.119999,40.119999,336200
2017-01-19,40.020000,41.360001,39.410000,39.500000,39.500000,230800
2017-01-20,39.570000,39.630001,37.509998,39.410000,39.410000,205300
2017-01-23,39.459999,39.869999,36.759998,38.349998,38.349998,236100
2017-01-24,38.419998,38.869999,36.750000,37.419998,37.419998,149100
2017-01-25,37.790001,39.080002,37.139999,38.750000,38.750000,169900
2017-01-26,38.790001,39.205002,37.891998,38.119999,38.119999,128500
2017-01-27,38.090000,39.000000,37.889999,38.509998,38.509998,118500
2017-01-30,38.590000,40.025002,37.869999,39.869999,39.869999,185900
2017-01-31,39.939999,40.474998,38.360001,39.230000,39.230000,525200
2017-02-01,39.580002,39.985001,38.888000,39.529999,39.529999,196500
2017-02-02,39.599998,41.250000,38.730000,39.820000,39.820000,272700
2017-02-03,40.189999,40.448002,39.150002,39.910000,39.910000,160500
2017-02-06,39.840000,40.400002,38.939999,39.700001,39.700001,220600
2017-02-07,39.779999,40.029999,39.049999,39.680000,39.680000,138400
2017-02-08,40.520000,42.700001,39.799999,41.330002,41.330002,306500
2017-02-09,41.410000,44.950001,41.410000,43.650002,43.650002,338100
2017-02-10,43.320000,43.880001,42.900002,42.930000,42.930000,137900
2017-02-13,43.380001,43.380001,42.099998,42.669998,42.669998,121500
2017-02-14,42.630001,43.130001,40.590000,42.040001,42.040001,337300
2017-02-15,42.119999,42.770000,41.240002,42.540001,42.540001,208300
2017-02-16,42.540001,42.540001,40.290001,41.380001,41.380001,165700
2017-02-17,41.240002,42.490002,41.160000,41.740002,41.740002,182900
2017-02-21,42.000000,42.119999,40.939999,41.660000,41.660000,235700
2017-02-22,41.360001,42.424999,41.220001,42.020000,42.020000,139500
2017-02-23,42.189999,42.500000,41.410000,42.240002,42.240002,168600
2017-02-24,41.689999,42.328999,41.270000,42.029999,42.029999,103800
2017-02-27,42.080002,45.820000,41.243999,45.410000,45.410000,349100
2017-02-28,45.610001,45.797001,43.950001,44.439999,44.439999,143600
2017-03-01,45.320000,47.099998,44.599998,46.869999,46.869999,143900
2017-03-02,46.630001,47.459999,45.500000,45.540001,45.540001,170000
2017-03-03,45.750000,46.549999,44.410000,44.990002,44.990002,132800
2017-03-06,45.000000,45.470001,44.029999,44.830002,44.830002,147000
2017-03-07,42.580002,43.595001,40.014999,40.290001,40.290001,505500
2017-03-08,40.330002,42.990002,40.130001,41.849998,41.849998,202600
2017-03-09,41.680000,42.389999,41.580002,42.099998,42.099998,215500
2017-03-10,40.330002,43.480000,40.330002,43.250000,43.250000,269600
2017-03-13,43.000000,44.340000,42.723000,44.250000,44.250000,208300
2017-03-14,43.900002,43.955002,42.000000,42.770000,42.770000,367700
2017-03-15,43.040001,43.794998,42.250000,43.560001,43.560001,140900
2017-03-16,43.240002,43.849998,41.990002,42.630001,42.630001,124800
2017-03-17,42.299999,44.529999,42.299999,44.520000,44.520000,849400
2017-03-20,44.669998,46.375000,43.759998,46.099998,46.099998,196300
2017-03-21,46.560001,46.560001,42.790001,43.430000,43.430000,361700
2017-03-22,43.430000,45.310001,42.820000,44.720001,44.720001,200800
2017-03-23,44.470001,45.279999,43.549999,44.590000,44.590000,174300
2017-03-24,44.700001,46.080002,44.000000,45.599998,45.599998,165300
2017-03-27,44.830002,46.389999,44.430000,46.150002,46.150002,108700
2017-03-28,46.279999,46.880001,43.689999,44.340000,44.340000,219200
2017-03-29,44.259998,45.484001,42.738998,42.869999,42.869999,151300
2017-03-30,42.669998,43.207001,41.772999,41.830002,41.830002,211100
2017-03-31,42.000000,42.419998,40.520000,42.080002,42.080002,292800
2017-04-03,44.290001,45.200001,43.015999,43.470001,43.470001,381700
2017-04-04,43.160000,44.779999,42.619999,44.630001,44.630001,327700
2017-04-05,44.930000,46.750000,43.299999,43.580002,43.580002,407300
2017-04-06,43.500000,44.619999,41.830002,44.580002,44.580002,214900
2017-04-07,44.619999,48.060001,44.160000,47.799999,47.799999,200000
2017-04-10,48.049999,49.799999,47.619999,48.130001,48.130001,246000
2017-04-11,47.930000,48.500000,46.389999,46.560001,46.560001,141200
2017-04-12,46.410000,46.855000,45.070000,45.119999,45.119999,100000
2017-04-13,45.000000,46.189999,44.299999,45.700001,45.700001,109300
2017-04-17,45.790001,46.599998,45.029999,46.000000,46.000000,85500
2017-04-18,45.500000,45.869999,44.540001,45.099998,45.099998,114500
2017-04-19,45.500000,46.889999,45.500000,46.090000,46.090000,112700
2017-04-20,46.410000,47.720001,46.369999,46.709999,46.709999,116900
2017-04-21,46.439999,48.169998,46.439999,47.790001,47.790001,224500
2017-04-24,48.669998,48.669998,47.650002,48.060001,48.060001,192500
2017-04-25,48.500000,48.799999,47.805000,48.290001,48.290001,224100
2017-04-26,48.259998,48.500000,47.490002,48.279999,48.279999,157900
2017-04-27,48.270000,49.950001,47.700001,49.230000,49.230000,216400
2017-04-28,49.209999,49.720001,45.610001,46.060001,46.060001,264600
2017-05-01,46.330002,47.540001,45.860001,46.740002,46.740002,152000
2017-05-02,46.700001,46.845001,44.755001,45.200001,45.200001,178900
2017-05-03,44.980000,46.570000,44.279999,44.439999,44.439999,147100
2017-05-04,44.549999,45.532001,43.750000,43.959999,43.959999,136300
2017-05-05,44.049999,44.320000,43.130001,44.270000,44.270000,102600
2017-05-08,44.150002,44.910000,43.395000,43.935001,43.935001,167900
2017-05-09,43.930000,44.590000,42.110001,42.419998,42.419998,173600
2017-05-10,42.639999,45.590000,42.419998,43.650002,43.650002,171200
2017-05-11,43.599998,43.709999,42.558998,42.660000,42.660000,106900
2017-05-12,42.750000,45.255001,42.713001,43.340000,43.340000,209700
2017-05-15,43.099998,44.799999,42.580002,44.540001,44.540001,134200
2017-05-16,44.709999,46.439999,44.619999,46.240002,46.240002,168000
2017-05-17,45.290001,45.455002,43.119999,43.450001,43.450001,140400
2017-05-18,43.630001,45.580002,43.340000,45.209999,45.209999,185900
2017-05-19,44.810001,46.980000,44.790001,46.139999,46.139999,172400
2017-05-22,46.240002,46.570000,44.020000,46.349998,46.349998,172800
2017-05-23,46.529999,50.880001,46.529999,50.080002,50.080002,283200
2017-05-24,50.419998,51.009998,48.959999,49.549999,49.549999,106200
2017-05-25,49.990002,49.990002,46.799999,47.500000,47.500000,150800
2017-05-26,47.450001,48.099998,46.810001,47.439999,47.439999,160100
2017-05-30,47.580002,47.970001,45.490002,45.619999,45.619999,172600
2017-05-31,45.689999,45.880001,44.049999,45.650002,45.650002,181300
2017-06-01,45.970001,47.180000,45.009998,47.119999,47.119999,225700
2017-06-02,47.389999,49.919998,46.330002,48.980000,48.980000,242000
2017-06-05,71.739998,77.610001,68.059998,70.120003,70.120003,5901500
2017-06-06,69.500000,71.900002,67.019997,70.000000,70.000000,1245200
2017-06-07,70.360001,72.199997,68.614998,71.970001,71.970001,650000
2017-06-08,72.430000,76.019997,71.110001,75.680000,75.680000,725400
2017-06-09,77.540001,77.550003,71.430000,71.550003,71.550003,612000
2017-06-12,71.349998,76.790001,70.019997,76.449997,76.449997,517400
2017-06-13,77.000000,79.000000,72.087997,73.650002,73.650002,586300
2017-06-14,72.470001,76.889999,71.434998,74.760002,74.760002,398800
2017-06-15,73.150002,74.250000,71.849998,73.349998,73.349998,2587700
2017-06-16,73.599998,74.730003,71.760002,72.139999,72.139999,663600
2017-06-19,73.160004,73.160004,70.099998,70.940002,70.940002,537400
2017-06-20,71.320000,75.739998,70.680000,73.839996,73.839996,703300
2017-06-21,74.820000,77.879997,73.790001,77.449997,77.449997,817400
2017-06-22,78.419998,83.117996,76.000000,78.580002,78.580002,1297900
2017-06-23,78.180000,80.470001,76.876999,80.169998,80.169998,900500
2017-06-26,80.169998,81.980003,78.570000,81.879997,81.879997,352500
2017-06-27,81.580002,82.080002,77.449997,77.699997,77.699997,330200
2017-06-28,79.800003,82.160004,78.099998,81.870003,81.870003,566200
2017-06-29,82.279999,82.930000,79.559998,82.849998,82.849998,430400
2017-06-30,82.940002,82.989998,79.660004,80.190002,80.190002,318500
2017-07-03,80.190002,80.699997,78.250000,79.279999,79.279999,153300
2017-07-05,79.440002,80.830002,78.180000,79.059998,79.059998,404700
2017-07-06,78.750000,79.790001,76.059998,76.629997,76.629997,341500
2017-07-07,76.970001,78.410004,76.699997,76.750000,76.750000,179100
2017-07-10,76.570000,76.879997,74.239998,75.300003,75.300003,285000
2017-07-11,75.309998,76.279999,74.500000,75.290001,75.290001,325700
2017-07-12,74.510002,77.019997,73.599998,75.139999,75.139999,328700
2017-07-13,75.010002,75.480003,73.794998,74.839996,74.839996,432400
2017-07-14,74.830002,75.900002,73.599998,74.410004,74.410004,209900
2017-07-17,74.769997,76.279999,72.970001,73.139999,73.139999,263100
2017-07-18,72.739998,74.570000,72.199997,72.879997,72.879997,340200
2017-07-19,73.250000,75.000000,71.750000,73.750000,73.750000,332100
2017-07-20,73.699997,74.529999,72.040001,73.980003,73.980003,233700
2017-07-21,74.169998,75.540001,72.550003,73.129997,73.129997,279600
2017-07-24,72.949997,75.180000,72.860001,74.269997,74.269997,198100
2017-07-25,74.419998,74.970001,72.500000,73.500000,73.500000,236900
2017-07-26,73.800003,75.330002,73.209999,74.449997,74.449997,179400
2017-07-27,73.989998,74.290001,70.513000,72.349998,72.349998,293600
2017-07-28,72.019997,74.160004,71.809998,73.290001,73.290001,159300
2017-07-31,73.209999,74.250000,71.209999,72.309998,72.309998,210000
2017-08-01,72.470001,72.470001,69.000000,70.470001,70.470001,278600
2017-08-02,70.709999,72.629997,69.029999,71.800003,71.800003,233600
2017-08-03,71.690002,71.949997,69.879997,70.830002,70.830002,97800
2017-08-04,71.000000,73.449997,69.830002,72.919998,72.919998,164300
2017-08-07,72.919998,73.660004,72.190002,72.900002,72.900002,176400
2017-08-08,71.769997,76.150002,70.010002,73.110001,73.110001,265700
2017-08-09,72.559998,75.738998,72.559998,74.570000,74.570000,139200
2017-08-10,73.790001,74.669998,71.800003,72.440002,72.440002,284800
2017-08-11,72.349998,73.699997,71.449997,73.260002,73.260002,217400
2017-08-14,73.699997,75.239998,72.769997,74.059998,74.059998,226800
2017-08-15,74.129997,74.290001,72.654999,73.519997,73.519997,240200
2017-08-16,73.669998,76.739998,73.669998,74.190002,74.190002,381600
2017-08-17,73.980003,74.628998,71.199997,71.500000,71.500000,244800
2017-08-18,70.900002,72.459999,70.834999,72.099998,72.099998,171600
2017-08-21,72.370003,73.570000,71.220001,73.019997,73.019997,187500
2017-08-22,73.470001,76.459999,73.169998,76.180000,76.180000,217200
2017-08-23,75.480003,76.856003,73.870003,76.290001,76.290001,145900
2017-08-24,76.519997,77.989998,75.349998,77.389999,77.389999,225700
2017-08-25,78.019997,78.745003,73.910004,74.190002,74.190002,267100
2017-08-28,74.839996,78.610001,74.599998,78.559998,78.559998,219200
2017-08-29,75.949997,78.389999,75.129997,77.760002,77.760002,274500
2017-08-30,77.879997,79.682999,76.792000,79.220001,79.220001,259600
2017-08-31,79.570000,83.639000,79.570000,83.400002,83.400002,347700
2017-09-01,83.589996,84.455002,81.010002,82.209999,82.209999,192700
2017-09-05,81.550003,81.570000,77.599998,79.000000,79.000000,364700
2017-09-06,79.870003,80.610001,75.019997,77.989998,77.989998,366700
2017-09-07,77.709999,78.000000,73.449997,75.470001,75.470001,437600
2017-09-08,75.360001,78.199997,74.080002,76.459999,76.459999,323600
2017-09-11,77.320000,78.040001,76.029999,76.339996,76.339996,303500
2017-09-12,77.260002,77.919998,73.919998,75.110001,75.110001,516500
2017-09-13,76.160004,90.259003,76.000000,86.589996,86.589996,2107200
2017-09-14,86.599998,91.000000,85.510002,87.349998,87.349998,1081100
2017-09-15,87.730003,88.980003,85.209999,87.489998,87.489998,1553800
2017-09-18,88.230003,90.680000,87.360001,88.720001,88.720001,487300
2017-09-19,88.620003,89.860001,87.080002,89.519997,89.519997,332900
2017-09-20,89.250000,92.400002,89.019997,90.230003,90.230003,351400
2017-09-21,89.680000,91.180000,88.599998,89.800003,89.800003,304500
2017-09-22,90.139999,91.318001,86.800003,86.809998,86.809998,498400
2017-09-25,87.010002,87.849998,85.050003,85.500000,85.500000,367800
2017-09-26,85.470001,85.968002,83.122002,83.790001,83.790001,355900
2017-09-27,84.699997,85.329002,83.269997,83.449997,83.449997,251800
2017-09-28,85.080002,95.919998,83.980003,93.050003,93.050003,1519700
2017-09-29,92.930000,92.930000,90.000000,92.120003,92.120003,319100
2017-10-02,93.099998,94.419998,91.129997,91.879997,91.879997,350100
2017-10-03,92.440002,92.690002,90.029999,90.699997,90.699997,338100
2017-10-04,90.290001,91.349998,88.221001,88.440002,88.440002,242700
2017-10-05,88.449997,89.351997,86.809998,88.150002,88.150002,245300
2017-10-06,88.730003,89.419998,87.081001,87.660004,87.660004,153100
2017-10-09,87.470001,94.639999,87.205002,94.010002,94.010002,375100
2017-10-10,94.959999,95.000000,90.180000,92.260002,92.260002,208300
2017-10-11,93.180000,93.570000,89.449997,90.110001,90.110001,312400
2017-10-12,90.860001,90.989998,88.519997,89.610001,89.610001,252000
2017-10-13,90.470001,91.250000,88.089996,89.379997,89.379997,226700
2017-10-16,90.000000,93.250000,88.290001,89.279999,89.279999,324000
2017-10-17,89.709999,90.800003,87.540001,88.250000,88.250000,212800
2017-10-18,89.470001,90.349998,86.000000,88.559998,88.559998,503000
2017-10-19,88.050003,88.930000,84.260002,85.029999,85.029999,331700
2017-10-20,86.389999,87.459999,85.279999,86.620003,86.620003,357800
2017-10-23,85.879997,86.769997,84.612999,84.989998,84.989998,485600
2017-10-24,84.500000,86.065002,84.360001,85.019997,85.019997,318900
2017-10-25,85.150002,88.849998,84.915001,85.330002,85.330002,433300
2017-10-26,85.330002,86.970001,83.010002,85.809998,85.809998,255700
2017-10-27,86.010002,87.470001,83.129997,86.500000,86.500000,306000
2017-10-30,86.750000,89.639999,85.514999,87.480003,87.480003,309800
2017-10-31,87.269997,88.250000,85.190002,86.160004,86.160004,337800
2017-11-01,87.040001,87.919998,83.099998,84.730003,84.730003,293600
2017-11-02,84.769997,88.889999,83.080002,88.570000,88.570000,415700
2017-11-03,88.750000,90.699997,86.519997,87.790001,87.790001,429500
2017-11-06,88.339996,89.900002,86.629997,88.570000,88.570000,364700
2017-11-07,88.040001,89.500000,86.010002,87.150002,87.150002,461600
2017-11-08,86.940002,87.089996,82.620003,82.830002,82.830002,400800
2017-11-09,81.580002,81.629997,77.419998,80.129997,80.129997,665100
2017-11-10,80.220001,82.129997,79.809998,81.180000,81.180000,296100
2017-11-13,80.779999,83.459999,79.889999,83.230003,83.230003,209400
2017-11-14,79.550003,81.099998,72.570000,79.839996,79.839996,2987100
2017-11-15,78.500000,78.665001,74.019997,76.040001,76.040001,1079700
2017-11-16,76.610001,77.220001,71.692001,74.910004,74.910004,1173700
2017-11-17,74.779999,75.379997,72.919998,75.070000,75.070000,336400
2017-11-20,75.139999,78.040001,74.750000,77.400002,77.400002,387500
2017-11-21,77.639999,78.779999,75.199997,75.309998,75.309998,364600
2017-11-22,74.940002,76.349998,73.919998,75.639999,75.639999,215300
2017-11-24,75.370003,76.849998,74.620003,76.190002,76.190002,96400
2017-11-27,76.239998,77.680000,73.385002,73.959999,73.959999,472600
2017-11-28,74.610001,76.379997,72.400002,76.019997,76.019997,430900
2017-11-29,76.180000,76.269997,71.449997,73.620003,73.620003,612200
2017-11-30,74.080002,77.040001,72.580002,76.750000,76.750000,390300
2017-12-01,76.370003,77.639999,72.699997,76.870003,76.870003,326100
2017-12-04,78.000000,80.599998,76.279999,76.750000,76.750000,435200
2017-12-05,76.620003,79.779999,75.480003,77.709999,77.709999,413400
2017-12-06,77.510002,78.550003,75.169998,77.529999,77.529999,356000
2017-12-07,77.910004,80.260002,77.300003,79.629997,79.629997,295600
2017-12-08,80.190002,85.175003,80.190002,83.150002,83.150002,510800
2017-12-11,83.750000,85.324997,83.614998,84.330002,84.330002,362300
2017-12-12,84.290001,86.959999,81.864998,82.709999,82.709999,526200
2017-12-13,82.150002,84.000000,80.199997,82.349998,82.349998,510700
2017-12-14,82.300003,84.919998,81.500000,82.949997,82.949997,567800
2017-12-15,83.120003,83.199997,75.779999,78.970001,78.970001,1186300
2017-12-18,78.889999,80.980003,78.010002,79.250000,79.250000,367800
2017-12-19,79.459999,82.529999,78.930000,80.139999,80.139999,555600
2017-12-20,80.459999,81.779999,79.105003,80.910004,80.910004,238400
2017-12-21,80.989998,83.739998,79.839996,83.459999,83.459999,248600
2017-12-22,84.000000,88.349998,84.000000,87.000000,87.000000,793500
2017-12-26,86.669998,87.800003,85.580002,85.870003,85.870003,279800
2017-12-27,85.919998,86.639999,83.355003,86.139999,86.139999,248000
2017-12-28,86.269997,87.879997,84.709999,86.440002,86.440002,182100
2017-12-29,86.620003,87.815002,83.949997,84.180000,84.180000,275800
2018-01-02,85.150002,86.610001,83.010002,86.500000,86.500000,375500
2018-01-03,87.050003,87.360001,84.459999,84.709999,84.709999,263000
2018-01-04,84.790001,85.559998,82.709999,84.879997,84.879997,229300
2018-01-05,85.050003,86.415001,83.845001,85.300003,85.300003,407500
2018-01-08,85.680000,86.430000,82.739998,85.559998,85.559998,300100
2018-01-09,85.629997,87.129997,85.180000,85.410004,85.410004,236800
2018-01-10,84.980003,86.739998,83.699997,86.430000,86.430000,172400
2018-01-11,86.889999,89.349998,85.760002,88.860001,88.860001,317700
2018-01-12,89.199997,91.209999,88.000000,89.989998,89.989998,440100
2018-01-16,90.440002,90.790001,85.839996,85.849998,85.849998,305000
2018-01-17,86.180000,90.430000,85.320000,89.070000,89.070000,348600
2018-01-18,88.889999,91.190002,88.099998,90.470001,90.470001,433800
2018-01-19,90.480003,98.000000,90.480003,96.830002,96.830002,476000
2018-01-22,97.500000,104.009003,97.500000,103.300003,103.300003,593200
2018-01-23,104.339996,105.400002,102.199997,102.279999,102.279999,513700
2018-01-24,102.129997,102.129997,95.375000,98.769997,98.769997,371200
2018-01-25,99.419998,102.940002,97.690002,101.570000,101.570000,305000
2018-01-26,102.320000,106.290001,101.250000,103.959999,103.959999,243500
2018-01-29,104.440002,106.400002,102.167999,103.269997,103.269997,286000
2018-01-30,102.010002,105.589996,100.320000,103.139999,103.139999,261400
2018-01-31,104.110001,104.650002,101.315002,101.470001,101.470001,213700
2018-02-01,100.739998,102.355003,98.199997,100.430000,100.430000,232700
2018-02-02,99.839996,102.019997,97.900002,98.059998,98.059998,202500
2018-02-05,95.849998,99.540001,93.139999,94.129997,94.129997,290100
2018-02-06,91.870003,97.470001,90.482002,96.910004,96.910004,388100
2018-02-07,96.580002,97.464996,95.080002,95.620003,95.620003,215400
2018-02-08,96.349998,96.968002,90.650002,90.760002,90.760002,214000
2018-02-09,92.580002,93.290001,85.209999,92.230003,92.230003,439400
2018-02-12,92.669998,95.190002,91.205002,93.940002,93.940002,153300
2018-02-13,93.500000,102.779999,92.320000,100.919998,100.919998,957400
2018-02-14,101.989998,108.500000,100.589996,104.349998,104.349998,504100
2018-02-15,106.639999,107.989998,101.699997,104.970001,104.970001,315600
2018-02-16,104.699997,105.779999,103.769997,104.800003,104.800003,155400
2018-02-20,104.739998,110.570000,103.500000,104.330002,104.330002,338200
2018-02-21,104.919998,112.910004,104.919998,107.680000,107.680000,372000
2018-02-22,110.379997,113.500000,109.540001,111.160004,111.160004,370900
2018-02-23,111.989998,114.709999,109.239998,113.910004,113.910004,204100
2018-02-26,114.910004,116.000000,112.269997,112.639999,112.639999,248500
2018-02-27,112.650002,115.419998,111.269997,112.769997,112.769997,266200
2018-02-28,112.760002,115.760002,111.160004,111.220001,111.220001,283200
2018-03-01,108.000000,118.000000,106.519997,115.040001,115.040001,408200
2018-03-02,114.500000,122.605003,107.080002,120.000000,120.000000,693700
2018-03-05,120.000000,128.479996,120.000000,127.129997,127.129997,633200
2018-03-06,127.120003,132.479996,124.010002,131.779999,131.779999,588900
2018-03-07,131.020004,135.740005,130.270004,132.770004,132.770004,686900
2018-03-08,133.880005,134.929993,128.000000,129.729996,129.729996,444000
2018-03-09,131.229996,132.695007,127.200996,128.979996,128.979996,327400
2018-03-12,129.380005,131.250000,127.129997,129.000000,129.000000,537900
2018-03-13,130.289993,134.279999,128.059998,132.869995,132.869995,544600
2018-03-14,133.050003,133.360001,130.009995,131.529999,131.529999,331700
2018-03-15,131.160004,131.160004,122.110001,123.410004,123.410004,620100
2018-03-16,123.050003,127.529999,122.089996,125.830002,125.830002,858200
2018-03-19,125.930000,126.059998,115.309998,118.400002,118.400002,532200
2018-03-20,118.010002,122.599998,116.790001,121.949997,121.949997,436700
2018-03-21,118.400002,124.489998,115.110001,124.010002,124.010002,561800
2018-03-22,122.019997,125.760002,115.180000,116.180000,116.180000,392400
2018-03-23,116.540001,116.540001,110.309998,111.250000,111.250000,528300
2018-03-26,113.610001,118.120003,112.650002,117.330002,117.330002,324800
2018-03-27,117.580002,119.735001,112.000000,113.900002,113.900002,370900
2018-03-28,113.410004,114.419998,109.000000,113.250000,113.250000,403200
2018-03-29,114.419998,117.279999,112.970001,115.370003,115.370003,191900
2018-04-02,114.250000,116.000000,109.150002,109.629997,109.629997,381800
2018-04-03,110.959999,115.940002,109.000000,111.300003,111.300003,658900
2018-04-04,109.779999,122.870003,108.750000,122.529999,122.529999,556500
2018-04-05,123.470001,123.470001,111.139999,113.180000,113.180000,603700
2018-04-06,111.570000,114.167000,109.580002,110.849998,110.849998,276000
2018-04-09,112.349998,115.764999,111.781998,113.050003,113.050003,264100
2018-04-10,114.800003,122.949997,114.370003,122.330002,122.330002,335400
2018-04-11,120.680000,124.980003,119.589996,121.860001,121.860001,298700
2018-04-12,122.529999,126.820000,122.221001,126.239998,126.239998,317200
2018-04-13,127.510002,128.220001,121.864998,122.989998,122.989998,346700
2018-04-16,130.929993,136.524994,125.250000,133.449997,133.449997,824600
2018-04-17,134.130005,138.539993,129.619995,135.199997,135.199997,610600
2018-04-18,135.639999,136.979004,132.449997,134.070007,134.070007,172200
2018-04-19,133.199997,137.899994,132.761002,133.449997,133.449997,216600
2018-04-20,132.979996,134.729996,131.220001,133.059998,133.059998,211400
2018-04-23,133.070007,135.350006,131.190002,133.059998,133.059998,253500
2018-04-24,133.669998,135.000000,128.779999,129.509995,129.509995,302300
2018-04-25,128.139999,132.949997,127.125000,132.550003,132.550003,250400
2018-04-26,133.869995,135.529999,132.009995,132.940002,132.940002,153300
2018-04-27,133.270004,135.154999,129.244995,129.399994,129.399994,227800
2018-04-30,130.660004,131.671997,125.849998,125.910004,125.910004,250600
2018-05-01,125.739998,127.125000,125.190002,126.000000,126.000000,317300
2018-05-02,126.300003,128.869995,125.849998,126.110001,126.110001,313000
2018-05-03,125.919998,127.489998,118.720001,119.129997,119.129997,382100
2018-05-04,118.150002,121.540001,117.209999,119.690002,119.690002,297300
2018-05-07,120.150002,123.809998,120.059998,123.510002,123.510002,178400
2018-05-08,124.019997,124.889999,116.180000,124.169998,124.169998,655500
2018-05-09,128.524994,129.100006,124.010002,128.080002,128.080002,377100
2018-05-10,128.389999,134.240005,126.589996,129.509995,129.509995,259800
2018-05-11,129.509995,141.000000,129.509995,139.449997,139.449997,291900
2018-05-14,139.839996,139.839996,132.024994,135.960007,135.960007,540200
2018-05-15,135.369995,141.000000,133.018005,140.580002,140.580002,415100
2018-05-16,141.570007,143.619995,138.860001,139.500000,139.500000,872100
2018-05-17,160.500000,171.988998,158.009995,167.529999,167.529999,2757900
2018-05-18,167.539993,170.919998,165.020004,170.440002,170.440002,787000
2018-05-21,172.770004,175.990005,168.020004,169.039993,169.039993,501300
2018-05-22,169.610001,172.729996,166.020004,166.679993,166.679993,405500
2018-05-23,165.470001,170.770004,163.479996,166.089996,166.089996,328300
2018-05-24,166.490005,169.979996,165.677002,167.520004,167.520004,293700
2018-05-25,167.800003,169.809998,165.020004,165.710007,165.710007,285300
2018-05-29,165.800003,170.429993,163.419998,168.389999,168.389999,388900
2018-05-30,169.889999,174.179993,168.059998,173.639999,173.639999,321400
2018-05-31,175.000000,183.940002,174.440002,177.330002,177.330002,453000
2018-06-01,178.009995,187.380005,176.199997,186.690002,186.690002,600700
2018-06-04,207.779999,208.949997,181.020004,183.830002,183.830002,2812000
2018-06-05,182.470001,186.559998,177.035004,182.380005,182.380005,964200
2018-06-06,182.179993,188.270004,175.039993,176.779999,176.779999,718100
2018-06-07,177.289993,177.720001,169.119995,173.710007,173.710007,814100
2018-06-08,173.190002,181.919998,172.259995,178.990005,178.990005,550100
2018-06-11,177.669998,183.770004,176.679993,179.690002,179.690002,699500
2018-06-12,180.500000,184.550003,178.639999,179.070007,179.070007,608300
2018-06-13,180.000000,183.770004,178.410004,180.979996,180.979996,471600
2018-06-14,181.289993,185.020004,177.550003,178.919998,178.919998,618900
2018-06-15,177.130005,180.550003,175.250000,176.929993,176.929993,994900
2018-06-18,176.850006,182.994995,174.550003,179.169998,179.169998,693200
2018-06-19,176.419998,180.865005,175.250000,180.470001,180.470001,478500
2018-06-20,182.240005,182.240005,178.009995,178.610001,178.610001,582500
2018-06-21,178.669998,187.750000,176.339996,183.550003,183.550003,707400
2018-06-22,183.960007,185.360001,179.279999,183.809998,183.809998,1103100
2018-06-25,181.580002,183.639999,174.179993,175.649994,175.649994,603300
2018-06-26,177.100006,179.270004,173.789993,174.839996,174.839996,506400
2018-06-27,174.779999,175.779999,169.500000,169.759995,169.759995,379800
2018-06-28,169.050003,170.389999,163.789993,169.830002,169.830002,577300
2018-06-29,170.869995,175.649994,167.884995,173.479996,173.479996,422300
