Date,Open,High,Low,Close,Adj Close,Volume
2013-01-02,3.180000,3.280000,3.120000,3.190000,3.190000,23800
2013-01-03,3.220000,3.270000,3.180000,3.250000,3.250000,72100
2013-01-04,3.260000,3.290000,3.200000,3.260000,3.260000,41600
2013-01-07,3.200000,3.370000,3.200000,3.300000,3.300000,296900
2013-01-08,3.340000,3.390000,3.300000,3.360000,3.360000,6400
2013-01-09,3.300000,3.480000,3.300000,3.470000,3.470000,20800
2013-01-10,3.440000,3.480000,3.370000,3.410000,3.410000,5300
2013-01-11,3.580000,3.790000,3.450000,3.640000,3.640000,189500
2013-01-14,3.680000,3.980000,3.560000,3.710000,3.710000,269600
2013-01-15,3.750000,3.880000,3.700000,3.800000,3.800000,75100
2013-01-16,3.880000,3.980000,3.750000,3.790000,3.790000,25500
2013-01-17,3.750000,3.800000,3.630000,3.690000,3.690000,49600
2013-01-18,3.660000,3.710000,3.510000,3.510000,3.510000,64400
2013-01-22,3.640000,3.640000,3.300000,3.560000,3.560000,99200
2013-01-23,3.500000,3.600000,3.480000,3.570000,3.570000,54700
2013-01-24,3.570000,3.630000,3.420000,3.490000,3.490000,26300
2013-01-25,3.500000,3.600000,3.500000,3.560000,3.560000,11500
2013-01-28,3.520000,3.580000,3.490000,3.520000,3.520000,19800
2013-01-29,3.520000,3.670000,3.520000,3.620000,3.620000,16900
2013-01-30,3.440000,3.610000,3.400000,3.450000,3.450000,43100
2013-01-31,3.490000,3.630000,3.490000,3.630000,3.630000,45400
2013-02-01,3.650000,3.700000,3.600000,3.620000,3.620000,86400
2013-02-04,3.600000,3.750000,3.590000,3.710000,3.710000,50700
2013-02-05,3.700000,3.790000,3.520000,3.590000,3.590000,65500
2013-02-06,3.600000,3.620000,3.450000,3.550000,3.550000,15500
2013-02-07,3.440000,3.560000,3.390000,3.450000,3.450000,61500
2013-02-08,3.410000,3.490000,3.270000,3.490000,3.490000,19400
2013-02-11,3.420000,3.760000,3.420000,3.690000,3.690000,17900
2013-02-12,3.610000,3.900000,3.610000,3.880000,3.880000,156000
2013-02-13,3.900000,4.030000,3.790000,3.960000,3.960000,77800
2013-02-14,3.900000,3.990000,3.720000,3.800000,3.800000,12500
2013-02-15,3.980000,4.050000,3.820000,3.970000,3.970000,54100
2013-02-19,3.960000,4.090000,3.910000,3.980000,3.980000,30200
2013-02-20,3.980000,4.080000,3.980000,4.040000,4.040000,3700
2013-02-21,4.020000,4.020000,3.700000,3.790000,3.790000,42000
2013-02-22,3.750000,3.810000,3.650000,3.700000,3.700000,34600
2013-02-25,3.780000,3.880000,3.780000,3.870000,3.870000,14500
2013-02-26,3.870000,3.880000,3.780000,3.780000,3.780000,10000
2013-02-27,3.860000,4.000000,3.800000,4.000000,4.000000,40600
2013-02-28,4.000000,4.000000,3.720000,3.780000,3.780000,19500
2013-03-01,3.980000,4.020000,3.810000,4.010000,4.010000,39800
2013-03-04,3.800000,4.090000,3.800000,4.030000,4.030000,20300
2013-03-05,4.090000,4.090000,3.790000,3.880000,3.880000,25100
2013-03-06,3.900000,3.960000,3.770000,3.810000,3.810000,11400
2013-03-07,3.890000,3.970000,3.850000,3.940000,3.940000,8500
2013-03-08,3.890000,4.000000,3.810000,3.970000,3.970000,7300
2013-03-11,4.010000,4.010000,3.860000,3.950000,3.950000,18400
2013-03-12,3.800000,4.010000,3.760000,4.010000,4.010000,27500
2013-03-13,3.950000,3.950000,3.900000,3.910000,3.910000,3800
2013-03-14,3.910000,3.980000,3.910000,3.980000,3.980000,5400
2013-03-15,3.990000,3.990000,3.610000,3.660000,3.660000,62900
2013-03-18,3.700000,3.740000,3.570000,3.650000,3.650000,37000
2013-03-19,3.610000,3.750000,3.600000,3.700000,3.700000,22700
2013-03-20,3.700000,3.800000,3.660000,3.770000,3.770000,20600
2013-03-21,3.790000,3.820000,3.680000,3.810000,3.810000,16600
2013-03-22,3.870000,3.870000,3.660000,3.760000,3.760000,23600
2013-03-25,3.720000,3.760000,3.700000,3.760000,3.760000,11900
2013-03-26,3.810000,3.810000,3.690000,3.760000,3.760000,33000
2013-03-27,3.790000,3.800000,3.710000,3.730000,3.730000,4800
2013-03-28,3.700000,4.000000,3.700000,3.900000,3.900000,30900
2013-04-01,3.850000,3.950000,3.850000,3.860000,3.860000,5100
2013-04-02,3.900000,3.960000,3.850000,3.850000,3.850000,5100
2013-04-03,3.790000,3.950000,3.520000,3.580000,3.580000,34400
2013-04-04,3.590000,3.800000,3.520000,3.590000,3.590000,10300
2013-04-05,3.540000,3.770000,3.540000,3.600000,3.600000,31000
2013-04-08,3.550000,3.780000,3.460000,3.700000,3.700000,22800
2013-04-09,3.650000,3.650000,3.460000,3.510000,3.510000,40300
2013-04-10,3.550000,3.750000,3.430000,3.750000,3.750000,27400
2013-04-11,3.660000,3.770000,3.550000,3.630000,3.630000,39600
2013-04-12,3.670000,3.760000,3.570000,3.710000,3.710000,12800
2013-04-15,3.750000,3.750000,3.500000,3.580000,3.580000,14500
2013-04-16,3.530000,3.690000,3.510000,3.550000,3.550000,34600
2013-04-17,3.600000,3.790000,3.580000,3.730000,3.730000,15500
2013-04-18,3.720000,3.790000,3.700000,3.770000,3.770000,17500
2013-04-19,3.760000,3.760000,3.480000,3.690000,3.690000,43700
2013-04-22,3.620000,3.700000,3.540000,3.600000,3.600000,20600
2013-04-23,3.600000,3.650000,3.580000,3.650000,3.650000,5100
2013-04-24,3.650000,3.690000,3.560000,3.630000,3.630000,26300
2013-04-25,3.670000,3.730000,3.570000,3.570000,3.570000,35200
2013-04-26,3.600000,3.660000,3.590000,3.640000,3.640000,12200
2013-04-29,3.600000,3.670000,3.600000,3.650000,3.650000,5100
2013-04-30,3.540000,3.640000,3.500000,3.500000,3.500000,35200
2013-05-01,3.440000,3.500000,3.430000,3.500000,3.500000,18900
2013-05-02,3.620000,3.670000,3.450000,3.500000,3.500000,6700
2013-05-03,3.450000,3.530000,3.410000,3.440000,3.440000,54400
2013-05-06,3.440000,3.500000,3.400000,3.500000,3.500000,39000
2013-05-07,3.460000,3.500000,3.380000,3.410000,3.410000,17300
2013-05-08,3.410000,3.460000,3.250000,3.340000,3.340000,42100
2013-05-09,3.390000,3.420000,3.340000,3.420000,3.420000,7600
2013-05-10,3.460000,3.500000,3.340000,3.390000,3.390000,11800
2013-05-13,3.390000,3.590000,3.360000,3.500000,3.500000,13300
2013-05-14,3.470000,3.640000,3.370000,3.630000,3.630000,109900
2013-05-15,3.580000,3.670000,3.450000,3.450000,3.450000,22300
2013-05-16,3.480000,3.650000,3.470000,3.500000,3.500000,5800
2013-05-17,3.510000,3.590000,3.500000,3.550000,3.550000,12800
2013-05-20,3.570000,3.650000,3.410000,3.440000,3.440000,22200
2013-05-21,3.430000,3.660000,3.270000,3.310000,3.310000,39900
2013-05-22,3.350000,3.550000,3.320000,3.320000,3.320000,43000
2013-05-23,3.400000,3.410000,3.270000,3.340000,3.340000,17400
2013-05-24,3.280000,3.440000,3.250000,3.400000,3.400000,37500
2013-05-28,3.420000,3.450000,3.380000,3.400000,3.400000,22700
2013-05-29,3.380000,3.440000,3.350000,3.440000,3.440000,16600
2013-05-30,3.400000,3.550000,3.370000,3.550000,3.550000,52900
2013-05-31,3.550000,3.590000,3.420000,3.590000,3.590000,28400
2013-06-03,3.640000,3.640000,3.500000,3.550000,3.550000,5500
2013-06-04,3.550000,3.600000,3.550000,3.560000,3.560000,4700
2013-06-05,3.600000,3.750000,3.540000,3.610000,3.610000,13700
2013-06-06,3.600000,3.720000,3.550000,3.560000,3.560000,5500
2013-06-07,3.560000,3.710000,3.560000,3.670000,3.670000,25000
2013-06-10,3.670000,3.950000,3.670000,3.890000,3.890000,123100
2013-06-11,3.900000,3.950000,3.690000,3.760000,3.760000,23400
2013-06-12,3.840000,3.950000,3.720000,3.830000,3.830000,7000
2013-06-13,3.900000,3.990000,3.860000,3.910000,3.910000,16400
2013-06-14,3.870000,4.020000,3.870000,3.940000,3.940000,11600
2013-06-17,3.970000,4.020000,3.710000,3.890000,3.890000,49600
2013-06-18,3.960000,3.990000,3.720000,3.840000,3.840000,16700
2013-06-19,3.810000,3.870000,3.730000,3.820000,3.820000,20100
2013-06-20,3.730000,3.820000,3.650000,3.780000,3.780000,16700
2013-06-21,3.800000,3.800000,3.710000,3.710000,3.710000,10200
2013-06-24,3.940000,3.980000,3.630000,3.910000,3.910000,48200
2013-06-25,4.000000,4.000000,3.510000,3.660000,3.660000,175700
2013-06-26,3.740000,3.740000,3.520000,3.700000,3.700000,9200
2013-06-27,3.630000,3.850000,3.600000,3.730000,3.730000,42300
2013-06-28,3.740000,3.870000,3.710000,3.840000,3.840000,24600
2013-07-01,3.800000,3.880000,3.660000,3.800000,3.800000,37100
2013-07-02,3.710000,3.880000,3.710000,3.850000,3.850000,104000
2013-07-03,3.760000,3.880000,3.760000,3.880000,3.880000,5500
2013-07-05,3.880000,3.930000,3.850000,3.880000,3.880000,63000
2013-07-08,3.880000,3.930000,3.720000,3.800000,3.800000,46900
2013-07-09,3.890000,3.890000,3.720000,3.880000,3.880000,43600
2013-07-10,3.840000,3.890000,3.710000,3.850000,3.850000,32700
2013-07-11,3.760000,3.840000,3.730000,3.810000,3.810000,22900
2013-07-12,3.820000,3.970000,3.720000,3.810000,3.810000,18600
2013-07-15,3.840000,4.550000,3.760000,4.480000,4.480000,150400
2013-07-16,4.440000,4.790000,4.400000,4.500000,4.500000,64100
2013-07-17,4.360000,4.800000,4.360000,4.660000,4.660000,32500
2013-07-18,4.710000,4.780000,4.580000,4.660000,4.660000,51000
2013-07-19,4.690000,4.720000,4.490000,4.550000,4.550000,61400
2013-07-22,4.480000,4.690000,4.480000,4.550000,4.550000,37900
2013-07-23,4.500000,4.690000,4.500000,4.650000,4.650000,48600
2013-07-24,4.660000,4.700000,4.550000,4.660000,4.660000,26300
2013-07-25,4.610000,4.790000,4.610000,4.670000,4.670000,48600
2013-07-26,4.550000,4.780000,4.550000,4.640000,4.640000,12400
2013-07-29,4.650000,4.770000,4.450000,4.760000,4.760000,53700
2013-07-30,4.650000,4.850000,4.560000,4.790000,4.790000,21700
2013-07-31,4.840000,5.080000,4.650000,4.850000,4.850000,56500
2013-08-01,4.980000,5.000000,4.790000,4.850000,4.850000,58000
2013-08-02,4.860000,4.960000,4.750000,4.840000,4.840000,101600
2013-08-05,4.840000,4.920000,4.820000,4.860000,4.860000,35700
2013-08-06,4.840000,4.860000,4.730000,4.780000,4.780000,78300
2013-08-07,4.720000,4.770000,4.500000,4.620000,4.620000,140500
2013-08-08,4.580000,4.750000,4.510000,4.650000,4.650000,43400
2013-08-09,4.650000,4.710000,4.550000,4.680000,4.680000,18700
2013-08-12,4.680000,4.700000,4.570000,4.680000,4.680000,19500
2013-08-13,4.680000,4.700000,4.590000,4.620000,4.620000,7700
2013-08-14,4.620000,4.680000,4.500000,4.510000,4.510000,17100
2013-08-15,4.500000,4.780000,4.500000,4.610000,4.610000,19600
2013-08-16,4.670000,4.670000,4.360000,4.530000,4.530000,102200
2013-08-19,4.600000,4.650000,4.430000,4.540000,4.540000,37000
2013-08-20,4.530000,4.580000,4.400000,4.580000,4.580000,55700
2013-08-21,4.590000,4.600000,4.440000,4.480000,4.480000,44100
2013-08-22,4.490000,4.590000,4.480000,4.520000,4.520000,9000
2013-08-23,4.480000,4.570000,4.280000,4.410000,4.410000,167100
2013-08-26,4.380000,4.640000,4.360000,4.640000,4.640000,28900
2013-08-27,4.640000,4.640000,4.400000,4.440000,4.440000,120800
2013-08-28,4.490000,4.600000,4.480000,4.500000,4.500000,37600
2013-08-29,4.570000,4.570000,4.480000,4.520000,4.520000,190300
2013-08-30,4.830000,4.830000,4.260000,4.510000,4.510000,248300
2013-09-03,4.470000,4.610000,4.440000,4.600000,4.600000,147000
2013-09-04,4.580000,4.650000,4.540000,4.620000,4.620000,214600
2013-09-05,4.630000,4.660000,4.580000,4.640000,4.640000,78100
2013-09-06,4.640000,4.820000,4.570000,4.790000,4.790000,549100
2013-09-09,4.890000,5.220000,4.800000,5.020000,5.020000,275100
2013-09-10,5.040000,5.290000,5.000000,5.170000,5.170000,202900
2013-09-11,5.250000,5.290000,5.130000,5.180000,5.180000,75100
2013-09-12,5.190000,5.280000,5.160000,5.180000,5.180000,37500
2013-09-13,5.220000,5.220000,5.170000,5.180000,5.180000,34600
2013-09-16,5.280000,5.280000,5.100000,5.200000,5.200000,229600
2013-09-17,5.170000,5.370000,5.170000,5.330000,5.330000,135000
2013-09-18,5.330000,5.790000,5.200000,5.520000,5.520000,226000
2013-09-19,5.540000,5.610000,5.360000,5.590000,5.590000,672500
2013-09-20,5.670000,5.830000,5.670000,5.760000,5.760000,138700
2013-09-23,5.760000,6.000000,5.710000,5.770000,5.770000,112200
2013-09-24,5.750000,6.080000,5.750000,5.910000,5.910000,159100
2013-09-25,5.920000,6.080000,5.920000,5.990000,5.990000,114700
2013-09-26,6.010000,6.250000,5.920000,5.970000,5.970000,98700
2013-09-27,5.970000,6.090000,5.850000,5.910000,5.910000,98800
2013-09-30,5.920000,6.100000,5.770000,5.970000,5.970000,113500
2013-10-01,5.930000,6.070000,5.930000,5.980000,5.980000,93900
2013-10-02,5.910000,6.000000,5.810000,5.900000,5.900000,152000
2013-10-03,5.800000,5.980000,5.800000,5.920000,5.920000,94100
2013-10-04,5.920000,6.380000,5.900000,6.000000,6.000000,143600
2013-10-07,6.100000,6.210000,5.910000,6.100000,6.100000,103500
2013-10-08,6.120000,6.120000,5.910000,5.960000,5.960000,83500
2013-10-09,5.930000,6.010000,5.510000,5.730000,5.730000,147100
2013-10-10,5.750000,6.000000,5.670000,5.880000,5.880000,119300
2013-10-11,5.820000,6.000000,5.820000,5.960000,5.960000,36800
2013-10-14,5.840000,6.000000,5.780000,5.890000,5.890000,57300
2013-10-15,5.880000,5.960000,5.770000,5.790000,5.790000,40600
2013-10-16,6.000000,6.000000,5.730000,5.840000,5.840000,26400
2013-10-17,5.910000,5.920000,5.780000,5.840000,5.840000,32100
2013-10-18,5.910000,5.910000,5.680000,5.750000,5.750000,86800
2013-10-21,5.800000,5.860000,5.700000,5.750000,5.750000,103300
2013-10-22,5.810000,5.980000,5.650000,5.720000,5.720000,53400
2013-10-23,5.650000,5.820000,5.570000,5.740000,5.740000,54100
2013-10-24,5.730000,5.760000,5.660000,5.700000,5.700000,59000
2013-10-25,5.580000,5.780000,5.560000,5.620000,5.620000,64200
2013-10-28,5.650000,5.750000,5.360000,5.580000,5.580000,109700
2013-10-29,5.620000,5.710000,5.610000,5.620000,5.620000,113600
2013-10-30,5.620000,5.620000,5.570000,5.570000,5.570000,48000
2013-10-31,5.600000,6.200000,5.600000,5.960000,5.960000,134400
2013-11-01,6.000000,6.190000,5.840000,5.930000,5.930000,112300
2013-11-04,5.930000,6.100000,5.800000,5.950000,5.950000,154100
2013-11-05,5.910000,6.000000,5.800000,5.890000,5.890000,51900
2013-11-06,5.900000,6.090000,5.840000,5.890000,5.890000,91900
2013-11-07,5.900000,7.040000,5.640000,6.690000,6.690000,464300
2013-11-08,6.680000,7.000000,6.550000,6.650000,6.650000,261600
2013-11-11,6.990000,7.050000,6.500000,6.790000,6.790000,1086400
2013-11-12,7.480000,7.590000,7.230000,7.360000,7.360000,1860300
2013-11-13,7.510000,7.660000,7.270000,7.540000,7.540000,2239600
2013-11-14,7.640000,8.060000,7.560000,7.940000,7.940000,997400
2013-11-15,7.950000,8.450000,7.930000,8.050000,8.050000,1416200
2013-11-18,8.020000,8.550000,7.990000,8.370000,8.370000,1115100
2013-11-19,8.370000,8.450000,8.140000,8.170000,8.170000,264400
2013-11-20,8.210000,8.490000,8.170000,8.440000,8.440000,546600
2013-11-21,8.440000,8.550000,8.410000,8.520000,8.520000,407700
2013-11-22,8.510000,8.560000,8.340000,8.350000,8.350000,335200
2013-11-25,8.380000,8.460000,8.250000,8.460000,8.460000,480800
2013-11-26,8.430000,8.600000,8.300000,8.560000,8.560000,405800
2013-11-27,8.560000,8.750000,8.500000,8.620000,8.620000,783400
2013-11-29,8.620000,8.740000,8.510000,8.600000,8.600000,239400
2013-12-02,8.730000,8.730000,8.540000,8.580000,8.580000,185300
2013-12-03,8.560000,8.670000,8.460000,8.540000,8.540000,102400
2013-12-04,8.560000,8.670000,8.430000,8.600000,8.600000,630700
2013-12-05,8.570000,9.120000,8.570000,9.020000,9.020000,1138200
2013-12-06,8.550000,9.580000,8.550000,9.540000,9.540000,1438100
2013-12-09,9.620000,9.760000,9.500000,9.710000,9.710000,967300
2013-12-10,9.680000,9.850000,9.590000,9.830000,9.830000,950100
2013-12-11,9.600000,9.850000,9.600000,9.700000,9.700000,840300
2013-12-12,9.610000,9.750000,9.570000,9.580000,9.580000,818300
2013-12-13,9.450000,9.660000,9.350000,9.390000,9.390000,820800
2013-12-16,9.430000,9.550000,9.240000,9.400000,9.400000,900800
2013-12-17,9.380000,9.560000,9.330000,9.490000,9.490000,571000
2013-12-18,9.500000,9.520000,9.360000,9.400000,9.400000,569700
2013-12-19,9.310000,9.510000,9.300000,9.490000,9.490000,657400
2013-12-20,9.500000,9.560000,9.450000,9.550000,9.550000,685900
2013-12-23,9.550000,9.670000,9.460000,9.570000,9.570000,583200
2013-12-24,9.610000,9.640000,9.540000,9.630000,9.630000,323900
2013-12-26,9.590000,9.700000,9.510000,9.590000,9.590000,345000
2013-12-27,9.550000,9.770000,9.470000,9.730000,9.730000,646000
2013-12-30,9.780000,10.260000,9.680000,9.820000,9.820000,600900
2013-12-31,9.820000,10.130000,9.730000,10.090000,10.090000,366000
2014-01-02,10.060000,10.150000,9.480000,9.660000,9.660000,361100
2014-01-03,9.610000,9.810000,9.350000,9.460000,9.460000,400500
2014-01-06,9.380000,9.410000,9.090000,9.250000,9.250000,408100
2014-01-07,9.260000,9.320000,8.950000,9.050000,9.050000,296700
2014-01-08,9.080000,9.080000,8.620000,8.870000,8.870000,754800
2014-01-09,8.850000,9.080000,8.760000,8.920000,8.920000,279600
2014-01-10,8.840000,8.920000,8.690000,8.820000,8.820000,254800
2014-01-13,8.710000,8.850000,8.660000,8.790000,8.790000,342500
2014-01-14,8.800000,9.180000,8.740000,9.080000,9.080000,216300
2014-01-15,9.340000,10.050000,9.200000,10.030000,10.030000,883000
2014-01-16,10.000000,10.280000,9.930000,10.240000,10.240000,415600
2014-01-17,10.240000,10.250000,10.030000,10.040000,10.040000,146400
2014-01-21,10.050000,10.260000,9.600000,9.750000,9.750000,445100
2014-01-22,9.700000,9.830000,9.220000,9.470000,9.470000,816400
2014-01-23,9.440000,9.600000,9.340000,9.440000,9.440000,210000
2014-01-24,9.370000,9.440000,9.040000,9.040000,9.040000,224800
2014-01-27,9.100000,9.100000,8.600000,8.740000,8.740000,258800
2014-01-28,8.750000,9.560000,8.730000,9.320000,9.320000,331600
2014-01-29,9.240000,9.310000,8.450000,8.490000,8.490000,650400
2014-01-30,8.560000,8.940000,8.350000,8.800000,8.800000,407500
2014-01-31,8.660000,9.010000,8.500000,8.840000,8.840000,371300
2014-02-03,8.770000,8.880000,8.500000,8.510000,8.510000,395000
2014-02-04,8.500000,8.960000,8.490000,8.930000,8.930000,284800
2014-02-05,8.890000,9.010000,8.560000,8.790000,8.790000,219800
2014-02-06,8.780000,9.230000,8.780000,8.990000,8.990000,223800
2014-02-07,9.020000,9.060000,8.620000,8.830000,8.830000,233800
2014-02-10,8.790000,8.950000,8.750000,8.830000,8.830000,286000
2014-02-11,8.820000,9.190000,8.770000,9.190000,9.190000,298200
2014-02-12,9.190000,9.190000,8.910000,9.040000,9.040000,186800
2014-02-13,8.990000,9.010000,8.820000,8.980000,8.980000,224000
2014-02-14,8.960000,8.980000,8.720000,8.760000,8.760000,225800
2014-02-18,8.740000,8.900000,8.740000,8.830000,8.830000,91000
2014-02-19,8.740000,8.810000,8.450000,8.550000,8.550000,335900
2014-02-20,8.540000,8.780000,8.460000,8.750000,8.750000,294000
2014-02-21,8.740000,8.940000,8.640000,8.900000,8.900000,238500
2014-02-24,8.850000,9.000000,8.820000,8.910000,8.910000,124600
2014-02-25,8.860000,8.970000,8.750000,8.860000,8.860000,158700
2014-02-26,8.840000,8.970000,8.810000,8.880000,8.880000,230500
2014-02-27,8.880000,9.190000,8.840000,9.190000,9.190000,328800
2014-02-28,9.190000,9.630000,9.150000,9.500000,9.500000,631200
2014-03-03,9.380000,9.500000,9.200000,9.480000,9.480000,212700
2014-03-04,9.540000,9.770000,9.350000,9.750000,9.750000,398800
2014-03-05,9.750000,9.850000,9.660000,9.840000,9.840000,334200
2014-03-06,9.830000,10.120000,9.830000,10.100000,10.100000,647100
2014-03-07,10.100000,10.480000,10.060000,10.320000,10.320000,974600
2014-03-10,10.340000,10.500000,10.250000,10.350000,10.350000,355100
2014-03-11,10.320000,10.390000,9.970000,10.190000,10.190000,510300
2014-03-12,10.170000,10.490000,10.080000,10.340000,10.340000,421600
2014-03-13,10.380000,10.480000,10.120000,10.180000,10.180000,352500
2014-03-14,10.110000,10.210000,9.810000,9.940000,9.940000,257700
2014-03-17,9.970000,10.170000,9.900000,9.990000,9.990000,200300
2014-03-18,10.030000,10.330000,10.000000,10.120000,10.120000,338900
2014-03-19,10.090000,10.320000,9.930000,10.190000,10.190000,243300
2014-03-20,10.190000,10.430000,10.110000,10.190000,10.190000,285300
2014-03-21,10.220000,10.310000,9.850000,10.180000,10.180000,903500
2014-03-24,10.190000,10.250000,9.980000,10.170000,10.170000,394600
2014-03-25,10.200000,10.380000,10.180000,10.310000,10.310000,225800
2014-03-26,10.340000,10.750000,10.330000,10.740000,10.740000,659800
2014-03-27,10.710000,10.860000,10.640000,10.770000,10.770000,564600
2014-03-28,10.730000,10.850000,10.460000,10.490000,10.490000,278300
2014-03-31,10.480000,10.790000,10.400000,10.590000,10.590000,378700
2014-04-01,10.490000,10.500000,10.240000,10.270000,10.270000,269900
2014-04-02,10.250000,10.400000,10.080000,10.130000,10.130000,195800
2014-04-03,10.150000,10.320000,10.070000,10.110000,10.110000,380100
2014-04-04,10.160000,10.230000,9.570000,9.600000,9.600000,493000
2014-04-07,9.550000,9.550000,9.020000,9.110000,9.110000,480000
2014-04-08,9.140000,9.320000,8.860000,9.190000,9.190000,491200
2014-04-09,9.140000,9.390000,9.140000,9.280000,9.280000,182600
2014-04-10,9.250000,9.290000,9.030000,9.120000,9.120000,291000
2014-04-11,9.000000,9.110000,8.900000,8.910000,8.910000,388600
2014-04-14,8.910000,8.930000,8.550000,8.710000,8.710000,307600
2014-04-15,8.690000,8.840000,8.600000,8.670000,8.670000,476100
2014-04-16,8.550000,8.850000,8.460000,8.770000,8.770000,336600
2014-04-17,8.760000,9.000000,8.720000,8.990000,8.990000,270800
2014-04-21,9.000000,9.150000,8.880000,9.090000,9.090000,208800
2014-04-22,9.140000,9.500000,9.120000,9.470000,9.470000,263900
2014-04-23,9.470000,9.470000,9.250000,9.270000,9.270000,211200
2014-04-24,9.400000,9.500000,9.230000,9.450000,9.450000,410600
2014-04-25,9.380000,9.520000,9.160000,9.250000,9.250000,348600
2014-04-28,9.230000,9.230000,8.850000,9.100000,9.100000,448300
2014-04-29,9.110000,9.240000,9.010000,9.070000,9.070000,177800
2014-04-30,9.090000,9.200000,9.000000,9.150000,9.150000,245000
2014-05-01,9.100000,9.200000,9.080000,9.120000,9.120000,199400
2014-05-02,9.090000,9.220000,9.060000,9.120000,9.120000,253400
2014-05-05,9.070000,9.400000,9.050000,9.370000,9.370000,297500
2014-05-06,9.390000,9.750000,9.350000,9.700000,9.700000,413500
2014-05-07,9.750000,9.860000,9.490000,9.690000,9.690000,752500
2014-05-08,10.030000,11.340000,10.030000,10.960000,10.960000,1358500
2014-05-09,10.960000,11.060000,10.650000,10.830000,10.830000,607400
2014-05-12,10.980000,11.940000,10.980000,11.700000,11.700000,765200
2014-05-13,11.720000,11.810000,11.370000,11.670000,11.670000,374000
2014-05-14,11.090000,11.330000,10.750000,11.070000,11.070000,464600
2014-05-15,11.070000,11.170000,10.870000,10.890000,10.890000,571300
2014-05-16,10.810000,10.940000,10.800000,10.860000,10.860000,479200
2014-05-19,10.760000,11.000000,10.560000,10.890000,10.890000,202500
2014-05-20,10.890000,10.970000,10.810000,10.830000,10.830000,228900
2014-05-21,10.810000,11.000000,10.790000,10.890000,10.890000,232000
2014-05-22,10.850000,10.900000,10.740000,10.800000,10.800000,201200
2014-05-23,10.770000,11.050000,10.770000,11.040000,11.040000,180900
2014-05-27,11.020000,11.230000,10.950000,11.100000,11.100000,250600
2014-05-28,11.170000,11.240000,11.010000,11.100000,11.100000,144300
2014-05-29,11.090000,11.300000,11.010000,11.170000,11.170000,143200
2014-05-30,11.090000,11.150000,11.010000,11.060000,11.060000,62900
2014-06-02,11.060000,11.110000,10.820000,10.820000,10.820000,86500
2014-06-03,10.900000,10.940000,10.770000,10.800000,10.800000,130900
2014-06-04,10.750000,11.010000,10.750000,10.910000,10.910000,116300
2014-06-05,10.840000,10.920000,10.780000,10.890000,10.890000,160800
2014-06-06,10.960000,11.130000,10.900000,11.100000,11.100000,210400
2014-06-09,11.090000,11.380000,11.090000,11.280000,11.280000,171600
2014-06-10,11.220000,11.310000,11.150000,11.270000,11.270000,184800
2014-06-11,11.170000,11.330000,11.050000,11.310000,11.310000,165200
2014-06-12,11.310000,11.350000,10.970000,11.180000,11.180000,250500
2014-06-13,11.140000,11.150000,10.770000,10.900000,10.900000,318500
2014-06-16,10.850000,10.880000,10.520000,10.550000,10.550000,393000
2014-06-17,10.440000,10.730000,10.410000,10.620000,10.620000,309500
2014-06-18,10.690000,10.740000,10.530000,10.710000,10.710000,447000
2014-06-19,10.710000,10.750000,10.610000,10.700000,10.700000,237800
2014-06-20,10.720000,10.900000,10.640000,10.870000,10.870000,411700
2014-06-23,10.890000,10.890000,10.630000,10.740000,10.740000,193200
2014-06-24,10.630000,10.950000,10.630000,10.730000,10.730000,210100
2014-06-25,10.650000,10.660000,10.280000,10.300000,10.300000,286900
2014-06-26,10.270000,10.600000,10.270000,10.410000,10.410000,349500
2014-06-27,10.340000,10.590000,10.340000,10.470000,10.470000,227800
2014-06-30,10.430000,10.620000,10.250000,10.540000,10.540000,127200
2014-07-01,10.550000,10.680000,10.540000,10.550000,10.550000,60600
2014-07-02,10.550000,10.590000,10.460000,10.500000,10.500000,228100
2014-07-03,10.520000,10.560000,10.450000,10.540000,10.540000,77000
2014-07-07,10.370000,10.370000,9.980000,10.150000,10.150000,274400
2014-07-08,10.110000,10.160000,9.950000,10.090000,10.090000,165800
2014-07-09,10.080000,10.170000,9.970000,10.030000,10.030000,1265200
2014-07-10,9.900000,10.070000,9.900000,10.010000,10.010000,156000
2014-07-11,10.010000,10.060000,9.870000,10.010000,10.010000,160700
2014-07-14,10.100000,10.240000,10.040000,10.220000,10.220000,127900
2014-07-15,10.220000,10.280000,10.160000,10.250000,10.250000,112800
2014-07-16,10.250000,10.550000,10.230000,10.500000,10.500000,177100
2014-07-17,10.460000,10.750000,10.460000,10.630000,10.630000,164100
2014-07-18,10.640000,10.920000,10.510000,10.840000,10.840000,685900
2014-07-21,10.730000,10.850000,10.560000,10.580000,10.580000,92900
2014-07-22,10.610000,10.870000,10.590000,10.830000,10.830000,182500
2014-07-23,10.850000,10.850000,10.560000,10.680000,10.680000,139400
2014-07-24,10.730000,10.810000,10.610000,10.650000,10.650000,128800
2014-07-25,10.600000,10.680000,10.600000,10.670000,10.670000,421900
2014-07-28,10.710000,10.800000,10.510000,10.680000,10.680000,117800
2014-07-29,10.670000,10.790000,10.600000,10.710000,10.710000,278700
2014-07-30,10.760000,11.290000,10.750000,11.270000,11.270000,221200
2014-07-31,11.200000,11.200000,10.930000,11.070000,11.070000,219300
2014-08-01,11.050000,11.110000,10.830000,10.870000,10.870000,191000
2014-08-04,10.880000,11.080000,10.540000,10.720000,10.720000,132400
2014-08-05,10.620000,10.710000,10.500000,10.600000,10.600000,170500
2014-08-06,10.580000,10.580000,10.340000,10.440000,10.440000,200900
2014-08-07,10.220000,10.220000,9.630000,9.840000,9.840000,893800
2014-08-08,9.870000,10.120000,9.830000,10.080000,10.080000,196000
2014-08-11,10.150000,10.500000,10.150000,10.450000,10.450000,141600
2014-08-12,10.350000,10.460000,10.130000,10.330000,10.330000,123600
2014-08-13,10.370000,10.440000,9.990000,10.060000,10.060000,154100
2014-08-14,10.090000,10.100000,9.900000,9.960000,9.960000,117100
2014-08-15,9.990000,10.030000,9.840000,9.940000,9.940000,90800
2014-08-18,9.980000,10.020000,9.910000,9.960000,9.960000,64800
2014-08-19,9.940000,9.980000,9.880000,9.930000,9.930000,143500
2014-08-20,9.920000,9.940000,9.860000,9.870000,9.870000,98700
2014-08-21,9.840000,9.970000,9.800000,9.860000,9.860000,106300
2014-08-22,9.810000,10.090000,9.810000,10.030000,10.030000,288200
2014-08-25,10.120000,10.250000,9.920000,9.940000,9.940000,307000
2014-08-26,9.920000,10.050000,9.860000,9.980000,9.980000,160900
2014-08-27,9.960000,10.260000,9.860000,10.190000,10.190000,287800
2014-08-28,10.130000,10.280000,10.020000,10.040000,10.040000,216300
2014-08-29,9.990000,10.270000,9.990000,10.020000,10.020000,116000
2014-09-02,9.960000,10.080000,9.920000,10.000000,10.000000,211200
2014-09-03,10.050000,10.130000,9.870000,9.960000,9.960000,619700
2014-09-04,9.990000,10.080000,9.880000,9.950000,9.950000,264800
2014-09-05,9.930000,9.960000,9.810000,9.920000,9.920000,275800
2014-09-08,9.870000,9.990000,9.750000,9.960000,9.960000,276100
2014-09-09,9.900000,9.980000,9.770000,9.840000,9.840000,142800
2014-09-10,9.820000,9.990000,9.750000,9.940000,9.940000,160500
2014-09-11,9.910000,10.100000,9.750000,10.050000,10.050000,153600
2014-09-12,10.050000,10.120000,9.910000,10.100000,10.100000,125100
2014-09-15,10.140000,10.140000,9.770000,9.800000,9.800000,315000
2014-09-16,9.770000,9.800000,9.690000,9.750000,9.750000,185400
2014-09-17,9.730000,9.900000,9.590000,9.850000,9.850000,147100
2014-09-18,9.870000,10.060000,9.750000,10.030000,10.030000,243900
2014-09-19,10.050000,10.080000,9.910000,9.970000,9.970000,482700
2014-09-22,9.900000,9.900000,9.630000,9.710000,9.710000,356500
2014-09-23,9.580000,9.710000,9.570000,9.620000,9.620000,373000
2014-09-24,9.670000,9.670000,9.470000,9.580000,9.580000,285600
2014-09-25,9.520000,9.600000,9.290000,9.310000,9.310000,319900
2014-09-26,9.340000,9.360000,9.200000,9.340000,9.340000,219600
2014-09-29,9.220000,9.310000,9.130000,9.230000,9.230000,279200
2014-09-30,9.240000,9.260000,9.130000,9.150000,9.150000,168100
2014-10-01,9.150000,9.150000,8.710000,8.840000,8.840000,132700
2014-10-02,8.860000,8.920000,8.610000,8.880000,8.880000,140900
2014-10-03,8.880000,8.990000,8.800000,8.820000,8.820000,120800
2014-10-06,8.800000,8.930000,8.720000,8.750000,8.750000,99100
2014-10-07,8.680000,8.680000,8.410000,8.410000,8.410000,233400
2014-10-08,8.410000,8.490000,8.180000,8.430000,8.430000,261200
2014-10-09,8.420000,8.420000,8.140000,8.160000,8.160000,182300
2014-10-10,8.050000,8.210000,7.970000,8.010000,8.010000,303400
2014-10-13,7.950000,8.170000,7.750000,7.920000,7.920000,242000
2014-10-14,7.950000,8.080000,7.940000,8.050000,8.050000,150900
2014-10-15,8.000000,8.450000,7.850000,8.410000,8.410000,304100
2014-10-16,8.300000,8.540000,8.180000,8.520000,8.520000,264400
2014-10-17,8.610000,8.640000,8.230000,8.420000,8.420000,134600
2014-10-20,8.500000,8.670000,8.100000,8.160000,8.160000,147300
2014-10-21,8.210000,8.500000,8.210000,8.420000,8.420000,171200
2014-10-22,8.410000,8.510000,8.330000,8.350000,8.350000,91200
2014-10-23,8.420000,8.520000,8.260000,8.340000,8.340000,148800
2014-10-24,8.350000,8.470000,8.290000,8.460000,8.460000,59000
2014-10-27,8.390000,8.560000,8.310000,8.520000,8.520000,103100
2014-10-28,8.520000,9.050000,8.440000,9.020000,9.020000,143500
2014-10-29,9.070000,9.210000,8.970000,9.050000,9.050000,98100
2014-10-30,8.980000,9.390000,8.960000,9.270000,9.270000,198100
2014-10-31,9.390000,9.570000,9.190000,9.340000,9.340000,113200
2014-11-03,9.320000,9.320000,8.970000,9.040000,9.040000,62800
2014-11-04,9.000000,9.130000,8.800000,9.090000,9.090000,103700
2014-11-05,9.100000,9.310000,8.970000,9.260000,9.260000,113800
2014-11-06,9.440000,9.910000,9.340000,9.880000,9.880000,289800
2014-11-07,9.980000,9.990000,9.550000,9.930000,9.930000,192900
2014-11-10,9.930000,10.000000,9.770000,9.810000,9.810000,102300
2014-11-11,9.840000,9.880000,9.730000,9.760000,9.760000,47900
2014-11-12,9.760000,10.100000,9.740000,10.070000,10.070000,93300
2014-11-13,10.120000,10.120000,9.950000,9.960000,9.960000,60800
2014-11-14,10.000000,10.140000,9.850000,10.120000,10.120000,159500
2014-11-17,10.120000,10.400000,9.930000,10.200000,10.200000,112700
2014-11-18,10.260000,10.290000,9.930000,9.960000,9.960000,79500
2014-11-19,9.950000,10.010000,9.790000,10.000000,10.000000,56600
2014-11-20,10.040000,10.120000,9.900000,9.960000,9.960000,38000
2014-11-21,10.110000,10.110000,9.880000,9.960000,9.960000,104600
2014-11-24,9.900000,10.370000,9.900000,10.360000,10.360000,56600
2014-11-25,10.330000,10.400000,10.220000,10.300000,10.300000,69600
2014-11-26,10.260000,10.330000,10.100000,10.330000,10.330000,69600
2014-11-28,10.260000,10.880000,10.260000,10.620000,10.620000,72000
2014-12-01,10.600000,10.800000,10.430000,10.770000,10.770000,96200
2014-12-02,10.750000,10.810000,10.460000,10.490000,10.490000,102000
2014-12-03,10.460000,10.460000,10.210000,10.270000,10.270000,132500
2014-12-04,10.250000,10.500000,10.190000,10.390000,10.390000,147300
2014-12-05,10.370000,10.500000,10.190000,10.340000,10.340000,243100
2014-12-08,10.190000,10.320000,9.960000,10.060000,10.060000,144000
2014-12-09,10.000000,10.340000,9.810000,10.280000,10.280000,66000
2014-12-10,10.290000,10.290000,10.000000,10.090000,10.090000,124700
2014-12-11,10.110000,10.260000,10.080000,10.260000,10.260000,138400
2014-12-12,10.150000,10.200000,10.000000,10.050000,10.050000,121200
2014-12-15,10.110000,10.130000,9.930000,10.010000,10.010000,74100
2014-12-16,9.950000,10.110000,9.880000,10.020000,10.020000,106700
2014-12-17,10.060000,10.090000,9.880000,10.050000,10.050000,107600
2014-12-18,10.120000,10.200000,9.970000,10.200000,10.200000,95600
2014-12-19,10.250000,10.250000,10.080000,10.170000,10.170000,245000
2014-12-22,10.150000,10.300000,10.140000,10.210000,10.210000,146400
2014-12-23,10.190000,10.290000,10.190000,10.260000,10.260000,56300
2014-12-24,10.310000,10.510000,10.280000,10.370000,10.370000,34200
2014-12-26,10.430000,10.600000,10.390000,10.560000,10.560000,24500
2014-12-29,10.520000,10.900000,10.400000,10.710000,10.710000,67300
2014-12-30,10.640000,10.890000,10.600000,10.640000,10.640000,57800
2014-12-31,10.720000,10.850000,10.580000,10.690000,10.690000,158000
2015-01-02,10.710000,10.790000,10.500000,10.720000,10.720000,77800
2015-01-05,10.650000,10.650000,10.450000,10.550000,10.550000,123000
2015-01-06,10.480000,10.570000,10.300000,10.400000,10.400000,129400
2015-01-07,10.430000,10.470000,10.360000,10.470000,10.470000,53500
2015-01-08,10.500000,10.770000,10.500000,10.670000,10.670000,111000
2015-01-09,10.640000,10.790000,10.420000,10.490000,10.490000,78600
2015-01-12,10.520000,10.560000,10.380000,10.470000,10.470000,154500
2015-01-13,10.510000,10.650000,10.330000,10.390000,10.390000,69800
2015-01-14,10.330000,10.460000,10.060000,10.180000,10.180000,166600
2015-01-15,10.290000,10.370000,10.120000,10.180000,10.180000,119800
2015-01-16,10.160000,10.250000,10.100000,10.240000,10.240000,142000
2015-01-20,10.280000,10.470000,10.280000,10.310000,10.310000,81400
2015-01-21,10.320000,10.460000,10.050000,10.060000,10.060000,64900
2015-01-22,10.090000,10.090000,9.760000,9.820000,9.820000,134700
2015-01-23,9.780000,9.930000,9.740000,9.810000,9.810000,60400
2015-01-26,9.770000,9.840000,9.660000,9.790000,9.790000,68500
2015-01-27,9.500000,9.990000,9.500000,9.920000,9.920000,97000
2015-01-28,9.980000,9.990000,9.720000,9.770000,9.770000,37900
2015-01-29,9.820000,9.820000,8.970000,9.160000,9.160000,144700
2015-01-30,9.010000,9.090000,8.810000,8.930000,8.930000,117300
2015-02-02,8.940000,9.170000,8.560000,9.150000,9.150000,98100
2015-02-03,9.290000,9.420000,9.120000,9.330000,9.330000,166400
2015-02-04,9.300000,9.420000,9.070000,9.140000,9.140000,138800
2015-02-05,9.180000,9.850000,9.100000,9.850000,9.850000,191600
2015-02-06,9.870000,9.920000,9.570000,9.760000,9.760000,88700
2015-02-09,9.740000,10.000000,9.730000,9.890000,9.890000,104400
2015-02-10,9.900000,9.910000,9.740000,9.800000,9.800000,113600
2015-02-11,9.790000,10.000000,9.680000,9.860000,9.860000,117800
2015-02-12,9.950000,10.220000,9.730000,10.210000,10.210000,114100
2015-02-13,10.180000,10.360000,10.150000,10.330000,10.330000,53300
2015-02-17,10.360000,10.430000,10.230000,10.320000,10.320000,31600
2015-02-18,10.300000,10.300000,9.970000,10.230000,10.230000,73400
2015-02-19,10.110000,10.170000,9.960000,10.150000,10.150000,70400
2015-02-20,10.130000,10.150000,9.970000,10.070000,10.070000,50100
2015-02-23,10.010000,10.090000,9.860000,9.940000,9.940000,70000
2015-02-24,9.930000,10.380000,9.890000,10.340000,10.340000,72900
2015-02-25,10.390000,10.690000,10.330000,10.400000,10.400000,136700
2015-02-26,10.360000,10.870000,9.180000,9.590000,9.590000,418700
2015-02-27,9.750000,10.210000,9.640000,10.160000,10.160000,306800
2015-03-02,10.180000,10.450000,8.520000,8.910000,8.910000,3899600
2015-03-03,8.990000,9.370000,8.980000,9.360000,9.360000,2389700
2015-03-04,9.420000,9.630000,9.090000,9.560000,9.560000,575600
2015-03-05,9.590000,9.730000,9.420000,9.700000,9.700000,760400
2015-03-06,9.660000,9.750000,9.410000,9.710000,9.710000,1476800
2015-03-09,9.720000,9.840000,9.420000,9.720000,9.720000,1529300
2015-03-10,9.700000,9.770000,9.430000,9.740000,9.740000,1198900
2015-03-11,9.780000,10.160000,9.610000,10.110000,10.110000,1011400
2015-03-12,10.170000,10.200000,9.970000,10.060000,10.060000,1122200
2015-03-13,9.980000,10.020000,9.720000,9.950000,9.950000,1359000
2015-03-16,10.070000,10.070000,9.770000,9.890000,9.890000,854500
2015-03-17,9.820000,10.110000,9.810000,10.020000,10.020000,1328100
2015-03-18,9.940000,10.350000,9.920000,10.220000,10.220000,986100
2015-03-19,10.170000,10.510000,10.000000,10.450000,10.450000,800500
2015-03-20,10.520000,10.810000,10.390000,10.740000,10.740000,1997900
2015-03-23,10.740000,10.810000,10.400000,10.440000,10.440000,402300
2015-03-24,10.440000,10.680000,10.360000,10.520000,10.520000,326300
2015-03-25,10.520000,10.640000,10.230000,10.300000,10.300000,647500
2015-03-26,10.360000,10.360000,10.080000,10.190000,10.190000,837000
2015-03-27,10.150000,10.390000,9.960000,10.190000,10.190000,576600
2015-03-30,10.180000,10.360000,10.090000,10.190000,10.190000,658100
2015-03-31,10.180000,10.290000,10.000000,10.170000,10.170000,590000
2015-04-01,10.150000,10.150000,9.790000,10.000000,10.000000,1110700
2015-04-02,10.000000,10.180000,9.960000,10.130000,10.130000,502100
2015-04-06,10.130000,10.460000,10.090000,10.390000,10.390000,472800
2015-04-07,10.450000,10.580000,10.380000,10.430000,10.430000,452000
2015-04-08,10.450000,10.650000,10.400000,10.630000,10.630000,375200
2015-04-09,10.610000,10.690000,10.170000,10.590000,10.590000,366400
2015-04-10,10.490000,10.570000,9.640000,9.990000,9.990000,2921000
2015-04-13,9.910000,10.080000,9.790000,9.830000,9.830000,641800
2015-04-14,9.870000,9.950000,9.720000,9.860000,9.860000,379200
2015-04-15,9.870000,9.870000,9.600000,9.670000,9.670000,715900
2015-04-16,9.670000,9.800000,9.630000,9.640000,9.640000,263600
2015-04-17,9.610000,9.640000,9.320000,9.390000,9.390000,632800
2015-04-20,9.380000,9.460000,9.320000,9.440000,9.440000,333900
2015-04-21,9.390000,9.550000,9.250000,9.320000,9.320000,341500
2015-04-22,9.360000,9.620000,9.300000,9.560000,9.560000,285500
2015-04-23,9.530000,9.710000,9.450000,9.590000,9.590000,280400
2015-04-24,9.580000,9.700000,9.330000,9.510000,9.510000,310700
2015-04-27,9.560000,9.660000,9.460000,9.570000,9.570000,210600
2015-04-28,9.530000,9.650000,9.460000,9.590000,9.590000,509100
2015-04-29,9.540000,9.560000,9.190000,9.300000,9.300000,969200
2015-04-30,9.220000,9.350000,9.180000,9.290000,9.290000,1018600
2015-05-01,9.310000,9.440000,9.010000,9.130000,9.130000,547100
2015-05-04,9.090000,9.240000,9.090000,9.110000,9.110000,430700
2015-05-05,9.150000,9.170000,8.940000,8.970000,8.970000,1018400
2015-05-06,8.970000,9.060000,8.590000,8.630000,8.630000,598900
2015-05-07,8.550000,9.020000,8.550000,8.890000,8.890000,859600
2015-05-08,8.930000,8.970000,8.610000,8.700000,8.700000,691600
2015-05-11,8.730000,8.870000,8.640000,8.860000,8.860000,911000
2015-05-12,8.800000,8.920000,8.590000,8.870000,8.870000,786000
2015-05-13,8.850000,8.900000,8.690000,8.820000,8.820000,518700
2015-05-14,8.810000,8.990000,8.740000,8.940000,8.940000,386300
2015-05-15,8.970000,9.060000,8.880000,9.000000,9.000000,439300
2015-05-18,9.050000,9.330000,9.010000,9.080000,9.080000,219000
2015-05-19,9.060000,9.130000,8.860000,9.040000,9.040000,242800
2015-05-20,9.070000,9.180000,8.960000,9.160000,9.160000,377100
2015-05-21,9.150000,9.420000,9.150000,9.390000,9.390000,548600
2015-05-22,9.430000,9.580000,9.340000,9.440000,9.440000,569300
2015-05-26,9.440000,9.480000,9.180000,9.310000,9.310000,440000
2015-05-27,9.300000,9.370000,9.160000,9.270000,9.270000,425700
2015-05-28,9.250000,9.490000,9.250000,9.320000,9.320000,267700
2015-05-29,9.300000,9.420000,9.170000,9.300000,9.300000,656900
2015-06-01,9.280000,9.420000,9.000000,9.010000,9.010000,716600
2015-06-02,8.990000,9.370000,8.930000,9.310000,9.310000,1459700
2015-06-03,9.280000,9.420000,9.160000,9.270000,9.270000,475900
2015-06-04,9.260000,9.330000,9.150000,9.280000,9.280000,590000
2015-06-05,9.290000,9.330000,9.050000,9.260000,9.260000,984500
2015-06-08,9.210000,9.290000,9.060000,9.140000,9.140000,632900
2015-06-09,9.150000,9.200000,9.040000,9.100000,9.100000,372700
2015-06-10,9.110000,9.190000,9.020000,9.090000,9.090000,383700
2015-06-11,9.070000,9.130000,8.880000,8.960000,8.960000,404800
2015-06-12,8.920000,9.180000,8.860000,9.140000,9.140000,313500
2015-06-15,9.130000,9.300000,9.110000,9.210000,9.210000,568900
2015-06-16,9.190000,9.260000,9.100000,9.190000,9.190000,312500
2015-06-17,9.210000,9.250000,9.070000,9.210000,9.210000,384300
2015-06-18,9.310000,9.400000,9.220000,9.330000,9.330000,424200
2015-06-19,9.320000,9.600000,9.130000,9.160000,9.160000,506200
2015-06-22,9.130000,9.130000,8.610000,8.720000,8.720000,559700
2015-06-23,8.740000,8.990000,8.660000,8.970000,8.970000,413200
2015-06-24,8.930000,9.050000,8.810000,9.010000,9.010000,544700
2015-06-25,9.000000,9.180000,8.810000,8.890000,8.890000,714500
2015-06-26,8.860000,9.080000,8.800000,9.020000,9.020000,995300
2015-06-29,8.970000,8.990000,8.760000,8.850000,8.850000,556500
2015-06-30,8.860000,8.980000,8.730000,8.830000,8.830000,456400
2015-07-01,8.850000,9.000000,8.700000,8.790000,8.790000,200200
2015-07-02,8.770000,8.900000,8.700000,8.850000,8.850000,309100
2015-07-06,8.690000,8.820000,8.620000,8.780000,8.780000,325900
2015-07-07,8.780000,8.820000,8.620000,8.820000,8.820000,435200
2015-07-08,8.780000,8.780000,8.530000,8.620000,8.620000,910600
2015-07-09,8.650000,8.740000,8.600000,8.680000,8.680000,284200
2015-07-10,8.710000,8.870000,8.640000,8.870000,8.870000,237000
2015-07-13,8.860000,8.980000,8.830000,8.950000,8.950000,154100
2015-07-14,8.910000,9.030000,8.880000,9.010000,9.010000,212900
2015-07-15,8.980000,9.120000,8.890000,9.040000,9.040000,383700
2015-07-16,9.000000,9.180000,9.000000,9.110000,9.110000,279900
2015-07-17,9.100000,9.200000,9.100000,9.180000,9.180000,177300
2015-07-20,9.180000,9.290000,9.120000,9.260000,9.260000,337500
2015-07-21,9.260000,9.370000,9.200000,9.250000,9.250000,239400
2015-07-22,9.240000,9.270000,9.130000,9.200000,9.200000,226900
2015-07-23,9.200000,9.250000,8.990000,9.060000,9.060000,215300
2015-07-24,9.040000,9.180000,9.040000,9.150000,9.150000,247800
2015-07-27,9.150000,9.150000,8.810000,8.920000,8.920000,343900
2015-07-28,8.940000,9.040000,8.820000,9.000000,9.000000,466100
2015-07-29,8.960000,9.290000,8.960000,9.270000,9.270000,299800
2015-07-30,9.280000,9.380000,9.230000,9.340000,9.340000,295200
2015-07-31,9.350000,9.550000,9.320000,9.450000,9.450000,363400
2015-08-03,9.440000,9.540000,9.310000,9.460000,9.460000,333200
2015-08-04,9.450000,9.580000,9.430000,9.550000,9.550000,344400
2015-08-05,9.570000,9.610000,9.400000,9.560000,9.560000,376500
2015-08-06,9.090000,9.420000,8.250000,8.610000,8.610000,892200
2015-08-07,8.620000,8.790000,8.480000,8.770000,8.770000,751200
2015-08-10,8.780000,8.960000,8.680000,8.930000,8.930000,475000
2015-08-11,8.900000,8.960000,8.510000,8.570000,8.570000,716900
2015-08-12,8.530000,8.530000,8.140000,8.300000,8.300000,913900
2015-08-13,8.290000,8.300000,7.970000,8.130000,8.130000,1336600
2015-08-14,8.090000,8.130000,7.880000,7.960000,7.960000,874600
2015-08-17,7.970000,8.290000,7.820000,8.260000,8.260000,511200
2015-08-18,8.280000,8.330000,8.060000,8.110000,8.110000,251900
2015-08-19,8.110000,8.110000,7.900000,7.930000,7.930000,211700
2015-08-20,7.900000,8.290000,7.820000,7.990000,7.990000,2938100
2015-08-21,7.950000,7.980000,7.620000,7.700000,7.700000,808800
2015-08-24,7.430000,7.600000,7.260000,7.280000,7.280000,830600
2015-08-25,7.440000,7.700000,7.000000,7.040000,7.040000,479800
2015-08-26,7.160000,7.320000,7.040000,7.290000,7.290000,545200
2015-08-27,7.350000,7.530000,7.270000,7.400000,7.400000,414200
2015-08-28,7.350000,7.470000,7.270000,7.410000,7.410000,269200
2015-08-31,7.330000,7.520000,7.280000,7.370000,7.370000,341100
2015-09-01,7.280000,7.320000,7.160000,7.170000,7.170000,277400
2015-09-02,7.220000,7.270000,7.090000,7.200000,7.200000,310800
2015-09-03,7.110000,7.350000,7.090000,7.240000,7.240000,223800
2015-09-04,7.130000,7.230000,6.840000,6.870000,6.870000,404600
2015-09-08,6.960000,7.050000,6.850000,6.970000,6.970000,245000
2015-09-09,6.990000,7.190000,6.960000,7.150000,7.150000,495700
2015-09-10,7.160000,7.310000,7.100000,7.140000,7.140000,403400
2015-09-11,7.070000,7.170000,6.960000,7.040000,7.040000,558500
2015-09-14,7.040000,7.090000,6.850000,6.950000,6.950000,173900
2015-09-15,6.940000,7.040000,6.850000,7.010000,7.010000,260000
2015-09-16,7.040000,7.210000,7.040000,7.190000,7.190000,267200
2015-09-17,7.160000,7.300000,7.130000,7.150000,7.150000,195700
2015-09-18,7.080000,7.230000,7.010000,7.030000,7.030000,331900
2015-09-21,7.030000,7.240000,7.030000,7.190000,7.190000,204500
2015-09-22,7.120000,7.130000,6.930000,7.000000,7.000000,218000
2015-09-23,7.030000,7.030000,6.760000,6.870000,6.870000,173300
2015-09-24,6.840000,6.840000,6.660000,6.690000,6.690000,173900
2015-09-25,6.750000,6.850000,6.690000,6.810000,6.810000,264400
2015-09-28,6.780000,6.840000,6.710000,6.770000,6.770000,216400
2015-09-29,6.780000,6.860000,6.510000,6.630000,6.630000,273300
2015-09-30,6.700000,6.760000,6.430000,6.450000,6.450000,637100
2015-10-01,6.440000,6.540000,6.360000,6.500000,6.500000,264800
2015-10-02,6.430000,6.730000,6.410000,6.700000,6.700000,340600
2015-10-05,6.730000,6.890000,6.730000,6.830000,6.830000,332700
2015-10-06,6.810000,6.900000,6.710000,6.880000,6.880000,284900
2015-10-07,6.890000,7.100000,6.890000,7.020000,7.020000,421400
2015-10-08,7.500000,8.370000,7.500000,8.180000,8.180000,1366400
2015-10-09,8.150000,8.370000,8.030000,8.170000,8.170000,572500
2015-10-12,8.140000,8.140000,7.830000,7.890000,7.890000,153600
2015-10-13,7.870000,7.950000,7.590000,7.630000,7.630000,207300
2015-10-14,7.640000,7.730000,7.480000,7.590000,7.590000,339900
2015-10-15,7.620000,8.050000,7.620000,8.020000,8.020000,224300
2015-10-16,8.060000,8.120000,7.860000,8.040000,8.040000,172000
2015-10-19,7.980000,8.080000,7.870000,8.040000,8.040000,122400
2015-10-20,7.980000,8.200000,7.960000,8.070000,8.070000,364100
2015-10-21,8.040000,8.060000,7.870000,8.030000,8.030000,331700
2015-10-22,8.060000,8.100000,7.850000,7.960000,7.960000,324100
2015-10-23,7.940000,8.210000,7.870000,8.130000,8.130000,393800
2015-10-26,8.110000,8.220000,8.030000,8.110000,8.110000,313500
2015-10-27,8.080000,8.080000,7.830000,8.010000,8.010000,531100
2015-10-28,8.030000,8.090000,7.900000,8.010000,8.010000,470300
2015-10-29,7.970000,8.060000,7.900000,7.940000,7.940000,106200
2015-10-30,7.900000,8.000000,7.770000,7.830000,7.830000,318800
2015-11-02,7.820000,7.980000,7.740000,7.860000,7.860000,489800
2015-11-03,7.810000,7.900000,7.700000,7.720000,7.720000,462700
2015-11-04,7.780000,7.860000,7.480000,7.650000,7.650000,679500
2015-11-05,8.490000,8.900000,8.100000,8.800000,8.800000,1784600
2015-11-06,8.800000,8.850000,8.690000,8.800000,8.800000,621200
2015-11-09,8.820000,8.890000,8.680000,8.740000,8.740000,312200
2015-11-10,8.720000,8.840000,8.540000,8.750000,8.750000,688200
2015-11-11,8.750000,8.840000,8.560000,8.750000,8.750000,378300
2015-11-12,8.720000,8.830000,8.650000,8.720000,8.720000,358100
2015-11-13,8.700000,8.820000,8.590000,8.770000,8.770000,444800
2015-11-16,8.750000,8.820000,8.610000,8.690000,8.690000,342100
2015-11-17,8.700000,8.760000,8.510000,8.670000,8.670000,428800
2015-11-18,8.560000,8.660000,8.440000,8.570000,8.570000,532100
2015-11-19,8.570000,8.640000,8.510000,8.550000,8.550000,197300
2015-11-20,8.580000,8.640000,8.510000,8.540000,8.540000,269100
2015-11-23,8.550000,8.590000,8.480000,8.570000,8.570000,289300
2015-11-24,8.550000,8.600000,8.490000,8.570000,8.570000,196600
2015-11-25,8.550000,8.620000,8.490000,8.510000,8.510000,529100
2015-11-27,8.520000,8.580000,8.460000,8.530000,8.530000,170700
2015-11-30,8.530000,8.820000,8.530000,8.690000,8.690000,996300
2015-12-01,8.720000,8.780000,8.540000,8.560000,8.560000,219000
2015-12-02,8.540000,8.600000,8.280000,8.370000,8.370000,242700
2015-12-03,8.400000,8.450000,8.050000,8.210000,8.210000,328100
2015-12-04,8.160000,8.310000,8.050000,8.090000,8.090000,626600
2015-12-07,8.080000,8.080000,7.840000,7.860000,7.860000,243100
2015-12-08,7.810000,7.930000,7.690000,7.900000,7.900000,308200
2015-12-09,7.880000,8.120000,7.720000,7.980000,7.980000,324700
2015-12-10,7.940000,8.040000,7.850000,7.900000,7.900000,238900
2015-12-11,7.820000,7.860000,7.540000,7.650000,7.650000,267000
2015-12-14,7.640000,7.700000,7.500000,7.690000,7.690000,246300
2015-12-15,7.700000,7.790000,7.640000,7.680000,7.680000,132600
2015-12-16,7.710000,7.760000,7.550000,7.700000,7.700000,264300
2015-12-17,7.670000,7.740000,7.510000,7.570000,7.570000,165900
2015-12-18,7.560000,7.600000,7.430000,7.470000,7.470000,151600
2015-12-21,7.500000,7.530000,7.160000,7.530000,7.530000,655300
2015-12-22,7.590000,7.700000,7.490000,7.690000,7.690000,314700
2015-12-23,7.730000,7.770000,7.590000,7.750000,7.750000,354800
2015-12-24,7.730000,7.920000,7.680000,7.880000,7.880000,93300
2015-12-28,7.850000,7.860000,7.670000,7.790000,7.790000,181300
2015-12-29,7.820000,7.960000,7.720000,7.860000,7.860000,189400
2015-12-30,7.820000,7.920000,7.580000,7.760000,7.760000,242700
2015-12-31,7.740000,7.880000,7.650000,7.690000,7.690000,204400
2016-01-04,7.600000,7.610000,7.390000,7.510000,7.510000,228800
2016-01-05,7.550000,7.580000,7.410000,7.500000,7.500000,218500
2016-01-06,7.420000,7.430000,7.260000,7.320000,7.320000,275000
2016-01-07,7.200000,7.310000,7.030000,7.120000,7.120000,395200
2016-01-08,7.140000,7.260000,7.120000,7.150000,7.150000,265000
2016-01-11,7.180000,7.220000,6.800000,6.850000,6.850000,209800
2016-01-12,6.880000,6.950000,6.550000,6.650000,6.650000,147500
2016-01-13,6.650000,6.760000,6.540000,6.570000,6.570000,170000
2016-01-14,6.590000,6.800000,6.430000,6.750000,6.750000,176800
2016-01-15,6.610000,6.790000,6.330000,6.520000,6.520000,163200
2016-01-19,6.450000,6.520000,6.150000,6.240000,6.240000,170300
2016-01-20,6.180000,6.260000,5.910000,6.050000,6.050000,400700
2016-01-21,6.070000,6.340000,6.020000,6.050000,6.050000,305000
2016-01-22,6.540000,7.570000,6.530000,7.280000,7.280000,1045000
2016-01-25,7.300000,7.430000,7.110000,7.310000,7.310000,355000
2016-01-26,7.350000,7.570000,7.290000,7.550000,7.550000,268300
2016-01-27,7.500000,7.630000,7.340000,7.360000,7.360000,374500
2016-01-28,7.430000,7.430000,7.130000,7.240000,7.240000,189800
2016-01-29,7.240000,7.390000,7.150000,7.280000,7.280000,259100
2016-02-01,7.210000,7.220000,6.960000,7.090000,7.090000,281100
2016-02-02,7.000000,7.120000,6.910000,6.910000,6.910000,242300
2016-02-03,6.980000,7.100000,6.670000,7.070000,7.070000,226400
2016-02-04,7.030000,7.360000,7.020000,7.180000,7.180000,220800
2016-02-05,7.120000,7.260000,7.010000,7.040000,7.040000,139900
2016-02-08,6.950000,7.010000,6.300000,6.570000,6.570000,311300
2016-02-09,6.510000,6.590000,6.380000,6.450000,6.450000,141300
2016-02-10,6.450000,6.560000,6.220000,6.260000,6.260000,223200
2016-02-11,6.170000,6.490000,6.170000,6.450000,6.450000,181200
2016-02-12,6.470000,6.720000,6.410000,6.560000,6.560000,86800
2016-02-16,6.600000,6.860000,6.600000,6.830000,6.830000,88700
2016-02-17,6.770000,7.300000,6.770000,7.050000,7.050000,293600
2016-02-18,7.060000,7.280000,6.960000,7.050000,7.050000,237200
2016-02-19,7.010000,7.140000,6.820000,6.920000,6.920000,310000
2016-02-22,6.970000,7.080000,6.870000,6.950000,6.950000,179900
2016-02-23,6.900000,7.090000,6.880000,6.970000,6.970000,131000
2016-02-24,6.920000,7.170000,6.810000,7.100000,7.100000,203400
2016-02-25,7.020000,7.060000,6.340000,6.910000,6.910000,302900
2016-02-26,6.910000,7.340000,6.910000,7.170000,7.170000,210200
2016-02-29,7.200000,7.400000,7.150000,7.230000,7.230000,177000
2016-03-01,7.260000,7.290000,7.010000,7.090000,7.090000,132300
2016-03-02,7.070000,7.270000,7.070000,7.260000,7.260000,170400
2016-03-03,7.230000,7.290000,7.120000,7.180000,7.180000,252900
2016-03-04,7.180000,7.390000,7.140000,7.170000,7.170000,225000
2016-03-07,7.150000,7.440000,7.150000,7.420000,7.420000,162900
2016-03-08,7.340000,7.440000,7.150000,7.250000,7.250000,498200
2016-03-09,7.220000,7.330000,7.030000,7.250000,7.250000,269800
2016-03-10,7.180000,7.300000,6.890000,6.920000,6.920000,201200
2016-03-11,6.940000,7.200000,6.900000,7.050000,7.050000,198000
2016-03-14,7.010000,7.200000,6.990000,7.150000,7.150000,191200
2016-03-15,7.070000,7.130000,6.780000,6.850000,6.850000,230600
2016-03-16,7.100000,7.350000,6.900000,7.280000,7.280000,953200
2016-03-17,7.290000,7.490000,7.180000,7.420000,7.420000,395900
2016-03-18,7.410000,7.540000,7.350000,7.420000,7.420000,235900
2016-03-21,7.440000,7.630000,7.440000,7.490000,7.490000,912400
2016-03-22,7.460000,7.470000,7.280000,7.340000,7.340000,182200
2016-03-23,7.290000,7.380000,7.090000,7.270000,7.270000,227700
2016-03-24,7.250000,7.360000,7.060000,7.330000,7.330000,205700
2016-03-28,7.320000,7.520000,7.290000,7.450000,7.450000,158500
2016-03-29,7.400000,7.660000,7.350000,7.560000,7.560000,551900
2016-03-30,7.590000,8.190000,7.560000,8.180000,8.180000,479300
2016-03-31,8.230000,8.340000,8.100000,8.180000,8.180000,253100
2016-04-01,8.080000,8.170000,7.800000,7.880000,7.880000,216700
2016-04-04,7.870000,7.980000,7.680000,7.710000,7.710000,183500
2016-04-05,7.650000,7.760000,7.580000,7.700000,7.700000,176800
2016-04-06,7.730000,8.250000,7.650000,8.220000,8.220000,433900
2016-04-07,8.150000,8.210000,7.800000,7.950000,7.950000,276600
2016-04-08,8.010000,8.310000,8.000000,8.210000,8.210000,711400
2016-04-11,8.210000,8.350000,8.030000,8.080000,8.080000,306300
2016-04-12,8.050000,8.070000,7.810000,7.960000,7.960000,384600
2016-04-13,7.990000,8.180000,7.960000,8.060000,8.060000,197400
2016-04-14,8.130000,8.140000,7.670000,7.880000,7.880000,307600
2016-04-15,7.340000,7.370000,7.010000,7.120000,7.120000,14407500
2016-04-18,7.100000,7.150000,6.920000,7.070000,7.070000,2233800
2016-04-19,7.060000,7.200000,6.910000,6.960000,6.960000,1594500
2016-04-20,6.960000,7.040000,6.810000,6.920000,6.920000,2451500
2016-04-21,6.890000,7.150000,6.890000,7.040000,7.040000,3245700
2016-04-22,7.040000,7.160000,7.010000,7.080000,7.080000,1697200
2016-04-25,7.080000,7.140000,6.990000,7.040000,7.040000,1080400
2016-04-26,7.110000,7.310000,7.030000,7.310000,7.310000,1431300
2016-04-27,7.270000,7.370000,7.160000,7.280000,7.280000,973000
2016-04-28,7.260000,7.350000,7.140000,7.160000,7.160000,698300
2016-04-29,7.110000,7.160000,6.970000,6.980000,6.980000,1052800
2016-05-02,6.980000,7.100000,6.930000,7.050000,7.050000,1040900
2016-05-03,7.000000,7.010000,6.730000,6.820000,6.820000,1190300
2016-05-04,6.750000,6.850000,6.610000,6.670000,6.670000,704500
2016-05-05,6.240000,6.750000,6.240000,6.510000,6.510000,1357200
2016-05-06,6.440000,6.600000,6.390000,6.580000,6.580000,729100
2016-05-09,6.600000,6.610000,6.450000,6.540000,6.540000,1193800
2016-05-10,6.550000,6.770000,6.480000,6.730000,6.730000,979200
2016-05-11,6.740000,6.920000,6.690000,6.810000,6.810000,1161600
2016-05-12,6.820000,6.890000,6.440000,6.440000,6.440000,1287800
2016-05-13,6.190000,6.510000,6.140000,6.200000,6.200000,1253400
2016-05-16,6.250000,6.440000,6.200000,6.330000,6.330000,2137700
2016-05-17,6.300000,6.400000,6.080000,6.120000,6.120000,1483300
2016-05-18,6.120000,6.460000,6.120000,6.300000,6.300000,1085600
2016-05-19,6.260000,6.310000,6.070000,6.100000,6.100000,586800
2016-05-20,6.120000,6.240000,6.090000,6.100000,6.100000,859000
2016-05-23,6.110000,6.340000,6.110000,6.230000,6.230000,864100
2016-05-24,6.250000,6.780000,6.250000,6.710000,6.710000,3897700
2016-05-25,6.700000,6.800000,6.600000,6.650000,6.650000,1085100
2016-05-26,6.700000,6.820000,6.690000,6.740000,6.740000,1197400
2016-05-27,6.720000,6.760000,6.650000,6.690000,6.690000,916400
2016-05-31,6.710000,6.940000,6.710000,6.840000,6.840000,1353200
2016-06-01,6.780000,6.830000,6.580000,6.600000,6.600000,919800
2016-06-02,6.580000,6.700000,6.570000,6.670000,6.670000,863700
2016-06-03,6.690000,6.740000,6.610000,6.690000,6.690000,1388800
2016-06-06,6.680000,6.720000,6.640000,6.690000,6.690000,532100
2016-06-07,6.680000,6.880000,6.660000,6.780000,6.780000,801800
2016-06-08,6.810000,6.910000,6.680000,6.750000,6.750000,1895900
2016-06-09,6.720000,6.720000,6.550000,6.600000,6.600000,1009300
2016-06-10,6.510000,6.630000,6.350000,6.380000,6.380000,606500
2016-06-13,6.200000,6.450000,6.200000,6.290000,6.290000,521100
2016-06-14,6.280000,6.430000,6.270000,6.410000,6.410000,559700
2016-06-15,6.370000,6.500000,6.350000,6.390000,6.390000,545600
2016-06-16,6.340000,6.400000,6.240000,6.380000,6.380000,375500
2016-06-17,6.390000,6.510000,6.340000,6.480000,6.480000,838400
2016-06-20,6.560000,6.720000,6.560000,6.590000,6.590000,705800
2016-06-21,6.600000,6.610000,6.480000,6.540000,6.540000,496500
2016-06-22,6.560000,6.640000,6.460000,6.520000,6.520000,494700
2016-06-23,6.590000,6.680000,6.550000,6.600000,6.600000,385100
2016-06-24,6.390000,6.600000,6.110000,6.470000,6.470000,1188600
2016-06-27,6.390000,6.500000,5.940000,6.010000,6.010000,1422600
2016-06-28,6.080000,6.200000,5.980000,6.080000,6.080000,874200
2016-06-29,6.190000,6.190000,6.030000,6.160000,6.160000,1279800
2016-06-30,6.150000,6.320000,6.100000,6.290000,6.290000,1976800
2016-07-01,6.270000,6.440000,6.220000,6.230000,6.230000,592200
2016-07-05,6.160000,6.160000,5.930000,6.030000,6.030000,699100
2016-07-06,5.980000,6.100000,5.940000,6.020000,6.020000,458300
2016-07-07,6.030000,6.110000,5.810000,6.020000,6.020000,1614800
2016-07-08,7.170000,7.250000,6.960000,7.210000,7.210000,13594900
2016-07-11,7.100000,7.280000,7.040000,7.060000,7.060000,2966900
2016-07-12,7.110000,7.140000,6.980000,7.060000,7.060000,1456000
2016-07-13,7.090000,7.100000,6.920000,6.970000,6.970000,997600
2016-07-14,7.000000,7.050000,6.930000,7.030000,7.030000,1801300
2016-07-15,7.050000,7.090000,6.960000,7.010000,7.010000,557400
2016-07-18,6.980000,7.110000,6.970000,7.010000,7.010000,388600
2016-07-19,7.020000,7.100000,6.930000,6.960000,6.960000,863600
2016-07-20,7.000000,7.150000,6.940000,7.060000,7.060000,800500
2016-07-21,7.560000,7.560000,7.040000,7.060000,7.060000,601200
2016-07-22,7.220000,7.250000,7.010000,7.160000,7.160000,636700
2016-07-25,7.130000,7.320000,7.130000,7.220000,7.220000,707300
2016-07-26,7.230000,7.340000,7.140000,7.280000,7.280000,554200
2016-07-27,7.300000,7.470000,7.300000,7.340000,7.340000,721300
2016-07-28,7.360000,7.370000,7.220000,7.240000,7.240000,543600
2016-07-29,7.270000,7.380000,7.200000,7.330000,7.330000,417200
2016-08-01,7.570000,7.640000,7.050000,7.310000,7.310000,632400
2016-08-02,7.340000,7.430000,7.200000,7.290000,7.290000,1002300
2016-08-03,7.260000,7.440000,7.220000,7.400000,7.400000,877400
2016-08-04,7.580000,8.520000,7.440000,8.160000,8.160000,2835900
2016-08-05,8.170000,8.230000,7.980000,8.170000,8.170000,958800
2016-08-08,8.140000,8.240000,8.120000,8.150000,8.150000,604500
2016-08-09,8.100000,8.200000,8.020000,8.140000,8.140000,480200
2016-08-10,8.280000,8.280000,7.900000,8.120000,8.120000,516400
2016-08-11,8.180000,8.190000,7.960000,8.050000,8.050000,452900
2016-08-12,8.070000,8.100000,7.960000,8.010000,8.010000,412500
2016-08-15,8.000000,8.070000,7.980000,8.030000,8.030000,646900
2016-08-16,8.010000,8.070000,7.920000,7.930000,7.930000,778700
2016-08-17,7.900000,7.900000,7.670000,7.690000,7.690000,658000
2016-08-18,7.660000,7.770000,7.650000,7.710000,7.710000,394900
2016-08-19,7.900000,7.900000,7.540000,7.690000,7.690000,477200
2016-08-22,7.710000,7.780000,7.580000,7.730000,7.730000,480900
2016-08-23,7.760000,7.790000,7.610000,7.690000,7.690000,317900
2016-08-24,7.570000,7.880000,7.520000,7.530000,7.530000,462900
2016-08-25,7.830000,7.830000,7.470000,7.580000,7.580000,390400
2016-08-26,7.610000,7.610000,7.480000,7.530000,7.530000,426600
2016-08-29,7.520000,7.560000,7.400000,7.480000,7.480000,549900
2016-08-30,7.440000,7.600000,7.430000,7.460000,7.460000,392800
2016-08-31,7.470000,7.490000,7.290000,7.300000,7.300000,433000
2016-09-01,7.330000,7.440000,7.320000,7.370000,7.370000,454600
2016-09-02,7.400000,7.620000,7.340000,7.570000,7.570000,548900
2016-09-06,7.570000,7.610000,7.400000,7.510000,7.510000,348000
2016-09-07,7.520000,7.550000,7.380000,7.430000,7.430000,461200
2016-09-08,7.430000,7.510000,7.310000,7.340000,7.340000,274500
2016-09-09,7.280000,7.320000,7.200000,7.210000,7.210000,572600
2016-09-12,7.170000,7.310000,7.070000,7.300000,7.300000,384000
2016-09-13,7.220000,7.310000,7.150000,7.250000,7.250000,414300
2016-09-14,7.260000,7.320000,7.170000,7.310000,7.310000,339500
2016-09-15,7.280000,7.350000,7.260000,7.300000,7.300000,213500
2016-09-16,7.240000,7.360000,7.180000,7.330000,7.330000,404600
2016-09-19,7.340000,7.480000,7.280000,7.340000,7.340000,346500
2016-09-20,7.320000,7.350000,7.180000,7.190000,7.190000,303700
2016-09-21,7.210000,7.390000,7.210000,7.340000,7.340000,292700
2016-09-22,7.390000,7.460000,7.380000,7.400000,7.400000,205200
2016-09-23,7.370000,7.440000,7.350000,7.350000,7.350000,218800
2016-09-26,7.290000,7.300000,7.140000,7.200000,7.200000,258900
2016-09-27,7.250000,7.550000,7.210000,7.410000,7.410000,720200
2016-09-28,7.470000,7.510000,7.410000,7.500000,7.500000,434600
2016-09-29,7.460000,7.540000,7.340000,7.370000,7.370000,356900
2016-09-30,7.420000,7.420000,7.270000,7.360000,7.360000,706000
2016-10-03,7.330000,7.360000,7.300000,7.340000,7.340000,457900
2016-10-04,7.340000,7.430000,7.250000,7.330000,7.330000,580800
2016-10-05,7.370000,7.490000,7.340000,7.410000,7.410000,225400
2016-10-06,7.420000,7.430000,7.350000,7.400000,7.400000,185700
2016-10-07,7.400000,7.410000,7.320000,7.370000,7.370000,303800
2016-10-10,7.380000,7.470000,7.310000,7.320000,7.320000,121200
2016-10-11,7.280000,7.360000,7.190000,7.210000,7.210000,391000
2016-10-12,7.190000,7.190000,6.970000,7.050000,7.050000,370800
2016-10-13,7.030000,7.030000,6.780000,6.790000,6.790000,310600
2016-10-14,6.810000,6.940000,6.780000,6.800000,6.800000,223700
2016-10-17,6.840000,6.880000,6.800000,6.800000,6.800000,182100
2016-10-18,6.880000,6.890000,6.790000,6.840000,6.840000,176300
2016-10-19,6.820000,6.990000,6.800000,6.960000,6.960000,316100
2016-10-20,6.920000,6.970000,6.870000,6.920000,6.920000,210100
2016-10-21,6.880000,6.880000,6.640000,6.640000,6.640000,272300
2016-10-24,6.710000,6.830000,6.710000,6.810000,6.810000,161300
2016-10-25,6.810000,6.900000,6.760000,6.840000,6.840000,161800
2016-10-26,6.840000,6.930000,6.810000,6.840000,6.840000,111200
2016-10-27,6.890000,6.890000,6.790000,6.850000,6.850000,363800
2016-10-28,6.830000,6.940000,6.660000,6.660000,6.660000,396500
2016-10-31,6.690000,6.800000,6.650000,6.690000,6.690000,217000
2016-11-01,6.720000,6.750000,6.430000,6.550000,6.550000,268300
2016-11-02,6.530000,6.590000,6.340000,6.350000,6.350000,203700
2016-11-03,6.540000,6.790000,6.360000,6.660000,6.660000,452800
2016-11-04,6.570000,6.640000,6.380000,6.510000,6.510000,294700
2016-11-07,6.640000,6.640000,6.510000,6.520000,6.520000,247800
2016-11-08,6.530000,6.630000,6.470000,6.620000,6.620000,304200
2016-11-09,6.610000,6.640000,6.440000,6.620000,6.620000,277100
2016-11-10,6.660000,6.720000,6.480000,6.600000,6.600000,314600
2016-11-11,6.570000,6.760000,6.510000,6.700000,6.700000,249200
2016-11-14,6.680000,6.860000,6.680000,6.850000,6.850000,456600
2016-11-15,6.850000,7.040000,6.770000,6.990000,6.990000,436900
2016-11-16,7.020000,7.100000,6.950000,7.070000,7.070000,595900
2016-11-17,7.120000,7.120000,6.940000,6.950000,6.950000,171000
2016-11-18,6.980000,6.980000,6.880000,6.900000,6.900000,158500
2016-11-21,6.950000,6.980000,6.830000,6.970000,6.970000,368200
2016-11-22,6.960000,6.990000,6.890000,6.980000,6.980000,127900
2016-11-23,6.950000,7.010000,6.840000,6.900000,6.900000,209700
2016-11-25,6.930000,7.040000,6.830000,7.030000,7.030000,83300
2016-11-28,7.050000,7.230000,7.020000,7.210000,7.210000,340600
2016-11-29,7.200000,7.290000,7.200000,7.250000,7.250000,226200
2016-11-30,7.250000,7.340000,7.200000,7.210000,7.210000,206500
2016-12-01,7.250000,7.250000,6.950000,6.950000,6.950000,316000
2016-12-02,6.970000,7.160000,6.890000,7.100000,7.100000,386700
2016-12-05,7.120000,7.290000,7.080000,7.120000,7.120000,223400
2016-12-06,7.160000,7.310000,7.080000,7.290000,7.290000,234800
2016-12-07,7.310000,7.370000,7.230000,7.300000,7.300000,175000
2016-12-08,7.300000,7.540000,7.280000,7.380000,7.380000,222400
2016-12-09,7.440000,7.440000,7.220000,7.250000,7.250000,156100
2016-12-12,7.250000,7.250000,7.010000,7.080000,7.080000,255600
2016-12-13,7.130000,7.130000,7.000000,7.020000,7.020000,280300
2016-12-14,7.000000,7.150000,6.950000,7.050000,7.050000,293900
2016-12-15,7.050000,7.240000,6.980000,7.210000,7.210000,281600
2016-12-16,7.220000,7.480000,7.160000,7.410000,7.410000,306800
2016-12-19,7.500000,7.910000,6.980000,7.020000,7.020000,791400
2016-12-20,6.440000,6.770000,6.420000,6.720000,6.720000,1239500
2016-12-21,6.730000,6.730000,6.590000,6.600000,6.600000,548100
2016-12-22,6.610000,6.630000,6.470000,6.490000,6.490000,548900
2016-12-23,6.410000,6.770000,6.410000,6.690000,6.690000,189200
2016-12-27,6.670000,6.870000,6.630000,6.790000,6.790000,145700
2016-12-28,6.800000,6.820000,6.700000,6.770000,6.770000,303000
2016-12-29,6.780000,6.860000,6.760000,6.820000,6.820000,268400
2016-12-30,6.860000,6.880000,6.740000,6.800000,6.800000,180800
2017-01-03,6.850000,6.970000,6.800000,6.910000,6.910000,386500
2017-01-04,6.880000,7.230000,6.880000,7.160000,7.160000,712900
2017-01-05,7.120000,7.210000,7.020000,7.120000,7.120000,271000
2017-01-06,7.140000,7.170000,7.010000,7.060000,7.060000,214800
2017-01-09,7.060000,7.140000,6.970000,7.050000,7.050000,136300
2017-01-10,7.020000,7.210000,6.910000,7.150000,7.150000,427300
2017-01-11,7.180000,7.250000,7.120000,7.200000,7.200000,163400
2017-01-12,7.190000,7.230000,7.110000,7.220000,7.220000,203100
2017-01-13,7.250000,7.270000,7.170000,7.210000,7.210000,253200
2017-01-17,7.150000,7.250000,7.100000,7.210000,7.210000,334800
2017-01-18,7.230000,7.230000,7.080000,7.110000,7.110000,286200
2017-01-19,7.140000,7.160000,7.060000,7.090000,7.090000,391600
2017-01-20,7.080000,7.200000,7.000000,7.190000,7.190000,503000
2017-01-23,7.150000,7.260000,7.050000,7.240000,7.240000,886600
2017-01-24,7.250000,7.320000,7.220000,7.300000,7.300000,592000
2017-01-25,7.340000,7.390000,7.110000,7.150000,7.150000,192800
2017-01-26,7.170000,7.180000,7.040000,7.050000,7.050000,315000
2017-01-27,7.070000,7.080000,6.950000,7.010000,7.010000,222500
2017-01-30,7.010000,7.010000,6.760000,6.880000,6.880000,305100
2017-01-31,6.890000,6.940000,6.790000,6.940000,6.940000,275600
2017-02-01,6.920000,7.060000,6.910000,7.040000,7.040000,269200
2017-02-02,7.070000,7.090000,7.000000,7.070000,7.070000,506100
2017-02-03,7.090000,7.120000,7.010000,7.070000,7.070000,441200
2017-02-06,7.070000,7.070000,7.000000,7.030000,7.030000,342100
2017-02-07,7.020000,7.020000,6.950000,6.950000,6.950000,298000
2017-02-08,7.000000,7.020000,6.900000,7.010000,7.010000,313600
2017-02-09,7.020000,7.090000,6.980000,7.080000,7.080000,360400
2017-02-10,7.120000,7.130000,7.040000,7.120000,7.120000,363600
2017-02-13,7.130000,7.140000,6.980000,7.050000,7.050000,872600
2017-02-14,7.070000,7.080000,6.990000,7.080000,7.080000,346900
2017-02-15,7.080000,7.160000,7.020000,7.080000,7.080000,641100
2017-02-16,7.110000,7.140000,7.000000,7.040000,7.040000,802900
2017-02-17,7.050000,7.190000,6.970000,7.140000,7.140000,687400
2017-02-21,7.190000,7.310000,7.190000,7.240000,7.240000,661300
2017-02-22,7.240000,7.290000,7.080000,7.240000,7.240000,734600
2017-02-23,7.280000,7.280000,6.630000,6.920000,6.920000,1627900
2017-02-24,6.810000,6.880000,6.680000,6.830000,6.830000,760600
2017-02-27,6.820000,6.840000,6.700000,6.750000,6.750000,688600
2017-02-28,6.780000,6.780000,6.550000,6.620000,6.620000,493800
2017-03-01,6.650000,6.690000,6.540000,6.590000,6.590000,566200
2017-03-02,6.550000,6.640000,6.460000,6.490000,6.490000,413500
2017-03-03,6.490000,6.640000,6.440000,6.500000,6.500000,956300
2017-03-06,6.550000,6.550000,6.400000,6.480000,6.480000,538700
2017-03-07,6.570000,6.640000,6.400000,6.560000,6.560000,521500
2017-03-08,6.550000,6.920000,6.540000,6.900000,6.900000,852200
2017-03-09,6.890000,7.070000,6.760000,6.870000,6.870000,450900
2017-03-10,6.880000,7.020000,6.880000,7.000000,7.000000,1094400
2017-03-13,7.120000,7.120000,6.870000,6.900000,6.900000,581800
2017-03-14,6.870000,6.990000,6.790000,6.940000,6.940000,327900
2017-03-15,6.980000,7.060000,6.920000,7.030000,7.030000,301000
2017-03-16,7.050000,7.190000,7.040000,7.180000,7.180000,357900
2017-03-17,7.180000,7.180000,7.000000,7.010000,7.010000,312800
2017-03-20,7.010000,7.050000,6.930000,7.010000,7.010000,227000
2017-03-21,7.040000,7.070000,6.790000,6.820000,6.820000,534300
2017-03-22,6.840000,6.900000,6.630000,6.720000,6.720000,544000
2017-03-23,6.720000,6.920000,6.720000,6.850000,6.850000,428800
2017-03-24,6.890000,7.020000,6.820000,6.890000,6.890000,397900
2017-03-27,6.840000,7.050000,6.750000,7.020000,7.020000,292700
2017-03-28,7.030000,7.030000,6.940000,6.990000,6.990000,316600
2017-03-29,7.020000,7.020000,6.890000,6.980000,6.980000,439300
2017-03-30,7.020000,7.050000,6.870000,6.890000,6.890000,434600
2017-03-31,6.900000,7.020000,6.900000,6.930000,6.930000,499800
2017-04-03,6.900000,6.950000,6.710000,6.720000,6.720000,367700
2017-04-04,6.720000,6.810000,6.670000,6.700000,6.700000,219200
2017-04-05,6.740000,6.770000,6.610000,6.670000,6.670000,392000
2017-04-06,6.710000,6.820000,6.640000,6.750000,6.750000,380300
2017-04-07,6.740000,6.920000,6.740000,6.840000,6.840000,353000
2017-04-10,6.830000,6.900000,6.750000,6.800000,6.800000,203700
2017-04-11,6.810000,6.890000,6.760000,6.840000,6.840000,252500
2017-04-12,6.820000,6.860000,6.770000,6.820000,6.820000,323200
2017-04-13,6.820000,6.860000,6.770000,6.800000,6.800000,257900
2017-04-17,6.810000,6.890000,6.790000,6.870000,6.870000,269500
2017-04-18,6.800000,6.880000,6.800000,6.800000,6.800000,191700
2017-04-19,6.780000,6.850000,6.760000,6.840000,6.840000,157000
2017-04-20,6.820000,6.910000,6.770000,6.800000,6.800000,223900
2017-04-21,6.760000,6.860000,6.720000,6.830000,6.830000,318000
2017-04-24,6.930000,6.960000,6.820000,6.900000,6.900000,248000
2017-04-25,6.900000,6.970000,6.880000,6.920000,6.920000,252600
2017-04-26,6.940000,7.040000,6.910000,6.970000,6.970000,243600
2017-04-27,7.010000,7.090000,6.970000,7.070000,7.070000,219500
2017-04-28,7.060000,7.110000,7.030000,7.060000,7.060000,269300
2017-05-01,7.050000,7.100000,6.980000,7.050000,7.050000,217500
2017-05-02,7.020000,7.090000,6.950000,6.970000,6.970000,240600
2017-05-03,6.970000,6.990000,6.860000,6.880000,6.880000,276600
2017-05-04,6.330000,6.940000,6.320000,6.370000,6.370000,848200
2017-05-05,6.370000,6.410000,6.230000,6.330000,6.330000,764700
2017-05-08,6.290000,6.400000,6.210000,6.320000,6.320000,531700
2017-05-09,6.340000,6.430000,6.270000,6.360000,6.360000,402600
2017-05-10,6.350000,6.520000,6.330000,6.470000,6.470000,404400
2017-05-11,6.460000,6.480000,6.360000,6.370000,6.370000,315000
2017-05-12,6.370000,6.580000,6.360000,6.530000,6.530000,499100
2017-05-15,6.540000,6.790000,6.480000,6.770000,6.770000,625000
2017-05-16,6.750000,7.000000,6.750000,6.940000,6.940000,606400
2017-05-17,6.880000,6.910000,6.530000,6.550000,6.550000,438700
2017-05-18,6.530000,6.620000,6.480000,6.560000,6.560000,634500
2017-05-19,6.590000,6.780000,6.560000,6.720000,6.720000,477700
2017-05-22,6.720000,6.970000,6.720000,6.900000,6.900000,473800
2017-05-23,6.940000,6.940000,6.780000,6.830000,6.830000,454000
2017-05-24,6.850000,7.020000,6.840000,6.890000,6.890000,667800
2017-05-25,6.890000,6.950000,6.800000,6.890000,6.890000,455300
2017-05-26,6.860000,6.950000,6.840000,6.910000,6.910000,307900
2017-05-30,6.890000,7.100000,6.880000,6.970000,6.970000,538700
2017-05-31,6.990000,7.120000,6.950000,7.090000,7.090000,565300
2017-06-01,7.110000,7.260000,7.110000,7.180000,7.180000,646400
2017-06-02,7.190000,7.240000,7.120000,7.150000,7.150000,597400
2017-06-05,7.140000,7.240000,7.130000,7.150000,7.150000,537400
2017-06-06,7.150000,7.270000,7.060000,7.200000,7.200000,2137500
2017-06-07,7.210000,7.460000,7.210000,7.340000,7.340000,1125700
2017-06-08,7.380000,7.530000,7.300000,7.490000,7.490000,1370200
2017-06-09,7.530000,7.630000,7.410000,7.470000,7.470000,1226100
2017-06-12,7.450000,7.760000,7.430000,7.500000,7.500000,1814500
2017-06-13,7.510000,7.640000,7.490000,7.500000,7.500000,1344300
2017-06-14,7.520000,7.550000,7.410000,7.470000,7.470000,1052000
2017-06-15,7.380000,7.540000,7.380000,7.480000,7.480000,1017600
2017-06-16,7.500000,7.600000,7.370000,7.380000,7.380000,765700
2017-06-19,7.400000,7.490000,7.340000,7.470000,7.470000,353600
2017-06-20,7.450000,7.470000,7.170000,7.180000,7.180000,451200
2017-06-21,7.180000,7.290000,7.130000,7.240000,7.240000,889900
2017-06-22,7.240000,7.400000,7.240000,7.320000,7.320000,287200
2017-06-23,7.320000,7.350000,7.220000,7.330000,7.330000,252300
2017-06-26,7.340000,7.390000,7.200000,7.270000,7.270000,249200
2017-06-27,7.270000,7.360000,7.170000,7.190000,7.190000,236800
2017-06-28,7.220000,7.390000,7.220000,7.310000,7.310000,416300
2017-06-29,7.310000,7.320000,7.050000,7.220000,7.220000,897900
2017-06-30,7.250000,7.490000,7.250000,7.350000,7.350000,848700
2017-07-03,7.360000,7.370000,7.160000,7.190000,7.190000,144900
2017-07-05,7.200000,7.280000,7.050000,7.160000,7.160000,573300
2017-07-06,7.090000,7.160000,7.000000,7.090000,7.090000,263800
2017-07-07,7.120000,7.140000,7.040000,7.120000,7.120000,160100
2017-07-10,7.130000,7.140000,7.010000,7.010000,7.010000,451100
2017-07-11,7.000000,7.110000,6.990000,7.030000,7.030000,420500
2017-07-12,7.080000,7.110000,7.020000,7.070000,7.070000,689600
2017-07-13,7.050000,7.120000,7.050000,7.080000,7.080000,459700
2017-07-14,7.070000,7.100000,7.000000,7.070000,7.070000,450300
2017-07-17,7.060000,7.140000,7.000000,7.110000,7.110000,342500
2017-07-18,7.140000,7.160000,7.070000,7.150000,7.150000,441800
2017-07-19,7.140000,7.210000,7.140000,7.160000,7.160000,233900
2017-07-20,7.130000,7.180000,7.130000,7.150000,7.150000,287700
2017-07-21,7.160000,7.260000,7.120000,7.240000,7.240000,413800
2017-07-24,7.200000,7.380000,7.180000,7.370000,7.370000,462900
2017-07-25,7.360000,7.500000,7.210000,7.490000,7.490000,538000
2017-07-26,7.490000,7.500000,7.370000,7.500000,7.500000,398100
2017-07-27,7.850000,8.090000,7.720000,7.940000,7.940000,5136700
2017-07-28,7.960000,8.490000,7.890000,8.470000,8.470000,2055200
2017-07-31,8.420000,8.540000,8.270000,8.520000,8.520000,2010700
2017-08-01,8.560000,8.770000,8.480000,8.700000,8.700000,1368600
2017-08-02,8.680000,8.940000,8.680000,8.870000,8.870000,1829000
2017-08-03,8.800000,8.820000,8.610000,8.720000,8.720000,840600
2017-08-04,8.730000,8.790000,8.620000,8.690000,8.690000,1301400
2017-08-07,8.660000,8.700000,8.510000,8.680000,8.680000,1578100
2017-08-08,8.480000,8.630000,8.320000,8.350000,8.350000,1946400
2017-08-09,8.340000,8.450000,8.240000,8.330000,8.330000,1467400
2017-08-10,8.260000,8.320000,8.110000,8.150000,8.150000,1094800
2017-08-11,8.120000,8.240000,8.110000,8.200000,8.200000,559900
2017-08-14,8.220000,8.270000,8.160000,8.260000,8.260000,895500
2017-08-15,8.280000,8.280000,8.030000,8.100000,8.100000,1485300
2017-08-16,8.160000,8.340000,8.140000,8.330000,8.330000,2029600
2017-08-17,8.350000,8.410000,8.200000,8.260000,8.260000,963900
2017-08-18,8.250000,8.250000,8.140000,8.240000,8.240000,403200
2017-08-21,8.210000,8.210000,8.040000,8.100000,8.100000,1150200
2017-08-22,8.100000,8.370000,8.100000,8.350000,8.350000,1269700
2017-08-23,8.340000,8.350000,8.120000,8.140000,8.140000,1395400
2017-08-24,8.150000,8.260000,8.090000,8.180000,8.180000,1616000
2017-08-25,8.190000,8.290000,8.160000,8.180000,8.180000,963400
2017-08-28,8.180000,8.250000,8.140000,8.190000,8.190000,613300
2017-08-29,8.110000,8.220000,8.110000,8.170000,8.170000,412800
2017-08-30,8.160000,8.220000,8.100000,8.150000,8.150000,558300
2017-08-31,8.170000,8.370000,8.100000,8.140000,8.140000,1142800
2017-09-01,8.190000,8.300000,8.130000,8.220000,8.220000,808000
2017-09-05,8.170000,8.200000,8.090000,8.140000,8.140000,770400
2017-09-06,8.140000,8.180000,8.010000,8.080000,8.080000,675800
2017-09-07,8.090000,8.160000,7.960000,8.000000,8.000000,632500
2017-09-08,7.990000,8.000000,7.870000,7.950000,7.950000,549200
2017-09-11,7.980000,8.050000,7.940000,7.960000,7.960000,411300
2017-09-12,7.920000,8.200000,7.900000,8.190000,8.190000,1094600
2017-09-13,8.200000,8.200000,8.070000,8.150000,8.150000,588700
2017-09-14,8.130000,8.170000,8.100000,8.130000,8.130000,462700
2017-09-15,8.130000,8.300000,8.100000,8.190000,8.190000,1050100
2017-09-18,8.190000,8.200000,8.000000,8.030000,8.030000,529600
2017-09-19,8.030000,8.060000,7.900000,8.030000,8.030000,569800
2017-09-20,8.010000,8.060000,7.940000,8.050000,8.050000,409700
2017-09-21,8.040000,8.080000,7.970000,7.990000,7.990000,772500
2017-09-22,8.040000,8.130000,7.970000,8.130000,8.130000,370100
2017-09-25,8.090000,8.130000,7.940000,8.100000,8.100000,914000
2017-09-26,8.100000,8.270000,8.100000,8.220000,8.220000,899200
2017-09-27,8.250000,8.310000,8.120000,8.240000,8.240000,1842200
2017-09-28,8.250000,8.400000,8.180000,8.310000,8.310000,1320000
2017-09-29,8.290000,8.430000,8.280000,8.390000,8.390000,1469400
2017-10-02,8.350000,8.540000,8.330000,8.470000,8.470000,1313600
2017-10-03,8.480000,8.520000,8.430000,8.460000,8.460000,641900
2017-10-04,8.460000,8.520000,8.410000,8.470000,8.470000,541600
2017-10-05,8.490000,8.600000,8.440000,8.480000,8.480000,1180500
2017-10-06,8.500000,8.680000,8.440000,8.610000,8.610000,3841100
2017-10-09,8.640000,8.680000,8.560000,8.580000,8.580000,386700
2017-10-10,8.600000,8.640000,8.370000,8.500000,8.500000,758700
2017-10-11,8.500000,8.770000,8.490000,8.730000,8.730000,785000
2017-10-12,8.720000,8.810000,8.690000,8.750000,8.750000,752400
2017-10-13,8.760000,8.790000,8.700000,8.760000,8.760000,298800
2017-10-16,8.770000,8.790000,8.690000,8.700000,8.700000,430200
2017-10-17,8.710000,8.720000,8.600000,8.670000,8.670000,378000
2017-10-18,8.670000,8.780000,8.660000,8.740000,8.740000,784100
2017-10-19,8.700000,8.760000,8.550000,8.590000,8.590000,569700
2017-10-20,8.600000,8.860000,8.590000,8.770000,8.770000,2315200
2017-10-23,8.720000,8.970000,8.720000,8.960000,8.960000,1545800
2017-10-24,9.030000,9.130000,8.700000,8.720000,8.720000,723000
2017-10-25,8.700000,8.870000,8.660000,8.740000,8.740000,847400
2017-10-26,8.740000,8.790000,8.620000,8.680000,8.680000,425400
2017-10-27,8.730000,8.730000,8.590000,8.600000,8.600000,551400
2017-10-30,8.620000,8.700000,8.590000,8.640000,8.640000,655300
2017-10-31,8.680000,8.690000,8.510000,8.590000,8.590000,471900
2017-11-01,8.660000,8.740000,8.520000,8.570000,8.570000,879400
2017-11-02,8.620000,8.930000,8.510000,8.720000,8.720000,1406500
2017-11-03,8.650000,8.700000,8.380000,8.540000,8.540000,1258700
2017-11-06,8.540000,8.570000,8.340000,8.430000,8.430000,994900
2017-11-07,8.360000,8.400000,8.000000,8.190000,8.190000,1944400
2017-11-08,8.200000,8.210000,7.960000,7.970000,7.970000,894700
2017-11-09,7.930000,8.130000,7.750000,8.040000,8.040000,1251800
2017-11-10,8.000000,8.080000,7.940000,8.010000,8.010000,1021700
2017-11-13,8.010000,8.040000,7.880000,7.940000,7.940000,840600
2017-11-14,7.890000,7.910000,7.700000,7.730000,7.730000,1449600
2017-11-15,7.620000,7.730000,7.520000,7.540000,7.540000,1049500
2017-11-16,7.560000,7.710000,7.550000,7.650000,7.650000,855500
2017-11-17,7.640000,7.680000,7.540000,7.670000,7.670000,703700
2017-11-20,7.690000,7.790000,7.670000,7.770000,7.770000,560100
2017-11-21,7.830000,7.910000,7.770000,7.780000,7.780000,788100
2017-11-22,7.800000,7.850000,7.750000,7.800000,7.800000,520700
2017-11-24,7.800000,7.830000,7.640000,7.740000,7.740000,358800
2017-11-27,7.770000,7.850000,7.740000,7.750000,7.750000,551100
2017-11-28,7.730000,7.760000,7.600000,7.650000,7.650000,942500
2017-11-29,7.680000,7.730000,7.590000,7.680000,7.680000,550000
2017-11-30,7.690000,7.840000,7.670000,7.820000,7.820000,958200
2017-12-01,7.840000,7.980000,7.660000,7.800000,7.800000,689900
2017-12-04,7.860000,7.930000,7.650000,7.650000,7.650000,555800
2017-12-05,7.670000,7.670000,7.390000,7.440000,7.440000,1185600
2017-12-06,7.400000,7.410000,7.190000,7.310000,7.310000,748000
2017-12-07,7.310000,7.330000,7.130000,7.160000,7.160000,1028100
2017-12-08,7.220000,7.400000,7.220000,7.380000,7.380000,916300
2017-12-11,7.400000,7.400000,7.350000,7.370000,7.370000,347200
2017-12-12,7.360000,7.390000,7.260000,7.270000,7.270000,362800
2017-12-13,7.300000,7.420000,7.260000,7.350000,7.350000,722000
2017-12-14,7.960000,8.280000,7.830000,8.190000,8.190000,3760400
2017-12-15,8.200000,8.260000,8.070000,8.160000,8.160000,1519600
2017-12-18,8.170000,8.300000,8.130000,8.150000,8.150000,668500
2017-12-19,8.230000,8.280000,8.050000,8.050000,8.050000,888300
2017-12-20,8.090000,8.100000,7.950000,7.970000,7.970000,461400
2017-12-21,8.000000,8.090000,7.900000,8.020000,8.020000,572600
2017-12-22,8.000000,8.030000,7.910000,8.000000,8.000000,344700
2017-12-26,7.980000,8.060000,7.900000,8.040000,8.040000,346700
2017-12-27,8.030000,8.250000,8.020000,8.190000,8.190000,1069700
2017-12-28,8.190000,8.300000,8.160000,8.250000,8.250000,1452900
2017-12-29,8.260000,8.370000,8.140000,8.230000,8.230000,670800
2018-01-02,8.300000,8.410000,8.220000,8.260000,8.260000,535300
2018-01-03,8.260000,8.280000,8.120000,8.200000,8.200000,510900
2018-01-04,8.210000,8.210000,8.050000,8.160000,8.160000,334000
2018-01-05,8.260000,8.580000,8.190000,8.420000,8.420000,1751900
2018-01-08,8.420000,8.610000,8.350000,8.600000,8.600000,896700
2018-01-09,8.590000,8.600000,8.350000,8.360000,8.360000,787300
2018-01-10,8.350000,8.670000,8.240000,8.570000,8.570000,2002300
2018-01-11,8.600000,9.010000,8.490000,8.920000,8.920000,2614600
2018-01-12,8.850000,8.950000,8.740000,8.880000,8.880000,876100
2018-01-16,8.940000,8.940000,8.740000,8.810000,8.810000,669000
2018-01-17,8.800000,9.160000,8.800000,8.840000,8.840000,1608500
2018-01-18,8.850000,8.920000,8.760000,8.790000,8.790000,521900
2018-01-19,8.820000,9.010000,8.750000,8.960000,8.960000,901400
2018-01-22,8.990000,9.050000,8.890000,9.020000,9.020000,1282000
2018-01-23,9.010000,9.080000,8.930000,8.970000,8.970000,827000
2018-01-24,9.050000,9.050000,8.920000,8.970000,8.970000,741500
2018-01-25,8.990000,9.040000,8.950000,9.000000,9.000000,709300
2018-01-26,9.050000,9.140000,8.990000,9.000000,9.000000,1470300
2018-01-29,9.000000,9.150000,8.860000,9.090000,9.090000,1642100
2018-01-30,9.040000,9.130000,8.980000,9.100000,9.100000,807900
2018-01-31,9.140000,9.170000,9.000000,9.000000,9.000000,639900
2018-02-01,9.000000,9.080000,8.960000,9.070000,9.070000,893000
2018-02-02,9.020000,9.050000,8.810000,8.860000,8.860000,790100
2018-02-05,8.850000,8.900000,8.610000,8.610000,8.610000,738200
2018-02-06,8.520000,8.790000,8.480000,8.530000,8.530000,1236200
2018-02-07,8.480000,8.620000,8.340000,8.460000,8.460000,616800
2018-02-08,8.490000,8.510000,8.300000,8.310000,8.310000,752500
2018-02-09,8.370000,8.440000,8.170000,8.390000,8.390000,1016300
2018-02-12,8.380000,8.430000,8.250000,8.290000,8.290000,811900
2018-02-13,8.300000,8.370000,8.230000,8.290000,8.290000,599500
2018-02-14,8.220000,8.830000,8.090000,8.750000,8.750000,1158000
2018-02-15,8.760000,8.940000,8.630000,8.870000,8.870000,1625800
2018-02-16,8.880000,9.100000,8.880000,9.090000,9.090000,1140000
2018-02-20,9.060000,9.310000,8.970000,9.270000,9.270000,2736500
2018-02-21,9.290000,9.390000,9.110000,9.220000,9.220000,2296700
2018-02-22,8.500000,8.940000,8.240000,8.370000,8.370000,4169800
2018-02-23,8.700000,8.700000,8.480000,8.580000,8.580000,1272200
2018-02-26,8.620000,8.740000,8.600000,8.670000,8.670000,811500
2018-02-27,8.670000,8.690000,8.260000,8.330000,8.330000,1886200
2018-02-28,8.360000,8.370000,8.150000,8.180000,8.180000,1659200
2018-03-01,8.190000,8.190000,8.010000,8.030000,8.030000,1428200
2018-03-02,7.980000,8.230000,7.890000,8.100000,8.100000,1755300
2018-03-05,8.080000,8.130000,8.000000,8.020000,8.020000,1002200
2018-03-06,8.030000,8.090000,7.960000,8.010000,8.010000,1304500
2018-03-07,8.170000,8.560000,7.870000,8.070000,8.070000,2729800
2018-03-08,8.070000,8.440000,8.060000,8.200000,8.200000,2299000
2018-03-09,8.210000,8.680000,8.210000,8.590000,8.590000,2809200
2018-03-12,8.580000,8.680000,8.520000,8.670000,8.670000,1526200
2018-03-13,8.650000,8.780000,8.650000,8.690000,8.690000,1768200
2018-03-14,8.680000,9.230000,8.640000,9.200000,9.200000,2797700
2018-03-15,9.190000,9.380000,9.010000,9.120000,9.120000,2106300
2018-03-16,9.170000,9.240000,9.120000,9.200000,9.200000,1231900
2018-03-19,9.160000,9.320000,9.130000,9.270000,9.270000,1013200
2018-03-20,9.350000,9.580000,9.280000,9.420000,9.420000,2536000
2018-03-21,9.490000,9.620000,9.480000,9.560000,9.560000,1257900
2018-03-22,9.530000,9.570000,9.260000,9.470000,9.470000,2610200
2018-03-23,9.470000,9.530000,9.410000,9.420000,9.420000,1990000
2018-03-26,9.500000,9.710000,9.380000,9.700000,9.700000,1369900
2018-03-27,9.710000,9.850000,9.460000,9.470000,9.470000,2396900
2018-03-28,9.460000,9.510000,9.250000,9.250000,9.250000,1416500
2018-03-29,9.300000,9.350000,9.100000,9.280000,9.280000,1004800
2018-04-02,9.270000,9.520000,9.200000,9.300000,9.300000,1689800
2018-04-03,9.350000,9.610000,9.350000,9.510000,9.510000,1351900
2018-04-04,9.400000,9.560000,9.360000,9.480000,9.480000,1253400
2018-04-05,9.500000,9.660000,9.470000,9.540000,9.540000,1294600
2018-04-06,9.490000,9.630000,9.170000,9.270000,9.270000,1622400
2018-04-09,9.300000,9.550000,9.230000,9.300000,9.300000,1060800
2018-04-10,9.370000,9.680000,9.300000,9.680000,9.680000,923200
2018-04-11,9.330000,9.610000,9.260000,9.460000,9.460000,1106700
2018-04-12,9.500000,9.740000,9.450000,9.690000,9.690000,670200
2018-04-13,9.720000,9.720000,9.430000,9.540000,9.540000,748100
2018-04-16,9.550000,9.660000,9.480000,9.630000,9.630000,327000
2018-04-17,9.660000,10.080000,9.620000,10.020000,10.020000,1684800
2018-04-18,10.080000,10.210000,9.960000,10.110000,10.110000,829300
2018-04-19,10.080000,10.220000,10.010000,10.140000,10.140000,1227500
2018-04-20,10.140000,10.190000,10.050000,10.080000,10.080000,1136400
2018-04-23,10.130000,10.190000,10.060000,10.160000,10.160000,803600
2018-04-24,11.170000,11.310000,11.100000,11.120000,11.120000,21169300
2018-04-25,11.150000,11.160000,11.100000,11.130000,11.130000,8011200
2018-04-26,11.130000,11.190000,11.120000,11.160000,11.160000,12215700
2018-04-27,11.180000,11.200000,11.140000,11.150000,11.150000,3696700
2018-04-30,11.150000,11.190000,11.150000,11.160000,11.160000,1714500
2018-05-01,11.160000,11.200000,11.160000,11.200000,11.200000,1712000
2018-05-02,11.170000,11.200000,11.160000,11.160000,11.160000,2673000
2018-05-03,11.160000,11.180000,11.120000,11.160000,11.160000,7301300
2018-05-04,11.140000,11.200000,11.140000,11.200000,11.200000,2086600
2018-05-07,11.190000,11.260000,11.170000,11.180000,11.180000,793800
2018-05-08,11.170000,11.190000,11.150000,11.190000,11.190000,2734900
2018-05-09,11.190000,11.190000,11.140000,11.150000,11.150000,1148700
2018-05-10,11.180000,11.190000,11.130000,11.160000,11.160000,2282700
2018-05-11,11.170000,11.180000,11.020000,11.100000,11.100000,2362300
2018-05-14,11.110000,11.160000,11.080000,11.140000,11.140000,1302000
2018-05-15,11.130000,11.140000,11.020000,11.020000,11.020000,11170800
2018-05-16,11.040000,11.080000,11.020000,11.030000,11.030000,2233500
2018-05-17,11.040000,11.060000,11.040000,11.050000,11.050000,1095800
2018-05-18,11.040000,11.060000,11.030000,11.030000,11.030000,1075400
2018-05-21,11.040000,11.060000,11.020000,11.030000,11.030000,1258400
2018-05-22,11.040000,11.060000,11.020000,11.030000,11.030000,2045800
2018-05-23,11.030000,11.040000,10.990000,11.020000,11.020000,2556300
2018-05-24,11.000000,11.050000,10.970000,11.050000,11.050000,4724400
2018-05-25,10.960000,11.080000,10.960000,11.050000,11.050000,2076600
2018-05-29,11.050000,11.060000,10.980000,10.990000,10.990000,2648700
2018-05-30,11.000000,11.030000,10.990000,11.000000,11.000000,3051200
2018-05-31,11.010000,11.040000,10.990000,11.040000,11.040000,2621000
2018-06-01,11.010000,11.060000,11.000000,11.040000,11.040000,3692800
2018-06-04,11.070000,11.110000,11.010000,11.030000,11.030000,1115400
2018-06-05,11.010000,11.050000,11.010000,11.040000,11.040000,957400
2018-06-06,11.090000,11.090000,11.030000,11.060000,11.060000,1128200
2018-06-07,11.060000,11.060000,11.020000,11.020000,11.020000,1145400
2018-06-08,11.020000,11.030000,10.990000,11.020000,11.020000,4256500
2018-06-11,11.020000,11.060000,11.000000,11.030000,11.030000,2045400
2018-06-12,11.020000,11.050000,10.950000,10.960000,10.960000,3471600
2018-06-13,10.980000,10.990000,10.910000,10.940000,10.940000,2205100
2018-06-14,10.960000,10.980000,10.890000,10.960000,10.960000,3693100
2018-06-15,10.960000,10.980000,10.920000,10.950000,10.950000,2263700
2018-06-18,10.930000,10.980000,10.920000,10.950000,10.950000,1007300
2018-06-19,10.920000,10.970000,10.910000,10.950000,10.950000,2907400
2018-06-20,10.950000,10.960000,10.930000,10.960000,10.960000,3204900
2018-06-21,10.940000,10.970000,10.930000,10.950000,10.950000,2606700
2018-06-22,10.950000,10.970000,10.930000,10.960000,10.960000,1709400
2018-06-25,10.950000,10.990000,10.940000,10.970000,10.970000,1036400
2018-06-26,10.970000,10.980000,10.950000,10.960000,10.960000,3111700
2018-06-27,10.970000,10.980000,10.950000,10.950000,10.950000,2546000
2018-06-28,10.960000,10.970000,10.950000,10.970000,10.970000,614000
2018-06-29,10.980000,10.990000,10.960000,10.970000,10.970000,422400
