Date,Open,High,Low,Close,Adj Close,Volume
2013-01-02,31.500000,31.990000,31.500000,31.930000,17.794479,282500
2013-01-03,32.049999,32.540001,31.940001,32.540001,18.134434,166900
2013-01-04,32.580002,33.000000,32.500000,32.849998,18.307192,164100
2013-01-07,33.259998,33.320000,32.099998,32.540001,18.134434,236500
2013-01-08,32.410000,32.910000,32.029999,32.910000,18.340631,133000
2013-01-09,33.299999,33.410000,32.590000,32.880001,18.323910,208400
2013-01-10,33.000000,33.240002,32.900002,33.169998,18.485531,84000
2013-01-11,33.110001,33.270000,32.799999,33.150002,18.474388,107600
2013-01-14,33.250000,33.250000,32.900002,33.150002,18.474388,110500
2013-01-15,33.009998,33.400002,32.720001,32.970001,18.374067,127600
2013-01-16,32.990002,33.400002,32.790001,33.340000,18.580269,91200
2013-01-17,33.279999,33.740002,33.099998,33.680000,18.769749,108300
2013-01-18,33.689999,33.990002,33.630001,33.970001,18.931370,70400
2013-01-22,34.000000,34.880001,33.980000,34.439999,19.193295,180100
2013-01-23,34.439999,34.790001,34.040001,34.270000,19.098553,122900
2013-01-24,34.009998,34.299999,33.400002,33.910000,18.897930,163000
2013-01-25,34.250000,34.480000,33.910000,34.299999,19.115271,87900
2013-01-28,34.500000,35.029999,34.160000,35.029999,19.522095,193600
2013-01-29,35.230000,35.430000,34.290001,34.860001,19.427362,153400
2013-01-30,34.799999,35.000000,34.509998,34.820000,19.405066,115500
2013-01-31,34.799999,34.970001,34.750000,34.820000,19.405066,111900
2013-02-01,34.970001,35.029999,34.599998,34.959999,19.483089,172200
2013-02-04,35.000000,35.220001,34.840000,35.090000,19.555536,200800
2013-02-05,34.209999,34.500000,33.750000,34.230000,19.504255,157000
2013-02-06,34.009998,34.389999,34.000000,34.119999,19.441578,122000
2013-02-07,34.130001,34.180000,33.590000,34.110001,19.435879,118300
2013-02-08,34.169998,34.500000,33.889999,34.340000,19.566935,70900
2013-02-11,34.500000,34.660000,34.240002,34.590000,19.709387,92600
2013-02-12,34.759998,34.959999,34.450001,34.919998,19.897417,87300
2013-02-13,34.980000,35.250000,34.700001,34.919998,19.897417,146700
2013-02-14,35.130001,35.240002,34.650002,35.200001,20.056963,105500
2013-02-15,35.290001,35.330002,34.650002,34.750000,19.800550,129700
2013-02-19,34.730000,35.180000,34.049999,35.049999,19.971493,175700
2013-02-20,35.230000,35.509998,34.840000,35.290001,20.108246,163100
2013-02-21,35.470001,35.470001,33.709999,33.900002,19.316225,190100
2013-02-22,34.270000,34.599998,33.970001,34.320000,19.555534,98100
2013-02-25,34.500000,34.500000,34.000000,34.029999,19.390295,103900
2013-02-26,34.279999,34.279999,33.750000,34.080002,19.418787,77900
2013-02-27,34.209999,34.599998,34.090000,34.500000,19.658104,102000
2013-02-28,34.000000,34.980000,34.000000,34.660000,19.749264,70100
2013-03-01,34.709999,34.939999,34.529999,34.770000,19.811951,96500
2013-03-04,34.779999,35.400002,34.619999,35.150002,20.028471,121200
2013-03-05,35.459999,35.500000,35.000000,35.299999,20.113937,129600
2013-03-06,35.500000,35.509998,34.360001,34.639999,19.737877,98000
2013-03-07,34.689999,35.310001,34.669998,35.250000,20.085451,132700
2013-03-08,35.459999,35.590000,35.250000,35.380001,20.159525,134500
2013-03-11,35.500000,35.810001,35.310001,35.799999,20.398842,77000
2013-03-12,35.860001,36.410000,35.669998,35.919998,20.467218,141200
2013-03-13,36.029999,36.200001,35.549999,36.150002,20.598274,60500
2013-03-14,36.169998,36.340000,35.700001,35.990002,20.507105,81400
2013-03-15,36.099998,36.099998,34.660000,34.980000,19.931608,256200
2013-03-18,34.669998,35.650002,34.669998,35.459999,20.205111,78700
2013-03-19,35.500000,35.990002,35.230000,35.830002,20.415937,88500
2013-03-20,36.000000,36.500000,36.000000,36.389999,20.735020,116100
2013-03-21,36.259998,37.500000,36.259998,37.099998,21.139580,163700
2013-03-22,37.040001,37.580002,36.880001,37.439999,21.333309,119400
2013-03-25,37.680000,37.700001,36.810001,37.400002,21.310524,166800
2013-03-26,37.400002,38.230000,37.270000,38.200001,21.766359,157600
2013-03-27,38.200001,38.590000,37.619999,38.189999,21.760666,211500
2013-03-28,38.290001,39.130001,38.029999,38.520000,21.948696,113700
2013-04-01,38.610001,39.270000,38.310001,38.799999,22.108244,192200
2013-04-02,38.799999,39.250000,38.599998,38.720001,22.062658,108300
2013-04-03,38.869999,39.000000,37.680000,37.910000,21.601118,120800
2013-04-04,38.020000,38.540001,37.299999,38.310001,21.829042,135100
2013-04-05,37.810001,38.840000,37.090000,38.810001,22.113939,98000
2013-04-08,38.639999,39.400002,38.500000,39.160000,22.313366,109300
2013-04-09,39.299999,39.380001,38.400002,39.020000,22.233601,103300
2013-04-10,39.180000,39.770000,38.810001,39.619999,22.575480,134500
2013-04-11,39.700001,39.709999,39.500000,39.580002,22.552683,108100
2013-04-12,39.200001,39.509998,38.970001,39.200001,22.336163,113200
2013-04-15,38.799999,39.200001,37.680000,37.730000,21.498554,188400
2013-04-16,37.990002,39.570000,37.900002,39.540001,22.529896,125200
2013-04-17,39.560001,39.560001,38.770000,38.950001,22.193710,88000
2013-04-18,39.200001,39.669998,38.599998,39.410000,22.455818,78200
2013-04-19,39.549999,40.500000,39.009998,40.209999,22.911659,137600
2013-04-22,40.490002,40.709999,40.090000,40.470001,23.059807,124500
2013-04-23,40.919998,41.220001,40.549999,41.060001,23.395994,102800
2013-04-24,41.099998,41.900002,40.900002,41.209999,23.481459,133700
2013-04-25,41.450001,41.680000,41.009998,41.009998,23.367504,57900
2013-04-26,41.480000,41.580002,40.250000,40.750000,23.219349,45600
2013-04-29,41.230000,41.439999,40.880001,41.360001,23.566931,79200
2013-04-30,41.200001,41.889999,41.139999,41.520000,23.658092,78700
2013-05-01,41.209999,41.700001,41.150002,41.160000,23.452971,64900
2013-05-02,41.400002,41.750000,41.160000,41.750000,23.789148,139900
2013-05-03,41.799999,41.799999,41.000000,41.560001,23.680897,139500
2013-05-06,40.990002,41.320000,40.529999,41.029999,23.823139,249800
2013-05-07,41.660000,41.950001,41.230000,41.950001,24.357323,206600
2013-05-08,42.000000,43.000000,41.950001,42.990002,24.961172,219600
2013-05-09,43.000000,44.410000,42.480000,43.990002,25.541801,225100
2013-05-10,44.000000,44.779999,43.369999,44.060001,25.582449,153400
2013-05-13,44.400002,44.490002,43.599998,44.180000,25.652119,168200
2013-05-14,44.439999,45.669998,44.000000,44.150002,25.634701,194400
2013-05-15,44.660000,44.970001,44.200001,44.509998,25.843725,115400
2013-05-16,44.799999,45.139999,44.610001,44.750000,25.983076,111600
2013-05-17,45.009998,45.369999,44.529999,44.900002,26.070171,103900
2013-05-20,44.930000,45.950001,44.799999,45.680000,26.523062,105800
2013-05-21,45.680000,46.139999,45.400002,45.840000,26.615961,77000
2013-05-22,46.029999,46.369999,45.750000,46.200001,26.824986,127800
2013-05-23,45.900002,46.240002,43.209999,45.959999,26.685637,301000
2013-05-24,45.330002,46.049999,44.500000,45.790001,26.586929,111700
2013-05-28,45.970001,46.250000,45.599998,45.700001,26.534674,133700
2013-05-29,45.500000,45.500000,43.310001,43.759998,25.408260,230400
2013-05-30,44.009998,44.110001,40.880001,41.080002,23.852177,510100
2013-05-31,40.849998,41.290001,40.259998,41.060001,23.840565,291300
2013-06-03,41.250000,41.500000,40.599998,41.009998,23.811533,113000
2013-06-04,40.810001,41.369999,40.810001,41.189999,23.916042,75600
2013-06-05,40.869999,40.939999,39.580002,40.369999,23.439930,235700
2013-06-06,40.130001,41.180000,39.720001,40.730000,23.648954,133500
2013-06-07,40.779999,42.130001,40.560001,41.770000,24.252808,111600
2013-06-10,41.849998,43.000000,41.849998,42.560001,24.711498,94900
2013-06-11,42.590000,42.669998,41.750000,42.209999,24.508286,75000
2013-06-12,42.330002,42.549999,42.020000,42.200001,24.502480,88300
2013-06-13,42.080002,42.470001,41.540001,42.230000,24.519897,95400
2013-06-14,42.380001,43.639999,42.360001,42.930000,24.926340,90600
2013-06-17,43.250000,44.180000,43.250000,43.919998,25.501154,136300
2013-06-18,44.110001,44.330002,43.509998,44.070000,25.588245,83400
2013-06-19,43.959999,44.139999,43.630001,43.950001,25.518578,71200
2013-06-20,43.310001,43.470001,42.090000,42.500000,24.676670,155500
2013-06-21,42.610001,44.090000,42.610001,43.020000,24.978594,274300
2013-06-24,42.650002,43.930000,40.570000,43.580002,25.303740,216100
2013-06-25,43.740002,43.919998,42.770000,43.060001,25.001816,123800
2013-06-26,43.340000,43.860001,42.669998,43.279999,25.129553,111800
2013-06-27,43.500000,44.549999,43.310001,44.529999,25.855341,90500
2013-06-28,44.560001,45.090000,44.090000,44.090000,25.599863,88400
2013-07-01,44.259998,44.900002,44.259998,44.709999,25.959848,55700
2013-07-02,44.700001,44.820000,43.930000,44.820000,26.023718,70300
2013-07-03,45.099998,45.310001,44.700001,45.220001,26.255976,93500
2013-07-05,45.259998,45.500000,44.810001,45.389999,26.354681,59000
2013-07-08,45.500000,46.500000,45.250000,46.130001,26.784344,84800
2013-07-09,46.230000,46.840000,46.029999,46.610001,27.063047,74300
2013-07-10,46.349998,47.000000,46.209999,46.650002,27.086273,74800
2013-07-11,46.810001,46.849998,45.790001,46.240002,26.848211,88700
2013-07-12,46.310001,46.389999,45.509998,46.049999,26.737892,62800
2013-07-15,45.840000,47.400002,45.709999,46.770000,27.155943,113300
2013-07-16,46.700001,46.950001,45.410000,45.779999,26.581118,78800
2013-07-17,45.900002,46.490002,45.790001,46.119999,26.778536,67700
2013-07-18,46.040001,46.900002,45.759998,45.770000,26.575319,117800
2013-07-19,45.500000,46.250000,45.500000,46.200001,26.824986,34300
2013-07-22,45.900002,46.200001,45.549999,46.009998,26.714670,48000
2013-07-23,45.930000,46.720001,45.900002,46.320000,26.894663,66800
2013-07-24,46.599998,46.599998,45.779999,46.119999,26.778536,42100
2013-07-25,46.270000,46.599998,45.860001,46.330002,26.900471,42100
2013-07-26,45.930000,46.990002,45.930000,46.619999,27.068848,83400
2013-07-29,46.610001,47.049999,46.540001,47.020000,27.301100,55100
2013-07-30,46.889999,46.959999,46.599998,46.599998,27.057238,51300
2013-07-31,46.919998,46.919998,45.209999,45.529999,26.435965,86200
2013-08-01,45.480000,45.480000,44.500000,45.099998,26.186296,163500
2013-08-02,44.939999,45.049999,42.759998,43.500000,25.257292,163500
2013-08-05,43.020000,43.369999,41.779999,42.779999,25.292768,140100
2013-08-06,43.540001,44.000000,42.810001,43.599998,25.777573,62900
2013-08-07,42.020000,43.900002,42.000000,43.070000,25.464226,95500
2013-08-08,43.130001,43.770000,42.669998,42.950001,25.393278,56700
2013-08-09,43.110001,43.689999,42.750000,43.570000,25.759840,45500
2013-08-12,43.360001,43.770000,43.040001,43.380001,25.647501,81400
2013-08-13,43.310001,43.310001,42.750000,42.950001,25.393278,71400
2013-08-14,43.200001,43.220001,42.020000,42.279999,24.997149,123800
2013-08-15,44.000000,48.599998,43.599998,46.310001,27.379808,769400
2013-08-16,45.720001,46.549999,45.000000,45.820000,27.090103,176400
2013-08-19,46.049999,46.299999,44.520000,44.889999,26.540255,184900
2013-08-20,44.639999,45.389999,44.400002,45.000000,26.605297,64700
2013-08-21,45.070000,45.669998,44.540001,44.939999,26.569820,43200
2013-08-22,44.939999,45.540001,44.680000,45.130001,26.682163,26600
2013-08-23,45.459999,45.599998,45.000000,45.419998,26.853609,29000
2013-08-26,45.250000,46.340000,45.250000,45.459999,26.877260,43300
2013-08-27,45.340000,45.820000,45.049999,45.820000,27.090103,24900
2013-08-28,45.560001,46.180000,45.240002,45.660000,26.995504,45200
2013-08-29,45.820000,46.299999,45.400002,45.820000,27.090103,100400
2013-08-30,45.990002,45.990002,45.009998,45.490002,26.895000,53600
2013-09-03,45.930000,45.930000,45.099998,45.330002,26.800404,33900
2013-09-04,45.020000,45.689999,44.610001,44.630001,26.386539,45000
2013-09-05,44.369999,45.160000,44.349998,44.650002,26.398371,25200
2013-09-06,44.650002,44.650002,43.799999,44.230000,26.150051,30900
2013-09-09,44.049999,45.029999,43.869999,44.450001,26.280121,31400
2013-09-10,44.320000,45.000000,44.250000,44.919998,26.557999,32000
2013-09-11,44.830002,45.139999,44.259998,44.669998,26.410191,33700
2013-09-12,44.750000,45.259998,44.340000,45.099998,26.664415,47500
2013-09-13,44.880001,45.090000,44.060001,44.340000,26.215084,32100
2013-09-16,44.330002,44.990002,44.080002,44.560001,26.345160,38800
2013-09-17,44.610001,44.959999,44.040001,44.259998,26.167791,50500
2013-09-18,44.250000,44.900002,44.049999,44.650002,26.398371,36500
2013-09-19,44.610001,46.299999,44.340000,46.029999,27.214252,71300
2013-09-20,45.860001,46.029999,44.669998,44.669998,26.410191,131700
2013-09-23,45.240002,46.000000,44.549999,45.990002,27.190619,35800
2013-09-24,45.950001,46.980000,45.680000,46.349998,27.403452,56600
2013-09-25,46.349998,46.990002,45.660000,46.650002,27.580826,42100
2013-09-26,46.790001,47.500000,46.250000,46.689999,27.604473,18500
2013-09-27,46.900002,47.000000,46.580002,46.869999,27.710896,19900
2013-09-30,46.700001,46.939999,45.650002,46.939999,27.752277,32000
2013-10-01,46.900002,47.630001,46.400002,47.630001,28.160227,28200
2013-10-02,47.040001,47.250000,46.759998,47.099998,27.846872,67200
2013-10-03,47.200001,47.450001,46.430000,47.020000,27.799576,37400
2013-10-04,47.220001,47.400002,46.810001,46.860001,27.704983,49400
2013-10-07,46.799999,47.810001,46.700001,46.849998,27.699068,42500
2013-10-08,46.660000,47.389999,46.660000,46.900002,27.728630,30900
2013-10-09,46.599998,46.880001,46.189999,46.509998,27.498051,33500
2013-10-10,46.490002,47.169998,46.279999,46.450001,27.462574,31700
2013-10-11,46.580002,46.840000,46.130001,46.169998,27.297033,34400
2013-10-14,46.000000,47.619999,46.000000,46.860001,27.704983,36900
2013-10-15,46.580002,47.630001,46.369999,47.119999,27.858704,36900
2013-10-16,46.990002,47.660000,46.520000,47.009998,27.793665,25000
2013-10-17,47.200001,47.700001,47.130001,47.630001,28.160227,104900
2013-10-18,47.990002,48.330002,47.330002,47.959999,28.355331,87500
2013-10-21,47.689999,47.980000,47.320000,47.820000,28.272558,81900
2013-10-22,47.540001,48.459999,47.509998,48.250000,28.526794,86500
2013-10-23,48.180000,48.900002,47.619999,48.529999,28.692329,79100
2013-10-24,48.439999,48.779999,47.770000,48.250000,28.526794,45500
2013-10-25,48.200001,48.700001,47.750000,48.380001,28.603649,60500
2013-10-28,48.500000,48.740002,48.099998,48.189999,28.491318,69000
2013-10-29,48.060001,48.549999,47.880001,48.180000,28.485401,67200
2013-10-30,48.200001,48.689999,47.320000,47.410000,28.030151,35500
2013-10-31,47.000000,47.230000,46.700001,47.000000,27.787750,52500
2013-11-01,47.020000,47.400002,46.560001,46.990002,27.781843,66800
2013-11-04,47.450001,48.189999,46.669998,46.990002,27.781843,62200
2013-11-05,46.340000,46.810001,46.000000,46.279999,27.825426,100300
2013-11-06,46.220001,46.730000,46.220001,46.369999,27.879543,33400
2013-11-07,46.500000,46.930000,46.000000,46.020000,27.669104,60600
2013-11-08,46.169998,46.900002,46.000000,46.290001,27.831450,43800
2013-11-11,46.310001,46.700001,46.099998,46.560001,27.993782,38500
2013-11-12,46.220001,46.580002,46.000000,46.240002,27.801384,38900
2013-11-13,46.099998,46.590000,46.000000,46.369999,27.879543,37500
2013-11-14,46.750000,46.820000,46.009998,46.410000,27.903589,50200
2013-11-15,46.380001,46.799999,46.380001,46.520000,27.969727,31900
2013-11-18,46.380001,46.880001,46.049999,46.400002,27.897579,47600
2013-11-19,46.180000,46.459999,46.000000,46.029999,27.675117,44200
2013-11-20,45.810001,46.270000,45.290001,45.570000,27.398550,46200
2013-11-21,45.320000,46.240002,45.209999,46.009998,27.663095,48800
2013-11-22,45.820000,46.150002,45.529999,45.779999,27.524807,31900
2013-11-25,45.669998,45.799999,45.250000,45.450001,27.326399,41000
2013-11-26,45.230000,45.790001,45.220001,45.389999,27.290327,51900
2013-11-27,45.290001,45.669998,44.759998,45.189999,27.170076,44600
2013-11-29,45.230000,45.869999,44.759998,44.910000,27.001726,22500
2013-12-02,45.279999,45.639999,43.340000,43.360001,26.069811,53300
2013-12-03,43.139999,43.240002,41.529999,41.919998,25.204016,210400
2013-12-04,41.970001,42.360001,41.320000,41.540001,24.975552,87700
2013-12-05,41.349998,42.500000,40.310001,42.209999,25.378382,115100
2013-12-06,42.299999,42.759998,41.980000,42.650002,25.642929,65500
2013-12-09,42.889999,42.930000,42.270000,42.619999,25.624887,69400
2013-12-10,42.340000,42.560001,42.049999,42.150002,25.342306,99000
2013-12-11,42.040001,42.200001,41.389999,41.630001,25.029661,210400
2013-12-12,41.610001,42.820000,41.610001,42.450001,25.522680,56600
2013-12-13,42.349998,43.750000,41.009998,41.919998,25.204016,37900
2013-12-16,41.919998,43.189999,41.810001,41.970001,25.234085,69000
2013-12-17,42.119999,42.389999,40.680000,40.910000,24.596769,140600
2013-12-18,40.669998,41.200001,40.509998,41.000000,24.650883,57000
2013-12-19,40.740002,41.000000,40.540001,40.900002,24.590757,45200
2013-12-20,40.759998,41.750000,40.759998,41.470001,24.933458,63500
2013-12-23,41.639999,42.099998,41.639999,41.849998,25.161930,76500
2013-12-24,41.500000,42.000000,40.980000,41.049999,24.680944,53500
2013-12-26,40.959999,42.520000,40.849998,42.340000,25.456539,76500
2013-12-27,42.139999,42.490002,42.000000,42.230000,25.390404,40200
2013-12-30,42.500000,42.740002,42.240002,42.520000,25.564766,53800
2013-12-31,42.660000,42.799999,42.330002,42.799999,25.733114,48200
2014-01-02,42.730000,42.790001,42.189999,42.279999,25.420462,55500
2014-01-03,43.130001,43.849998,42.959999,43.230000,25.991642,119200
2014-01-06,43.549999,43.730000,43.180000,43.380001,26.081829,62800
2014-01-07,43.580002,43.580002,42.630001,43.139999,25.937531,45000
2014-01-08,43.000000,43.230000,42.500000,42.759998,25.709053,53100
2014-01-09,43.000000,43.590000,42.880001,43.310001,26.039743,88100
2014-01-10,43.419998,43.570000,42.910000,43.130001,25.931526,45600
2014-01-13,42.980000,43.230000,42.700001,42.730000,25.691025,34300
2014-01-14,42.990002,43.169998,42.599998,42.970001,25.835323,47800
2014-01-15,43.380001,43.480000,42.990002,43.180000,25.961582,85700
2014-01-16,43.230000,43.459999,43.029999,43.200001,25.973608,67800
2014-01-17,43.049999,43.330002,42.900002,42.900002,25.793234,48700
2014-01-21,42.950001,43.540001,42.950001,43.310001,26.039743,44300
2014-01-22,43.340000,43.720001,43.230000,43.619999,26.226126,68700
2014-01-23,43.740002,43.910000,43.029999,43.209999,25.979620,111600
2014-01-24,43.200001,43.669998,43.090000,43.450001,26.123917,245600
2014-01-27,43.500000,43.950001,43.000000,43.259998,26.009680,32200
2014-01-28,43.340000,44.360001,43.340000,43.630001,26.232141,72000
2014-01-29,42.869999,43.990002,42.599998,43.450001,26.123917,48800
2014-01-30,43.470001,43.930000,43.279999,43.529999,26.172018,31500
2014-01-31,43.080002,43.580002,43.080002,43.419998,26.105883,50000
2014-02-03,43.400002,43.540001,42.500000,42.500000,25.552744,122000
2014-02-04,42.529999,43.279999,42.009998,42.540001,25.576784,142000
2014-02-05,42.340000,42.680000,41.549999,42.610001,26.100513,168900
2014-02-06,42.700001,43.490002,42.700001,43.169998,26.443535,93600
2014-02-07,43.169998,43.990002,43.029999,43.709999,26.774311,93000
2014-02-10,43.889999,44.189999,43.470001,43.939999,26.915201,117100
2014-02-11,43.750000,44.230000,43.200001,43.680000,26.755939,67600
2014-02-12,43.599998,44.099998,43.509998,44.000000,26.951952,126700
2014-02-13,44.009998,44.090000,43.380001,43.529999,26.664055,71400
2014-02-14,43.730000,43.970001,43.520000,43.590000,26.700808,107900
2014-02-18,43.759998,44.099998,43.389999,44.000000,26.951952,352800
2014-02-19,44.000000,44.000000,43.509998,43.660000,26.743689,76300
2014-02-20,43.619999,43.919998,43.419998,43.650002,26.737553,103700
2014-02-21,43.700001,44.040001,43.400002,43.790001,26.823322,41700
2014-02-24,44.049999,44.049999,43.320000,43.320000,26.535427,45700
2014-02-25,43.299999,43.599998,42.810001,43.000000,26.339405,46300
2014-02-26,43.000000,43.299999,42.599998,43.259998,26.498669,39000
2014-02-27,42.889999,44.000000,42.160000,42.709999,26.161768,110400
2014-02-28,42.590000,42.959999,42.060001,42.070000,25.769735,46400
2014-03-03,42.000000,43.049999,42.000000,42.730000,26.174019,34700
2014-03-04,43.099998,43.520000,42.590000,43.250000,26.492542,48200
2014-03-05,43.060001,43.980000,43.000000,43.389999,26.578299,43800
2014-03-06,43.340000,43.889999,43.340000,43.650002,26.737553,42700
2014-03-07,43.459999,43.779999,43.009998,43.299999,26.523170,30100
2014-03-10,43.110001,43.779999,42.820000,43.000000,26.339405,35100
2014-03-11,42.860001,43.500000,42.860001,43.060001,26.376162,36900
2014-03-12,43.099998,43.110001,42.520000,42.730000,26.174019,37000
2014-03-13,42.770000,42.990002,42.259998,42.529999,26.051512,58900
2014-03-14,42.320000,42.820000,42.320000,42.730000,26.174019,17300
2014-03-17,43.570000,43.889999,43.150002,43.680000,26.755939,98400
2014-03-18,43.570000,43.860001,42.540001,42.680000,26.143389,99600
2014-03-19,42.500000,43.000000,41.360001,41.360001,25.334837,122800
2014-03-20,41.299999,41.459999,40.279999,41.330002,25.316460,133100
2014-03-21,41.160000,41.980000,40.430000,41.860001,25.641108,86500
2014-03-24,41.750000,42.169998,41.360001,42.040001,25.751366,87500
2014-03-25,41.930000,42.189999,41.650002,42.139999,25.812620,45500
2014-03-26,42.500000,42.689999,41.700001,42.509998,26.039257,85000
2014-03-27,42.380001,43.130001,42.250000,43.000000,26.339405,66400
2014-03-28,42.910000,43.139999,42.189999,42.930000,26.296532,45200
2014-03-31,42.930000,43.180000,42.740002,43.049999,26.370033,45700
2014-04-01,42.910000,43.320000,42.910000,43.009998,26.345528,94600
2014-04-02,42.759998,43.439999,42.480000,42.970001,26.321032,78000
2014-04-03,42.889999,43.480000,42.840000,43.060001,26.376162,96500
2014-04-04,42.930000,43.060001,42.150002,42.459999,26.008633,88100
2014-04-07,42.369999,42.369999,42.020000,42.209999,25.855495,52200
2014-04-08,42.009998,42.599998,42.009998,42.500000,26.033136,34100
2014-04-09,42.259998,42.450001,42.250000,42.400002,25.971880,27100
2014-04-10,42.200001,42.299999,41.630001,41.700001,25.543102,50500
2014-04-11,41.540001,42.070000,40.669998,41.910000,25.671732,38100
2014-04-14,42.000000,42.330002,41.849998,42.169998,25.830996,68000
2014-04-15,42.119999,42.180000,41.930000,42.040001,25.751366,29300
2014-04-16,42.029999,42.320000,41.930000,42.169998,25.830996,34000
2014-04-17,41.980000,42.070000,41.750000,41.970001,25.708490,70400
2014-04-21,41.750000,42.250000,41.750000,42.139999,25.812620,38900
2014-04-22,42.000000,42.119999,41.930000,42.029999,25.745235,30100
2014-04-23,41.880001,42.349998,41.880001,42.070000,25.769735,35100
2014-04-24,42.349998,42.410000,41.669998,41.840000,25.628859,54500
2014-04-25,41.509998,42.119999,41.000000,41.419998,25.371586,61400
2014-04-28,41.250000,42.369999,41.250000,41.900002,25.665606,40000
2014-04-29,41.900002,42.310001,41.900002,42.310001,25.916756,70000
2014-04-30,42.330002,42.889999,42.000000,42.369999,25.953506,77300
2014-05-01,42.290001,42.290001,41.150002,41.779999,26.076771,75700
2014-05-02,41.650002,42.349998,41.500000,42.349998,26.432537,41500
2014-05-05,41.910000,43.250000,41.869999,43.250000,26.994270,68600
2014-05-06,42.000000,42.400002,41.509998,41.509998,25.908249,211500
2014-05-07,41.349998,41.430000,40.810001,41.150002,25.683563,2537500
2014-05-08,41.009998,41.299999,40.950001,41.150002,25.683563,329100
2014-05-09,41.000000,41.299999,40.900002,41.000000,25.589945,238700
2014-05-12,41.169998,41.290001,41.000000,41.060001,25.627392,156700
2014-05-13,40.849998,41.200001,40.310001,40.320000,25.165524,196300
2014-05-14,40.240002,40.549999,39.220001,39.889999,24.897141,286300
2014-05-15,39.889999,40.189999,39.619999,39.799999,24.840963,117000
2014-05-16,40.049999,40.700001,39.919998,40.430000,25.234184,118400
2014-05-19,40.700001,40.720001,39.770000,39.869999,24.884651,114500
2014-05-20,39.750000,39.900002,39.700001,39.810001,24.847212,89500
2014-05-21,39.889999,40.369999,39.730000,40.040001,24.990761,68700
2014-05-22,40.000000,40.290001,39.959999,40.020000,24.978275,74800
2014-05-23,40.000000,40.490002,39.939999,40.299999,25.153042,56400
2014-05-27,40.400002,40.439999,40.099998,40.119999,25.040691,69700
2014-05-28,40.139999,40.139999,39.900002,39.959999,24.940830,63000
2014-05-29,40.049999,40.330002,39.750000,40.290001,25.146795,100100
2014-05-30,40.060001,40.720001,39.869999,40.639999,25.365246,87300
2014-06-02,40.639999,40.880001,40.599998,40.869999,25.508802,76300
2014-06-03,40.889999,40.900002,40.250000,40.500000,25.277866,78700
2014-06-04,40.580002,40.680000,40.250000,40.400002,25.215454,64500
2014-06-05,39.830002,40.549999,39.250000,40.490002,25.271626,89400
2014-06-06,40.380001,40.740002,40.259998,40.630001,25.359007,85300
2014-06-09,40.570000,40.630001,40.150002,40.480000,25.265381,96000
2014-06-10,39.310001,40.619999,39.310001,40.290001,25.146795,88000
2014-06-11,40.340000,40.340000,39.799999,40.080002,25.015724,75300
2014-06-12,40.240002,40.250000,39.880001,40.230000,25.109350,104500
2014-06-13,40.130001,40.439999,40.070000,40.279999,25.140551,91100
2014-06-16,40.430000,40.889999,40.029999,40.700001,25.402695,96300
2014-06-17,40.830002,40.950001,40.450001,40.869999,25.508802,64700
2014-06-18,40.650002,40.869999,40.470001,40.520000,25.290354,110300
2014-06-19,40.520000,40.799999,40.299999,40.759998,25.440145,133900
2014-06-20,40.610001,41.230000,40.419998,40.820000,25.477596,230200
2014-06-23,40.849998,41.430000,40.759998,41.400002,25.839602,140000
2014-06-24,41.860001,41.860001,41.180000,41.790001,26.083012,200900
2014-06-25,41.590000,41.700001,40.980000,40.980000,25.577457,144700
2014-06-26,40.810001,41.000000,40.779999,40.959999,25.564968,98000
2014-06-27,40.959999,41.099998,40.849998,41.009998,25.596188,101000
2014-06-30,41.099998,41.240002,40.869999,41.180000,25.702288,77100
2014-07-01,41.240002,41.389999,40.930000,41.209999,25.721010,71500
2014-07-02,41.150002,41.639999,41.139999,41.200001,25.714773,107400
2014-07-03,41.119999,41.500000,41.000000,41.150002,25.683563,38000
2014-07-07,41.150002,41.200001,40.560001,40.730000,25.421421,82800
2014-07-08,40.700001,40.910000,40.419998,40.820000,25.477596,90300
2014-07-09,40.759998,40.840000,40.410000,40.660000,25.377728,120500
2014-07-10,40.369999,40.619999,40.259998,40.450001,25.246664,80500
2014-07-11,40.330002,40.849998,40.310001,40.849998,25.496319,75600
2014-07-14,40.779999,41.230000,40.529999,41.009998,25.596188,84300
2014-07-15,40.930000,41.099998,40.680000,41.049999,25.621149,95700
2014-07-16,41.200001,41.200001,40.799999,40.970001,25.571217,172100
2014-07-17,41.119999,41.180000,40.799999,40.970001,25.571217,47800
2014-07-18,41.189999,41.189999,40.970001,41.080002,25.639874,49600
2014-07-21,41.189999,41.189999,40.799999,41.160000,25.689802,103900
2014-07-22,41.200001,41.209999,41.020000,41.200001,25.714773,157700
2014-07-23,41.110001,41.180000,41.090000,41.150002,25.683563,81100
2014-07-24,41.169998,41.200001,40.900002,41.009998,25.596188,85200
2014-07-25,41.119999,41.150002,40.900002,41.139999,25.677320,66100
2014-07-28,41.220001,41.380001,40.720001,40.900002,25.527527,91600
2014-07-29,41.150002,41.340000,40.950001,41.060001,25.627392,60100
2014-07-30,41.349998,41.349998,40.349998,40.349998,25.184238,101000
2014-07-31,40.599998,40.599998,38.770000,39.240002,24.491440,243000
2014-08-01,39.240002,39.950001,39.060001,39.340000,24.553864,128900
2014-08-04,39.330002,39.939999,39.150002,39.880001,24.890902,228300
2014-08-05,39.200001,39.340000,37.549999,37.570000,23.924553,211800
2014-08-06,37.540001,37.540001,36.599998,36.820000,23.446957,260600
2014-08-07,36.660000,37.000000,36.310001,36.439999,23.204967,171300
2014-08-08,36.259998,36.430000,35.750000,36.299999,23.115822,246500
2014-08-11,36.860001,38.650002,36.860001,37.639999,23.969133,350500
2014-08-12,38.970001,39.480000,37.919998,39.169998,24.943434,249500
2014-08-13,39.490002,40.180000,39.139999,40.080002,25.522919,174000
2014-08-14,40.410000,41.000000,39.930000,40.650002,25.885899,238200
2014-08-15,41.049999,41.250000,40.410000,40.639999,25.879528,135800
2014-08-18,40.820000,40.950001,39.980000,40.200001,25.599333,179300
2014-08-19,40.480000,40.480000,40.070000,40.119999,25.548391,93200
2014-08-20,40.209999,40.209999,39.549999,39.639999,25.242727,137000
2014-08-21,39.840000,40.049999,39.000000,39.560001,25.191788,141400
2014-08-22,39.770000,39.770000,38.930000,39.230000,24.981640,112400
2014-08-25,39.400002,39.700001,39.060001,39.250000,24.994373,144700
2014-08-26,39.400002,39.400002,38.590000,38.689999,24.637772,166100
2014-08-27,38.689999,39.279999,38.689999,39.270000,25.007114,115700
2014-08-28,41.439999,41.439999,39.110001,39.270000,25.007114,122800
2014-08-29,39.459999,39.500000,39.139999,39.279999,25.013485,62700
2014-09-02,39.290001,39.410000,39.000000,39.220001,24.975273,109700
2014-09-03,39.029999,39.189999,38.889999,39.020000,24.847914,93600
2014-09-04,38.790001,39.189999,38.400002,38.500000,24.516783,176700
2014-09-05,38.590000,38.590000,38.270000,38.410000,24.459469,54200
2014-09-08,38.490002,38.500000,37.830002,38.369999,24.433992,102600
2014-09-09,38.369999,39.119999,38.330002,38.799999,24.707821,93300
2014-09-10,38.790001,39.119999,38.439999,38.849998,24.739655,83500
2014-09-11,38.540001,38.950001,38.169998,38.750000,24.675976,99100
2014-09-12,38.320000,38.340000,36.770000,37.040001,23.587051,533800
2014-09-15,37.099998,37.369999,36.330002,36.990002,23.555212,165500
2014-09-16,36.980000,37.330002,36.529999,36.669998,23.351435,147500
2014-09-17,36.750000,37.669998,36.529999,37.500000,23.879974,190000
2014-09-18,37.759998,38.549999,37.509998,38.169998,24.306635,269500
2014-09-19,38.230000,38.389999,37.630001,38.209999,24.332104,735200
2014-09-22,38.160000,39.529999,38.029999,39.480000,25.140841,236000
2014-09-23,39.250000,39.549999,38.169998,38.509998,24.523148,106800
2014-09-24,36.750000,37.410000,36.520000,37.240002,23.714411,2828100
2014-09-25,37.310001,37.820000,36.750000,37.639999,23.969133,677800
2014-09-26,37.500000,37.549999,36.790001,37.349998,23.784460,215400
2014-09-29,37.009998,37.500000,36.689999,37.419998,23.829035,187000
2014-09-30,37.349998,37.349998,37.000000,37.290001,23.746250,189200
2014-10-01,36.930000,37.259998,36.930000,37.180000,23.676201,185500
2014-10-02,37.400002,37.400002,36.750000,37.200001,23.688938,183000
2014-10-03,37.130001,37.189999,36.860001,37.099998,23.625259,142600
2014-10-06,37.119999,37.279999,36.889999,37.169998,23.669836,132100
2014-10-07,37.080002,37.080002,35.820000,35.970001,22.905676,349500
2014-10-08,36.029999,36.029999,34.000000,34.919998,22.237036,509600
2014-10-09,34.619999,35.009998,33.779999,34.270000,21.823114,246300
2014-10-10,34.049999,35.549999,32.720001,34.970001,22.268877,528300
2014-10-13,35.000000,35.349998,33.040001,33.090000,21.071693,281400
2014-10-14,33.250000,33.590000,31.700001,32.070000,20.422157,507400
2014-10-15,31.600000,33.310001,30.400000,33.119999,21.090799,494600
2014-10-16,33.169998,36.450001,33.009998,35.840000,22.822895,481300
2014-10-17,36.200001,36.279999,33.660000,34.540001,21.995056,385800
2014-10-20,34.700001,35.770000,34.540001,35.480000,22.593647,259100
2014-10-21,35.470001,36.660000,35.000000,36.180000,23.039406,324000
2014-10-22,36.500000,36.660000,35.980000,36.240002,23.077616,198500
2014-10-23,36.400002,36.910000,36.070000,36.430000,23.198603,123500
2014-10-24,36.099998,36.970001,36.029999,36.880001,23.485165,147200
2014-10-27,36.750000,36.750000,34.730000,35.349998,22.510862,257900
2014-10-28,35.180000,36.570000,35.150002,36.240002,23.077616,179700
2014-10-29,36.480000,36.750000,35.770000,36.259998,23.090345,134600
2014-10-30,36.650002,36.650002,34.950001,35.459999,22.580908,162400
2014-10-31,35.669998,35.880001,34.700001,35.119999,22.364393,177400
2014-11-03,35.000000,35.919998,34.939999,35.349998,22.510862,136400
2014-11-04,35.250000,35.250000,34.000000,34.619999,22.045996,216500
2014-11-05,34.000000,34.369999,33.380001,33.799999,22.041107,149100
2014-11-06,33.779999,34.189999,33.330002,33.919998,22.119358,108000
2014-11-07,34.169998,34.849998,33.709999,34.610001,22.569307,193100
2014-11-10,34.740002,35.080002,33.900002,34.060001,22.210653,226200
2014-11-11,33.980000,34.770000,33.750000,34.000000,22.171526,220200
2014-11-12,33.919998,34.889999,33.919998,34.389999,22.425848,167200
2014-11-13,34.180000,34.599998,33.750000,33.930000,22.125879,114700
2014-11-14,34.380001,34.889999,34.070000,34.840000,22.719294,206100
2014-11-17,35.000000,35.939999,34.439999,35.730000,23.299662,515000
2014-11-18,36.000000,36.380001,35.450001,35.669998,23.260538,181300
2014-11-19,36.220001,36.849998,35.570000,36.799999,23.997416,405900
2014-11-20,36.900002,37.000000,36.250000,36.669998,23.912643,290000
2014-11-21,37.160000,37.180000,35.380001,35.500000,23.149685,1312000
2014-11-24,35.549999,35.549999,34.279999,34.459999,22.471491,287100
2014-11-25,34.389999,35.070000,34.130001,34.529999,22.517143,286900
2014-11-26,34.680000,35.660000,34.310001,35.610001,23.221411,243200
2014-11-28,35.040001,35.430000,34.320000,35.029999,22.843191,149000
2014-12-01,35.130001,35.169998,33.070000,33.220001,21.662889,331100
2014-12-02,33.000000,34.160000,32.939999,33.259998,21.688967,244000
2014-12-03,33.299999,34.639999,33.130001,34.200001,22.301947,164200
2014-12-04,34.169998,34.169998,33.230000,33.459999,21.819393,114800
2014-12-05,33.240002,33.650002,32.660000,32.889999,21.447689,168800
2014-12-08,32.660000,32.889999,29.250000,29.730000,19.387043,487500
2014-12-09,29.180000,31.110001,29.180000,30.940001,20.176094,211500
2014-12-10,30.680000,30.750000,29.240000,29.570000,19.282707,247800
2014-12-11,29.500000,30.969999,29.500000,29.719999,19.380520,247700
2014-12-12,29.570000,29.570000,28.160000,28.910000,18.852320,268800
2014-12-15,28.700001,29.469999,26.260000,26.549999,17.313354,454500
2014-12-16,26.100000,28.469999,25.799999,27.959999,18.232821,496000
2014-12-17,27.959999,30.760000,27.799999,29.360001,19.145765,375700
2014-12-18,30.080000,30.740000,28.340000,28.950001,18.878405,354600
2014-12-19,28.900000,28.930000,27.500000,27.969999,18.239342,405300
2014-12-22,28.000000,28.160000,27.280001,28.120001,18.337158,199500
2014-12-23,28.110001,28.570000,27.490000,28.320000,18.467579,237600
2014-12-24,28.320000,28.570000,27.100000,27.410000,17.874159,120700
2014-12-26,27.750000,28.170000,27.219999,27.590000,17.991541,215200
2014-12-29,27.459999,28.090000,27.400000,27.950001,18.226301,302900
2014-12-30,27.780001,28.170000,27.110001,27.219999,17.750263,298600
2014-12-31,27.049999,27.860001,26.799999,26.879999,17.528547,322900
2015-01-02,26.860001,29.580000,26.860001,29.299999,19.106640,177700
2015-01-05,29.260000,29.280001,27.889999,28.500000,18.584955,191600
2015-01-06,28.809999,29.120001,27.000000,27.270000,17.782867,165500
2015-01-07,27.490000,27.770000,26.600000,26.770000,17.456814,132600
2015-01-08,26.770000,27.620001,26.709999,27.459999,17.906767,161500
2015-01-09,27.230000,27.820000,27.100000,27.549999,17.965456,123900
2015-01-12,27.299999,27.549999,26.330000,26.620001,17.359001,129600
2015-01-13,26.570000,26.570000,24.549999,25.080000,16.354759,240800
2015-01-14,24.900000,25.219999,24.030001,24.969999,16.283030,176000
2015-01-15,25.120001,26.160000,24.900000,25.280001,16.485184,172900
2015-01-16,25.209999,27.510000,25.100000,27.370001,17.848080,198700
2015-01-20,27.270000,28.250000,27.270000,27.830000,18.148048,180700
2015-01-21,27.950001,29.660000,27.809999,29.280001,19.093597,195400
2015-01-22,29.709999,29.740000,28.530001,29.120001,18.989260,169200
2015-01-23,29.299999,31.350000,29.129999,30.670000,20.000025,240000
2015-01-26,31.320000,32.029999,30.450001,30.600000,19.954374,235500
2015-01-27,30.559999,30.959999,29.219999,30.740000,20.045666,167900
2015-01-28,30.799999,30.799999,29.389999,29.830000,19.452255,103700
2015-01-29,29.969999,30.690001,29.150000,29.770000,19.413128,60900
2015-01-30,29.750000,30.250000,29.450001,30.010000,19.569635,81900
2015-02-02,30.600000,31.240000,30.080000,30.980000,20.202175,188100
2015-02-03,31.740000,32.520000,30.760000,30.850000,20.117399,286400
2015-02-04,30.250000,30.540001,29.000000,29.350000,19.656954,132300
2015-02-05,29.309999,31.270000,29.309999,30.850000,20.661564,167300
2015-02-06,31.450001,31.469999,29.610001,30.850000,20.661564,165600
2015-02-09,30.670000,30.920000,30.010000,30.100000,20.159258,132400
2015-02-10,30.420000,30.420000,29.320000,29.670000,19.871271,155900
2015-02-11,29.440001,30.420000,28.639999,28.780001,19.275200,88900
2015-02-12,29.160000,30.110001,29.030001,29.980000,20.078888,94000
2015-02-13,30.530001,31.150000,29.820000,30.170000,20.206141,141500
2015-02-17,30.110001,31.070000,30.100000,30.820000,20.641474,127600
2015-02-18,30.629999,31.080000,30.000000,30.389999,20.353483,108100
2015-02-19,30.719999,30.719999,29.610001,30.139999,20.186049,104100
2015-02-20,30.250000,30.610001,29.959999,30.340000,20.320000,82100
2015-02-23,30.570000,30.660000,29.799999,30.219999,20.239626,109400
2015-02-24,30.020000,30.620001,29.290001,29.350000,19.656954,141200
2015-02-25,29.549999,29.799999,29.350000,29.450001,19.723927,184300
2015-02-26,30.080000,30.980000,29.680000,30.660000,20.534317,190500
2015-02-27,31.100000,32.580002,30.549999,32.040001,21.458561,245200
2015-03-02,32.110001,32.950001,31.730000,32.029999,21.451860,182200
2015-03-03,31.490000,33.290001,31.490000,33.000000,22.101515,193300
2015-03-04,33.200001,33.400002,32.689999,33.369999,22.349316,161100
2015-03-05,33.500000,34.070000,32.520000,34.000000,22.771255,199200
2015-03-06,33.980000,35.139999,33.980000,34.560001,23.146313,254900
2015-03-09,34.580002,34.970001,32.790001,32.889999,22.027838,204900
2015-03-10,32.540001,32.880001,31.750000,31.930000,21.384888,98800
2015-03-11,32.040001,32.720001,31.930000,32.130001,21.518835,125800
2015-03-12,32.410000,32.950001,32.000000,32.259998,21.605898,107600
2015-03-13,31.950001,32.470001,31.320000,32.290001,21.625996,162100
2015-03-16,32.290001,33.240002,32.070000,33.040001,22.128302,188800
2015-03-17,32.810001,33.290001,32.349998,32.849998,22.001047,173800
2015-03-18,32.820000,34.250000,32.720001,33.450001,22.402897,138100
2015-03-19,33.119999,34.160000,33.119999,33.759998,22.610518,133000
2015-03-20,34.279999,34.709999,33.599998,34.709999,23.246771,560800
2015-03-23,34.709999,34.910000,34.169998,34.599998,23.173101,151800
2015-03-24,34.549999,34.799999,33.799999,34.480000,23.092730,131900
2015-03-25,34.730000,34.730000,34.029999,34.180000,22.891808,78700
2015-03-26,34.419998,34.419998,33.250000,34.029999,22.791346,146900
2015-03-27,34.290001,34.570000,33.490002,33.980000,22.757858,109200
2015-03-30,34.119999,34.650002,33.709999,34.639999,23.199890,138800
2015-03-31,34.439999,35.439999,34.080002,35.439999,23.735685,390000
2015-04-01,35.500000,35.500000,35.110001,35.430000,23.728987,186300
2015-04-02,35.299999,36.529999,35.110001,36.000000,24.110741,734400
2015-04-06,36.020000,36.290001,35.849998,35.980000,24.097345,125400
2015-04-07,36.020000,36.349998,35.509998,35.840000,24.003584,249100
2015-04-08,35.790001,36.290001,35.669998,36.290001,24.304966,199000
2015-04-09,36.279999,36.320000,36.009998,36.230000,24.264780,153600
2015-04-10,36.220001,36.389999,35.720001,35.750000,23.943302,200600
2015-04-13,36.060001,36.270000,35.270000,35.759998,23.949999,325400
2015-04-14,35.959999,36.240002,35.349998,36.020000,24.124138,128500
2015-04-15,36.270000,36.400002,35.790001,35.970001,24.090651,138600
2015-04-16,36.070000,36.500000,35.549999,36.389999,24.371941,153600
2015-04-17,36.360001,36.869999,35.939999,36.410000,24.385332,116100
2015-04-20,36.450001,36.500000,36.000000,36.240002,24.271482,122900
2015-04-21,36.450001,36.480000,36.049999,36.139999,24.204502,173200
2015-04-22,36.099998,36.889999,35.840000,36.750000,24.613047,149500
2015-04-23,36.980000,36.980000,36.419998,36.959999,24.753689,106500
2015-04-24,36.980000,36.980000,36.209999,36.549999,24.479097,180100
2015-04-27,36.910000,36.910000,36.290001,36.520000,24.459007,115400
2015-04-28,36.740002,36.889999,36.580002,36.849998,24.680025,72700
2015-04-29,36.950001,37.250000,36.509998,37.230000,24.934525,254800
2015-04-30,37.560001,37.740002,36.639999,37.099998,24.847460,194000
2015-05-01,37.400002,38.500000,37.310001,38.029999,25.470320,165300
2015-05-04,38.320000,38.610001,37.500000,37.509998,25.122051,153100
2015-05-05,38.090000,38.090000,37.320000,37.410000,25.055079,162600
2015-05-06,36.849998,37.189999,35.689999,35.849998,24.543329,189800
2015-05-07,35.630001,35.630001,34.810001,35.380001,24.221563,174900
2015-05-08,35.590000,36.169998,35.230000,35.630001,24.392719,152600
2015-05-11,35.540001,35.980000,34.310001,34.759998,23.797102,127600
2015-05-12,35.020000,35.939999,34.759998,35.160000,24.070946,93700
2015-05-13,35.430000,35.680000,34.500000,35.430000,24.255793,92200
2015-05-14,35.450001,36.090000,35.250000,35.799999,24.509100,103100
2015-05-15,36.230000,36.230000,35.119999,35.430000,24.255793,84000
2015-05-18,35.610001,35.980000,35.139999,35.720001,24.454332,109000
2015-05-19,36.000000,36.000000,35.259998,35.360001,24.207874,66600
2015-05-20,35.450001,35.450001,34.779999,34.980000,23.947721,52200
2015-05-21,35.299999,35.480000,34.869999,35.230000,24.118870,57900
2015-05-22,35.400002,35.869999,35.279999,35.330002,24.187336,48200
2015-05-26,35.299999,35.610001,34.470001,34.480000,23.605412,103600
2015-05-27,34.860001,34.860001,34.299999,34.740002,23.783415,55600
2015-05-28,34.720001,34.799999,33.799999,34.150002,23.379490,57400
2015-05-29,34.410000,35.259998,34.130001,35.240002,24.125717,129400
2015-06-01,35.270000,35.360001,34.500000,34.750000,23.790255,128500
2015-06-02,34.750000,35.349998,34.299999,34.599998,23.687567,148900
2015-06-03,34.560001,35.220001,34.299999,34.639999,23.714952,48600
2015-06-04,34.650002,34.889999,34.080002,34.439999,23.578030,60100
2015-06-05,34.209999,35.090000,34.009998,34.419998,23.564335,105100
2015-06-08,34.439999,34.930000,34.000000,34.029999,23.297335,81500
2015-06-09,34.009998,34.490002,33.419998,34.169998,23.393179,90500
2015-06-10,34.150002,34.150002,33.299999,33.310001,22.804422,76600
2015-06-11,33.500000,34.330002,33.270000,33.630001,23.023495,95700
2015-06-12,33.580002,34.200001,33.020000,33.200001,22.729111,61300
2015-06-15,32.700001,32.709999,31.570000,31.690001,21.695349,270900
2015-06-16,31.740000,32.540001,30.910000,31.559999,21.606346,269800
2015-06-17,31.730000,32.330002,31.120001,31.790001,21.763807,224000
2015-06-18,31.809999,32.150002,30.520000,30.950001,21.188736,266300
2015-06-19,31.049999,31.580000,30.360001,31.020000,21.236656,756800
2015-06-22,31.260000,33.240002,31.219999,32.880001,22.510033,143600
2015-06-23,33.209999,33.209999,32.290001,32.459999,22.222498,121800
2015-06-24,32.590000,32.740002,32.299999,32.529999,22.270420,84000
2015-06-25,32.400002,33.500000,32.400002,32.540001,22.277266,148800
2015-06-26,32.520000,32.939999,31.520000,31.750000,21.736422,77200
2015-06-29,31.590000,32.570000,31.270000,31.799999,21.770653,145900
2015-06-30,31.760000,32.220001,30.350000,30.959999,21.195576,346600
2015-07-01,30.950001,31.690001,30.950001,31.580000,21.620035,215100
2015-07-02,31.660000,32.860001,31.100000,32.570000,22.297804,195200
2015-07-06,32.220001,32.540001,31.430000,31.910000,21.845961,155800
2015-07-07,31.879999,32.660000,31.500000,32.250000,22.078732,148100
2015-07-08,32.250000,33.240002,31.450001,31.500000,21.565268,161500
2015-07-09,31.840000,32.520000,31.280001,32.110001,21.982883,207600
2015-07-10,32.509998,32.680000,31.459999,31.620001,21.647425,120500
2015-07-13,31.660000,32.500000,31.250000,32.290001,22.106112,185100
2015-07-14,32.349998,33.000000,32.119999,32.830002,22.475805,58600
2015-07-15,32.799999,32.980000,32.020000,32.369999,22.160879,143200
2015-07-16,32.340000,32.450001,31.440001,32.029999,21.928114,143400
2015-07-17,31.969999,32.169998,31.469999,31.600000,21.633730,98500
2015-07-20,31.530001,32.169998,31.370001,31.490000,21.558424,89500
2015-07-21,31.600000,32.180000,31.389999,31.879999,21.825420,117200
2015-07-22,31.690001,31.840000,30.610001,31.270000,21.407810,139800
2015-07-23,31.430000,31.870001,30.600000,31.030001,21.243502,105500
2015-07-24,31.170000,31.580000,30.750000,31.250000,21.394115,81500
2015-07-27,30.820000,31.680000,30.760000,31.400000,21.496807,106400
2015-07-28,31.320000,32.630001,31.049999,31.600000,21.633730,79400
2015-07-29,31.200001,32.430000,31.120001,32.060001,21.948650,139600
2015-07-30,32.860001,32.860001,31.000000,31.190001,21.353037,175400
2015-07-31,31.370001,31.549999,30.360001,30.670000,20.997040,135400
2015-08-03,30.430000,30.969999,28.360001,28.650000,19.614124,295600
2015-08-04,28.540001,29.990000,28.180000,29.520000,20.209738,236300
2015-08-05,28.950001,29.660000,27.650000,28.010000,19.718708,203800
2015-08-06,28.020000,28.160000,26.180000,27.549999,19.394871,327700
2015-08-07,27.389999,27.790001,27.209999,27.290001,19.211832,178900
2015-08-10,27.139999,28.760000,27.049999,28.299999,19.922861,90800
2015-08-11,28.000000,28.910000,27.889999,28.170000,19.831347,132300
2015-08-12,28.059999,29.410000,27.770000,28.430000,20.014385,196000
2015-08-13,28.469999,28.700001,27.760000,28.440001,20.021420,84300
2015-08-14,28.770000,29.450001,27.799999,28.340000,19.951023,137300
2015-08-17,28.180000,28.660000,27.790001,28.070000,19.760946,208400
2015-08-18,28.190001,28.190001,26.770000,26.780001,18.852800,158600
2015-08-19,26.320000,27.330000,25.910000,25.980000,18.289610,155400
2015-08-20,26.090000,26.670000,24.559999,25.059999,17.641941,262500
2015-08-21,24.870001,25.600000,24.280001,25.190001,17.733461,150300
2015-08-24,23.260000,24.379999,23.049999,24.070000,16.944990,307200
2015-08-25,24.700001,25.420000,24.150000,24.860001,17.501143,176300
2015-08-26,25.280001,25.330000,24.510000,24.860001,17.501143,92100
2015-08-27,25.240000,26.350000,25.010000,25.549999,17.986897,103800
2015-08-28,25.480000,27.059999,25.480000,26.920000,18.951357,99800
2015-08-31,26.430000,27.309999,26.129999,26.790001,18.859842,73300
2015-09-01,26.430000,27.049999,26.389999,26.600000,18.726086,128000
2015-09-02,26.940001,27.049999,26.260000,26.959999,18.979519,127700
2015-09-03,27.129999,27.790001,26.730000,27.370001,19.268154,169900
2015-09-04,27.129999,27.780001,27.000000,27.410000,19.296314,55200
2015-09-08,27.400000,27.920000,27.379999,27.760000,19.542713,78900
2015-09-09,27.959999,28.480000,27.840000,28.040001,19.739830,77600
2015-09-10,27.860001,28.190001,27.540001,27.930000,19.662386,84400
2015-09-11,27.910000,27.969999,27.200001,27.400000,19.289274,107500
2015-09-14,27.520000,28.930000,27.209999,28.040001,19.739830,118000
2015-09-15,28.000000,28.250000,27.420000,27.799999,19.570868,97700
2015-09-16,27.910000,28.440001,27.629999,28.180000,19.838383,218800
2015-09-17,28.260000,28.480000,27.930000,28.170000,19.831347,98100
2015-09-18,27.870001,28.290001,27.730000,27.850000,19.606070,131000
2015-09-21,28.129999,28.360001,27.900000,28.020000,19.725748,61300
2015-09-22,28.000000,29.129999,27.750000,27.790001,19.563831,157200
2015-09-23,27.760000,28.000000,26.860001,26.930000,18.958399,146700
2015-09-24,26.870001,27.350000,26.280001,26.770000,18.845762,118900
2015-09-25,26.910000,27.090000,26.100000,26.350000,18.550087,78100
2015-09-28,26.290001,26.290001,24.150000,24.650000,17.353308,206000
2015-09-29,24.559999,25.200001,23.110001,23.430000,16.494442,171700
2015-09-30,23.510000,24.969999,23.080000,24.400000,17.177311,226000
2015-10-01,24.900000,26.950001,24.799999,25.900000,18.233290,197700
2015-10-02,25.889999,28.150000,25.879999,27.700001,19.500471,264500
2015-10-05,27.690001,28.990000,27.620001,28.500000,20.063658,170300
2015-10-06,28.400000,29.110001,28.010000,28.670000,20.183338,182100
2015-10-07,28.959999,29.160000,28.309999,28.770000,20.253735,321800
2015-10-08,28.840000,29.200001,28.590000,28.780001,20.260778,167700
2015-10-09,28.920000,29.320000,28.690001,28.770000,20.253735,67200
2015-10-12,28.870001,28.870001,28.299999,28.379999,19.979181,80900
2015-10-13,28.219999,28.299999,27.780001,28.000000,19.711664,91600
2015-10-14,28.000000,28.860001,28.000000,28.540001,20.091820,109800
2015-10-15,28.450001,29.080000,28.120001,29.049999,20.450851,43200
2015-10-16,28.910000,29.900000,28.459999,29.430000,20.718370,64700
2015-10-19,29.080000,29.500000,28.940001,29.129999,20.507172,74700
2015-10-20,28.940001,29.430000,28.620001,29.059999,20.457893,44000
2015-10-21,28.930000,29.320000,28.660000,28.770000,20.253735,59500
2015-10-22,28.590000,28.799999,28.299999,28.520000,20.077740,132800
2015-10-23,28.270000,28.790001,28.100000,28.330000,19.943981,141600
2015-10-26,28.290001,28.660000,28.000000,28.160000,19.824303,64000
2015-10-27,28.000000,28.150000,26.440001,27.100000,19.078075,170600
2015-10-28,27.150000,28.420000,26.709999,27.830000,19.591988,75400
2015-10-29,27.000000,28.959999,26.900000,28.760000,20.246696,56300
2015-10-30,29.000000,29.400000,28.030001,28.950001,20.380455,108100
2015-11-02,28.600000,29.730000,28.500000,29.000000,20.415655,134800
2015-11-03,29.000000,29.809999,29.000000,29.440001,20.725410,178700
2015-11-04,28.629999,29.430000,27.440001,27.740000,20.082888,135700
2015-11-05,27.650000,28.500000,27.340000,28.030001,20.292837,115300
2015-11-06,27.799999,28.750000,27.580000,27.690001,20.046688,118400
2015-11-09,28.070000,28.480000,27.400000,27.740000,20.082888,102200
2015-11-10,27.510000,28.209999,26.690001,26.969999,19.525431,237400
2015-11-11,26.940001,27.620001,25.600000,26.230000,18.989693,116700
2015-11-12,25.830000,26.430000,25.080000,25.639999,18.562551,123300
2015-11-13,25.900000,25.940001,25.100000,25.680000,18.591513,94300
2015-11-16,25.600000,26.990000,25.340000,26.540001,19.214125,146600
2015-11-17,26.610001,26.860001,25.850000,26.549999,19.221363,141200
2015-11-18,26.860001,27.570000,25.250000,26.290001,19.033133,131000
2015-11-19,26.379999,26.379999,25.340000,25.930000,18.772503,114300
2015-11-20,26.040001,26.090000,24.629999,24.959999,18.070253,103900
2015-11-23,25.120001,25.459999,24.350000,24.879999,18.012335,128700
2015-11-24,24.969999,25.660000,24.680000,24.850000,17.990616,66600
2015-11-25,24.910000,26.160000,24.870001,25.740000,18.634951,110600
2015-11-27,25.510000,26.309999,25.510000,26.000000,18.823183,23800
2015-11-30,25.980000,26.500000,25.030001,25.200001,18.244007,169400
2015-12-01,25.040001,25.469999,24.110001,24.350000,17.628633,132000
2015-12-02,24.000000,24.320000,23.040001,23.639999,17.114616,567100
2015-12-03,23.790001,23.790001,22.350000,22.700001,16.434088,219800
2015-12-04,22.590000,22.990000,20.459999,21.430000,15.514647,536200
2015-12-07,21.010000,21.010000,19.180000,20.059999,14.522809,332800
2015-12-08,19.500000,21.150000,19.500000,20.209999,14.631402,279700
2015-12-09,20.270000,21.930000,20.000000,21.559999,15.608762,334900
2015-12-10,21.280001,22.420000,20.559999,20.570000,14.892033,207600
2015-12-11,20.190001,20.200001,18.379999,18.620001,13.480295,299200
2015-12-14,18.799999,19.410000,18.260000,19.110001,13.835040,266800
2015-12-15,19.020000,19.500000,18.959999,19.219999,13.914675,215600
2015-12-16,19.120001,19.420000,18.080000,19.150000,13.863997,277300
2015-12-17,19.049999,19.690001,18.559999,18.830000,13.632328,303600
2015-12-18,18.830000,19.990000,18.799999,19.150000,13.863997,1116500
2015-12-21,19.000000,19.370001,18.650000,18.730000,13.559931,285900
2015-12-22,18.629999,20.709999,18.629999,20.209999,14.631402,180300
2015-12-23,20.360001,20.969999,20.020000,20.870001,15.109221,188100
2015-12-24,20.900000,21.260000,20.459999,20.549999,14.877554,64100
2015-12-28,20.200001,21.530001,20.090000,20.990000,15.196100,238300
2015-12-29,21.230000,21.889999,20.639999,20.830000,15.080263,197100
2015-12-30,20.680000,21.389999,20.680000,21.090000,15.268496,155800
2015-12-31,20.889999,21.740000,20.870001,21.700001,15.710117,183500
2016-01-04,21.900000,22.500000,21.510000,21.910000,15.862153,229600
2016-01-05,21.820000,22.730000,21.690001,22.219999,16.086582,229300
2016-01-06,21.700001,22.639999,20.240000,20.379999,14.754478,158300
2016-01-07,20.000000,20.219999,18.549999,19.240000,13.929153,265000
2016-01-08,19.299999,20.000000,19.070000,19.889999,14.399734,140100
2016-01-11,19.750000,19.750000,17.900000,18.010000,13.038673,175700
2016-01-12,18.350000,19.389999,17.030001,17.840000,12.915598,219000
2016-01-13,17.990000,18.490000,17.629999,18.190001,13.168986,271000
2016-01-14,18.370001,18.500000,17.260000,17.690001,12.807005,161900
2016-01-15,17.190001,17.600000,16.510000,16.850000,12.198870,181300
2016-01-19,16.900000,16.900000,15.120000,15.500000,11.221513,329700
2016-01-20,14.700000,15.470000,13.270000,14.050000,10.171758,429500
2016-01-21,14.100000,15.690000,14.010000,15.580000,11.279429,252100
2016-01-22,16.139999,18.030001,16.139999,16.690001,12.083035,340000
2016-01-25,16.290001,16.840000,15.960000,16.160000,11.699332,201400
2016-01-26,16.290001,17.139999,15.790000,16.809999,12.169910,181800
2016-01-27,16.799999,17.340000,16.500000,16.790001,12.155433,120500
2016-01-28,17.389999,18.090000,16.670000,17.350000,12.560855,159700
2016-01-29,17.510000,18.080000,17.070000,17.459999,12.640489,212400
2016-02-01,17.160000,17.709999,16.700001,17.450001,12.633251,157700
2016-02-02,17.250000,17.879999,16.510000,17.480000,12.654970,221700
2016-02-03,16.750000,16.990000,15.760000,16.320000,12.391127,167400
2016-02-04,16.250000,17.240000,16.250000,16.600000,12.603720,83600
2016-02-05,16.410000,17.030001,16.010000,16.330000,12.398720,83400
2016-02-08,16.010000,16.070000,14.490000,15.250000,11.578718,124900
2016-02-09,15.250000,15.300000,14.180000,14.410000,10.940939,121300
2016-02-10,14.150000,14.790000,14.150000,14.420000,10.948533,77300
2016-02-11,14.000000,14.950000,13.890000,14.390000,10.925756,173700
2016-02-12,14.990000,17.290001,14.250000,14.670000,11.138348,238100
2016-02-16,15.450000,16.049999,14.840000,15.480000,11.753349,395200
2016-02-17,15.170000,15.900000,14.870000,15.620000,11.859645,186300
2016-02-18,15.930000,15.930000,14.770000,15.140000,11.495200,122000
2016-02-19,14.900000,16.270000,14.470000,15.130000,11.487607,113000
2016-02-22,15.550000,16.270000,15.370000,15.880000,12.057053,214100
2016-02-23,15.890000,15.990000,14.850000,14.900000,11.312978,228500
2016-02-24,14.500000,14.830000,14.150000,14.570000,11.062421,370300
2016-02-25,14.890000,15.080000,14.000000,14.780000,11.221867,364700
2016-02-26,14.800000,15.300000,14.720000,15.200000,11.540755,428300
2016-02-29,15.200000,15.600000,14.970000,15.470000,11.745755,423900
2016-03-01,15.670000,16.010000,15.310000,15.850000,12.034276,212100
2016-03-02,15.730000,16.340000,15.370000,15.930000,12.095016,553800
2016-03-03,16.480000,17.520000,15.950000,16.180000,12.284830,418600
2016-03-04,16.330000,17.400000,16.200001,16.450001,12.489829,318200
2016-03-07,16.530001,17.559999,16.530001,17.129999,13.006127,357700
2016-03-08,17.120001,17.180000,16.129999,16.400000,12.451866,177200
2016-03-09,16.780001,17.190001,16.299999,17.070000,12.960569,176300
2016-03-10,16.900000,17.150000,16.590000,16.959999,12.877052,113700
2016-03-11,17.290001,17.770000,16.700001,16.830000,12.778349,287300
2016-03-14,16.850000,19.170000,16.799999,18.750000,14.236129,276200
2016-03-15,18.500000,19.190001,18.280001,19.080000,14.486686,213300
2016-03-16,19.230000,20.080000,19.180000,19.930000,15.132054,205100
2016-03-17,20.049999,20.910000,20.049999,20.670000,15.693908,211400
2016-03-18,20.790001,21.440001,20.350000,20.780001,15.777427,677800
2016-03-21,20.809999,21.190001,20.430000,20.639999,15.671131,172900
2016-03-22,20.600000,21.270000,20.219999,20.290001,15.405392,142000
2016-03-23,20.150000,20.500000,19.670000,19.780001,15.018169,132200
2016-03-24,19.350000,20.230000,19.000000,20.139999,15.291498,117500
2016-03-28,20.400000,20.480000,19.750000,19.850000,15.071315,133400
2016-03-29,19.750000,19.910000,19.110001,19.490000,14.797983,173800
2016-03-30,19.510000,20.820000,19.510000,20.360001,15.458539,170800
2016-03-31,20.440001,21.110001,19.850000,20.080000,15.245945,302000
2016-04-01,19.750000,20.309999,19.500000,20.200001,15.337057,103700
2016-04-04,19.870001,20.490000,19.740000,19.889999,15.101686,159100
2016-04-05,19.530001,19.799999,19.250000,19.400000,14.729648,114400
2016-04-06,19.610001,20.420000,19.200001,19.910000,15.116872,126200
2016-04-07,19.809999,20.180000,19.330000,19.600000,14.881502,85700
2016-04-08,19.860001,20.790001,19.820000,20.270000,15.390208,81800
2016-04-11,20.350000,20.799999,19.900000,20.440001,15.519281,78000
2016-04-12,20.450001,21.209999,20.400000,20.680000,15.701502,144300
2016-04-13,20.590000,20.690001,20.200001,20.340000,15.443353,93700
2016-04-14,20.400000,20.420000,20.010000,20.309999,15.420574,77300
2016-04-15,20.080000,20.510000,20.020000,20.080000,15.245945,85900
2016-04-18,20.000000,21.230000,19.980000,21.100000,16.020393,124800
2016-04-19,21.110001,21.879999,21.110001,21.150000,16.058352,88800
2016-04-20,21.139999,21.990000,21.030001,21.730000,16.498722,150900
2016-04-21,21.959999,22.440001,21.620001,22.150000,16.817614,174400
2016-04-22,22.150000,23.520000,22.150000,23.410000,17.774282,271800
2016-04-25,23.400000,23.410000,22.530001,22.940001,17.417431,175000
2016-04-26,23.000000,23.700001,22.959999,23.270000,17.667986,192200
2016-04-27,23.490000,24.139999,23.270000,23.770000,18.047617,148200
2016-04-28,23.270000,24.250000,22.570000,22.750000,17.273170,183500
2016-04-29,22.900000,23.920000,22.820000,23.600000,17.918543,238100
2016-05-02,23.760000,23.760000,22.850000,23.389999,17.759094,222600
2016-05-03,23.740000,23.740000,22.680000,23.580000,17.903355,204300
2016-05-04,22.780001,23.080000,21.690001,22.450001,17.653688,177600
2016-05-05,22.639999,23.059999,22.350000,22.580000,17.755917,104100
2016-05-06,22.549999,22.990000,22.219999,22.959999,18.054728,131400
2016-05-09,22.770000,22.770000,21.260000,22.160000,17.425644,156100
2016-05-10,22.420000,22.920000,22.129999,22.639999,17.803093,150200
2016-05-11,22.209999,23.049999,22.110001,22.510000,17.700869,106800
2016-05-12,22.559999,22.969999,21.520000,21.760000,17.111101,185700
2016-05-13,22.639999,22.820000,21.750000,22.370001,17.590780,182000
2016-05-16,22.360001,22.750000,22.020000,22.410000,17.622234,184600
2016-05-17,22.590000,22.590000,21.530001,21.730000,17.087513,201100
2016-05-18,21.930000,22.230000,21.250000,21.530001,16.930241,128200
2016-05-19,21.290001,21.990000,20.799999,21.870001,17.197599,80300
2016-05-20,21.830000,22.330000,21.660000,21.980000,17.284101,162200
2016-05-23,21.780001,22.270000,21.570000,21.850000,17.181875,133400
2016-05-24,21.860001,22.020000,21.290001,21.410000,16.835876,71900
2016-05-25,21.490000,22.000000,21.250000,21.930000,17.244783,117300
2016-05-26,22.000000,22.290001,21.620001,21.809999,17.150417,131300
2016-05-27,21.799999,22.250000,21.510000,21.910000,17.229055,131300
2016-05-31,21.879999,22.469999,21.879999,22.129999,17.402052,132000
2016-06-01,22.020000,22.410000,21.760000,22.129999,17.402052,140600
2016-06-02,22.059999,22.940001,21.940001,22.379999,17.598642,186800
2016-06-03,22.360001,22.670000,22.040001,22.400000,17.614368,127500
2016-06-06,22.639999,23.139999,22.410000,22.850000,17.968233,228200
2016-06-07,23.030001,23.110001,22.629999,22.670000,17.826685,124400
2016-06-08,22.870001,23.090000,22.170000,22.610001,17.779505,171100
2016-06-09,22.350000,22.959999,22.180000,22.360001,17.582916,134800
2016-06-10,22.120001,22.200001,21.500000,21.740000,17.095373,199600
2016-06-13,21.510000,21.700001,20.389999,20.910000,16.442699,248200
2016-06-14,20.790001,21.080000,20.379999,20.770000,16.332609,172400
2016-06-15,21.070000,21.770000,20.570000,21.480000,16.890921,113800
2016-06-16,21.330000,21.790001,20.430000,21.250000,16.710060,277600
2016-06-17,21.490000,22.150000,21.180000,21.770000,17.118967,308400
2016-06-20,22.530001,23.230000,22.070000,22.750000,17.889593,237200
2016-06-21,22.760000,23.360001,22.559999,22.959999,18.054728,173200
2016-06-22,23.010000,23.610001,22.959999,23.110001,18.172682,177700
2016-06-23,23.389999,23.600000,23.170000,23.500000,18.479362,124400
2016-06-24,22.910000,23.450001,22.500000,22.709999,17.858141,114000
2016-06-27,22.700001,23.090000,21.570000,21.910000,17.229055,251300
2016-06-28,22.129999,22.900000,22.030001,22.830000,17.952505,110300
2016-06-29,23.070000,24.280001,23.030001,23.750000,18.675951,385900
2016-06-30,23.520000,23.740000,23.030001,23.100000,18.164820,205500
2016-07-01,23.309999,23.959999,22.959999,23.860001,18.762449,198400
2016-07-05,23.590000,23.750000,23.010000,23.320000,18.337816,94200
2016-07-06,23.309999,23.870001,23.200001,23.520000,18.495090,123300
2016-07-07,23.600000,24.209999,23.100000,23.459999,18.447908,135600
2016-07-08,23.660000,23.969999,23.270000,23.820000,18.730995,172600
2016-07-11,24.070000,24.070000,23.559999,23.610001,18.565859,83800
2016-07-12,23.969999,24.809999,23.590000,24.670000,19.399399,175900
2016-07-13,24.510000,24.740000,23.900000,24.090000,18.943312,197000
2016-07-14,24.290001,24.610001,23.930000,24.280001,19.092722,157600
2016-07-15,24.280001,24.530001,23.660000,23.990000,18.864676,238300
2016-07-18,23.920000,24.549999,23.590000,24.160000,18.998356,184300
2016-07-19,24.160000,24.260000,23.750000,23.889999,18.786039,55100
2016-07-20,23.840000,24.230000,23.500000,24.049999,18.911858,84400
2016-07-21,24.299999,24.600000,23.700001,23.920000,18.809629,82100
2016-07-22,23.920000,25.090000,23.920000,24.879999,19.564533,224000
2016-07-25,24.879999,25.139999,24.740000,24.959999,19.627441,236000
2016-07-26,24.700001,25.330000,24.660000,24.980000,19.643169,184200
2016-07-27,24.990000,25.379999,24.870001,25.120001,19.753258,156600
2016-07-28,24.000000,24.100000,21.570000,21.920000,17.236919,625000
2016-07-29,21.500000,22.500000,20.840000,22.459999,17.661549,496300
2016-08-01,22.910000,22.969999,21.520000,21.670000,17.040331,289200
2016-08-02,21.750000,21.920000,21.000000,21.620001,17.001015,267200
2016-08-03,20.650000,21.450001,20.580000,21.040001,17.190979,197500
2016-08-04,21.000000,21.000000,20.250000,20.420000,16.684401,183100
2016-08-05,20.450001,21.010000,20.299999,20.730000,16.937689,146800
2016-08-08,20.900000,21.190001,20.280001,20.299999,16.586353,170200
2016-08-09,20.180000,20.299999,19.490000,19.860001,16.226849,361800
2016-08-10,19.730000,19.969999,19.440001,19.480000,15.916366,164800
2016-08-11,19.450001,20.190001,19.450001,20.040001,16.373920,140900
2016-08-12,20.450001,20.930000,20.219999,20.930000,17.101105,182000
2016-08-15,20.820000,21.490000,20.379999,21.260000,17.370731,257500
2016-08-16,21.280001,21.330000,21.010000,21.070000,17.215492,181600
2016-08-17,21.309999,21.309999,20.500000,20.889999,17.068422,113000
2016-08-18,21.030001,21.370001,20.900000,21.190001,17.313541,160100
2016-08-19,21.379999,21.379999,20.840000,20.910000,17.084759,123800
2016-08-22,20.780001,21.110001,20.639999,21.040001,17.190979,113200
2016-08-23,21.129999,21.209999,20.900000,21.000000,17.158298,92200
2016-08-24,20.900000,20.940001,20.459999,20.540001,16.782452,138800
2016-08-25,20.709999,20.840000,20.309999,20.549999,16.790619,53100
2016-08-26,20.620001,20.650000,20.170000,20.530001,16.774281,126400
2016-08-29,20.450001,20.940001,20.270000,20.280001,16.570015,174500
2016-08-30,20.450001,20.450001,19.900000,20.010000,16.349407,129900
2016-08-31,20.020000,20.139999,19.320000,19.820000,16.194164,218000
2016-09-01,19.850000,19.860001,19.340000,19.780001,16.161484,85000
2016-09-02,19.930000,20.430000,19.790001,20.190001,16.496477,120300
2016-09-06,20.120001,20.320000,19.760000,19.840000,16.210506,170000
2016-09-07,19.980000,20.120001,19.760000,19.870001,16.235016,160400
2016-09-08,19.850000,20.250000,19.840000,19.900000,16.259529,166400
2016-09-09,20.139999,20.209999,19.400000,19.600000,16.014412,226500
2016-09-12,19.600000,20.110001,19.280001,19.889999,16.251360,214500
2016-09-13,19.680000,19.690001,18.840000,18.990000,15.516003,190100
2016-09-14,19.150000,20.709999,19.150000,20.410000,16.676229,303700
2016-09-15,20.379999,20.459999,20.040001,20.290001,16.578186,92700
2016-09-16,20.000000,20.320000,19.830000,20.030001,16.365749,272300
2016-09-19,20.200001,20.250000,19.879999,19.969999,16.316723,165300
2016-09-20,20.000000,20.459999,19.879999,20.010000,16.349407,87100
2016-09-21,20.250000,21.100000,20.100000,20.990000,17.150126,169800
2016-09-22,21.200001,21.200001,20.440001,21.049999,17.199150,102200
2016-09-23,20.980000,21.209999,20.540001,20.690001,16.905008,73400
2016-09-26,20.690001,20.830000,20.240000,20.240000,16.537331,83700
2016-09-27,20.150000,20.250000,19.860001,20.040001,16.373920,94400
2016-09-28,20.110001,20.290001,19.700001,20.020000,16.357574,119900
2016-09-29,20.000000,20.180000,19.889999,20.000000,16.341238,91700
2016-09-30,20.139999,20.200001,19.910000,20.040001,16.373920,110200
2016-10-03,19.950001,20.000000,19.660000,19.809999,16.185995,136400
2016-10-04,19.900000,19.990000,19.709999,19.760000,16.145142,145700
2016-10-05,19.750000,20.420000,19.700001,20.110001,16.431114,137300
2016-10-06,20.110001,20.450001,20.059999,20.309999,16.594526,80000
2016-10-07,20.330000,20.490000,20.129999,20.150000,16.463795,41300
2016-10-10,20.160000,20.740000,20.160000,20.340000,16.619036,122400
2016-10-11,20.330000,20.820000,20.270000,20.760000,16.962202,72100
2016-10-12,20.660000,20.950001,20.410000,20.639999,16.864155,116900
2016-10-13,20.600000,21.200001,20.280001,20.879999,17.060247,89900
2016-10-14,20.930000,21.250000,20.700001,20.780001,16.978546,123300
2016-10-17,20.780001,21.219999,20.719999,21.110001,17.248177,72600
2016-10-18,21.070000,21.230000,20.799999,20.910000,17.084759,75600
2016-10-19,20.959999,21.100000,20.900000,20.959999,17.125614,97000
2016-10-20,20.900000,22.879999,20.809999,21.629999,17.673044,274000
2016-10-21,20.900000,21.139999,20.010000,20.969999,17.133783,1233100
2016-10-24,20.900000,20.900000,20.180000,20.590000,16.823301,220400
2016-10-25,20.400000,20.600000,20.280001,20.480000,16.733423,204300
2016-10-26,20.350000,20.410000,19.850000,20.309999,16.594526,217300
2016-10-27,19.750000,20.260000,19.570000,19.910000,16.267696,291600
2016-10-28,19.719999,19.959999,19.459999,19.930000,16.284040,176800
2016-10-31,19.950001,20.150000,19.500000,19.549999,15.973556,285600
2016-11-01,19.600000,19.600000,18.709999,19.299999,15.769292,176900
2016-11-02,19.200001,19.200001,17.950001,18.100000,14.788818,587600
2016-11-03,17.049999,17.900000,17.000000,17.150000,14.410693,182700
2016-11-04,17.000000,17.000000,16.510000,16.600000,13.948546,204000
2016-11-07,16.650000,16.920000,16.100000,16.150000,13.570421,159400
2016-11-08,16.250000,16.379999,15.580000,15.800000,13.276326,217400
2016-11-09,15.650000,16.950001,15.650000,16.700001,14.032573,125300
2016-11-10,16.750000,16.809999,16.000000,16.180000,13.595629,101300
2016-11-11,16.100000,16.950001,15.950000,16.850000,14.158613,128700
2016-11-14,17.000000,17.450001,16.700001,17.350000,14.578751,159100
2016-11-15,17.350000,18.400000,17.100000,17.700001,14.872846,208900
2016-11-16,17.500000,18.170000,17.400000,17.450001,14.662778,134100
2016-11-17,17.549999,17.750000,17.049999,17.450001,14.662778,112400
2016-11-18,17.500000,18.000000,17.500000,17.950001,15.082916,87900
2016-11-21,18.000000,18.290001,17.600000,17.900000,15.040900,172600
2016-11-22,17.900000,18.000000,17.000000,17.100000,14.368682,158600
2016-11-23,16.900000,17.900000,16.500000,17.700001,14.872846,132300
2016-11-25,17.700001,17.750000,17.299999,17.400000,14.620763,33400
2016-11-28,17.350000,17.350000,16.700001,16.750000,14.074585,100700
2016-11-29,16.650000,16.700001,16.000000,16.299999,13.696462,185500
2016-11-30,16.650000,17.100000,16.450001,17.000000,14.284655,188500
2016-12-01,17.049999,17.440001,16.000000,16.000000,13.444381,186600
2016-12-02,15.900000,17.150000,15.900000,16.450001,13.822504,142500
2016-12-05,16.450001,16.580000,16.049999,16.150000,13.570421,129000
2016-12-06,16.450001,17.200001,16.450001,16.850000,14.158613,219600
2016-12-07,16.799999,17.350000,16.799999,17.100000,14.368682,155200
2016-12-08,17.299999,17.900000,17.000000,17.850000,14.998888,194700
2016-12-09,18.000000,18.150000,17.600000,18.000000,15.124928,212200
2016-12-12,18.150000,18.900000,18.150000,18.450001,15.503052,309800
2016-12-13,18.600000,18.799999,18.110001,18.600000,15.629090,185900
2016-12-14,18.400000,18.750000,18.020000,18.200001,15.292983,237000
2016-12-15,18.150000,18.600000,17.750000,18.200001,15.292983,240700
2016-12-16,18.150000,18.750000,17.650000,17.950001,15.082916,812700
2016-12-19,18.000000,18.000000,17.100000,17.450001,14.662778,179100
2016-12-20,17.400000,17.770000,16.950001,17.150000,14.410693,185700
2016-12-21,17.049999,17.799999,17.030001,17.450001,14.662778,112100
2016-12-22,17.350000,17.549999,17.200001,17.299999,14.536735,78400
2016-12-23,17.250000,17.549999,17.020000,17.299999,14.536735,168300
2016-12-27,17.299999,17.500000,17.200001,17.350000,14.578751,122300
2016-12-28,17.350000,17.450001,16.950001,17.049999,14.326667,97400
2016-12-29,17.000000,18.150000,16.950001,17.900000,15.040900,304000
2016-12-30,17.850000,18.350000,17.750000,18.350000,15.419026,252700
2017-01-03,18.549999,18.750000,18.200001,18.500000,15.545065,170900
2017-01-04,18.650000,19.150000,18.549999,18.950001,15.923185,174500
2017-01-05,18.950001,18.950001,18.200001,18.250000,15.334996,136500
2017-01-06,18.299999,18.350000,17.900000,18.049999,15.166941,138300
2017-01-09,17.799999,18.000000,17.450001,17.850000,14.998888,125200
2017-01-10,17.799999,17.900000,17.370001,17.500000,14.704791,82200
2017-01-11,17.500000,17.940001,17.160000,17.700001,14.872846,176400
2017-01-12,17.750000,18.000000,17.500000,17.850000,14.998888,87500
2017-01-13,17.750000,17.950001,17.610001,17.650000,14.830832,49800
2017-01-17,17.600000,18.100000,17.600000,17.950001,15.082916,98300
2017-01-18,17.850000,18.200001,17.799999,18.100000,15.208954,122100
2017-01-19,18.000000,18.240000,17.799999,17.950001,15.082916,70600
2017-01-20,18.100000,18.700001,17.950001,18.549999,15.587077,99900
2017-01-23,18.549999,18.799999,18.350000,18.549999,15.587077,88300
2017-01-24,18.549999,18.700001,18.049999,18.350000,15.419026,269000
2017-01-25,18.350000,18.950001,18.350000,18.850000,15.839161,172800
2017-01-26,18.900000,19.450001,18.799999,19.450001,16.343323,284500
2017-01-27,19.500000,19.680000,18.850000,19.230000,16.158463,238300
2017-01-30,19.350000,19.350000,18.850000,19.150000,16.091242,202900
2017-01-31,19.150000,19.500000,18.760000,19.450001,16.343323,152500
2017-02-01,19.650000,19.850000,19.500000,19.750000,16.595406,209500
2017-02-02,19.900000,20.900000,19.750000,20.100000,16.889503,910600
2017-02-03,19.600000,19.910000,19.500000,19.850000,17.104929,261400
2017-02-06,19.750000,19.799999,19.100000,19.150000,16.501734,139500
2017-02-07,19.150000,19.150000,18.650000,19.000000,16.372478,162600
2017-02-08,18.850000,19.049999,18.600000,18.950001,16.329390,79500
2017-02-09,19.049999,19.350000,18.850000,19.049999,16.415562,133100
2017-02-10,19.049999,19.200001,18.900000,19.150000,16.501734,75000
2017-02-13,19.150000,19.600000,18.799999,18.950001,16.329390,91500
2017-02-14,19.000000,19.129999,18.850000,19.000000,16.372478,89300
2017-02-15,19.049999,19.350000,18.600000,18.850000,16.243221,207700
2017-02-16,19.100000,19.700001,18.600000,18.650000,16.070879,1498000
2017-02-17,18.650000,18.850000,18.450001,18.700001,16.113966,296200
2017-02-21,19.000000,19.440001,18.760000,19.400000,16.717161,217600
2017-02-22,19.350000,19.650000,19.150000,19.549999,16.846415,205000
2017-02-23,19.650000,19.750000,19.400000,19.650000,16.932589,114100
2017-02-24,19.600000,20.000000,19.410000,20.000000,17.234188,277600
2017-02-27,19.950001,20.170000,19.549999,19.650000,16.932589,182500
2017-02-28,19.500000,19.709999,19.000000,19.150000,16.501734,281400
2017-03-01,19.250000,19.700001,19.100000,19.600000,16.889502,171200
2017-03-02,19.549999,19.549999,18.799999,18.950001,16.329390,197800
2017-03-03,18.799999,19.150000,18.750000,18.900000,16.286304,125000
2017-03-06,18.850000,18.850000,18.400000,18.500000,15.941623,158500
2017-03-07,18.500000,18.750000,18.450001,18.650000,16.070879,103100
2017-03-08,18.700001,19.450001,18.549999,19.150000,16.501734,335500
2017-03-09,19.150000,19.180000,18.350000,18.700001,16.113966,209900
2017-03-10,18.799999,19.000000,18.700001,18.799999,16.200134,131900
2017-03-13,18.700001,18.850000,18.250000,18.750000,16.157049,432700
2017-03-14,18.650000,18.750000,18.260000,18.600000,16.027792,269700
2017-03-15,18.700001,18.850000,18.350000,18.650000,16.070879,270400
2017-03-16,18.600000,19.100000,18.549999,19.100000,16.458649,276900
2017-03-17,19.250000,19.350000,18.700001,19.000000,16.372478,1595700
2017-03-20,19.000000,19.750000,18.990000,19.299999,16.630991,268700
2017-03-21,19.400000,19.549999,18.900000,19.200001,16.544821,274700
2017-03-22,19.000000,19.250000,18.950001,18.950001,16.329390,154800
2017-03-23,19.150000,19.150000,18.730000,18.850000,16.243221,212600
2017-03-24,19.000000,19.100000,18.700001,18.700001,16.113966,189500
2017-03-27,18.700001,18.840000,18.500000,18.500000,15.941623,105200
2017-03-28,18.600000,19.180000,18.600000,18.900000,16.286304,130500
2017-03-29,18.900000,19.450001,18.650000,19.350000,16.674076,185600
2017-03-30,19.350000,19.549999,19.250000,19.250000,16.587904,93800
2017-03-31,19.200001,20.129999,19.020000,20.000000,17.234188,449700
2017-04-03,20.000000,20.020000,19.400000,19.950001,17.191101,124700
2017-04-04,19.799999,20.150000,19.549999,19.650000,16.932589,121800
2017-04-05,19.750000,19.940001,19.250000,19.299999,16.630991,94300
2017-04-06,19.350000,19.799999,19.299999,19.799999,17.061844,58200
2017-04-07,19.700001,19.879999,19.650000,19.650000,16.932589,132700
2017-04-10,19.700001,20.000000,19.700001,19.850000,17.104929,86400
2017-04-11,19.850000,19.950001,19.180000,19.250000,16.587904,193800
2017-04-12,19.250000,19.600000,19.200001,19.350000,16.674076,105300
2017-04-13,19.350000,19.450001,19.150000,19.150000,16.501734,53100
2017-04-17,19.150000,19.350000,19.049999,19.150000,16.501734,67700
2017-04-18,19.100000,19.350000,19.049999,19.200001,16.544821,56500
2017-04-19,19.200001,19.350000,19.150000,19.200001,16.544821,66100
2017-04-20,19.299999,19.450001,19.100000,19.350000,16.674076,87600
2017-04-21,19.450001,19.700001,19.200001,19.650000,16.932589,121400
2017-04-24,19.750000,19.850000,19.500000,19.549999,16.846415,133700
2017-04-25,19.600000,19.799999,19.600000,19.700001,16.975676,86600
2017-04-26,19.750000,19.900000,19.549999,19.549999,16.846415,141700
2017-04-27,19.600000,19.840000,19.600000,19.650000,16.932589,157200
2017-04-28,19.500000,19.799999,19.240000,19.750000,17.018759,217700
2017-05-01,19.750000,20.250000,19.650000,20.200001,17.406530,239000
2017-05-02,20.250000,20.549999,20.250000,20.450001,17.621958,238600
2017-05-03,20.500000,20.500000,19.799999,19.900000,17.148014,302100
2017-05-04,19.400000,19.400000,18.740000,19.150000,16.927036,293200
2017-05-05,19.100000,19.400000,19.020000,19.299999,17.059624,98100
2017-05-08,19.250000,19.450001,18.950001,19.049999,16.838642,113800
2017-05-09,19.000000,19.000000,18.629999,18.850000,16.661861,148200
2017-05-10,19.000000,19.350000,18.830000,19.049999,16.838642,112900
2017-05-11,19.049999,19.049999,18.799999,18.900000,16.706055,59100
2017-05-12,18.950001,19.250000,18.799999,19.200001,16.971233,157700
2017-05-15,19.250000,19.299999,18.799999,19.000000,16.794447,173700
2017-05-16,19.100000,19.250000,18.950001,19.000000,16.794447,87600
2017-05-17,18.799999,18.950001,18.400000,18.450001,16.308294,146900
2017-05-18,18.500000,18.500000,18.000000,18.299999,16.175705,218100
2017-05-19,18.299999,18.700001,18.209999,18.600000,16.440880,63600
2017-05-22,18.600000,19.100000,18.600000,19.000000,16.794447,121600
2017-05-23,19.049999,19.049999,18.750000,18.850000,16.661861,73800
2017-05-24,18.950001,19.049999,18.750000,18.950001,16.750252,51700
2017-05-25,18.799999,19.000000,18.250000,18.299999,16.175705,118300
2017-05-26,18.299999,19.049999,18.200001,18.850000,16.661861,111900
2017-05-30,18.950001,19.000000,18.200001,18.250000,16.131510,88100
2017-05-31,18.299999,18.299999,17.850000,18.200001,16.087313,105300
2017-06-01,18.150000,18.549999,18.150000,18.299999,16.175705,43400
2017-06-02,18.299999,18.299999,18.000000,18.100000,15.998920,78300
2017-06-05,18.150000,18.340000,18.049999,18.299999,16.175705,74500
2017-06-06,18.450001,18.610001,18.100000,18.600000,16.440880,101000
2017-06-07,18.549999,18.620001,17.950001,18.000000,15.910530,98200
2017-06-08,17.950001,18.100000,17.799999,17.950001,15.866336,84200
2017-06-09,18.000000,18.450001,17.850000,18.400000,16.264097,63900
2017-06-12,18.450001,19.000000,18.400000,18.450001,16.308294,131100
2017-06-13,18.450001,18.600000,18.299999,18.450001,16.308294,74200
2017-06-14,18.500000,18.549999,17.850000,17.850000,15.777944,113500
2017-06-15,17.850000,17.969999,17.680000,17.750000,15.689550,101500
2017-06-16,17.700001,18.100000,17.700001,17.900000,15.822137,100800
2017-06-19,17.750000,18.000000,17.309999,17.350000,15.335984,152700
2017-06-20,17.250000,17.340000,16.750000,16.850000,14.894024,168500
2017-06-21,16.799999,16.950001,16.600000,16.600000,14.673045,114800
2017-06-22,16.600000,17.450001,16.600000,17.299999,15.291785,110000
2017-06-23,17.299999,17.650000,17.150000,17.600000,15.556963,104000
2017-06-26,17.600000,18.209999,17.600000,18.000000,15.910530,97100
2017-06-27,17.850000,18.100000,17.680000,17.799999,15.733745,89100
2017-06-28,17.799999,18.100000,17.549999,17.799999,15.733745,92800
2017-06-29,17.600000,17.980000,17.400000,17.700001,15.645353,91500
2017-06-30,17.600000,18.049999,17.450001,17.549999,15.512768,151500
2017-07-03,17.750000,18.500000,17.700001,18.350000,16.219904,99100
2017-07-05,18.299999,18.299999,17.680000,18.049999,15.954725,115000
2017-07-06,18.049999,18.100000,17.600000,17.700001,15.645353,70100
2017-07-07,17.500000,17.700001,17.299999,17.549999,15.512768,58400
2017-07-10,17.350000,17.700001,17.299999,17.500000,15.468571,75100
2017-07-11,17.500000,17.799999,17.459999,17.650000,15.601158,39200
2017-07-12,17.700001,18.200001,17.700001,18.049999,15.954725,107700
2017-07-13,18.299999,18.299999,18.000000,18.299999,16.175705,48500
2017-07-14,18.150000,18.650000,18.150000,18.500000,16.352488,102700
2017-07-17,18.350000,18.660000,18.350000,18.450001,16.308294,72400
2017-07-18,18.450001,18.850000,18.450001,18.799999,16.617664,86400
2017-07-19,18.799999,19.150000,18.690001,19.049999,16.838642,158700
2017-07-20,19.100000,19.200001,19.049999,19.200001,16.971233,82300
2017-07-21,19.250000,19.299999,19.059999,19.250000,17.015429,55700
2017-07-24,19.299999,19.500000,19.260000,19.350000,17.103819,48600
2017-07-25,19.450001,19.799999,19.450001,19.549999,17.280602,136600
2017-07-26,19.850000,19.850000,19.650000,19.750000,17.457388,161400
2017-07-27,19.750000,19.850000,19.490000,19.500000,17.236406,95000
2017-07-28,19.500000,19.750000,19.200001,19.299999,17.059624,98800
2017-07-31,19.450001,19.850000,18.850000,19.850000,17.545778,161000
2017-08-01,19.850000,19.850000,19.400000,19.600000,17.324800,92200
2017-08-02,19.549999,19.750000,19.299999,19.500000,17.236406,235500
2017-08-03,18.799999,19.000000,18.400000,18.650000,16.918894,122600
2017-08-04,18.500000,18.600000,18.150000,18.200001,16.510664,88100
2017-08-07,18.200001,18.309999,17.910000,17.950001,16.283871,76800
2017-08-08,17.850000,18.150000,17.610001,17.700001,16.057074,109100
2017-08-09,17.900000,18.299999,17.820000,18.000000,16.329229,90500
2017-08-10,17.950001,18.200001,17.940001,18.049999,16.374586,59200
2017-08-11,17.900000,18.299999,17.850000,18.150000,16.465305,69600
2017-08-14,18.250000,18.299999,17.900000,17.950001,16.283871,96300
2017-08-15,17.850000,18.049999,17.500000,17.850000,16.193151,173800
2017-08-16,17.850000,17.850000,17.400000,17.400000,15.784920,104800
2017-08-17,17.350000,17.370001,17.100000,17.150000,15.558125,58800
2017-08-18,17.100000,17.200001,16.840000,17.000000,15.422049,124800
2017-08-21,16.900000,16.920000,16.650000,16.750000,15.195253,122000
2017-08-22,16.750000,17.450001,16.750000,17.150000,15.558125,103700
2017-08-23,17.100000,17.600000,17.000000,17.200001,15.603484,71100
2017-08-24,17.049999,17.250000,17.049999,17.100000,15.512768,43100
2017-08-25,17.250000,17.270000,16.549999,16.750000,15.195253,136500
2017-08-28,16.750000,16.799999,16.540001,16.700001,15.149895,104000
2017-08-29,16.700001,16.850000,16.240000,16.799999,15.240612,189200
2017-08-30,16.650000,16.900000,16.600000,16.850000,15.285973,88400
2017-08-31,16.850000,17.299999,16.650000,17.150000,15.558125,102000
2017-09-01,17.250000,17.450001,17.190001,17.299999,15.694201,46600
2017-09-05,17.299999,17.459999,16.900000,17.000000,15.422049,52600
2017-09-06,17.000000,17.200001,16.870001,17.000000,15.422049,79700
2017-09-07,17.049999,17.100000,16.750000,17.000000,15.422049,69300
2017-09-08,16.900000,16.900000,16.250000,16.400000,14.877741,217200
2017-09-11,16.500000,16.900000,16.250000,16.400000,14.877741,127700
2017-09-12,16.450001,16.700001,16.299999,16.400000,14.877741,107500
2017-09-13,16.299999,16.600000,16.299999,16.500000,14.968459,101200
2017-09-14,16.500000,16.830000,16.500000,16.799999,15.240612,104700
2017-09-15,16.650000,16.809999,16.400000,16.450001,14.923101,816900
2017-09-18,16.500000,16.650000,16.400000,16.500000,14.968459,118700
2017-09-19,16.450001,16.600000,16.450001,16.500000,14.968459,51500
2017-09-20,16.549999,16.799999,16.549999,16.600000,15.059178,73200
2017-09-21,16.549999,16.600000,16.200001,16.400000,14.877741,109300
2017-09-22,16.299999,16.750000,16.299999,16.600000,15.059178,69600
2017-09-25,16.600000,16.950001,16.549999,16.700001,15.149895,132700
2017-09-26,16.700001,16.860001,16.450001,16.500000,14.968459,158100
2017-09-27,16.500000,16.850000,16.500000,16.750000,15.195253,71100
2017-09-28,16.700001,16.700001,16.049999,16.049999,14.560228,235600
2017-09-29,16.100000,16.200001,15.550000,15.550000,14.106639,634700
2017-10-02,15.550000,16.750000,15.450000,16.750000,15.195253,228400
2017-10-03,16.750000,16.799999,16.559999,16.650000,15.104537,76000
2017-10-04,16.650000,16.799999,16.600000,16.750000,15.195253,79800
2017-10-05,16.650000,17.000000,16.500000,16.900000,15.331331,84200
2017-10-06,16.850000,16.850000,16.700001,16.799999,15.240612,45800
2017-10-09,16.850000,16.959999,16.629999,16.799999,15.240612,94000
2017-10-10,16.900000,16.950001,16.799999,16.850000,15.285973,57000
2017-10-11,17.000000,17.200001,16.809999,17.100000,15.512768,110300
2017-10-12,17.049999,17.299999,17.049999,17.200001,15.603484,43400
2017-10-13,17.250000,17.299999,16.750000,16.850000,15.285973,70300
2017-10-16,16.850000,16.950001,16.750000,16.799999,15.240612,46500
2017-10-17,16.700001,16.799999,16.650000,16.700001,15.149895,51800
2017-10-18,16.700001,16.709999,15.950000,16.200001,14.696306,125300
2017-10-19,16.100000,16.549999,16.100000,16.299999,14.787023,53400
2017-10-20,16.350000,16.750000,16.350000,16.549999,15.013818,50600
2017-10-23,16.400000,16.549999,16.250000,16.350000,14.832382,144700
2017-10-24,16.549999,16.650000,16.450001,16.500000,14.968459,66600
2017-10-25,16.500000,16.750000,16.410000,16.450001,14.923101,118300
2017-10-26,16.000000,16.650000,15.950000,16.100000,14.605588,173300
2017-10-27,16.000000,16.549999,15.800000,15.900000,14.424150,162000
2017-10-30,15.900000,16.350000,15.900000,16.000000,14.514870,89000
2017-10-31,16.150000,16.150000,15.900000,15.950000,14.469510,64000
2017-11-01,15.900000,16.299999,15.900000,16.049999,14.560228,106900
2017-11-02,15.900000,16.200001,15.800000,15.900000,14.424150,148900
2017-11-03,16.000000,16.150000,15.700000,15.950000,14.469510,121400
2017-11-06,15.400000,15.700000,15.300000,15.650000,14.656818,113300
2017-11-07,15.450000,15.650000,15.400000,15.450000,14.469510,123700
2017-11-08,15.400000,15.450000,14.970000,15.100000,14.141723,223000
2017-11-09,14.800000,15.100000,14.150000,14.500000,13.579800,560200
2017-11-10,14.750000,15.000000,14.300000,14.450000,13.532972,297100
2017-11-13,14.250000,14.400000,13.900000,14.200000,13.298838,228300
2017-11-14,14.150000,14.230000,13.200000,13.500000,12.643262,412500
2017-11-15,13.450000,14.300000,13.450000,13.950000,13.064704,256900
2017-11-16,13.900000,13.940000,13.400000,13.400000,12.549608,253100
2017-11-17,13.350000,13.750000,13.250000,13.730000,12.858665,143000
2017-11-20,13.750000,13.800000,13.350000,13.400000,12.549608,99100
2017-11-21,13.400000,13.500000,13.150000,13.150000,12.315474,240900
2017-11-22,13.100000,13.500000,13.100000,13.400000,12.549608,69200
2017-11-24,13.300000,13.850000,13.300000,13.800000,12.924224,83600
2017-11-27,13.950000,13.990000,13.500000,13.500000,12.643262,135600
2017-11-28,13.500000,13.550000,13.200000,13.400000,12.549608,121300
2017-11-29,13.300000,13.430000,12.900000,13.050000,12.221820,191400
2017-11-30,12.900000,13.500000,12.900000,13.450000,12.596435,127100
2017-12-01,13.350000,13.850000,13.310000,13.800000,12.924224,124900
2017-12-04,13.650000,14.000000,13.640000,13.750000,12.877397,154800
2017-12-05,13.700000,13.750000,13.450000,13.600000,12.736917,114100
2017-12-06,13.550000,13.550000,12.900000,13.050000,12.221820,158600
2017-12-07,13.000000,13.100000,12.700000,12.900000,12.081339,231100
2017-12-08,12.850000,13.350000,12.800000,13.200000,12.362301,283900
2017-12-11,13.300000,14.400000,13.300000,14.350000,13.439319,356800
2017-12-12,14.500000,14.950000,14.150000,14.550000,13.626627,261700
2017-12-13,14.650000,14.850000,14.550000,14.750000,13.813934,241700
2017-12-14,14.750000,15.300000,14.650000,15.200000,14.235376,260900
2017-12-15,15.300000,15.300000,14.760000,15.050000,14.094895,999000
2017-12-18,15.200000,15.270000,14.690000,14.950000,14.001242,220700
2017-12-19,14.950000,15.100000,14.550000,14.600000,13.673453,206100
2017-12-20,14.600000,14.600000,14.100000,14.350000,13.439319,197600
2017-12-21,14.200000,14.400000,14.000000,14.200000,13.298838,243200
2017-12-22,14.100000,14.200000,13.900000,13.950000,13.064704,178000
2017-12-26,13.850000,14.450000,13.850000,14.100000,13.205185,158100
2017-12-27,14.000000,14.100000,13.850000,13.900000,13.017877,137300
2017-12-28,13.750000,14.000000,13.750000,13.800000,12.924224,237300
2017-12-29,13.850000,14.050000,13.600000,14.000000,13.111530,296800
2018-01-02,14.000000,14.800000,14.000000,14.500000,13.579800,141900
2018-01-03,14.650000,15.000000,14.550000,14.700000,13.767107,234400
2018-01-04,14.950000,14.960000,14.400000,14.650000,13.720280,109700
2018-01-05,14.650000,14.750000,14.360000,14.550000,13.626627,75500
2018-01-08,14.500000,14.730000,14.360000,14.600000,13.673453,79300
2018-01-09,14.650000,14.750000,14.500000,14.700000,13.767107,119700
2018-01-10,14.600000,15.150000,14.590000,14.900000,13.954414,161000
2018-01-11,15.000000,15.600000,14.940000,15.500000,14.516337,213000
2018-01-12,15.500000,15.950000,15.410000,15.850000,14.844127,271400
2018-01-16,15.650000,15.890000,15.250000,15.250000,14.282203,200800
2018-01-17,15.250000,15.600000,15.250000,15.350000,14.375857,103400
2018-01-18,15.450000,15.500000,15.250000,15.250000,14.282203,124900
2018-01-19,15.300000,15.800000,15.300000,15.600000,14.609992,132100
2018-01-22,15.500000,16.250000,15.500000,16.100000,15.078261,224400
2018-01-23,16.299999,16.350000,16.000000,16.250000,15.218741,144600
2018-01-24,16.350000,16.580000,16.200001,16.400000,15.359221,121300
2018-01-25,16.450001,16.799999,16.350000,16.600000,15.546531,197200
2018-01-26,16.750000,16.900000,16.500000,16.799999,15.733836,160400
2018-01-29,16.799999,16.809999,16.150000,16.299999,15.265568,258000
2018-01-30,16.100000,16.100000,15.360000,16.000000,14.984607,185900
2018-01-31,16.250000,16.400000,16.059999,16.200001,15.171915,82000
2018-02-01,16.299999,16.549999,16.200001,16.350000,15.312395,96500
2018-02-02,16.250000,16.250000,15.700000,16.049999,15.031433,127700
2018-02-05,16.450001,16.540001,16.000000,16.100000,15.078261,336900
2018-02-06,14.700000,15.880000,14.510000,15.800000,15.271572,224800
2018-02-07,15.500000,16.000000,15.250000,15.950000,15.416554,138200
2018-02-08,15.900000,16.000000,15.100000,15.300000,14.788295,131000
2018-02-09,15.500000,15.500000,14.450000,15.100000,14.594983,170600
2018-02-12,15.000000,15.550000,15.000000,15.250000,14.739966,153200
2018-02-13,15.150000,15.310000,15.000000,15.250000,14.739966,96600
2018-02-14,15.300000,15.750000,15.150000,15.550000,15.029933,119700
2018-02-15,16.200001,16.950001,15.750000,16.650000,16.093143,311400
2018-02-16,16.549999,16.750000,16.000000,16.250000,15.706522,154800
2018-02-20,16.150000,16.450001,15.950000,16.049999,15.513210,97900
2018-02-21,16.100000,16.400000,16.000000,16.049999,15.513210,98200
2018-02-22,15.750000,15.800000,13.800000,14.550000,14.063378,794300
2018-02-23,14.550000,15.000000,14.010000,14.750000,14.256689,194600
2018-02-26,14.700000,14.850000,14.500000,14.600000,14.111706,108200
2018-02-27,14.450000,14.550000,14.100000,14.200000,13.725083,108600
2018-02-28,14.150000,14.190000,13.800000,13.800000,13.338462,120000
2018-03-01,13.850000,14.090000,13.750000,13.900000,13.435117,121700
2018-03-02,13.750000,14.100000,13.620000,13.750000,13.290133,120800
2018-03-05,13.800000,14.060000,13.800000,13.900000,13.435117,108900
2018-03-06,14.000000,14.100000,13.650000,13.700000,13.241806,135400
2018-03-07,13.600000,13.800000,13.600000,13.600000,13.145151,70600
2018-03-08,13.600000,13.710000,13.450000,13.450000,13.000167,81800
2018-03-09,13.500000,13.750000,13.460000,13.500000,13.048495,93600
2018-03-12,13.550000,13.800000,13.550000,13.800000,13.338462,105600
2018-03-13,13.800000,13.900000,13.650000,13.750000,13.290133,68900
2018-03-14,13.850000,14.000000,13.700000,14.000000,13.531773,84000
2018-03-15,14.000000,14.000000,13.300000,13.600000,13.145151,166400
2018-03-16,13.600000,13.740000,13.350000,13.350000,12.903512,219900
2018-03-19,13.300000,13.430000,13.000000,13.000000,12.565217,154800
2018-03-20,13.050000,13.430000,12.900000,13.000000,12.565217,115500
2018-03-21,13.000000,13.480000,13.000000,13.350000,12.903512,109000
2018-03-22,13.200000,13.450000,13.050000,13.100000,12.661873,76300
2018-03-23,13.200000,13.800000,13.200000,13.550000,13.096823,198800
2018-03-26,13.700000,13.750000,13.400000,13.600000,13.145151,91800
2018-03-27,13.650000,13.900000,13.350000,13.450000,13.000167,103900
2018-03-28,13.550000,13.800000,13.250000,13.350000,12.903512,104100
2018-03-29,13.250000,13.730000,13.100000,13.500000,13.048495,124500
2018-04-02,13.450000,13.550000,13.250000,13.250000,12.806856,48300
2018-04-03,13.400000,13.500000,13.100000,13.300000,12.855184,113400
2018-04-04,13.200000,13.700000,13.150000,13.500000,13.048495,91100
2018-04-05,13.500000,14.050000,13.500000,13.850000,13.386789,116400
2018-04-06,13.850000,14.100000,13.750000,13.900000,13.435117,70800
2018-04-09,14.000000,14.000000,13.600000,13.600000,13.145151,69400
2018-04-10,13.700000,14.000000,13.600000,13.950000,13.483444,68300
2018-04-11,13.950000,14.500000,13.950000,14.350000,13.870068,106900
2018-04-12,14.250000,14.530000,13.950000,14.000000,13.531773,105100
2018-04-13,14.050000,14.200000,13.950000,13.950000,13.483444,105400
2018-04-16,14.100000,14.500000,14.050000,14.300000,13.821739,124400
2018-04-17,14.100000,14.500000,14.100000,14.400000,13.918394,59000
2018-04-18,14.650000,15.300000,14.550000,15.300000,14.788295,328400
2018-04-19,15.400000,15.400000,14.880000,14.900000,14.401671,185500
2018-04-20,15.000000,15.350000,14.900000,15.300000,14.788295,153800
2018-04-23,15.300000,15.900000,15.250000,15.500000,14.981606,189200
2018-04-24,15.500000,15.650000,15.200000,15.350000,14.836622,86300
2018-04-25,15.350000,15.850000,15.050000,15.700000,15.174916,114400
2018-04-26,15.750000,16.000000,15.450000,15.550000,15.029933,143600
2018-04-27,15.600000,16.000000,15.550000,15.900000,15.368227,145200
2018-04-30,16.000000,16.200001,15.850000,15.950000,15.416554,171000
2018-05-01,16.000000,16.000000,15.200000,15.300000,14.788295,226800
2018-05-02,15.250000,15.500000,14.480000,14.550000,14.063378,452100
2018-05-03,14.550000,14.880000,14.450000,14.550000,14.063378,138000
2018-05-04,14.600000,15.050000,14.500000,14.950000,14.450000,252300
2018-05-07,14.600000,15.030000,14.560000,14.800000,14.800000,167300
2018-05-08,14.700000,14.700000,14.250000,14.400000,14.400000,129400
2018-05-09,14.600000,14.800000,14.200000,14.500000,14.500000,128000
2018-05-10,14.500000,14.650000,14.300000,14.450000,14.450000,139800
2018-05-11,14.550000,14.750000,14.310000,14.450000,14.450000,237200
2018-05-14,14.400000,14.650000,14.400000,14.600000,14.600000,130700
2018-05-15,14.750000,14.750000,14.450000,14.550000,14.550000,123400
2018-05-16,14.400000,15.000000,14.400000,14.950000,14.950000,174800
2018-05-17,14.900000,15.070000,14.700000,14.800000,14.800000,88100
2018-05-18,14.750000,14.800000,14.550000,14.800000,14.800000,57700
2018-05-21,14.750000,15.200000,14.750000,15.000000,15.000000,116300
2018-05-22,15.000000,15.300000,14.950000,15.150000,15.150000,128700
2018-05-23,15.250000,15.250000,14.900000,15.100000,15.100000,42100
2018-05-24,14.900000,15.000000,14.850000,14.900000,14.900000,64500
2018-05-25,14.800000,14.950000,14.550000,14.750000,14.750000,95900
2018-05-29,14.550000,14.900000,14.550000,14.700000,14.700000,64800
2018-05-30,14.700000,15.100000,14.700000,14.950000,14.950000,61000
2018-05-31,14.900000,15.150000,14.850000,15.100000,15.100000,94300
2018-06-01,15.100000,15.250000,14.850000,15.250000,15.250000,139200
2018-06-04,15.250000,15.400000,15.050000,15.300000,15.300000,123000
2018-06-05,15.250000,15.350000,15.100000,15.100000,15.100000,57700
2018-06-06,15.050000,15.150000,14.850000,14.850000,14.850000,74500
2018-06-07,14.800000,15.100000,14.800000,14.900000,14.900000,35300
2018-06-08,14.900000,14.950000,14.700000,14.750000,14.750000,102400
2018-06-11,14.550000,14.650000,13.950000,14.550000,14.550000,333800
2018-06-12,14.500000,14.700000,14.150000,14.200000,14.200000,258200
2018-06-13,14.200000,14.550000,13.800000,13.900000,13.900000,238500
2018-06-14,14.000000,14.110000,13.850000,13.900000,13.900000,190300
2018-06-15,13.800000,13.900000,13.500000,13.650000,13.650000,739100
2018-06-18,13.700000,14.100000,13.650000,13.900000,13.900000,184100
2018-06-19,13.750000,13.950000,13.750000,13.850000,13.850000,104600
2018-06-20,13.900000,14.200000,13.800000,14.000000,14.000000,96100
2018-06-21,13.850000,14.100000,13.850000,14.000000,14.000000,90400
2018-06-22,14.150000,14.350000,14.000000,14.000000,14.000000,212800
2018-06-25,14.000000,14.140000,13.650000,13.700000,13.700000,99800
2018-06-26,13.750000,13.850000,13.550000,13.700000,13.700000,186700
2018-06-27,13.700000,13.800000,13.650000,13.650000,13.650000,76300
2018-06-28,13.600000,13.800000,13.400000,13.650000,13.650000,124100
2018-06-29,13.700000,13.800000,13.600000,13.800000,13.800000,156700
