Date,Open,High,Low,Close,Adj Close,Volume
2014-04-10,6.000000,6.400000,6.000000,6.400000,6.400000,3500
2014-04-11,6.400000,7.100000,6.400000,7.000000,7.000000,4500
2014-04-14,7.600000,7.600000,7.600000,7.600000,7.600000,1000
2014-04-15,7.600000,8.000000,7.400000,8.000000,8.000000,3500
2014-04-16,7.900000,8.200000,7.700000,8.200000,8.200000,1800
2014-04-17,8.100000,8.100000,8.100000,8.100000,8.100000,500
2014-04-21,8.380000,8.380000,8.300000,8.300000,8.300000,200
2014-04-22,8.500000,8.500000,8.500000,8.500000,8.500000,100
2014-04-23,8.500000,8.500000,8.500000,8.500000,8.500000,100
2014-04-24,8.300000,8.300000,8.300000,8.300000,8.300000,100
2014-04-25,8.280000,8.280000,8.280000,8.280000,8.280000,100
2014-04-28,8.280000,8.500000,8.280000,8.300000,8.300000,500
2014-04-29,9.800000,9.800000,9.600000,9.600000,9.600000,200
2014-04-30,9.800000,9.800000,9.800000,9.800000,9.800000,100
2014-05-01,9.600000,9.600000,9.600000,9.600000,9.600000,300
2014-05-02,9.600000,9.600000,9.600000,9.600000,9.600000,100
2014-05-05,9.000000,9.000000,9.000000,9.000000,9.000000,500
2014-05-06,9.600000,9.600000,9.600000,9.600000,9.600000,300
2014-05-07,9.900000,9.900000,9.800000,9.800000,9.800000,300
2014-05-08,10.000000,10.000000,9.700000,9.700000,9.700000,1000
2014-05-09,9.700000,9.700000,9.700000,9.700000,9.700000,1000
2014-05-12,9.900000,9.900000,9.700000,9.700000,9.700000,600
2014-05-13,9.700000,9.900000,9.620000,9.800000,9.800000,500
2014-05-14,9.800000,10.400000,9.660000,9.660000,9.660000,1500
2014-05-15,10.000000,10.000000,10.000000,10.000000,10.000000,100
2014-05-16,9.980000,10.400000,9.800000,9.800000,9.800000,600
2014-05-19,10.300000,10.300000,9.980000,9.980000,9.980000,100
2014-05-20,10.000000,10.000000,10.000000,10.000000,10.000000,200
2014-05-21,9.800000,9.800000,9.800000,9.800000,9.800000,300
2014-05-22,10.200000,10.200000,10.200000,10.200000,10.200000,100
2014-05-23,10.200000,10.200000,10.200000,10.200000,10.200000,0
2014-05-27,10.000000,10.000000,10.000000,10.000000,10.000000,100
2014-05-28,9.600000,10.000000,9.600000,10.000000,10.000000,100
2014-05-29,10.100000,10.100000,10.100000,10.100000,10.100000,100
2014-05-30,9.400000,10.200000,9.400000,10.100000,10.100000,500
2014-06-02,10.100000,10.100000,10.100000,10.100000,10.100000,100
2014-06-03,10.000000,10.000000,10.000000,10.000000,10.000000,100
2014-06-04,10.000000,10.000000,10.000000,10.000000,10.000000,100
2014-06-05,9.800000,10.100000,9.800000,10.100000,10.100000,200
2014-06-06,10.100000,10.100000,10.100000,10.100000,10.100000,100
2014-06-09,10.100000,10.100000,10.100000,10.100000,10.100000,100
2014-06-10,10.200000,10.200000,10.200000,10.200000,10.200000,100
2014-06-11,10.200000,10.200000,10.200000,10.200000,10.200000,100
2014-06-12,10.200000,10.200000,10.200000,10.200000,10.200000,100
2014-06-13,10.200000,10.200000,10.200000,10.200000,10.200000,100
2014-06-16,10.300000,10.300000,9.400000,10.300000,10.300000,200
2014-06-17,10.300000,10.300000,10.300000,10.300000,10.300000,200
2014-06-18,10.300000,10.300000,10.300000,10.300000,10.300000,100
2014-06-19,10.300000,10.400000,10.300000,10.400000,10.400000,400
2014-06-20,10.300000,10.300000,10.300000,10.300000,10.300000,100
2014-06-23,10.300000,10.400000,10.300000,10.400000,10.400000,300
2014-06-24,10.300000,10.400000,10.300000,10.400000,10.400000,100
2014-06-25,10.300000,10.400000,10.300000,10.400000,10.400000,300
2014-06-26,10.300000,10.400000,10.300000,10.400000,10.400000,200
2014-06-27,10.300000,10.300000,10.300000,10.300000,10.300000,300
2014-06-30,10.300000,10.300000,10.300000,10.300000,10.300000,200
2014-07-01,10.360000,22.000000,10.360000,11.000000,11.000000,600
2014-07-02,11.400000,11.400000,11.400000,11.400000,11.400000,100
2014-07-03,11.400000,11.400000,11.400000,11.400000,11.400000,0
2014-07-07,11.400000,11.400000,11.400000,11.400000,11.400000,400
2014-07-08,11.400000,11.400000,11.400000,11.400000,11.400000,100
2014-07-09,11.400000,11.600000,11.400000,11.600000,11.600000,300
2014-07-10,11.600000,11.800000,11.600000,11.800000,11.800000,200
2014-07-11,11.800000,11.800000,11.800000,11.800000,11.800000,100
2014-07-14,11.400000,11.400000,11.400000,11.400000,11.400000,300
2014-07-15,11.600000,11.600000,11.600000,11.600000,11.600000,300
2014-07-16,11.600000,11.600000,11.600000,11.600000,11.600000,200
2014-07-17,11.800000,11.800000,11.800000,11.800000,11.800000,100
2014-07-18,11.800000,11.800000,11.800000,11.800000,11.800000,200
2014-07-21,11.600000,11.600000,11.600000,11.600000,11.600000,100
2014-07-22,11.640000,11.640000,11.640000,11.640000,11.640000,100
2014-07-23,11.640000,11.640000,11.640000,11.640000,11.640000,100
2014-07-24,11.700000,11.700000,11.700000,11.700000,11.700000,200
2014-07-25,11.600000,11.600000,11.600000,11.600000,11.600000,100
2014-07-28,11.800000,11.800000,11.800000,11.800000,11.800000,100
2014-07-29,11.400000,11.400000,11.400000,11.400000,11.400000,200
2014-07-30,11.900000,11.900000,11.900000,11.900000,11.900000,100
2014-07-31,12.000000,12.000000,12.000000,12.000000,12.000000,200
2014-08-01,12.000000,12.000000,12.000000,12.000000,12.000000,100
2014-08-04,12.000000,12.000000,12.000000,12.000000,12.000000,100
2014-08-05,12.000000,12.000000,12.000000,12.000000,12.000000,200
2014-08-06,12.000000,12.500000,12.000000,12.500000,12.500000,300
2014-08-07,11.800000,12.200000,11.800000,12.200000,12.200000,200
2014-08-08,12.200000,12.200000,12.200000,12.200000,12.200000,200
2014-08-11,12.200000,12.200000,12.200000,12.200000,12.200000,200
2014-08-12,12.200000,12.200000,12.200000,12.200000,12.200000,100
2014-08-13,12.200000,12.500000,12.200000,12.500000,12.500000,200
2014-08-14,12.500000,12.500000,12.100000,12.100000,12.100000,400
2014-08-15,12.200000,12.200000,12.200000,12.200000,12.200000,100
2014-08-18,12.100000,12.100000,12.100000,12.100000,12.100000,200
2014-08-19,12.200000,12.200000,12.200000,12.200000,12.200000,300
2014-08-20,12.200000,12.400000,12.200000,12.400000,12.400000,300
2014-08-21,12.200000,12.200000,12.200000,12.200000,12.200000,200
2014-08-22,12.100000,12.100000,12.100000,12.100000,12.100000,300
2014-08-25,12.200000,12.200000,12.200000,12.200000,12.200000,200
2014-08-26,12.200000,12.200000,12.100000,12.100000,12.100000,500
2014-08-27,11.900000,12.000000,8.600000,8.600000,8.600000,800
2014-08-28,9.300000,11.100000,9.300000,10.700000,10.700000,1500
2014-08-29,11.000000,12.000000,11.000000,11.000000,11.000000,700
2014-09-02,11.200000,11.400000,11.200000,11.300000,11.300000,600
2014-09-03,11.500000,11.500000,11.000000,11.000000,11.000000,700
2014-09-04,10.800000,12.380000,10.800000,11.500000,11.500000,1000
2014-09-05,11.500000,11.600000,11.500000,11.600000,11.600000,400
2014-09-08,11.020000,12.000000,11.000000,11.600000,11.600000,1300
2014-09-09,11.600000,11.600000,11.000000,11.020000,11.020000,1600
2014-09-10,11.700000,11.700000,11.700000,11.700000,11.700000,300
2014-09-11,11.180000,11.800000,11.180000,11.800000,11.800000,300
2014-09-12,11.200000,11.700000,11.200000,11.700000,11.700000,200
2014-09-15,11.700000,11.700000,11.700000,11.700000,11.700000,400
2014-09-16,11.600000,11.600000,11.600000,11.600000,11.600000,200
2014-09-17,11.700000,11.700000,11.700000,11.700000,11.700000,300
2014-09-18,11.700000,11.700000,11.700000,11.700000,11.700000,0
2014-09-19,11.700000,11.700000,11.700000,11.700000,11.700000,300
2014-09-22,11.600000,11.600000,11.600000,11.600000,11.600000,600
2014-09-23,11.700000,11.700000,11.700000,11.700000,11.700000,100
2014-09-24,11.700000,11.700000,11.700000,11.700000,11.700000,0
2014-09-25,11.700000,11.700000,11.700000,11.700000,11.700000,0
2014-09-26,11.700000,11.700000,11.700000,11.700000,11.700000,0
2014-09-29,11.700000,11.700000,11.700000,11.700000,11.700000,0
2014-09-30,11.700000,11.700000,11.700000,11.700000,11.700000,0
2014-10-01,11.700000,11.700000,11.700000,11.700000,11.700000,300
2014-10-02,11.600000,11.700000,11.600000,11.700000,11.700000,600
2014-10-03,11.700000,11.700000,11.700000,11.700000,11.700000,0
2014-10-06,11.700000,11.700000,11.020000,11.020000,11.020000,400
2014-10-07,11.200000,11.200000,11.200000,11.200000,11.200000,200
2014-10-08,11.700000,11.700000,11.700000,11.700000,11.700000,300
2014-10-09,11.700000,11.700000,11.700000,11.700000,11.700000,500
2014-10-10,11.400000,11.400000,10.500000,11.000000,11.000000,600
2014-10-13,11.000000,11.000000,11.000000,11.000000,11.000000,0
2014-10-14,10.800000,10.800000,10.800000,10.800000,10.800000,300
2014-10-15,10.800000,10.800000,10.800000,10.800000,10.800000,0
2014-10-16,10.800000,10.800000,10.800000,10.800000,10.800000,0
2014-10-17,11.000000,11.000000,11.000000,11.000000,11.000000,300
2014-10-20,11.000000,11.000000,11.000000,11.000000,11.000000,0
2014-10-21,11.000000,11.000000,11.000000,11.000000,11.000000,0
2014-10-22,11.000000,11.000000,11.000000,11.000000,11.000000,0
2014-10-23,11.000000,11.000000,11.000000,11.000000,11.000000,0
2014-10-24,11.000000,11.000000,11.000000,11.000000,11.000000,0
2014-10-27,11.700000,11.700000,11.700000,11.700000,11.700000,300
2014-10-28,11.700000,11.700000,11.700000,11.700000,11.700000,0
2014-10-29,11.500000,11.500000,11.500000,11.500000,11.500000,300
2014-10-30,11.500000,11.700000,11.500000,11.700000,11.700000,400
2014-10-31,11.700000,11.700000,11.700000,11.700000,11.700000,0
2014-11-03,11.700000,11.700000,11.700000,11.700000,11.700000,200
2014-11-04,11.700000,11.700000,11.700000,11.700000,11.700000,0
2014-11-05,11.600000,11.600000,11.600000,11.600000,11.600000,200
2014-11-06,11.600000,11.600000,11.600000,11.600000,11.600000,300
2014-11-07,11.600000,11.600000,11.600000,11.600000,11.600000,300
2014-11-10,11.600000,11.600000,11.600000,11.600000,11.600000,0
2014-11-11,11.600000,11.600000,11.600000,11.600000,11.600000,0
2014-11-12,11.200000,11.200000,11.200000,11.200000,11.200000,300
2014-11-13,11.200000,11.200000,11.200000,11.200000,11.200000,0
2014-11-14,11.200000,11.200000,11.200000,11.200000,11.200000,0
2014-11-17,11.200000,11.200000,11.200000,11.200000,11.200000,0
2014-11-18,11.200000,11.200000,11.200000,11.200000,11.200000,0
2014-11-19,11.200000,11.200000,11.200000,11.200000,11.200000,0
2014-11-20,11.200000,11.200000,11.200000,11.200000,11.200000,0
2014-11-21,11.200000,11.200000,11.200000,11.200000,11.200000,0
2014-11-24,11.200000,11.200000,11.200000,11.200000,11.200000,0
2014-11-25,11.600000,11.600000,11.600000,11.600000,11.600000,200
2014-11-26,11.000000,11.000000,11.000000,11.000000,11.000000,300
2014-11-28,11.000000,11.600000,11.000000,11.600000,11.600000,400
2014-12-01,11.600000,11.600000,11.600000,11.600000,11.600000,0
2014-12-02,11.600000,11.600000,11.600000,11.600000,11.600000,0
2014-12-03,11.600000,11.600000,11.600000,11.600000,11.600000,0
2014-12-04,11.600000,11.600000,11.600000,11.600000,11.600000,0
2014-12-05,11.600000,11.600000,11.600000,11.600000,11.600000,0
2014-12-08,11.600000,11.600000,11.600000,11.600000,11.600000,0
2014-12-09,11.600000,11.600000,11.600000,11.600000,11.600000,0
2014-12-10,11.600000,11.600000,11.600000,11.600000,11.600000,0
2014-12-11,11.600000,11.600000,11.600000,11.600000,11.600000,0
2014-12-12,11.600000,11.600000,11.600000,11.600000,11.600000,0
2014-12-15,11.600000,11.600000,11.600000,11.600000,11.600000,0
2014-12-16,11.600000,11.600000,11.600000,11.600000,11.600000,0
2014-12-17,11.000000,11.000000,11.000000,11.000000,11.000000,400
2014-12-18,11.000000,11.000000,11.000000,11.000000,11.000000,0
2014-12-19,11.000000,11.000000,11.000000,11.000000,11.000000,0
2014-12-22,10.800000,10.800000,10.800000,10.800000,10.800000,300
2014-12-23,10.800000,10.800000,10.800000,10.800000,10.800000,0
2014-12-24,10.800000,10.800000,10.800000,10.800000,10.800000,0
2014-12-26,10.800000,10.800000,10.800000,10.800000,10.800000,0
2014-12-29,11.000000,11.000000,11.000000,11.000000,11.000000,100
2014-12-30,11.000000,11.000000,11.000000,11.000000,11.000000,0
2014-12-31,11.000000,11.000000,11.000000,11.000000,11.000000,0
2015-01-02,11.000000,11.000000,11.000000,11.000000,11.000000,0
2015-01-05,11.000000,11.000000,11.000000,11.000000,11.000000,0
2015-01-06,11.000000,11.000000,11.000000,11.000000,11.000000,0
2015-01-07,11.600000,11.600000,11.600000,11.600000,11.600000,100
2015-01-08,11.600000,11.600000,11.600000,11.600000,11.600000,0
2015-01-09,11.600000,11.600000,11.600000,11.600000,11.600000,0
2015-01-12,11.600000,11.600000,11.600000,11.600000,11.600000,0
2015-01-13,11.600000,11.600000,11.600000,11.600000,11.600000,0
2015-01-14,11.200000,11.200000,10.800000,10.800000,10.800000,600
2015-01-15,10.800000,10.800000,10.800000,10.800000,10.800000,0
2015-01-16,10.800000,10.800000,10.800000,10.800000,10.800000,0
2015-01-20,10.800000,10.800000,10.800000,10.800000,10.800000,0
2015-01-21,10.800000,10.800000,10.800000,10.800000,10.800000,0
2015-01-22,10.800000,10.800000,10.800000,10.800000,10.800000,0
2015-01-23,10.800000,10.800000,10.800000,10.800000,10.800000,0
2015-01-26,10.600000,10.600000,10.600000,10.600000,10.600000,300
2015-01-27,10.600000,10.600000,10.600000,10.600000,10.600000,0
2015-01-28,10.600000,10.600000,10.600000,10.600000,10.600000,0
2015-01-29,10.600000,10.600000,10.600000,10.600000,10.600000,0
2015-01-30,10.600000,10.600000,10.600000,10.600000,10.600000,0
2015-02-02,10.600000,10.600000,10.600000,10.600000,10.600000,0
2015-02-03,10.600000,10.600000,10.600000,10.600000,10.600000,100
2015-02-04,10.400000,10.400000,10.400000,10.400000,10.400000,200
2015-02-05,10.400000,10.400000,10.400000,10.400000,10.400000,0
2015-02-06,10.400000,10.400000,10.400000,10.400000,10.400000,0
2015-02-09,10.400000,10.400000,10.400000,10.400000,10.400000,0
2015-02-10,10.200000,10.200000,10.200000,10.200000,10.200000,2000
2015-02-11,10.200000,10.200000,10.200000,10.200000,10.200000,0
2015-02-12,10.200000,10.200000,10.200000,10.200000,10.200000,0
2015-02-13,10.200000,10.200000,10.200000,10.200000,10.200000,100
2015-02-17,10.200000,10.200000,10.200000,10.200000,10.200000,0
2015-02-18,10.200000,10.200000,10.200000,10.200000,10.200000,0
2015-02-19,10.200000,10.200000,10.200000,10.200000,10.200000,0
2015-02-20,10.200000,10.200000,10.200000,10.200000,10.200000,0
2015-02-23,10.200000,10.200000,10.200000,10.200000,10.200000,0
2015-02-24,10.200000,10.200000,10.200000,10.200000,10.200000,0
2015-02-25,10.000000,11.000000,10.000000,11.000000,11.000000,2100
2015-02-26,11.000000,11.000000,11.000000,11.000000,11.000000,0
2015-02-27,11.000000,11.000000,11.000000,11.000000,11.000000,0
2015-03-02,10.400000,10.400000,10.400000,10.400000,10.400000,200
2015-03-03,10.400000,10.400000,10.400000,10.400000,10.400000,0
2015-03-04,10.400000,10.400000,10.400000,10.400000,10.400000,0
2015-03-05,10.400000,10.400000,10.400000,10.400000,10.400000,0
2015-03-06,10.400000,10.400000,10.400000,10.400000,10.400000,0
2015-03-09,10.400000,10.400000,10.400000,10.400000,10.400000,0
2015-03-10,10.420000,11.800000,10.400000,11.800000,11.800000,1200
2015-03-11,11.800000,11.800000,11.800000,11.800000,11.800000,0
2015-03-12,11.800000,11.800000,11.800000,11.800000,11.800000,0
2015-03-13,11.800000,11.800000,11.800000,11.800000,11.800000,0
2015-03-16,11.800000,11.800000,11.800000,11.800000,11.800000,0
2015-03-17,11.800000,11.800000,11.800000,11.800000,11.800000,0
2015-03-18,11.160000,11.400000,11.160000,11.400000,11.400000,500
2015-03-19,11.400000,11.400000,11.400000,11.400000,11.400000,0
2015-03-20,11.400000,11.400000,11.400000,11.400000,11.400000,0
2015-03-23,11.400000,11.400000,11.400000,11.400000,11.400000,0
2015-03-24,11.400000,11.400000,11.400000,11.400000,11.400000,0
2015-03-25,11.400000,11.400000,11.400000,11.400000,11.400000,0
2015-03-26,11.400000,11.400000,11.400000,11.400000,11.400000,0
2015-03-27,11.400000,11.400000,11.400000,11.400000,11.400000,0
2015-03-30,11.400000,11.400000,11.400000,11.400000,11.400000,0
2015-03-31,11.400000,11.400000,11.400000,11.400000,11.400000,0
2015-04-01,11.400000,11.400000,11.400000,11.400000,11.400000,0
2015-04-02,11.400000,11.400000,11.400000,11.400000,11.400000,0
2015-04-06,11.400000,11.400000,11.400000,11.400000,11.400000,0
2015-04-07,11.400000,11.400000,11.400000,11.400000,11.400000,0
2015-04-08,11.400000,11.400000,11.400000,11.400000,11.400000,0
2015-04-09,11.200000,11.600000,11.200000,11.600000,11.600000,200
2015-04-10,11.600000,11.600000,11.600000,11.600000,11.600000,0
2015-04-13,11.600000,11.600000,11.600000,11.600000,11.600000,100
2015-04-14,11.600000,11.600000,11.600000,11.600000,11.600000,0
2015-04-15,11.600000,11.600000,11.600000,11.600000,11.600000,0
2015-04-16,11.400000,12.100000,11.400000,12.100000,12.100000,200
2015-04-17,12.100000,12.100000,12.100000,12.100000,12.100000,0
2015-04-20,12.100000,12.100000,12.100000,12.100000,12.100000,0
2015-04-21,12.100000,12.100000,12.100000,12.100000,12.100000,0
2015-04-22,12.100000,12.100000,12.100000,12.100000,12.100000,0
2015-04-23,11.400000,11.400000,11.400000,11.400000,11.400000,500
2015-04-24,11.400000,11.400000,11.400000,11.400000,11.400000,0
2015-04-27,11.400000,11.400000,11.400000,11.400000,11.400000,500
2015-04-28,11.400000,11.400000,11.400000,11.400000,11.400000,0
2015-04-29,11.400000,11.400000,11.400000,11.400000,11.400000,0
2015-04-30,11.400000,11.400000,11.400000,11.400000,11.400000,0
2015-05-01,11.400000,11.400000,11.400000,11.400000,11.400000,0
2015-05-04,11.400000,11.400000,11.400000,11.400000,11.400000,0
2015-05-05,11.600000,11.600000,11.600000,11.600000,11.600000,300
2015-05-06,11.600000,11.600000,11.600000,11.600000,11.600000,0
2015-05-07,12.100000,12.100000,11.800000,12.100000,12.100000,700
2015-05-08,12.100000,12.100000,11.800000,12.100000,12.100000,1400
2015-05-11,12.000000,12.400000,12.000000,12.400000,12.400000,2500
2015-05-12,12.200000,12.400000,12.200000,12.400000,12.400000,800
2015-05-13,12.000000,12.780000,12.000000,12.780000,12.780000,1100
2015-05-14,12.780000,12.780000,12.780000,12.780000,12.780000,0
2015-05-15,12.780000,12.780000,12.780000,12.780000,12.780000,200
2015-05-18,12.780000,12.780000,12.780000,12.780000,12.780000,0
2015-05-19,13.000000,13.000000,13.000000,13.000000,13.000000,100
2015-05-20,12.600000,12.600000,12.600000,12.600000,12.600000,200
2015-05-21,12.600000,12.600000,12.600000,12.600000,12.600000,0
2015-05-22,12.600000,12.600000,12.600000,12.600000,12.600000,0
2015-05-26,12.600000,12.600000,12.600000,12.600000,12.600000,0
2015-05-27,12.600000,12.600000,12.600000,12.600000,12.600000,0
2015-05-28,12.600000,12.600000,12.600000,12.600000,12.600000,0
2015-05-29,12.600000,12.600000,12.600000,12.600000,12.600000,100
2015-06-01,12.600000,12.600000,12.600000,12.600000,12.600000,0
2015-06-02,12.600000,12.600000,12.600000,12.600000,12.600000,0
2015-06-03,12.600000,12.600000,12.600000,12.600000,12.600000,0
2015-06-04,12.600000,12.600000,12.600000,12.600000,12.600000,0
2015-06-05,12.600000,12.600000,12.600000,12.600000,12.600000,100
2015-06-08,12.600000,12.600000,12.600000,12.600000,12.600000,0
2015-06-09,12.600000,12.600000,12.600000,12.600000,12.600000,0
2015-06-10,12.600000,12.600000,12.600000,12.600000,12.600000,0
2015-06-11,12.600000,12.600000,12.600000,12.600000,12.600000,0
2015-06-12,12.600000,12.600000,12.600000,12.600000,12.600000,0
2015-06-15,12.600000,12.600000,12.600000,12.600000,12.600000,0
2015-06-16,12.600000,12.600000,12.600000,12.600000,12.600000,0
2015-06-17,12.600000,12.600000,12.600000,12.600000,12.600000,0
2015-06-18,12.600000,12.600000,12.600000,12.600000,12.600000,0
2015-06-19,12.600000,12.600000,12.600000,12.600000,12.600000,0
2015-06-22,12.400000,12.400000,12.400000,12.400000,12.400000,100
2015-06-23,12.400000,12.400000,12.400000,12.400000,12.400000,100
2015-06-24,12.400000,12.400000,12.400000,12.400000,12.400000,0
2015-06-25,12.400000,12.400000,12.400000,12.400000,12.400000,0
2015-06-26,12.400000,12.400000,12.400000,12.400000,12.400000,0
2015-06-29,12.300000,12.300000,12.300000,12.300000,12.300000,100
2015-06-30,12.300000,12.300000,12.300000,12.300000,12.300000,0
2015-07-01,12.300000,12.300000,12.300000,12.300000,12.300000,0
2015-07-02,12.300000,12.300000,12.300000,12.300000,12.300000,0
2015-07-06,12.200000,12.200000,12.000000,12.000000,12.000000,500
2015-07-07,12.000000,12.000000,12.000000,12.000000,12.000000,0
2015-07-08,12.000000,12.000000,12.000000,12.000000,12.000000,0
2015-07-09,12.000000,12.000000,12.000000,12.000000,12.000000,0
2015-07-10,12.000000,12.000000,12.000000,12.000000,12.000000,0
2015-07-13,12.000000,12.000000,12.000000,12.000000,12.000000,0
2015-07-14,12.000000,12.000000,12.000000,12.000000,12.000000,0
2015-07-15,12.000000,12.000000,12.000000,12.000000,12.000000,0
2015-07-16,12.000000,12.000000,12.000000,12.000000,12.000000,0
2015-07-17,12.000000,12.000000,12.000000,12.000000,12.000000,0
2015-07-20,12.000000,12.000000,12.000000,12.000000,12.000000,0
2015-07-21,12.000000,12.000000,12.000000,12.000000,12.000000,0
2015-07-22,12.000000,12.000000,12.000000,12.000000,12.000000,0
2015-07-23,12.000000,12.000000,12.000000,12.000000,12.000000,0
2015-07-24,12.000000,12.000000,12.000000,12.000000,12.000000,0
2015-07-27,12.000000,12.000000,12.000000,12.000000,12.000000,0
2015-07-28,12.000000,12.000000,12.000000,12.000000,12.000000,0
2015-07-29,12.000000,12.000000,12.000000,12.000000,12.000000,0
2015-07-30,12.000000,12.000000,12.000000,12.000000,12.000000,0
2015-07-31,12.000000,12.000000,12.000000,12.000000,12.000000,0
2015-08-03,12.000000,12.000000,12.000000,12.000000,12.000000,0
2015-08-04,12.000000,12.000000,12.000000,12.000000,12.000000,0
2015-08-05,12.000000,12.000000,12.000000,12.000000,12.000000,0
2015-08-06,12.000000,12.000000,12.000000,12.000000,12.000000,0
2015-08-07,12.000000,12.000000,12.000000,12.000000,12.000000,0
2015-08-10,12.000000,12.000000,12.000000,12.000000,12.000000,0
2015-08-11,11.940000,11.940000,11.900000,11.900000,11.900000,300
2015-08-12,11.900000,11.900000,11.900000,11.900000,11.900000,0
2015-08-13,11.900000,11.900000,11.900000,11.900000,11.900000,0
2015-08-14,11.900000,11.900000,11.900000,11.900000,11.900000,0
2015-08-17,11.900000,11.900000,11.900000,11.900000,11.900000,0
2015-08-18,11.900000,11.900000,11.900000,11.900000,11.900000,0
2015-08-19,11.900000,11.900000,11.900000,11.900000,11.900000,0
2015-08-20,11.900000,11.900000,11.900000,11.900000,11.900000,0
2015-08-21,11.900000,11.900000,11.900000,11.900000,11.900000,0
2015-08-24,11.700000,11.700000,11.700000,11.700000,11.700000,300
2015-08-25,11.600000,11.600000,11.400000,11.400000,11.400000,400
2015-08-26,11.400000,11.400000,11.400000,11.400000,11.400000,100
2015-08-27,11.400000,11.400000,11.400000,11.400000,11.400000,0
2015-08-28,11.000000,13.000000,11.000000,13.000000,13.000000,300
2015-08-31,13.000000,13.000000,13.000000,13.000000,13.000000,0
2015-09-01,13.000000,13.000000,13.000000,13.000000,13.000000,0
2015-09-02,13.000000,13.000000,13.000000,13.000000,13.000000,0
2015-09-03,13.000000,13.000000,13.000000,13.000000,13.000000,0
2015-09-04,13.000000,13.000000,13.000000,13.000000,13.000000,0
2015-09-08,13.000000,13.000000,13.000000,13.000000,13.000000,0
2015-09-09,13.000000,13.000000,13.000000,13.000000,13.000000,0
2015-09-10,13.000000,13.000000,13.000000,13.000000,13.000000,0
2015-09-11,11.700000,11.700000,11.700000,11.700000,11.700000,300
2015-09-14,11.700000,11.700000,11.700000,11.700000,11.700000,0
2015-09-15,11.700000,11.700000,11.700000,11.700000,11.700000,0
2015-09-16,11.700000,11.700000,11.700000,11.700000,11.700000,0
2015-09-17,11.700000,11.700000,11.700000,11.700000,11.700000,0
2015-09-18,11.700000,11.700000,11.700000,11.700000,11.700000,0
2015-09-21,11.700000,11.700000,11.700000,11.700000,11.700000,0
2015-09-22,11.700000,11.700000,11.700000,11.700000,11.700000,0
2015-09-23,11.700000,11.700000,11.700000,11.700000,11.700000,0
2015-09-24,11.700000,11.700000,11.700000,11.700000,11.700000,0
2015-09-25,11.700000,11.700000,11.700000,11.700000,11.700000,0
2015-09-28,11.700000,11.700000,11.700000,11.700000,11.700000,0
2015-09-29,11.700000,11.700000,11.700000,11.700000,11.700000,0
2015-09-30,11.700000,11.700000,11.700000,11.700000,11.700000,0
2015-10-01,11.700000,11.700000,11.700000,11.700000,11.700000,0
2015-10-02,11.000000,11.000000,10.900000,10.900000,10.900000,300
2015-10-05,10.900000,10.900000,10.900000,10.900000,10.900000,0
2015-10-06,10.900000,10.900000,10.900000,10.900000,10.900000,0
2015-10-07,10.900000,10.900000,10.900000,10.900000,10.900000,0
2015-10-08,10.900000,10.900000,10.900000,10.900000,10.900000,0
2015-10-09,10.900000,10.900000,10.900000,10.900000,10.900000,0
2015-10-12,10.900000,10.900000,10.900000,10.900000,10.900000,0
2015-10-13,10.900000,10.900000,10.900000,10.900000,10.900000,0
2015-10-14,10.900000,10.900000,10.900000,10.900000,10.900000,0
2015-10-15,10.900000,10.900000,10.900000,10.900000,10.900000,0
2015-10-16,10.900000,10.900000,10.900000,10.900000,10.900000,0
2015-10-19,10.200000,10.200000,10.200000,10.200000,10.200000,100
2015-10-20,10.200000,10.200000,10.200000,10.200000,10.200000,0
2015-10-21,10.400000,10.400000,10.400000,10.400000,10.400000,100
2015-10-22,10.200000,10.200000,10.200000,10.200000,10.200000,100
2015-10-23,10.600000,10.600000,10.600000,10.600000,10.600000,200
2015-10-26,10.600000,10.600000,10.200000,10.200000,10.200000,1600
2015-10-27,10.600000,10.600000,10.200000,10.200000,10.200000,1300
2015-10-28,10.300000,10.400000,10.200000,10.200000,10.200000,3300
2015-10-29,10.300000,10.600000,10.300000,10.300000,10.300000,3900
2015-10-30,10.400000,10.400000,10.300000,10.300000,10.300000,2400
2015-11-02,10.500000,10.600000,10.400000,10.400000,10.400000,3300
2015-11-03,10.400000,10.500000,10.400000,10.400000,10.400000,2700
2015-11-04,10.500000,10.500000,10.300000,10.400000,10.400000,3300
2015-11-05,10.300000,10.300000,10.300000,10.300000,10.300000,100
2015-11-06,10.300000,10.300000,10.300000,10.300000,10.300000,300
2015-11-09,10.300000,10.300000,10.300000,10.300000,10.300000,0
2015-11-10,10.300000,10.300000,10.300000,10.300000,10.300000,0
2015-11-11,10.300000,10.300000,10.300000,10.300000,10.300000,0
2015-11-12,10.300000,10.300000,10.300000,10.300000,10.300000,0
2015-11-13,10.200000,10.200000,10.200000,10.200000,10.200000,100
2015-11-16,10.200000,10.200000,10.200000,10.200000,10.200000,0
2015-11-17,10.200000,10.200000,10.200000,10.200000,10.200000,0
2015-11-18,10.200000,10.200000,10.200000,10.200000,10.200000,0
2015-11-19,10.200000,10.200000,10.200000,10.200000,10.200000,0
2015-11-20,10.100000,10.100000,10.000000,10.000000,10.000000,300
2015-11-23,10.000000,10.000000,10.000000,10.000000,10.000000,0
2015-11-24,10.180000,10.180000,10.180000,10.180000,10.180000,300
2015-11-25,10.280000,10.280000,10.280000,10.280000,10.280000,300
2015-11-27,10.280000,10.400000,10.280000,10.400000,10.400000,500
2015-11-30,10.400000,10.400000,10.400000,10.400000,10.400000,0
2015-12-01,10.500000,10.500000,10.500000,10.500000,10.500000,300
2015-12-02,10.500000,10.500000,10.500000,10.500000,10.500000,300
2015-12-03,10.400000,10.400000,10.400000,10.400000,10.400000,100
2015-12-04,10.400000,10.400000,10.400000,10.400000,10.400000,0
2015-12-07,10.400000,10.400000,10.400000,10.400000,10.400000,0
2015-12-08,10.400000,10.400000,10.400000,10.400000,10.400000,0
2015-12-09,10.240000,10.240000,10.000000,10.000000,10.000000,1600
2015-12-10,10.300000,10.300000,10.300000,10.300000,10.300000,100
2015-12-11,10.100000,10.100000,10.080000,10.080000,10.080000,100
2015-12-14,10.080000,10.080000,10.080000,10.080000,10.080000,0
2015-12-15,10.080000,10.080000,10.080000,10.080000,10.080000,100
2015-12-16,10.000000,10.500000,9.980000,10.500000,10.500000,700
2015-12-17,9.000000,9.000000,9.000000,9.000000,9.000000,100
2015-12-18,10.000000,10.500000,9.800000,10.000000,10.000000,1500
2015-12-21,10.000000,10.000000,10.000000,10.000000,10.000000,0
2015-12-22,10.000000,10.000000,10.000000,10.000000,10.000000,0
2015-12-23,10.500000,10.500000,9.600000,9.600000,9.600000,400
2015-12-24,10.100000,10.400000,10.100000,10.100000,10.100000,700
2015-12-28,9.800000,9.800000,9.800000,9.800000,9.800000,500
2015-12-29,9.800000,9.800000,9.800000,9.800000,9.800000,0
2015-12-30,10.000000,10.000000,9.800000,10.000000,10.000000,500
2015-12-31,9.800000,10.000000,9.800000,10.000000,10.000000,700
2016-01-04,10.000000,10.000000,10.000000,10.000000,10.000000,0
2016-01-05,10.200000,10.200000,10.100000,10.100000,10.100000,1000
2016-01-06,10.100000,10.400000,9.500000,9.500000,9.500000,1500
2016-01-07,10.200000,10.200000,10.000000,10.000000,10.000000,300
2016-01-08,10.000000,10.000000,10.000000,10.000000,10.000000,0
2016-01-11,10.000000,10.000000,10.000000,10.000000,10.000000,0
2016-01-12,9.800000,10.100000,9.000000,9.200000,9.200000,2400
2016-01-13,9.800000,9.800000,9.100000,9.100000,9.100000,3500
2016-01-14,9.120000,9.120000,9.120000,9.120000,9.120000,500
2016-01-15,9.120000,9.120000,9.120000,9.120000,9.120000,0
2016-01-19,9.900000,10.000000,9.900000,10.000000,10.000000,200
2016-01-20,10.400000,10.440000,9.000000,10.000000,10.000000,3000
2016-01-21,9.000000,10.000000,9.000000,10.000000,10.000000,1900
2016-01-22,9.600000,9.600000,9.600000,9.600000,9.600000,500
2016-01-25,9.600000,9.600000,9.600000,9.600000,9.600000,0
2016-01-26,9.500000,9.500000,9.200000,9.200000,9.200000,300
2016-01-27,9.262000,10.100000,9.200000,9.200000,9.200000,200
2016-01-28,9.160000,10.400000,9.160000,10.400000,10.400000,100
2016-01-29,10.000000,10.000000,10.000000,10.000000,10.000000,100
2016-02-01,9.500000,9.616000,9.100000,9.100000,9.100000,900
2016-02-02,9.000000,9.078000,9.000000,9.000000,9.000000,400
2016-02-03,9.000000,9.000000,9.000000,9.000000,9.000000,0
2016-02-04,9.000000,9.400000,9.000000,9.400000,9.400000,3500
2016-02-05,9.400000,9.400000,9.400000,9.400000,9.400000,0
2016-02-08,9.100000,9.116000,9.000000,9.000000,9.000000,1400
2016-02-09,9.000000,9.000000,9.000000,9.000000,9.000000,0
2016-02-10,9.000000,9.000000,9.000000,9.000000,9.000000,0
2016-02-11,9.000000,9.000000,9.000000,9.000000,9.000000,0
2016-02-12,9.000000,9.000000,9.000000,9.000000,9.000000,0
2016-02-16,9.000000,9.000000,9.000000,9.000000,9.000000,0
2016-02-17,8.508000,8.508000,8.508000,8.508000,8.508000,1000
2016-02-18,8.300000,8.300000,8.154000,8.154000,8.154000,2300
2016-02-19,8.000000,8.216000,7.908000,8.000000,8.000000,1500
2016-02-22,8.000000,8.000000,8.000000,8.000000,8.000000,0
2016-02-23,8.000000,8.000000,8.000000,8.000000,8.000000,0
2016-02-24,8.000000,8.000000,8.000000,8.000000,8.000000,0
2016-02-25,8.000000,8.000000,8.000000,8.000000,8.000000,0
2016-02-26,8.000000,8.000000,8.000000,8.000000,8.000000,200
2016-02-29,7.980000,8.000000,7.980000,7.980000,7.980000,600
2016-03-01,7.980000,7.980000,7.980000,7.980000,7.980000,0
2016-03-02,7.900000,9.100000,7.900000,8.900000,8.900000,2500
2016-03-03,8.900000,8.900000,8.900000,8.900000,8.900000,0
2016-03-04,8.000000,8.300000,8.000000,8.000000,8.000000,900
2016-03-07,8.300000,8.378000,7.840000,7.840000,7.840000,300
2016-03-08,8.354000,8.354000,8.354000,8.354000,8.354000,100
2016-03-09,8.354000,8.354000,8.354000,8.354000,8.354000,0
2016-03-10,8.354000,8.354000,8.354000,8.354000,8.354000,0
2016-03-11,8.354000,8.354000,8.354000,8.354000,8.354000,0
2016-03-14,8.400000,8.692000,8.400000,8.600000,8.600000,1400
2016-03-15,8.692000,8.800000,8.600000,8.600000,8.600000,1600
2016-03-16,8.600000,8.600000,8.600000,8.600000,8.600000,500
2016-03-17,8.600000,8.600000,8.600000,8.600000,8.600000,0
2016-03-18,8.600000,8.600000,8.600000,8.600000,8.600000,1000
2016-03-21,8.600000,8.600000,8.600000,8.600000,8.600000,400
2016-03-22,8.600000,8.600000,8.600000,8.600000,8.600000,0
2016-03-23,8.600000,8.600000,8.600000,8.600000,8.600000,1000
2016-03-24,8.000000,8.000000,8.000000,8.000000,8.000000,1200
2016-03-28,8.000000,8.000000,8.000000,8.000000,8.000000,0
2016-03-29,8.000000,8.000000,8.000000,8.000000,8.000000,0
2016-03-30,8.538000,8.538000,8.000000,8.000000,8.000000,2000
2016-03-31,8.000000,8.000000,8.000000,8.000000,8.000000,0
2016-04-01,8.000000,8.000000,8.000000,8.000000,8.000000,0
2016-04-04,8.000000,8.000000,8.000000,8.000000,8.000000,0
2016-04-05,8.100000,8.100000,8.100000,8.100000,8.100000,100
2016-04-06,8.100000,8.100000,8.100000,8.100000,8.100000,0
2016-04-07,8.100000,8.100000,8.100000,8.100000,8.100000,0
2016-04-08,8.100000,8.100000,8.100000,8.100000,8.100000,0
2016-04-11,8.100000,8.100000,8.100000,8.100000,8.100000,0
2016-04-12,8.100000,8.100000,8.100000,8.100000,8.100000,100
2016-04-13,8.100000,8.100000,8.100000,8.100000,8.100000,0
2016-04-14,8.100000,8.100000,8.100000,8.100000,8.100000,0
2016-04-15,8.100000,8.100000,8.100000,8.100000,8.100000,0
2016-04-18,8.100000,8.100000,8.100000,8.100000,8.100000,0
2016-04-19,8.146000,8.146000,8.100000,8.100000,8.100000,600
2016-04-20,8.100000,8.100000,8.100000,8.100000,8.100000,0
2016-04-21,8.100000,8.100000,8.100000,8.100000,8.100000,0
2016-04-22,8.100000,8.100000,8.100000,8.100000,8.100000,0
2016-04-25,8.100000,8.100000,8.100000,8.100000,8.100000,0
2016-04-26,8.100000,8.100000,8.100000,8.100000,8.100000,0
2016-04-27,8.100000,8.100000,8.100000,8.100000,8.100000,0
2016-04-28,8.100000,8.100000,8.100000,8.100000,8.100000,0
2016-04-29,8.100000,8.100000,8.100000,8.100000,8.100000,0
2016-05-02,8.100000,8.100000,8.100000,8.100000,8.100000,0
2016-05-03,8.100000,8.100000,8.100000,8.100000,8.100000,0
2016-05-04,8.100000,8.100000,8.100000,8.100000,8.100000,0
2016-05-05,7.100000,7.100000,7.000000,7.000000,7.000000,1300
2016-05-06,7.000000,7.000000,7.000000,7.000000,7.000000,0
2016-05-09,7.000000,7.000000,7.000000,7.000000,7.000000,0
2016-05-10,7.000000,7.000000,7.000000,7.000000,7.000000,0
2016-05-11,7.000000,7.000000,7.000000,7.000000,7.000000,0
2016-05-12,7.000000,7.000000,7.000000,7.000000,7.000000,0
2016-05-13,7.600000,7.646000,7.600000,7.600000,7.600000,700
2016-05-16,7.600000,7.600000,7.600000,7.600000,7.600000,0
2016-05-17,8.000000,8.000000,8.000000,8.000000,8.000000,100
2016-05-18,8.000000,8.000000,8.000000,8.000000,8.000000,0
2016-05-19,8.000000,8.000000,8.000000,8.000000,8.000000,0
2016-05-20,8.000000,8.000000,8.000000,8.000000,8.000000,0
2016-05-23,8.000000,8.000000,8.000000,8.000000,8.000000,0
2016-05-24,8.000000,8.000000,8.000000,8.000000,8.000000,0
2016-05-25,8.000000,8.000000,8.000000,8.000000,8.000000,0
2016-05-26,8.000000,8.000000,8.000000,8.000000,8.000000,0
2016-05-27,8.000000,8.000000,8.000000,8.000000,8.000000,0
2016-05-31,8.000000,8.000000,8.000000,8.000000,8.000000,0
2016-06-01,8.000000,8.000000,8.000000,8.000000,8.000000,0
2016-06-02,8.000000,8.000000,8.000000,8.000000,8.000000,0
2016-06-03,8.000000,8.000000,8.000000,8.000000,8.000000,0
2016-06-06,8.000000,8.000000,8.000000,8.000000,8.000000,0
2016-06-07,8.000000,8.000000,8.000000,8.000000,8.000000,0
2016-06-08,8.000000,8.000000,8.000000,8.000000,8.000000,0
2016-06-09,6.400000,7.200000,6.308000,7.200000,7.200000,1500
2016-06-10,7.200000,7.200000,7.200000,7.200000,7.200000,0
2016-06-13,7.200000,7.200000,7.200000,7.200000,7.200000,0
2016-06-14,7.200000,7.200000,7.200000,7.200000,7.200000,0
2016-06-15,7.200000,7.200000,7.200000,7.200000,7.200000,0
2016-06-16,7.200000,7.200000,7.200000,7.200000,7.200000,0
2016-06-17,7.200000,7.200000,7.200000,7.200000,7.200000,0
2016-06-20,7.200000,7.200000,7.200000,7.200000,7.200000,0
2016-06-21,7.200000,7.200000,7.200000,7.200000,7.200000,0
2016-06-22,7.200000,7.200000,7.200000,7.200000,7.200000,0
2016-06-23,7.200000,7.200000,7.200000,7.200000,7.200000,0
2016-06-24,7.200000,7.200000,7.200000,7.200000,7.200000,0
2016-06-27,7.200000,7.200000,7.200000,7.200000,7.200000,0
2016-06-28,7.200000,7.200000,7.200000,7.200000,7.200000,0
2016-06-29,7.200000,7.200000,7.200000,7.200000,7.200000,0
2016-06-30,7.200000,8.200000,7.200000,8.200000,8.200000,300
2016-07-01,8.200000,8.200000,8.200000,8.200000,8.200000,100
2016-07-05,8.500000,8.500000,8.500000,8.500000,8.500000,100
2016-07-06,8.462000,8.462000,8.462000,8.462000,8.462000,200
2016-07-07,8.000000,8.000000,8.000000,8.000000,8.000000,400
2016-07-08,8.000000,8.000000,8.000000,8.000000,8.000000,100
2016-07-11,7.400000,7.400000,7.200000,7.400000,7.400000,600
2016-07-12,7.400000,7.400000,7.400000,7.400000,7.400000,0
2016-07-13,7.950000,7.950000,7.950000,7.950000,7.950000,100
2016-07-14,7.800000,7.800000,7.800000,7.800000,7.800000,100
2016-07-15,7.900000,7.900000,7.900000,7.900000,7.900000,100
2016-07-18,7.050000,7.050000,7.050000,7.050000,7.050000,200
2016-07-19,7.050000,7.050000,7.000000,7.000000,7.000000,400
2016-07-20,6.900000,6.900000,6.900000,6.900000,6.900000,100
2016-07-21,6.900000,6.900000,6.900000,6.900000,6.900000,100
2016-07-22,6.700000,6.700000,6.700000,6.700000,6.700000,100
2016-07-25,6.750000,6.800000,6.750000,6.750000,6.750000,1000
2016-07-26,6.750000,6.750000,6.750000,6.750000,6.750000,200
2016-07-27,6.646000,6.646000,6.646000,6.646000,6.646000,100
2016-07-28,6.500000,6.500000,6.500000,6.500000,6.500000,100
2016-07-29,6.650000,6.650000,6.650000,6.650000,6.650000,100
2016-08-01,6.558000,6.558000,6.558000,6.558000,6.558000,100
2016-08-02,6.558000,6.558000,6.558000,6.558000,6.558000,0
2016-08-03,6.558000,6.558000,6.558000,6.558000,6.558000,100
2016-08-04,6.400000,6.400000,6.400000,6.400000,6.400000,100
2016-08-05,6.500000,6.500000,6.500000,6.500000,6.500000,100
2016-08-08,6.290000,6.290000,6.200000,6.200000,6.200000,300
2016-08-09,6.154000,6.154000,6.154000,6.154000,6.154000,100
2016-08-10,6.046000,6.046000,6.046000,6.046000,6.046000,100
2016-08-11,6.046000,6.046000,6.000000,6.000000,6.000000,800
2016-08-12,6.054000,6.054000,6.054000,6.054000,6.054000,100
2016-08-15,5.977000,5.977000,5.977000,5.977000,5.977000,100
2016-08-16,5.977000,5.977000,5.977000,5.977000,5.977000,100
2016-08-17,5.923000,5.923000,5.923000,5.923000,5.923000,100
2016-08-18,5.923000,5.923000,5.923000,5.923000,5.923000,0
2016-08-19,5.900000,5.900000,5.800000,5.800000,5.800000,700
2016-08-22,6.154000,6.154000,6.154000,6.154000,6.154000,100
2016-08-23,5.950000,5.950000,5.950000,5.950000,5.950000,100
2016-08-24,5.900000,5.900000,5.900000,5.900000,5.900000,100
2016-08-25,6.035000,6.035000,6.035000,6.035000,6.035000,200
2016-08-26,6.050000,6.250000,6.050000,6.100000,6.100000,500
2016-08-29,6.046000,6.200000,6.046000,6.200000,6.200000,300
2016-08-30,6.046000,6.046000,6.000000,6.046000,6.046000,600
2016-08-31,5.950000,5.950000,5.950000,5.950000,5.950000,100
2016-09-01,5.950000,5.950000,5.650000,5.650000,5.650000,300
2016-09-02,5.650000,5.650000,5.650000,5.650000,5.650000,0
2016-09-06,4.500000,5.300000,4.300000,5.300000,5.300000,2100
2016-09-07,5.550000,5.550000,5.010000,5.010000,5.010000,200
2016-09-08,5.050000,5.050000,5.050000,5.050000,5.050000,100
2016-09-09,5.012000,5.012000,5.012000,5.012000,5.012000,100
2016-09-12,5.550000,5.550000,5.550000,5.550000,5.550000,100
2016-09-13,5.400000,5.650000,5.400000,5.650000,5.650000,1000
2016-09-14,5.630000,5.630000,5.630000,5.630000,5.630000,100
2016-09-15,5.630000,5.630000,5.630000,5.630000,5.630000,0
2016-09-16,5.400000,5.400000,5.400000,5.400000,5.400000,100
2016-09-19,5.400000,5.400000,5.400000,5.400000,5.400000,100
2016-09-20,5.400000,5.400000,5.400000,5.400000,5.400000,0
2016-09-21,5.600000,5.600000,5.600000,5.600000,5.600000,100
2016-09-22,5.690000,5.690000,5.690000,5.690000,5.690000,100
2016-09-23,5.700000,5.700000,5.700000,5.700000,5.700000,100
2016-09-26,5.400000,5.400000,5.400000,5.400000,5.400000,100
2016-09-27,5.390000,5.390000,5.390000,5.390000,5.390000,100
2016-09-28,5.300000,5.300000,5.300000,5.300000,5.300000,100
2016-09-29,5.300000,5.300000,5.300000,5.300000,5.300000,0
2016-09-30,5.300000,5.300000,5.300000,5.300000,5.300000,0
2016-10-03,5.500000,5.500000,5.500000,5.500000,5.500000,100
2016-10-04,5.400000,5.400000,5.400000,5.400000,5.400000,100
2016-10-05,5.400000,5.400000,5.400000,5.400000,5.400000,100
2016-10-06,5.400000,5.400000,5.400000,5.400000,5.400000,200
2016-10-07,5.400000,5.400000,5.400000,5.400000,5.400000,0
2016-10-10,5.400000,5.400000,5.400000,5.400000,5.400000,0
2016-10-11,5.400000,5.400000,5.400000,5.400000,5.400000,0
2016-10-12,5.500000,5.500000,5.500000,5.500000,5.500000,100
2016-10-13,5.500000,5.500000,5.500000,5.500000,5.500000,0
2016-10-14,5.500000,5.500000,5.500000,5.500000,5.500000,0
2016-10-17,5.500000,5.500000,5.500000,5.500000,5.500000,0
2016-10-18,5.500000,5.500000,5.500000,5.500000,5.500000,0
2016-10-19,5.500000,5.500000,5.500000,5.500000,5.500000,0
2016-10-20,5.500000,5.500000,5.500000,5.500000,5.500000,0
2016-10-21,5.300000,5.300000,5.300000,5.300000,5.300000,200
2016-10-24,5.300000,5.300000,5.300000,5.300000,5.300000,100
2016-10-25,5.346000,5.346000,5.346000,5.346000,5.346000,100
2016-10-26,5.300000,5.300000,5.300000,5.300000,5.300000,100
2016-10-27,5.300000,5.300000,5.300000,5.300000,5.300000,100
2016-10-28,5.300000,5.300000,5.300000,5.300000,5.300000,0
2016-10-31,5.200000,5.200000,5.200000,5.200000,5.200000,100
2016-11-01,5.200000,5.200000,5.200000,5.200000,5.200000,100
2016-11-02,5.200000,5.300000,5.200000,5.300000,5.300000,200
2016-11-03,5.400000,5.400000,5.240000,5.240000,5.240000,900
2016-11-04,5.250000,5.250000,4.000000,5.240000,5.240000,600
2016-11-07,5.000000,5.000000,5.000000,5.000000,5.000000,200
2016-11-08,5.000000,5.000000,5.000000,5.000000,5.000000,0
2016-11-09,5.000000,5.000000,5.000000,5.000000,5.000000,0
2016-11-10,5.000000,5.000000,5.000000,5.000000,5.000000,0
2016-11-11,4.510000,4.510000,4.090000,4.090000,4.090000,700
2016-11-14,4.090000,4.090000,4.090000,4.090000,4.090000,0
2016-11-15,3.800000,3.800000,3.697000,3.790000,3.790000,25800
2016-11-16,3.890000,3.890000,3.660000,3.800000,3.800000,13800
2016-11-17,3.800000,4.390000,3.750000,3.880000,3.880000,59800
2016-11-18,4.000000,4.000000,3.787000,3.800000,3.800000,12400
2016-11-21,3.800000,3.950000,3.745000,3.790000,3.790000,9700
2016-11-22,3.790000,3.850000,3.400000,3.470000,3.470000,31800
2016-11-23,3.470000,3.470000,3.297000,3.470000,3.470000,28800
2016-11-25,3.365000,3.365000,3.220000,3.250000,3.250000,12500
2016-11-28,3.250000,3.347000,3.199000,3.210000,3.210000,18700
2016-11-29,3.110000,3.110000,2.950000,2.975000,2.975000,3900
2016-11-30,2.980000,2.980000,2.950000,2.960000,2.960000,2300
2016-12-01,2.960000,2.960000,2.600000,2.601000,2.601000,31000
2016-12-02,2.707000,3.130000,2.550000,2.860000,2.860000,42700
2016-12-05,3.310000,3.352000,3.200000,3.280000,3.280000,36700
2016-12-06,3.400000,3.490000,3.100000,3.450000,3.450000,88900
2016-12-07,3.850000,3.850000,3.450000,3.520000,3.520000,104100
2016-12-08,3.560000,3.650000,3.200000,3.300000,3.300000,52800
2016-12-09,3.550000,3.550000,3.200000,3.287000,3.287000,80300
2016-12-12,3.200000,3.365000,3.200000,3.320000,3.320000,67900
2016-12-13,3.530000,3.530000,3.250000,3.260000,3.260000,33400
2016-12-14,3.260000,3.350000,3.230000,3.280000,3.280000,21700
2016-12-15,3.301000,3.318000,3.100000,3.160000,3.160000,24900
2016-12-16,3.290000,3.415000,3.100000,3.100000,3.100000,37900
2016-12-19,3.340000,3.349000,3.265000,3.309000,3.309000,22900
2016-12-20,3.304000,3.313000,3.240000,3.289000,3.289000,39600
2016-12-21,3.350000,3.530000,3.254000,3.290000,3.290000,14900
2016-12-22,3.320000,3.320000,3.200000,3.320000,3.320000,26600
2016-12-23,3.300000,3.300000,3.250000,3.290000,3.290000,12400
2016-12-27,3.290000,3.300000,3.290000,3.290000,3.290000,24800
2016-12-28,3.250000,3.250000,3.190000,3.190000,3.190000,35500
2016-12-29,3.180000,3.200000,3.080000,3.080000,3.080000,14800
2016-12-30,3.047000,3.215000,3.030000,3.180000,3.180000,29300
2017-01-03,3.100000,3.249000,3.000000,3.200000,3.200000,25500
2017-01-04,3.237000,3.250000,3.220000,3.240000,3.240000,11800
2017-01-05,3.159000,3.295000,3.100000,3.250000,3.250000,18600
2017-01-06,3.182000,3.259000,3.180000,3.230000,3.230000,7300
2017-01-09,3.228000,3.296000,3.200000,3.200000,3.200000,11400
2017-01-10,3.060000,3.210000,3.040000,3.200000,3.200000,4900
2017-01-11,3.200000,3.220000,3.180000,3.190000,3.190000,9400
2017-01-12,3.250000,3.250000,3.200000,3.220000,3.220000,14300
2017-01-13,3.220000,3.248000,3.220000,3.239000,3.239000,11300
2017-01-17,3.202000,3.250000,3.100000,3.200000,3.200000,26000
2017-01-18,3.197000,3.270000,3.197000,3.220000,3.220000,32800
2017-01-19,3.239000,3.270000,3.110000,3.120000,3.120000,12200
2017-01-20,3.190000,3.200000,3.060000,3.130000,3.130000,9700
2017-01-23,3.137000,3.180000,3.100000,3.130000,3.130000,5200
2017-01-24,3.260000,3.290000,3.101000,3.230000,3.230000,9700
2017-01-25,3.120000,3.290000,3.070000,3.110000,3.110000,7300
2017-01-26,3.198000,3.200000,3.030000,3.030000,3.030000,17100
2017-01-27,3.150000,3.270000,3.020000,3.050000,3.050000,13100
2017-01-30,3.260000,3.260000,3.160000,3.200000,3.200000,10500
2017-01-31,3.250000,3.250000,3.114000,3.170000,3.170000,8000
2017-02-01,3.241000,3.241000,3.139000,3.170000,3.170000,7300
2017-02-02,3.230000,3.240000,3.190000,3.190000,3.190000,9400
2017-02-03,3.200000,3.200000,3.190000,3.190000,3.190000,11000
2017-02-06,3.050000,3.290000,3.050000,3.210000,3.210000,6400
2017-02-07,3.100000,3.239000,3.100000,3.220000,3.220000,11500
2017-02-08,3.199000,3.200000,3.180000,3.190000,3.190000,24200
2017-02-09,3.200000,3.300000,3.200000,3.250000,3.250000,9700
2017-02-10,3.249000,3.250000,3.180000,3.221000,3.221000,19400
2017-02-13,3.247000,3.249000,3.120000,3.120000,3.120000,7600
2017-02-14,3.120000,3.140000,3.050000,3.060000,3.060000,18600
2017-02-15,3.090000,3.120000,3.080000,3.100000,3.100000,11600
2017-02-16,3.075000,3.100000,3.075000,3.100000,3.100000,11200
2017-02-17,3.050000,3.160000,3.050000,3.120000,3.120000,16600
2017-02-21,3.290000,3.290000,3.100000,3.100000,3.100000,22500
2017-02-22,3.220000,3.220000,3.059000,3.060000,3.060000,9400
2017-02-23,3.050000,3.058000,3.010000,3.030000,3.030000,29000
2017-02-24,3.220000,3.220000,3.010000,3.040000,3.040000,6400
2017-02-27,3.230000,3.230000,3.030000,3.050000,3.050000,8300
2017-02-28,3.040000,3.170000,3.040000,3.040000,3.040000,4400
2017-03-01,3.180000,3.200000,2.960000,2.960000,2.960000,22700
2017-03-02,3.000000,3.180000,3.000000,3.100000,3.100000,11600
2017-03-03,3.100000,3.190000,3.061000,3.170000,3.170000,8600
2017-03-06,3.200000,3.200000,3.130000,3.130000,3.130000,11600
2017-03-07,3.190000,3.190000,3.060000,3.060000,3.060000,10800
2017-03-08,3.147000,3.150000,3.050000,3.060000,3.060000,13100
2017-03-09,3.100000,3.150000,3.060000,3.061000,3.061000,17400
2017-03-10,3.150000,3.150000,2.950000,2.990000,2.990000,29300
2017-03-13,3.050000,3.120000,3.030000,3.040000,3.040000,6100
2017-03-14,3.072000,3.072000,3.020000,3.035000,3.035000,18400
2017-03-15,3.020000,3.200000,3.000000,3.010000,3.010000,53700
2017-03-16,3.100000,3.100000,3.000000,3.009000,3.009000,15500
2017-03-17,3.090000,3.190000,3.040000,3.040000,3.040000,12200
2017-03-20,3.150000,3.150000,3.120000,3.120000,3.120000,800
2017-03-21,3.130000,3.141000,3.100000,3.100000,3.100000,4700
2017-03-22,3.050000,3.080000,3.000000,3.000000,3.000000,14300
2017-03-23,3.000000,3.080000,3.000000,3.080000,3.080000,600
2017-03-24,3.053000,3.098000,3.050000,3.050000,3.050000,2400
2017-03-27,3.185000,3.185000,3.040000,3.040000,3.040000,2100
2017-03-28,3.040000,3.049000,3.000000,3.000000,3.000000,4000
2017-03-29,3.030000,3.087000,2.530000,2.850000,2.850000,35400
2017-03-30,2.900000,3.000000,2.900000,2.970000,2.970000,13200
2017-03-31,2.997000,2.999000,2.900000,2.900000,2.900000,11700
2017-04-03,2.900000,2.946000,2.900000,2.900000,2.900000,1700
2017-04-04,3.000000,3.051000,2.949000,2.949000,2.949000,16700
2017-04-05,3.020000,3.020000,2.850000,2.850000,2.850000,16600
2017-04-06,2.850000,2.850000,2.620000,2.640000,2.640000,24600
2017-04-07,2.800000,2.900000,2.660000,2.710000,2.710000,18900
2017-04-10,2.730000,2.830000,2.696000,2.710000,2.710000,18200
2017-04-11,2.718000,2.830000,2.680000,2.830000,2.830000,13800
2017-04-12,2.700000,2.700000,2.600000,2.685000,2.685000,9000
2017-04-13,2.700000,2.700000,2.600000,2.670000,2.670000,2200
2017-04-17,2.670000,2.750000,2.670000,2.750000,2.750000,1000
2017-04-18,2.740000,2.740000,2.490000,2.650000,2.650000,10300
2017-04-19,2.689000,2.689000,2.295000,2.650000,2.650000,49300
2017-04-20,2.650000,2.650000,2.300000,2.470000,2.470000,17600
2017-04-21,2.480000,2.480000,2.170000,2.290000,2.290000,47000
2017-04-24,2.400000,2.404000,2.180000,2.270000,2.270000,4000
2017-04-25,2.250000,2.450000,2.250000,2.250000,2.250000,13900
2017-04-26,2.350000,2.359000,2.250000,2.250000,2.250000,7100
2017-04-27,2.250000,2.360000,2.200000,2.210000,2.210000,17600
2017-04-28,2.790000,2.790000,2.410000,2.440000,2.440000,37500
2017-05-01,2.340000,2.690000,2.340000,2.550000,2.550000,12800
2017-05-02,2.500000,2.630000,2.400000,2.624000,2.624000,14600
2017-05-03,3.100000,3.100000,2.660000,2.670000,2.670000,51600
2017-05-04,2.750000,2.790000,2.700000,2.700000,2.700000,30400
2017-05-05,3.000000,3.000000,2.847000,2.849000,2.849000,2100
2017-05-08,2.988000,3.070000,2.988000,2.990000,2.990000,8600
2017-05-09,3.000000,3.080000,2.700000,3.080000,3.080000,14900
2017-05-10,2.960000,3.060000,2.810000,3.060000,3.060000,23600
2017-05-11,2.910000,3.037000,2.910000,3.037000,3.037000,11600
2017-05-12,3.080000,3.080000,2.900000,3.040000,3.040000,6500
2017-05-15,3.000000,3.080000,3.000000,3.080000,3.080000,10800
2017-05-16,3.020000,3.090000,3.010000,3.090000,3.090000,7800
2017-05-17,3.090000,3.100000,3.000000,3.100000,3.100000,10000
2017-05-18,3.100000,3.100000,3.025000,3.070000,3.070000,8400
2017-05-19,3.080000,3.200000,3.080000,3.200000,3.200000,13100
2017-05-22,3.200000,3.296000,3.200000,3.229000,3.229000,8800
2017-05-23,3.540000,3.540000,3.200000,3.290000,3.290000,15200
2017-05-24,3.640000,3.640000,3.200000,3.290000,3.290000,24600
2017-05-25,3.310000,3.501000,3.145000,3.310000,3.310000,18400
2017-05-26,3.500000,3.690000,3.320000,3.490000,3.490000,8600
2017-05-30,3.700000,3.700000,3.330000,3.477000,3.477000,7300
2017-05-31,3.400000,3.480000,3.200000,3.480000,3.480000,14000
2017-06-01,3.700000,3.700000,3.190000,3.640000,3.640000,7900
2017-06-02,3.640000,3.640000,3.300000,3.550000,3.550000,8400
2017-06-05,3.650000,3.660000,3.250000,3.460000,3.460000,9900
2017-06-06,3.430000,3.580000,3.400000,3.580000,3.580000,4400
2017-06-07,3.400000,3.400000,3.250000,3.380000,3.380000,3200
2017-06-08,3.550000,3.550000,3.300000,3.303000,3.303000,8000
2017-06-09,3.960000,4.160000,3.330000,3.330000,3.330000,22500
2017-06-12,3.350000,3.350000,3.289000,3.300000,3.300000,8400
2017-06-13,3.300000,3.300000,3.300000,3.300000,3.300000,0
2017-06-14,3.360000,3.360000,3.170000,3.200000,3.200000,2600
2017-06-15,3.200000,3.630000,2.770000,3.610000,3.610000,11600
2017-06-16,3.400000,3.400000,3.300000,3.300000,3.300000,3600
2017-06-19,3.601000,3.610000,3.200000,3.200000,3.200000,5200
2017-06-20,3.000000,3.246000,3.000000,3.200000,3.200000,6500
2017-06-21,3.340000,3.340000,3.340000,3.340000,3.340000,200
2017-06-22,3.320000,3.320000,3.200000,3.200000,3.200000,400
2017-06-23,3.340000,3.340000,3.050000,3.150000,3.150000,5900
2017-06-26,3.230000,3.230000,3.200000,3.200000,3.200000,8000
2017-06-27,3.200000,3.300000,3.200000,3.200000,3.200000,3800
2017-06-28,3.300000,3.300000,3.210000,3.210000,3.210000,500
2017-06-29,3.210000,3.210000,3.158000,3.189000,3.189000,7200
2017-06-30,3.247000,3.249000,3.190000,3.190000,3.190000,3300
2017-07-03,3.200000,3.200000,3.160000,3.160000,3.160000,5200
2017-07-05,3.240000,3.240000,3.190000,3.190000,3.190000,1700
2017-07-06,3.190000,3.210000,3.180000,3.180000,3.180000,1800
2017-07-07,3.207000,3.207000,3.150000,3.160000,3.160000,7700
2017-07-10,3.175000,3.237000,3.000000,3.040000,3.040000,14300
2017-07-11,3.050000,3.100000,3.050000,3.100000,3.100000,2100
2017-07-12,3.070000,3.100000,3.000000,3.100000,3.100000,2800
2017-07-13,3.090000,3.100000,3.080000,3.100000,3.100000,1400
2017-07-14,3.097000,3.100000,3.050000,3.100000,3.100000,5000
2017-07-17,3.160000,3.180000,3.100000,3.180000,3.180000,2200
2017-07-18,3.101000,3.145000,3.045000,3.097000,3.097000,3300
2017-07-19,3.177000,3.180000,3.110000,3.148000,3.148000,2700
2017-07-20,3.100000,3.100000,3.100000,3.100000,3.100000,100
2017-07-21,3.125000,3.330000,3.050000,3.110000,3.110000,9300
2017-07-24,3.100000,3.190000,3.100000,3.150000,3.150000,3500
2017-07-25,3.147000,3.149000,3.145000,3.149000,3.149000,500
2017-07-26,3.150000,3.300000,3.150000,3.150000,3.150000,18600
2017-07-27,3.160000,3.250000,3.150000,3.219000,3.219000,4300
2017-07-28,3.200000,3.200000,3.155000,3.180000,3.180000,9600
2017-07-31,3.200000,3.250000,3.120000,3.230000,3.230000,19000
2017-08-01,3.280000,3.280000,3.280000,3.280000,3.280000,1100
2017-08-02,3.205000,3.270000,3.205000,3.251000,3.251000,3000
2017-08-03,3.210000,3.240000,3.160000,3.240000,3.240000,1800
2017-08-04,3.278000,3.278000,3.200000,3.250000,3.250000,12800
2017-08-07,3.250000,3.250000,3.180000,3.220000,3.220000,1800
2017-08-08,3.300000,3.300000,3.150000,3.190000,3.190000,7100
2017-08-09,3.185000,3.185000,3.120000,3.160000,3.160000,3100
2017-08-10,3.280000,3.280000,3.100000,3.100000,3.100000,2600
2017-08-11,3.120000,3.150000,3.100000,3.100000,3.100000,1200
2017-08-14,3.190000,3.190000,3.160000,3.160000,3.160000,1000
2017-08-15,3.200000,3.216000,3.160000,3.180000,3.180000,8000
2017-08-16,2.990000,3.160000,2.990000,3.000000,3.000000,10800
2017-08-17,3.050000,3.110000,2.985000,3.000000,3.000000,10300
2017-08-18,3.001000,3.010000,2.997000,2.997000,2.997000,10600
2017-08-21,3.002000,3.020000,3.000000,3.010000,3.010000,5100
2017-08-22,3.010000,3.031000,2.805000,2.985000,2.985000,34700
2017-08-23,2.915000,3.000000,2.900000,2.989000,2.989000,6100
2017-08-24,2.910000,3.000000,2.910000,3.000000,3.000000,4500
2017-08-25,3.000000,3.100000,2.980000,2.980000,2.980000,12000
2017-08-28,3.050000,3.050000,2.980000,2.980000,2.980000,1100
2017-08-29,3.000000,3.030000,2.950000,3.000000,3.000000,17900
2017-08-30,3.020000,3.020000,2.900000,2.900000,2.900000,3200
2017-08-31,2.900000,3.000000,2.900000,2.920000,2.920000,10500
2017-09-01,2.966000,2.966000,2.920000,2.920000,2.920000,1100
2017-09-05,2.940000,3.000000,2.930000,3.000000,3.000000,7800
2017-09-06,3.000000,3.000000,2.920000,2.999000,2.999000,18700
2017-09-07,2.967000,2.967000,2.930000,2.940000,2.940000,1000
2017-09-08,2.963000,2.979000,2.960000,2.970000,2.970000,6600
2017-09-11,2.990000,2.990000,2.955000,2.970000,2.970000,12200
2017-09-12,2.970000,2.990000,2.950000,2.990000,2.990000,4000
2017-09-13,2.390000,2.900000,2.390000,2.880000,2.880000,8300
2017-09-14,2.880000,2.990000,2.880000,2.880000,2.880000,7800
2017-09-15,2.890000,2.900000,2.840000,2.840000,2.840000,5900
2017-09-18,2.840000,2.850000,2.840000,2.850000,2.850000,500
2017-09-19,2.870000,2.950000,2.870000,2.950000,2.950000,3600
2017-09-20,2.940000,2.940000,2.920000,2.920000,2.920000,1200
2017-09-21,2.920000,2.920000,2.920000,2.920000,2.920000,1100
2017-09-22,2.750000,2.750000,2.700000,2.710000,2.710000,11800
2017-09-25,2.710000,2.710000,2.710000,2.710000,2.710000,0
2017-09-26,2.710000,2.720000,2.670000,2.670000,2.670000,10100
2017-09-27,2.800000,2.820000,2.670000,2.710000,2.710000,5900
2017-09-28,2.720000,2.720000,2.686000,2.720000,2.720000,9100
2017-09-29,2.680000,2.700000,2.680000,2.680000,2.680000,5900
2017-10-02,2.690000,2.720000,2.690000,2.700000,2.700000,3200
2017-10-03,2.620000,2.630000,2.620000,2.620000,2.620000,500
2017-10-04,2.690000,2.850000,2.690000,2.850000,2.850000,4300
2017-10-05,2.850000,2.879000,2.710000,2.710000,2.710000,6100
2017-10-06,2.720000,2.720000,2.700000,2.710000,2.710000,4900
2017-10-09,2.710000,2.710000,2.005000,2.650000,2.650000,4200
2017-10-10,2.650000,2.650000,2.650000,2.650000,2.650000,0
2017-10-11,2.300000,2.740000,2.300000,2.600000,2.600000,9200
2017-10-12,2.601000,2.601000,2.500000,2.576000,2.576000,6600
2017-10-13,2.590000,2.790000,2.357000,2.410000,2.410000,13300
2017-10-16,2.450000,2.480000,2.420000,2.480000,2.480000,3100
2017-10-17,2.500000,2.500000,2.490000,2.490000,2.490000,12300
2017-10-18,2.531000,2.690000,2.490000,2.520000,2.520000,17200
2017-10-19,2.550000,2.550000,2.420000,2.420000,2.420000,8300
2017-10-20,2.690000,2.690000,2.450000,2.465000,2.465000,5100
2017-10-23,2.470000,2.560000,2.470000,2.550000,2.550000,1400
2017-10-24,2.360000,2.570000,2.360000,2.470000,2.470000,16700
2017-10-25,2.500000,2.500000,2.460000,2.460000,2.460000,1100
2017-10-26,2.460000,2.460000,2.440000,2.450000,2.450000,2300
2017-10-27,2.440000,2.440000,2.400000,2.400000,2.400000,2200
2017-10-30,2.364000,2.500000,2.364000,2.500000,2.500000,2300
2017-10-31,2.410000,2.430000,2.410000,2.418000,2.418000,1200
2017-11-01,2.418000,2.418000,2.418000,2.418000,2.418000,0
2017-11-02,2.580000,2.610000,2.520000,2.550000,2.550000,9200
2017-11-03,2.550000,2.550000,2.550000,2.550000,2.550000,0
2017-11-06,2.510000,2.630000,2.490000,2.490000,2.490000,11700
2017-11-07,2.470000,2.600000,2.470000,2.600000,2.600000,3500
2017-11-08,2.600000,2.848000,2.600000,2.620000,2.620000,5100
2017-11-09,2.620000,2.620000,2.620000,2.620000,2.620000,0
2017-11-10,2.560000,2.580000,2.560000,2.570000,2.570000,700
2017-11-13,2.850000,2.850000,2.620000,2.740000,2.740000,6000
2017-11-14,2.850000,2.850000,2.670000,2.680000,2.680000,3000
2017-11-15,2.600000,2.600000,2.500000,2.580000,2.580000,4000
2017-11-16,2.580000,2.580000,2.580000,2.580000,2.580000,0
2017-11-17,2.410000,2.410000,2.220000,2.400000,2.400000,6400
2017-11-20,2.600000,2.600000,2.399000,2.400000,2.400000,1300
2017-11-21,2.410000,2.410000,2.280000,2.390000,2.390000,8800
2017-11-22,2.680000,2.680000,2.300000,2.400000,2.400000,7000
2017-11-24,2.500000,2.600000,2.500000,2.580000,2.580000,4400
2017-11-27,2.570000,2.570000,2.510000,2.530000,2.530000,600
2017-11-28,2.500000,2.750000,2.500000,2.750000,2.750000,8900
2017-11-29,2.640000,2.706000,2.596000,2.640000,2.640000,14900
2017-11-30,2.640000,2.730000,2.640000,2.700000,2.700000,31800
2017-12-01,2.700000,2.700000,2.660000,2.690000,2.690000,6500
2017-12-04,2.711000,2.720000,2.699000,2.700000,2.700000,12200
2017-12-05,2.750000,2.843000,2.701000,2.800000,2.800000,8300
2017-12-06,2.820000,3.664000,2.820000,3.180000,3.180000,52400
2017-12-07,3.200000,3.590000,3.190000,3.300000,3.300000,122800
2017-12-08,3.400000,3.720000,3.390000,3.590000,3.590000,211300
2017-12-11,3.600000,3.850000,3.599000,3.750000,3.750000,126100
2017-12-12,3.820000,3.930000,3.750000,3.800000,3.800000,147100
2017-12-13,3.850000,3.880000,3.750000,3.800000,3.800000,124300
2017-12-14,3.810000,3.880000,3.751000,3.830000,3.830000,110200
2017-12-15,3.800000,3.850000,3.800000,3.820000,3.820000,69500
2017-12-18,3.850000,3.850000,3.580000,3.819000,3.819000,112000
2017-12-19,3.800000,3.820000,3.731000,3.810000,3.810000,65900
2017-12-20,3.800000,3.800000,3.720000,3.730000,3.730000,156100
2017-12-21,3.700000,3.700000,3.660000,3.700000,3.700000,64300
2017-12-22,3.700000,3.700000,3.688000,3.700000,3.700000,27900
2017-12-26,3.700000,4.000000,3.700000,3.900000,3.900000,51300
2017-12-27,3.900000,3.900000,3.820000,3.870000,3.870000,26500
2017-12-28,3.860000,3.880000,3.800000,3.850000,3.850000,25800
2017-12-29,3.850000,3.850000,3.772000,3.850000,3.850000,19900
2018-01-02,3.850000,3.850000,3.650000,3.660000,3.660000,55600
2018-01-03,3.660000,3.800000,3.650000,3.800000,3.800000,59900
2018-01-04,3.700000,3.800000,3.690000,3.750000,3.750000,20700
2018-01-05,3.720000,3.720000,3.600000,3.640000,3.640000,39400
2018-01-08,3.600000,3.600000,3.490000,3.520000,3.520000,30300
2018-01-09,3.570000,3.570000,3.310000,3.320000,3.320000,48300
2018-01-10,3.290000,3.300000,3.150000,3.200000,3.200000,60300
2018-01-11,3.190000,3.570000,3.190000,3.510000,3.510000,40800
2018-01-12,3.530000,3.799000,3.530000,3.799000,3.799000,55400
2018-01-16,3.810000,3.850000,3.593000,3.680000,3.680000,202400
2018-01-17,3.660000,3.850000,3.470000,3.700000,3.700000,164600
2018-01-18,3.680000,3.680000,3.530000,3.570000,3.570000,28200
2018-01-19,3.590000,3.950000,3.540000,3.810000,3.810000,160100
2018-01-22,3.800000,3.850000,3.610000,3.679000,3.679000,211300
2018-01-23,3.601000,3.620000,3.560000,3.560000,3.560000,56900
2018-01-24,3.620000,3.650000,3.570000,3.570000,3.570000,4300
2018-01-25,3.590000,3.750000,3.540000,3.580000,3.580000,12700
2018-01-26,3.580000,3.585000,3.360000,3.580000,3.580000,73300
2018-01-29,3.560000,3.560000,3.411000,3.450000,3.450000,15000
2018-01-30,3.490000,3.650000,3.450000,3.530000,3.530000,23800
2018-01-31,3.599000,3.599000,3.360000,3.500000,3.500000,14100
2018-02-01,3.390000,3.500000,3.370000,3.400000,3.400000,51200
2018-02-02,3.500000,3.600000,3.370000,3.370000,3.370000,13100
2018-02-05,3.480000,3.480000,3.400000,3.480000,3.480000,8700
2018-02-06,3.480000,3.600000,3.370000,3.560000,3.560000,39800
2018-02-07,3.580000,3.580000,3.460000,3.500000,3.500000,3600
2018-02-08,3.490000,3.500000,3.411000,3.500000,3.500000,8900
2018-02-09,3.580000,3.580000,3.381000,3.490000,3.490000,25700
2018-02-12,3.570000,3.670000,3.570000,3.570000,3.570000,71600
2018-02-13,3.510000,3.550000,3.510000,3.550000,3.550000,21600
2018-02-14,3.540000,3.540000,3.460000,3.500000,3.500000,17500
2018-02-15,3.599000,3.600000,3.440000,3.570000,3.570000,12900
2018-02-16,3.570000,3.600000,3.500000,3.600000,3.600000,14500
2018-02-20,3.500000,3.550000,3.499000,3.550000,3.550000,9600
2018-02-21,3.510000,3.510000,3.450000,3.490000,3.490000,15300
2018-02-22,3.500000,3.500000,3.431000,3.490000,3.490000,9500
2018-02-23,3.490000,3.500000,3.460000,3.490000,3.490000,12200
2018-02-26,3.410000,3.480000,3.410000,3.450000,3.450000,14200
2018-02-27,3.450000,3.450000,3.400000,3.450000,3.450000,19400
2018-02-28,3.440000,3.450000,3.400000,3.450000,3.450000,23100
2018-03-01,3.400000,3.450000,3.220000,3.220000,3.220000,65600
2018-03-02,3.230000,3.370000,3.200000,3.290000,3.290000,55900
2018-03-05,3.300000,3.300000,3.201000,3.300000,3.300000,13600
2018-03-06,3.300000,3.380000,3.300000,3.380000,3.380000,6600
2018-03-07,3.500000,3.500000,3.330000,3.390000,3.390000,27300
2018-03-08,3.390000,3.450000,3.300000,3.350000,3.350000,7900
2018-03-09,3.350000,3.370000,3.310000,3.340000,3.340000,14700
2018-03-12,3.300000,3.390000,3.300000,3.320000,3.320000,23700
2018-03-13,3.299000,3.300000,3.240000,3.260000,3.260000,32800
2018-03-14,3.280000,3.299000,3.209000,3.230000,3.230000,5500
2018-03-15,3.150000,3.200000,3.130000,3.200000,3.200000,4400
2018-03-16,3.200000,3.201000,2.820000,3.200000,3.200000,9900
2018-03-19,3.250000,3.250000,3.100000,3.170000,3.170000,13000
2018-03-20,3.150000,3.160000,3.040000,3.150000,3.150000,15100
2018-03-21,3.120000,3.120000,2.940000,2.990000,2.990000,32200
2018-03-22,2.990000,3.010000,2.810000,2.850000,2.850000,32500
2018-03-23,2.850000,2.860000,2.620000,2.740000,2.740000,30100
2018-03-26,2.690000,2.690000,2.370000,2.450000,2.450000,24200
2018-03-27,2.470000,3.010000,2.430000,2.910000,2.910000,64600
2018-03-28,2.660000,2.989000,2.660000,2.950000,2.950000,30500
2018-03-29,2.970000,3.050000,2.770000,3.050000,3.050000,42100
2018-04-02,3.030000,3.030000,2.990000,3.029000,3.029000,7600
2018-04-03,3.020000,3.020000,3.004000,3.004000,3.004000,500
2018-04-04,2.990000,2.990000,2.950000,2.960000,2.960000,400
2018-04-05,2.947000,2.990000,2.947000,2.970000,2.970000,3700
2018-04-06,3.019000,3.020000,3.019000,3.020000,3.020000,5000
2018-04-09,3.000000,3.001000,2.930000,2.930000,2.930000,9100
2018-04-10,2.990000,3.000000,2.940000,2.940000,2.940000,13500
2018-04-11,2.950000,2.966000,2.943000,2.943000,2.943000,6200
2018-04-12,2.941000,2.950000,2.920000,2.920000,2.920000,1300
2018-04-13,2.940000,2.940000,2.930000,2.930000,2.930000,600
2018-04-16,2.920000,2.950000,2.920000,2.930000,2.930000,4700
2018-04-17,2.940000,2.940000,2.920000,2.920000,2.920000,4700
2018-04-18,2.930000,2.931000,2.910000,2.930000,2.930000,7100
2018-04-19,2.940000,3.020000,2.940000,3.019000,3.019000,5300
2018-04-20,3.020000,3.279000,3.020000,3.040000,3.040000,13600
2018-04-23,3.030000,3.030000,2.780000,2.780000,2.780000,6200
2018-04-24,2.810000,2.970000,2.700000,2.970000,2.970000,14600
2018-04-25,2.950000,3.001000,2.780000,2.780000,2.780000,30800
2018-04-26,2.880000,2.880000,2.710000,2.789000,2.789000,6400
2018-04-27,2.980000,2.980000,2.700000,2.800000,2.800000,30100
2018-04-30,2.880000,3.050000,2.810000,2.890000,2.890000,40900
2018-05-01,2.891000,2.910000,2.890000,2.890000,2.890000,2000
2018-05-02,2.900000,2.910000,2.850000,2.910000,2.910000,4900
2018-05-03,2.760000,2.920000,2.760000,2.920000,2.920000,3300
2018-05-04,2.930000,3.170000,2.930000,3.170000,3.170000,1500
2018-05-07,2.989000,2.990000,2.881000,2.890000,2.890000,7600
2018-05-08,2.891000,2.910000,2.700000,2.799000,2.799000,9100
2018-05-09,2.730000,2.900000,2.710000,2.720000,2.720000,14000
2018-05-10,2.710000,2.710000,2.480000,2.590000,2.590000,33300
2018-05-11,2.600000,2.700000,2.580000,2.680000,2.680000,10000
2018-05-14,2.700000,2.701000,2.610000,2.610000,2.610000,6400
2018-05-15,2.630000,2.630000,2.480000,2.480000,2.480000,47000
2018-05-16,2.580000,2.600000,2.490000,2.586000,2.586000,39600
2018-05-17,2.600000,2.600000,2.480000,2.541000,2.541000,29500
2018-05-18,2.504000,2.580000,2.400000,2.460000,2.460000,39200
2018-05-21,2.450000,2.450000,2.250000,2.310000,2.310000,59400
2018-05-22,2.650000,2.650000,2.240000,2.290000,2.290000,52300
2018-05-23,2.260000,2.400000,2.230000,2.230000,2.230000,35800
2018-05-24,2.230000,2.260000,2.200000,2.210000,2.210000,40400
2018-05-25,2.342000,2.342000,2.180000,2.200000,2.200000,35200
2018-05-29,2.200000,2.200000,2.160000,2.167000,2.167000,30300
2018-05-30,2.171000,2.290000,2.135000,2.170000,2.170000,37900
2018-05-31,2.180000,2.380000,2.171000,2.290000,2.290000,37000
2018-06-01,2.588000,2.588000,2.090000,2.154000,2.154000,31300
2018-06-04,2.148000,2.148000,1.740000,2.057000,2.057000,50400
2018-06-05,2.051000,2.087000,2.000000,2.000000,2.000000,13500
2018-06-06,2.000000,2.000000,1.960000,1.990000,1.990000,14600
2018-06-07,1.980000,1.990000,1.921000,1.960000,1.960000,21700
2018-06-08,1.963000,1.990000,1.960000,1.987000,1.987000,25100
2018-06-11,1.967000,2.000000,1.950000,1.999000,1.999000,28300
2018-06-12,2.000000,2.729000,1.900000,2.729000,2.729000,58500
2018-06-13,2.730000,2.733000,2.010000,2.107000,2.107000,88300
2018-06-14,2.100000,2.149000,2.000000,2.020000,2.020000,35500
2018-06-15,2.000000,2.103000,1.914000,2.040000,2.040000,21200
2018-06-18,2.033000,2.033000,1.880000,1.910000,1.910000,11400
2018-06-19,1.950000,1.951000,1.850000,1.870000,1.870000,29900
2018-06-20,1.861000,2.005000,1.860000,1.866000,1.866000,14500
2018-06-21,2.001000,2.050000,1.870000,1.990000,1.990000,33200
2018-06-22,1.917000,2.010000,1.900000,1.900000,1.900000,19000
2018-06-25,1.910000,1.980000,1.900000,1.950000,1.950000,24900
2018-06-26,1.951000,2.000000,1.901000,1.980000,1.980000,31200
2018-06-27,1.921000,2.004000,1.810000,1.987000,1.987000,38100
2018-06-28,2.019000,2.032000,1.800000,1.813000,1.813000,31900
2018-06-29,1.861000,1.960000,1.840000,1.959000,1.959000,44800
