Date,Open,High,Low,Close,Adj Close,Volume
2013-01-02,22.790001,23.000000,22.580000,22.830000,21.743481,637500
2013-01-03,22.940001,23.180000,22.680000,22.950001,21.857767,321200
2013-01-04,23.070000,23.070000,22.530001,22.580000,21.505377,181100
2013-01-07,22.370001,22.490000,22.040001,22.180000,21.124413,259000
2013-01-08,22.219999,22.430000,21.879999,22.309999,21.248220,364000
2013-01-09,22.360001,22.990000,22.290001,22.969999,21.876814,321200
2013-01-10,22.990000,23.030001,22.500000,22.990000,21.895863,369700
2013-01-11,22.930000,22.930000,22.459999,22.590000,21.514900,203100
2013-01-14,22.430000,22.690001,22.230000,22.440001,21.372038,238500
2013-01-15,22.379999,22.889999,22.350000,22.740000,21.657763,306100
2013-01-16,22.629999,23.230000,22.629999,23.000000,21.905388,292400
2013-01-17,23.170000,23.650000,23.160000,23.580000,22.457785,583200
2013-01-18,23.480000,23.559999,23.240000,23.440001,22.324448,487500
2013-01-22,23.480000,23.540001,22.799999,23.410000,22.295876,432800
2013-01-23,23.459999,23.459999,23.139999,23.320000,22.210157,303700
2013-01-24,23.219999,23.600000,23.059999,23.320000,22.210157,240600
2013-01-25,23.480000,23.480000,23.170000,23.410000,22.295876,170800
2013-01-28,23.370001,23.549999,23.260000,23.370001,22.257782,251200
2013-01-29,23.299999,23.299999,23.049999,23.230000,22.124441,247300
2013-01-30,23.190001,23.330000,23.049999,23.180000,22.076822,299400
2013-01-31,23.240000,23.570000,23.170000,23.320000,22.210157,313500
2013-02-01,23.400000,23.740000,23.320000,23.660000,22.533976,293200
2013-02-04,23.280001,23.639999,23.209999,23.209999,22.105392,209100
2013-02-05,23.260000,23.549999,23.080000,23.200001,22.095867,397500
2013-02-06,23.040001,23.250000,22.660000,23.219999,22.114916,488700
2013-02-07,23.700001,25.090000,23.510000,24.590000,23.419720,1677900
2013-02-08,24.590000,25.200001,24.299999,24.830000,23.648294,438800
2013-02-11,24.600000,24.840000,24.500000,24.830000,23.648294,247000
2013-02-12,24.790001,25.180000,24.620001,25.000000,23.810209,382900
2013-02-13,24.910000,25.129999,24.790001,24.980000,23.791157,259900
2013-02-14,24.969999,25.200001,24.820000,25.200001,24.000687,137800
2013-02-15,25.160000,25.430000,24.910000,25.160000,23.962587,300800
2013-02-19,25.059999,25.600000,25.059999,25.510000,24.295931,387700
2013-02-20,25.500000,25.660000,25.020000,25.020000,23.829250,231000
2013-02-21,24.920000,24.920000,24.270000,24.600000,23.429241,229300
2013-02-22,24.670000,25.049999,24.570000,24.840000,23.657820,285000
2013-02-25,24.990000,24.990000,24.250000,24.250000,23.095896,230400
2013-02-26,24.370001,24.690001,24.250000,24.400000,23.238758,174300
2013-02-27,24.410000,24.950001,24.410000,24.620001,23.448288,238400
2013-02-28,24.590000,24.820000,24.450001,24.590000,23.419720,201500
2013-03-01,24.330000,24.760000,23.900000,24.600000,23.429241,233600
2013-03-04,24.600000,24.740000,24.180000,24.290001,23.133995,202200
2013-03-05,24.430000,24.650000,24.280001,24.549999,23.381617,228900
2013-03-06,24.580000,24.799999,24.500000,24.650000,23.476858,233600
2013-03-07,24.610001,24.809999,24.330000,24.450001,23.286377,238900
2013-03-08,24.790001,24.870001,24.430000,24.600000,23.429241,218400
2013-03-11,24.559999,24.559999,24.250000,24.370001,23.210188,213700
2013-03-12,24.340000,24.389999,24.150000,24.280001,23.124474,243500
2013-03-13,24.299999,24.590000,24.180000,24.549999,23.381617,168100
2013-03-14,24.559999,24.840000,24.490000,24.559999,23.391142,192200
2013-03-15,24.520000,24.570000,24.000000,24.080000,22.933990,411100
2013-03-18,23.780001,24.170000,23.500000,23.780001,22.648268,350700
2013-03-19,23.740000,24.139999,23.570000,23.629999,22.505402,378900
2013-03-20,23.840000,24.440001,23.740000,24.340000,23.181618,206400
2013-03-21,24.040001,24.150000,23.580000,23.650000,22.524448,218500
2013-03-22,23.690001,23.840000,23.450001,23.559999,22.438738,182800
2013-03-25,23.680000,24.020000,23.360001,23.530001,22.410164,279600
2013-03-26,23.700001,24.379999,23.680000,24.270000,23.114950,222300
2013-03-27,24.120001,24.299999,23.950001,24.139999,22.991131,210300
2013-03-28,24.190001,24.420000,23.950001,24.370001,23.210188,339900
2013-04-01,24.270000,24.469999,23.459999,23.610001,22.486357,283900
2013-04-02,23.799999,23.840000,23.150000,23.219999,22.114916,265500
2013-04-03,23.240000,23.240000,22.559999,22.590000,21.514900,157100
2013-04-04,22.580000,22.770000,22.309999,22.740000,21.657763,231200
2013-04-05,22.290001,22.520000,22.000000,22.510000,21.438705,298800
2013-04-08,22.620001,22.940001,22.280001,22.900000,21.810148,243600
2013-04-09,22.870001,23.139999,22.430000,22.879999,21.791100,229300
2013-04-10,22.930000,23.389999,22.830000,23.070000,21.972050,348800
2013-04-11,22.980000,23.260000,22.760000,22.809999,21.724428,312200
2013-04-12,22.629999,22.639999,22.260000,22.410000,21.343466,229800
2013-04-15,22.190001,22.309999,21.600000,21.930000,20.886311,384200
2013-04-16,22.160000,22.709999,21.930000,22.660000,21.581562,256000
2013-04-17,22.480000,22.480000,21.459999,21.760000,20.724403,378400
2013-04-18,21.870001,22.010000,21.070000,21.170000,20.162481,372800
2013-04-19,21.209999,21.250000,20.639999,20.990000,19.991049,349500
2013-04-22,21.000000,21.280001,20.670000,21.240000,20.229151,206600
2013-04-23,21.480000,22.370001,21.280001,22.280001,21.219652,396300
2013-04-24,22.250000,22.610001,22.200001,22.610001,21.533949,839000
2013-04-25,22.610001,23.080000,22.610001,23.010000,21.914911,296600
2013-04-26,22.860001,23.299999,22.850000,23.070000,21.972050,289100
2013-04-29,23.230000,23.370001,22.740000,23.290001,22.181587,447900
2013-04-30,24.200001,24.500000,23.860001,24.120001,22.972086,592600
2013-05-01,24.090000,24.230000,23.350000,23.350000,22.238728,343400
2013-05-02,23.170000,24.030001,23.170000,23.900000,22.762556,266200
2013-05-03,24.180000,24.459999,24.120001,24.240000,23.086372,350500
2013-05-06,24.309999,24.500000,24.209999,24.330000,23.172089,123700
2013-05-07,24.240000,24.430000,24.010000,24.420000,23.257807,236600
2013-05-08,24.100000,24.600000,24.100000,24.549999,23.381617,237900
2013-05-09,24.590000,24.590000,24.200001,24.250000,23.095896,284500
2013-05-10,24.219999,24.500000,24.219999,24.459999,23.295895,181200
2013-05-13,24.469999,24.500000,24.110001,24.240000,23.086372,71700
2013-05-14,24.209999,24.600000,24.209999,24.450001,23.286377,136000
2013-05-15,24.299999,24.549999,24.299999,24.400000,23.238758,281400
2013-05-16,24.270000,24.580000,24.200001,24.330000,23.172089,191800
2013-05-17,24.340000,24.370001,23.870001,24.129999,22.981609,412500
2013-05-20,23.990000,24.650000,23.990000,24.219999,23.067326,224900
2013-05-21,24.299999,24.570000,24.080000,24.400000,23.238758,152300
2013-05-22,24.370001,24.620001,23.850000,23.920000,22.781601,165300
2013-05-23,23.709999,24.070000,23.500000,24.020000,22.876842,166100
2013-05-24,23.930000,24.139999,23.760000,24.110001,22.962563,90900
2013-05-28,24.540001,24.670000,24.180000,24.459999,23.295895,184900
2013-05-29,24.330000,24.490000,24.170000,24.450001,23.286377,143300
2013-05-30,24.500000,24.850000,24.410000,24.790001,23.610199,226700
2013-05-31,24.600000,24.780001,24.549999,24.570000,23.400661,195900
2013-06-03,24.629999,24.799999,24.200001,24.780001,23.600676,309800
2013-06-04,24.959999,25.500000,24.889999,24.980000,23.791157,577300
2013-06-05,25.090000,25.170000,24.639999,24.660000,23.486383,757900
2013-06-06,24.610001,24.910000,23.930000,24.350000,23.191139,237600
2013-06-07,24.600000,24.650000,23.980000,24.510000,23.343523,759400
2013-06-10,24.690001,25.040001,24.639999,25.020000,23.829250,374600
2013-06-11,24.719999,24.980000,24.440001,24.480000,23.314953,279500
2013-06-12,24.660000,24.780001,24.040001,24.049999,22.905413,172700
2013-06-13,24.070000,24.740000,23.910000,24.629999,23.457815,256400
2013-06-14,24.549999,24.670000,24.070000,24.250000,23.095896,371300
2013-06-17,24.580000,25.010000,24.309999,24.910000,23.724487,252000
2013-06-18,24.879999,25.080000,24.670000,24.840000,23.657820,572600
2013-06-19,24.780001,25.150000,24.690001,24.690001,23.514961,188400
2013-06-20,24.299999,24.490000,23.959999,24.150000,23.000656,172600
2013-06-21,24.230000,24.379999,23.950001,24.150000,23.000656,302500
2013-06-24,23.910000,23.990000,23.469999,23.709999,22.581598,285000
2013-06-25,23.900000,24.000000,23.559999,23.850000,22.714931,413800
2013-06-26,24.049999,24.260000,23.709999,24.059999,22.914940,262700
2013-06-27,24.270000,24.410000,23.910000,24.250000,23.095896,187400
2013-06-28,24.219999,24.500000,24.040001,24.110001,22.962563,698100
2013-07-01,24.200001,24.230000,23.809999,23.930000,22.791130,312200
2013-07-02,23.940001,24.420000,23.719999,24.049999,22.905413,195600
2013-07-03,23.980000,24.600000,23.809999,24.490000,23.324472,86900
2013-07-05,24.750000,24.870001,24.510000,24.840000,23.657820,143400
2013-07-08,24.860001,24.940001,24.049999,24.260000,23.105421,239900
2013-07-09,24.370001,24.950001,24.360001,24.549999,23.381617,304300
2013-07-10,24.530001,24.719999,24.230000,24.590000,23.419720,344200
2013-07-11,24.840000,25.250000,24.760000,25.240000,24.038786,260500
2013-07-12,25.040001,25.320000,24.900000,25.129999,23.934015,268900
2013-07-15,25.200001,25.799999,25.129999,25.700001,24.476891,284600
2013-07-16,25.700001,26.010000,25.590000,26.010000,24.772137,247900
2013-07-17,26.110001,26.379999,26.000000,26.330000,25.076908,302900
2013-07-18,26.330000,26.400000,26.049999,26.150000,24.905472,371000
2013-07-19,26.000000,26.100000,25.740000,25.980000,24.743567,273600
2013-07-22,25.950001,26.320000,25.889999,26.230000,24.981663,255900
2013-07-23,26.389999,26.799999,26.120001,26.400000,25.143576,220600
2013-07-24,26.580000,26.650000,26.100000,26.250000,25.000711,345600
2013-07-25,26.139999,26.500000,25.910000,26.190001,24.943567,250000
2013-07-26,25.889999,26.070000,25.790001,26.010000,24.772137,283300
2013-07-29,25.900000,26.190001,25.879999,26.000000,24.762615,359600
2013-07-30,26.070000,26.200001,25.910000,26.090000,24.848324,152200
2013-07-31,26.049999,26.430000,25.980000,26.180000,24.934048,241600
2013-08-01,26.309999,26.459999,26.020000,26.430000,25.172146,271400
2013-08-02,26.209999,26.280001,25.790001,26.200001,24.953093,235000
2013-08-05,26.030001,26.430000,25.990000,26.410000,25.153097,156500
2013-08-06,26.200001,26.410000,26.110001,26.309999,25.057858,510200
2013-08-07,27.000000,28.799999,26.840000,28.700001,27.334110,1492400
2013-08-08,28.280001,29.049999,28.270000,28.770000,27.400782,529800
2013-08-09,28.309999,28.410000,27.410000,28.340000,26.991245,493700
2013-08-12,28.080000,29.000000,28.080000,28.969999,27.591265,216000
2013-08-13,29.000000,29.379999,28.730000,29.350000,27.953178,339900
2013-08-14,28.940001,29.250000,28.770000,28.969999,27.591265,266700
2013-08-15,28.709999,29.500000,28.420000,28.740000,27.372206,491400
2013-08-16,28.610001,29.430000,28.500000,28.969999,27.591265,287700
2013-08-19,29.090000,29.200001,28.520000,28.559999,27.200777,158100
2013-08-20,28.670000,29.219999,28.580000,28.980000,27.600784,170400
2013-08-21,28.959999,28.959999,28.559999,28.670000,27.305540,197500
2013-08-22,28.580000,28.969999,28.490000,28.860001,27.486502,108300
2013-08-23,28.850000,29.080000,28.730000,28.980000,27.600784,192100
2013-08-26,29.139999,29.139999,28.709999,28.830000,27.457926,150500
2013-08-27,28.430000,28.750000,28.209999,28.610001,27.248398,331700
2013-08-28,28.530001,29.190001,28.500000,28.910000,27.534117,195200
2013-08-29,29.000000,30.379999,29.000000,30.250000,28.810349,838200
2013-08-30,30.510000,30.709999,30.070000,30.620001,29.162737,464800
2013-09-03,30.900000,31.180000,29.709999,30.260000,28.819874,289400
2013-09-04,30.260000,31.049999,30.260000,30.809999,29.343695,269500
2013-09-05,30.820000,30.990000,30.430000,30.680000,29.219877,279500
2013-09-06,30.809999,30.809999,30.080000,30.440001,28.991302,274100
2013-09-09,30.639999,30.740000,30.190001,30.570000,29.115116,443100
2013-09-10,30.870001,31.090000,30.670000,31.049999,29.572271,267000
2013-09-11,30.809999,31.440001,30.389999,30.959999,29.486555,222800
2013-09-12,30.969999,31.350000,30.650000,30.680000,29.219877,112100
2013-09-13,29.200001,30.370001,29.150000,30.370001,28.924637,406500
2013-09-16,30.620001,30.950001,30.190001,30.190001,28.753202,191600
2013-09-17,30.070000,30.730000,29.940001,30.549999,29.096066,179500
2013-09-18,30.610001,30.879999,30.389999,30.650000,29.191309,158900
2013-09-19,30.680000,30.959999,30.520000,30.719999,29.257977,93000
2013-09-20,30.000000,31.049999,30.000000,30.540001,29.086544,384300
2013-09-23,30.580000,30.840000,30.200001,30.370001,28.924637,158400
2013-09-24,30.379999,30.790001,30.250000,30.480000,29.029396,198700
2013-09-25,30.500000,30.510000,30.090000,30.180000,28.743675,221700
2013-09-26,30.320000,30.520000,30.049999,30.200001,28.762726,218100
2013-09-27,30.030001,30.200001,29.840000,29.910000,28.486528,203800
2013-09-30,29.889999,30.280001,29.530001,30.280001,28.838921,340600
2013-10-01,30.299999,31.000000,30.219999,30.820000,29.353218,367300
2013-10-02,30.660000,31.059999,30.459999,30.820000,29.353218,171400
2013-10-03,30.799999,30.969999,30.629999,30.719999,29.257977,293000
2013-10-04,30.639999,31.330000,30.639999,31.170000,29.686562,174900
2013-10-07,30.940001,31.250000,30.900000,30.940001,29.467508,257600
2013-10-08,31.030001,31.340000,29.780001,30.139999,28.705578,398600
2013-10-09,30.230000,30.230000,28.719999,29.799999,28.381763,545500
2013-10-10,30.100000,30.719999,29.840000,30.580000,29.124638,240300
2013-10-11,30.469999,30.770000,30.389999,30.730000,29.267502,367900
2013-10-14,30.490000,31.330000,30.490000,31.320000,29.829422,258700
2013-10-15,31.320000,31.420000,30.820000,30.940001,29.467508,177800
2013-10-16,31.080000,31.270000,30.490000,31.219999,29.734184,269900
2013-10-17,31.070000,31.500000,30.610001,31.330000,29.838947,250600
2013-10-18,31.059999,31.080000,30.490000,30.770000,29.305597,440500
2013-10-21,30.719999,31.000000,30.110001,30.190001,28.753202,508200
2013-10-22,30.160000,30.160000,28.910000,28.950001,27.572214,702100
2013-10-23,28.690001,28.830000,27.879999,28.049999,26.715050,639900
2013-10-24,28.049999,28.090000,27.250000,27.590000,26.276937,799200
2013-10-25,31.750000,32.900002,31.000000,32.290001,30.753262,2625700
2013-10-28,32.160000,32.480000,31.639999,31.879999,30.362772,518900
2013-10-29,31.879999,32.380001,31.840000,32.349998,30.810402,318800
2013-10-30,32.320000,32.320000,30.900000,31.340000,29.848469,724200
2013-10-31,31.290001,32.080002,31.290001,31.840000,30.324673,403400
2013-11-01,31.840000,31.990000,31.129999,31.510000,30.010380,431900
2013-11-04,31.440001,31.770000,31.400000,31.709999,30.200859,349700
2013-11-05,31.430000,31.870001,31.270000,31.690001,30.181816,173400
2013-11-06,31.730000,32.029999,31.420000,31.950001,30.429441,168300
2013-11-07,32.000000,32.070000,31.200001,31.209999,29.724657,274600
2013-11-08,31.049999,31.950001,30.840000,31.900000,30.381821,263300
2013-11-11,31.770000,32.799999,31.490000,32.410000,30.867550,492200
2013-11-12,32.189999,32.630001,32.189999,32.410000,30.867550,206100
2013-11-13,32.130001,33.509998,32.130001,33.240002,31.658052,471800
2013-11-14,33.110001,33.450001,32.320000,32.570000,31.019932,447000
2013-11-15,32.520000,32.660000,32.110001,32.570000,31.019932,430700
2013-11-18,32.590000,32.990002,32.349998,32.590000,31.038982,320200
2013-11-19,32.570000,32.799999,31.520000,31.750000,30.238955,324800
2013-11-20,31.930000,32.240002,31.530001,31.790001,30.277058,208000
2013-11-21,31.870001,32.619999,31.790001,32.209999,30.677065,306400
2013-11-22,32.209999,32.369999,32.029999,32.230000,30.696114,228300
2013-11-25,32.180000,32.500000,31.809999,32.270000,30.734211,272400
2013-11-26,32.299999,32.799999,32.279999,32.740002,31.181850,265500
2013-11-27,32.669998,33.490002,32.500000,33.459999,31.867571,308600
2013-11-29,33.660000,33.790001,33.299999,33.400002,31.810429,282300
2013-12-02,33.480000,33.549999,32.709999,32.770000,31.210421,327900
2013-12-03,32.660000,33.310001,32.389999,32.610001,31.058033,383000
2013-12-04,32.570000,33.509998,32.419998,32.730000,31.172314,299500
2013-12-05,32.840000,33.380001,32.470001,32.799999,31.238985,213400
2013-12-06,33.150002,33.919998,32.959999,33.799999,32.191391,268000
2013-12-09,33.939999,33.939999,33.320000,33.389999,31.800907,220100
2013-12-10,33.400002,33.480000,32.610001,32.990002,31.419945,286400
2013-12-11,33.090000,33.090000,32.049999,32.270000,30.734211,389400
2013-12-12,32.369999,32.439999,31.580000,31.680000,30.172291,334900
2013-12-13,31.830000,32.130001,31.500000,31.730000,30.219910,213000
2013-12-16,32.000000,32.320000,31.809999,32.160000,30.629444,347300
2013-12-17,32.049999,32.869999,31.940001,32.509998,30.962786,293500
2013-12-18,32.590000,32.910000,32.180000,32.700001,31.143745,332800
2013-12-19,32.660000,32.820000,31.940001,32.630001,31.077080,355600
2013-12-20,32.830002,33.619999,32.389999,33.209999,31.629475,694300
2013-12-23,33.419998,33.869999,33.040001,33.820000,32.210453,359100
2013-12-24,33.759998,33.980000,33.410000,33.790001,32.181870,174300
2013-12-26,33.930000,34.000000,33.500000,33.900002,32.286633,212000
2013-12-27,33.980000,34.340000,33.599998,33.849998,32.239017,238500
2013-12-30,33.910000,34.380001,33.869999,34.150002,32.524742,282300
2013-12-31,34.320000,34.759998,34.230000,34.660000,33.010475,244700
2014-01-02,34.490002,34.490002,33.450001,34.029999,32.410446,257600
2014-01-03,34.070000,34.509998,33.820000,34.270000,32.639030,295000
2014-01-06,34.430000,34.470001,33.720001,33.750000,32.143776,226100
2014-01-07,33.970001,34.080002,33.570000,33.889999,32.277111,207100
2014-01-08,33.950001,34.290001,33.730000,34.279999,32.648540,399200
2014-01-09,34.310001,34.310001,33.619999,33.709999,32.105679,157200
2014-01-10,33.820000,34.009998,33.520000,33.650002,32.048534,196200
2014-01-13,33.500000,33.700001,32.950001,33.070000,31.496130,278100
2014-01-14,33.189999,33.779999,32.970001,33.779999,32.172348,327000
2014-01-15,33.770000,34.360001,33.770000,34.110001,32.486641,260700
2014-01-16,33.939999,34.389999,33.709999,33.990002,32.372356,313300
2014-01-17,33.820000,34.439999,33.770000,34.389999,32.753319,198900
2014-01-21,34.540001,34.580002,34.169998,34.430000,32.791409,147700
2014-01-22,34.450001,34.750000,34.209999,34.619999,32.972374,202800
2014-01-23,34.419998,34.689999,34.029999,34.680000,33.029514,209900
2014-01-24,34.520000,34.549999,33.349998,33.630001,32.029484,208200
2014-01-27,33.590000,33.860001,33.139999,33.520000,31.924723,210500
2014-01-28,33.450001,33.599998,33.040001,33.410000,31.819950,178000
2014-01-29,33.119999,33.750000,32.990002,33.130001,31.553284,137800
2014-01-30,33.430000,33.910000,33.070000,33.450001,31.858057,152900
2014-01-31,32.810001,33.410000,32.599998,32.689999,31.134228,374600
2014-02-03,32.660000,32.869999,32.040001,32.380001,30.838982,315600
2014-02-04,32.189999,32.410000,31.420000,31.580000,30.077049,429500
2014-02-05,31.480000,31.480000,30.790001,31.360001,29.867516,274500
2014-02-06,31.270000,32.410000,31.270000,32.410000,30.867550,769300
2014-02-07,33.000000,34.930000,32.009998,33.990002,32.372356,499900
2014-02-10,33.200001,34.230000,33.200001,34.080002,32.458061,338900
2014-02-11,34.220001,34.939999,34.099998,34.349998,32.715210,320700
2014-02-12,34.330002,34.889999,34.090000,34.740002,33.086658,215000
2014-02-13,34.540001,35.290001,34.540001,35.180000,33.505714,387100
2014-02-14,35.200001,35.299999,34.919998,35.090000,33.420010,229200
2014-02-18,35.040001,35.299999,34.860001,35.029999,33.362850,221200
2014-02-19,34.840000,35.180000,34.290001,34.360001,32.724747,323900
2014-02-20,34.360001,35.070000,34.090000,34.959999,33.296196,153600
2014-02-21,35.189999,35.189999,34.450001,34.590000,32.943794,173400
2014-02-24,34.730000,35.970001,34.730000,35.750000,34.048584,504700
2014-02-25,35.860001,36.139999,35.490002,35.790001,34.086689,298700
2014-02-26,35.860001,36.889999,35.860001,36.410000,34.677181,376000
2014-02-27,36.150002,36.490002,36.029999,36.250000,34.524788,165200
2014-02-28,36.290001,36.720001,35.709999,35.840000,34.134308,268100
2014-03-03,35.529999,35.799999,34.980000,35.490002,33.800968,255400
2014-03-04,35.950001,37.410000,35.950001,37.080002,35.315289,462500
2014-03-05,37.090000,37.490002,36.709999,37.029999,35.267670,187100
2014-03-06,37.240002,37.270000,36.680000,36.980000,35.220051,326300
2014-03-07,37.209999,37.240002,36.590000,36.930000,35.172432,157500
2014-03-10,36.919998,37.169998,36.369999,36.799999,35.048622,215800
2014-03-11,37.040001,37.160000,36.369999,36.599998,34.858139,147900
2014-03-12,36.689999,37.279999,36.650002,37.000000,35.239109,250900
2014-03-13,37.250000,37.720001,36.680000,37.000000,35.239109,279100
2014-03-14,37.060001,38.380001,37.060001,37.830002,36.029606,426100
2014-03-17,37.959999,38.939999,37.959999,38.380001,36.553425,215100
2014-03-18,38.450001,38.930000,37.950001,38.860001,37.010578,355500
2014-03-19,38.919998,38.919998,38.070000,38.410000,36.581997,278000
2014-03-20,38.230000,39.160000,38.209999,38.570000,36.734375,302100
2014-03-21,38.740002,38.740002,37.759998,37.849998,36.048645,488700
2014-03-24,37.849998,38.110001,36.560001,37.189999,35.420052,481200
2014-03-25,37.500000,37.930000,37.049999,37.320000,35.543877,276800
2014-03-26,37.720001,37.849998,36.980000,37.259998,35.486729,355900
2014-03-27,37.389999,37.919998,37.049999,37.419998,35.639107,273000
2014-03-28,37.500000,38.090000,37.009998,37.119999,35.353390,196700
2014-03-31,37.400002,38.830002,37.299999,38.770000,36.924866,683800
2014-04-01,38.970001,39.799999,38.869999,39.779999,37.886791,333100
2014-04-02,39.779999,39.779999,38.639999,39.230000,37.362972,296000
2014-04-03,39.130001,39.689999,38.790001,39.250000,37.382019,250100
2014-04-04,39.610001,39.639999,36.450001,37.570000,35.781975,530900
2014-04-07,37.369999,37.939999,36.270000,36.709999,34.962902,376500
2014-04-08,36.619999,37.520000,36.369999,37.169998,35.401012,471500
2014-04-09,37.380001,37.709999,37.080002,37.520000,35.734352,174400
2014-04-10,37.549999,37.770000,36.279999,36.320000,34.591461,260400
2014-04-11,35.970001,36.630001,35.110001,35.139999,33.467621,408000
2014-04-14,35.580002,36.209999,35.180000,35.619999,33.924782,299300
2014-04-15,35.770000,36.220001,34.970001,35.709999,34.010502,245400
2014-04-16,35.980000,36.000000,35.070000,35.930000,34.220020,178200
2014-04-17,35.790001,36.610001,35.520000,36.330002,34.600990,274600
2014-04-21,36.250000,36.849998,35.990002,36.669998,34.924805,249900
2014-04-22,36.750000,37.340000,36.130001,37.090000,35.324821,375600
2014-04-23,37.130001,37.290001,36.709999,37.049999,35.286713,216200
2014-04-24,37.310001,38.189999,36.840000,38.090000,36.277229,663600
2014-04-25,38.500000,39.500000,36.970001,37.570000,35.781975,494800
2014-04-28,37.810001,38.500000,35.700001,37.009998,35.248619,716200
2014-04-29,37.099998,37.480000,36.439999,37.130001,35.362911,407300
2014-04-30,36.990002,37.400002,36.389999,37.099998,35.334335,532300
2014-05-01,36.980000,37.500000,36.169998,36.709999,34.962902,370900
2014-05-02,36.650002,37.259998,36.389999,36.709999,34.962902,375900
2014-05-05,36.250000,37.200001,36.090000,36.720001,34.972427,270200
2014-05-06,36.410000,37.130001,36.380001,36.470001,34.734322,358100
2014-05-07,36.619999,36.930000,35.820000,36.840000,35.086723,539200
2014-05-08,36.430000,37.720001,36.310001,36.520000,34.781952,313900
2014-05-09,36.320000,37.290001,36.090000,37.180000,35.410538,365300
2014-05-12,37.320000,39.160000,37.099998,38.849998,37.001057,380700
2014-05-13,38.759998,38.900002,37.919998,37.930000,36.124844,262900
2014-05-14,38.290001,38.419998,37.070000,37.360001,35.581963,338300
2014-05-15,37.290001,37.290001,36.259998,37.000000,35.239109,218600
2014-05-16,36.919998,37.570000,36.360001,37.560001,35.772449,353800
2014-05-19,37.459999,38.500000,37.459999,37.900002,36.096268,222800
2014-05-20,37.860001,38.270000,37.040001,37.660000,35.867687,422000
2014-05-21,38.060001,38.560001,37.560001,37.939999,36.134373,282200
2014-05-22,37.950001,38.700001,37.700001,38.369999,36.543900,174700
2014-05-23,38.389999,39.009998,38.270000,38.990002,37.134388,242900
2014-05-27,39.480000,39.930000,39.099998,39.759998,37.867744,331300
2014-05-28,39.770000,40.000000,39.200001,39.470001,37.591557,263500
2014-05-29,39.689999,40.000000,39.250000,39.480000,37.601078,211500
2014-05-30,39.580002,39.740002,39.070000,39.290001,37.420105,184500
2014-06-02,39.540001,39.580002,38.770000,39.049999,37.191547,229000
2014-06-03,38.889999,39.209999,38.599998,38.880001,37.029629,285800
2014-06-04,38.560001,39.369999,38.509998,39.180000,37.315350,230000
2014-06-05,39.369999,40.119999,38.880001,39.689999,37.801075,297000
2014-06-06,39.990002,40.869999,39.720001,40.189999,38.277287,232800
2014-06-09,40.570000,41.680000,40.250000,41.529999,39.553509,551900
2014-06-10,41.439999,41.860001,41.130001,41.759998,39.772564,397500
2014-06-11,41.680000,42.090000,41.330002,41.410000,39.439224,238000
2014-06-12,41.240002,42.090000,40.599998,41.360001,39.391598,559500
2014-06-13,41.639999,41.959999,41.090000,41.730000,39.743996,339100
2014-06-16,41.779999,42.000000,41.439999,41.919998,39.924953,306600
2014-06-17,41.709999,42.730000,41.709999,42.360001,40.344002,283000
2014-06-18,42.270000,42.369999,41.810001,42.340000,40.324963,136500
2014-06-19,42.410000,42.619999,41.700001,42.070000,40.067810,208300
2014-06-20,42.020000,42.430000,41.840000,42.209999,40.201145,444500
2014-06-23,42.080002,42.650002,42.080002,42.480000,40.458302,184000
2014-06-24,42.290001,42.860001,41.520000,41.549999,39.572556,270600
2014-06-25,41.349998,42.000000,41.139999,41.900002,39.905910,220000
2014-06-26,41.810001,41.849998,41.119999,41.619999,39.781639,115700
2014-06-27,41.259998,42.299999,41.130001,42.130001,40.269112,370900
2014-06-30,41.900002,42.799999,41.900002,42.349998,40.479397,405800
2014-07-01,42.500000,43.490002,42.500000,42.630001,40.747044,273200
2014-07-02,42.549999,43.020000,42.220001,42.480000,40.603661,179600
2014-07-03,42.669998,43.419998,42.520000,43.099998,41.196266,134200
2014-07-07,43.130001,43.130001,42.150002,42.180000,40.316906,149600
2014-07-08,42.000000,42.290001,41.360001,41.700001,39.858109,194600
2014-07-09,41.619999,42.400002,41.500000,42.099998,40.240448,223900
2014-07-10,41.110001,41.959999,40.779999,41.549999,39.714733,171000
2014-07-11,41.380001,41.900002,41.250000,41.500000,39.666950,97200
2014-07-14,42.000000,42.150002,41.480000,41.759998,39.915459,159000
2014-07-15,41.860001,42.070000,40.810001,41.360001,39.533123,234100
2014-07-16,41.740002,41.799999,41.130001,41.470001,39.638264,209100
2014-07-17,41.090000,41.639999,40.730000,40.880001,39.074341,145300
2014-07-18,40.730000,42.320000,40.730000,42.139999,40.278683,239400
2014-07-21,42.020000,42.470001,41.770000,42.250000,40.383812,189400
2014-07-22,42.360001,42.840000,42.139999,42.720001,40.833065,202400
2014-07-23,43.070000,43.070000,40.689999,40.770000,38.969189,368600
2014-07-24,40.740002,43.000000,40.459999,41.099998,39.284615,514100
2014-07-25,44.330002,44.770000,41.580002,41.709999,39.867664,1086000
2014-07-28,41.599998,42.470001,40.500000,41.919998,40.068394,379500
2014-07-29,41.830002,43.070000,41.540001,42.310001,40.441170,438900
2014-07-30,42.509998,42.950001,42.369999,42.910000,41.014660,287300
2014-07-31,42.340000,42.509998,41.090000,41.240002,39.418430,453300
2014-08-01,41.330002,41.810001,40.880001,41.500000,39.666950,165000
2014-08-04,41.410000,41.720001,40.709999,41.540001,39.705181,413400
2014-08-05,41.119999,42.490002,41.119999,42.400002,40.527195,380400
2014-08-06,41.849998,42.790001,41.849998,42.360001,40.488953,300500
2014-08-07,42.400002,42.700001,41.820000,42.189999,40.326462,411800
2014-08-08,42.040001,42.799999,41.869999,42.389999,40.517632,243600
2014-08-11,42.509998,42.790001,42.250000,42.470001,40.594105,235200
2014-08-12,42.410000,43.310001,42.139999,43.279999,41.368328,319100
2014-08-13,43.660000,44.340000,43.500000,44.099998,42.152100,240400
2014-08-14,44.299999,44.299999,43.580002,43.700001,41.769775,140000
2014-08-15,44.220001,44.639999,43.520000,44.060001,42.113869,231000
2014-08-18,44.470001,44.580002,43.950001,44.490002,42.524876,221300
2014-08-19,44.630001,45.500000,44.410000,45.410000,43.404247,295000
2014-08-20,45.330002,46.610001,45.070000,46.020000,43.987297,492100
2014-08-21,46.020000,46.090000,44.880001,45.700001,43.681435,355400
2014-08-22,45.500000,46.549999,45.139999,46.299999,44.254921,281100
2014-08-25,46.580002,46.610001,45.630001,45.759998,43.738781,271800
2014-08-26,46.000000,47.750000,46.000000,46.939999,44.866661,609200
2014-08-27,46.849998,47.049999,46.290001,46.810001,44.742401,227500
2014-08-28,46.540001,46.980000,46.299999,46.759998,44.694611,162000
2014-08-29,46.779999,47.849998,46.779999,47.779999,45.669556,254700
2014-09-02,47.799999,48.240002,47.340000,47.680000,45.573975,483900
2014-09-03,47.840000,48.000000,46.790001,46.919998,44.847546,300000
2014-09-04,47.130001,47.630001,46.730000,46.910000,44.837990,225700
2014-09-05,46.720001,47.570000,46.669998,47.240002,45.153412,246000
2014-09-08,46.990002,47.740002,46.810001,47.009998,44.933559,157300
2014-09-09,46.840000,47.340000,45.860001,45.880001,43.853485,300100
2014-09-10,45.959999,46.209999,45.160000,45.720001,43.700550,341100
2014-09-11,45.349998,46.240002,45.349998,46.119999,44.082878,150400
2014-09-12,46.259998,46.259998,45.480000,46.080002,44.044651,267000
2014-09-15,45.990002,45.990002,45.139999,45.349998,43.346889,162000
2014-09-16,45.169998,46.070000,45.000000,45.810001,43.786572,360200
2014-09-17,45.779999,46.709999,45.779999,46.220001,44.178463,246500
2014-09-18,46.259998,47.650002,46.259998,47.259998,45.172520,246000
2014-09-19,47.000000,47.000000,45.099998,45.450001,43.442474,689600
2014-09-22,45.259998,45.520000,44.520000,44.560001,42.591782,261000
2014-09-23,44.509998,45.200001,44.080002,44.430000,42.467522,295900
2014-09-24,44.419998,45.279999,44.410000,44.869999,42.888088,181000
2014-09-25,44.849998,44.849998,44.080002,44.299999,42.343266,296700
2014-09-26,44.320000,44.770000,44.320000,44.650002,42.822811,188700
2014-09-29,44.020000,44.619999,44.020000,44.610001,42.784443,218800
2014-09-30,44.540001,44.759998,44.049999,44.049999,42.247360,389000
2014-10-01,44.150002,44.270000,43.299999,43.480000,41.700691,390900
2014-10-02,43.360001,44.200001,43.230000,44.099998,42.295311,248800
2014-10-03,44.169998,44.560001,43.810001,43.889999,42.093906,257700
2014-10-06,44.110001,44.270000,43.650002,44.060001,42.256947,258900
2014-10-07,43.669998,44.189999,42.560001,42.700001,40.952610,530600
2014-10-08,42.509998,43.639999,41.689999,43.590000,41.806183,464800
2014-10-09,43.450001,43.669998,41.509998,41.980000,40.262070,318800
2014-10-10,40.000000,40.000000,35.619999,35.619999,34.162334,1269200
2014-10-13,35.660000,36.220001,34.250000,34.689999,33.270405,953800
2014-10-14,34.919998,36.150002,34.389999,34.470001,33.059399,611000
2014-10-15,34.500000,36.500000,33.990002,36.169998,34.689827,668000
2014-10-16,35.580002,38.330002,35.290001,38.020000,36.464123,862700
2014-10-17,38.590000,39.450001,37.490002,38.029999,36.473713,551300
2014-10-20,37.889999,38.910000,37.759998,38.299999,36.732666,485200
2014-10-21,38.570000,39.610001,38.450001,39.389999,37.778057,732700
2014-10-22,39.630001,39.900002,39.130001,39.209999,37.605423,445800
2014-10-23,39.650002,39.959999,39.369999,39.590000,37.969872,415400
2014-10-24,39.700001,40.630001,39.230000,40.470001,38.813869,418900
2014-10-27,40.470001,40.939999,39.889999,40.000000,38.363102,569400
2014-10-28,45.549999,46.000000,41.369999,42.509998,40.770378,954600
2014-10-29,42.320000,42.599998,41.369999,41.980000,40.262070,555300
2014-10-30,41.730000,42.220001,40.810001,42.169998,40.444302,461600
2014-10-31,43.369999,44.529999,43.369999,44.189999,42.381634,550100
2014-11-03,44.480000,45.369999,43.799999,44.099998,42.295311,271000
2014-11-04,43.700001,44.709999,43.619999,43.740002,41.950047,321700
2014-11-05,43.810001,44.480000,43.580002,44.410000,42.592632,236600
2014-11-06,44.259998,45.090000,44.200001,44.820000,42.985840,477300
2014-11-07,44.669998,44.880001,43.860001,44.689999,42.861164,320700
2014-11-10,44.459999,44.990002,44.410000,44.860001,43.024216,193400
2014-11-11,44.779999,45.000000,44.369999,44.889999,43.052986,164600
2014-11-12,44.930000,45.660000,44.919998,45.380001,43.522942,283400
2014-11-13,45.310001,45.650002,44.599998,44.869999,43.033798,188800
2014-11-14,44.959999,45.700001,44.259998,45.459999,43.599655,263200
2014-11-17,45.240002,45.720001,44.680000,44.980000,43.139301,302500
2014-11-18,44.099998,46.759998,44.099998,46.410000,44.510780,425900
2014-11-19,46.410000,46.410000,45.509998,45.860001,43.983295,263300
2014-11-20,45.490002,46.230000,45.119999,46.189999,44.299786,250300
2014-11-21,46.919998,47.000000,46.189999,46.630001,44.721786,268300
2014-11-24,46.639999,47.480000,46.599998,47.189999,45.258862,218200
2014-11-25,47.200001,47.549999,46.680000,47.110001,45.182137,211700
2014-11-26,46.990002,48.500000,46.730000,48.209999,46.237122,183600
2014-11-28,48.310001,48.490002,47.730000,48.130001,46.160397,157600
2014-12-01,47.820000,48.259998,46.630001,47.119999,45.191723,254800
2014-12-02,47.220001,48.169998,46.750000,48.110001,46.141212,199800
2014-12-03,48.000000,49.470001,48.000000,49.150002,47.138657,213400
2014-12-04,49.540001,49.650002,48.520000,49.160000,47.148247,283100
2014-12-05,49.180000,49.799999,48.869999,49.669998,47.637379,176300
2014-12-08,49.410000,50.000000,47.980000,48.500000,46.515255,212100
2014-12-09,47.759998,49.810001,47.290001,49.709999,47.675739,224300
2014-12-10,49.470001,49.900002,48.750000,49.000000,46.994797,246900
2014-12-11,49.169998,49.740002,48.939999,49.139999,47.129063,274200
2014-12-12,48.490002,49.200001,48.040001,48.560001,46.572800,139500
2014-12-15,48.709999,49.770000,47.669998,48.029999,46.064487,217900
2014-12-16,48.000000,48.340000,46.950001,47.459999,45.517811,250900
2014-12-17,47.450001,48.029999,46.459999,47.770000,45.815128,448600
2014-12-18,48.759998,49.369999,48.220001,48.810001,46.812572,166700
2014-12-19,48.709999,48.849998,47.939999,48.730000,46.735844,588400
2014-12-22,48.669998,49.689999,48.389999,49.500000,47.474335,218500
2014-12-23,49.680000,50.630001,48.639999,49.130001,47.119484,189800
2014-12-24,50.070000,50.430000,48.840000,50.000000,47.953873,119100
2014-12-26,50.009998,50.660000,49.830002,50.439999,48.375866,98500
2014-12-29,50.259998,50.619999,49.799999,50.060001,48.154629,163400
2014-12-30,49.720001,50.290001,49.549999,49.810001,47.914135,121300
2014-12-31,49.869999,50.360001,49.400002,49.740002,47.846798,258000
2015-01-02,49.900002,50.200001,47.930000,48.619999,46.769424,203200
2015-01-05,48.180000,48.820000,47.470001,47.669998,45.855595,204000
2015-01-06,47.689999,47.980000,45.639999,46.090000,44.335728,321300
2015-01-07,46.480000,47.439999,46.180000,46.759998,44.980217,209200
2015-01-08,47.299999,48.700001,46.959999,48.380001,46.538567,184400
2015-01-09,48.509998,48.720001,47.480000,48.090000,46.259598,172600
2015-01-12,48.020000,48.270000,46.740002,47.130001,45.336140,169400
2015-01-13,47.599998,48.430000,46.310001,46.939999,45.153374,211400
2015-01-14,46.430000,47.299999,46.349998,46.790001,45.009083,171400
2015-01-15,46.849998,47.310001,45.450001,45.799999,44.056774,235900
2015-01-16,45.630001,46.980000,45.020000,46.810001,45.028324,268000
2015-01-20,46.889999,47.500000,46.029999,46.650002,44.874413,259400
2015-01-21,46.389999,47.060001,45.919998,46.459999,44.691647,242100
2015-01-22,46.650002,47.139999,45.480000,47.009998,45.220707,279100
2015-01-23,47.029999,48.450001,46.900002,48.000000,46.173031,226300
2015-01-26,47.820000,48.480000,47.529999,47.840000,46.019115,213400
2015-01-27,47.299999,48.320000,46.689999,47.730000,45.913303,170000
2015-01-28,48.180000,49.119999,47.770000,47.840000,46.019115,299300
2015-01-29,47.930000,48.939999,47.340000,48.880001,47.019531,224000
2015-01-30,48.570000,49.439999,47.470001,47.490002,45.682438,234800
2015-02-02,47.799999,48.060001,46.639999,47.430000,45.624725,314800
2015-02-03,47.209999,48.830002,47.209999,48.529999,46.682850,312500
2015-02-04,48.070000,48.480000,47.250000,47.799999,45.980640,535700
2015-02-05,49.709999,50.299999,45.759998,47.529999,45.720913,658000
2015-02-06,47.389999,48.490002,47.090000,48.209999,46.375034,442200
2015-02-09,47.560001,47.950001,46.919998,47.369999,45.567005,286400
2015-02-10,47.869999,49.160000,47.619999,49.099998,47.231159,468500
2015-02-11,49.099998,50.080002,49.099998,49.509998,47.625549,709500
2015-02-12,49.750000,50.299999,49.169998,50.160000,48.250813,281700
2015-02-13,50.410000,50.820000,49.790001,50.320000,48.404724,243700
2015-02-17,50.049999,50.750000,50.020000,50.610001,48.683693,241300
2015-02-18,50.209999,50.520000,49.840000,50.450001,48.529781,152000
2015-02-19,50.310001,51.220001,50.200001,51.040001,49.097321,390900
2015-02-20,50.930000,52.290001,50.610001,51.990002,50.011166,463800
2015-02-23,52.369999,52.669998,51.720001,52.220001,50.232410,586200
2015-02-24,52.279999,52.770000,51.840000,52.720001,50.713383,406400
2015-02-25,52.880001,52.900002,52.340000,52.750000,50.742237,212900
2015-02-26,52.750000,53.389999,52.470001,53.080002,51.059677,265400
2015-02-27,52.919998,53.259998,52.459999,52.730000,50.723000,195600
2015-03-02,52.310001,54.369999,52.310001,54.160000,52.098576,405700
2015-03-03,53.939999,54.340000,53.169998,53.560001,51.521404,334400
2015-03-04,53.250000,53.590000,52.770000,53.150002,51.127022,184400
2015-03-05,53.200001,53.470001,52.310001,52.689999,50.684509,188800
2015-03-06,52.220001,52.480000,51.520000,51.720001,49.751442,337200
2015-03-09,51.709999,52.459999,51.459999,52.299999,50.309361,256600
2015-03-10,51.689999,52.700001,51.509998,52.279999,50.290127,360700
2015-03-11,52.529999,53.389999,52.220001,53.189999,51.165485,368400
2015-03-12,53.139999,53.570000,52.610001,53.029999,51.011574,387900
2015-03-13,53.119999,53.389999,52.320000,52.619999,50.617180,285100
2015-03-16,53.160000,54.099998,52.750000,53.730000,51.684929,287700
2015-03-17,53.369999,54.049999,53.299999,54.040001,51.983135,386100
2015-03-18,53.900002,54.970001,52.790001,54.169998,52.108185,246600
2015-03-19,54.290001,55.220001,54.029999,54.709999,52.627632,357900
2015-03-20,55.000000,56.189999,54.689999,56.119999,53.983963,673300
2015-03-23,55.880001,56.070000,55.480000,55.490002,53.377949,374600
2015-03-24,55.540001,55.610001,54.430000,54.500000,52.425625,297900
2015-03-25,54.900002,54.900002,51.730000,52.040001,50.059269,532500
2015-03-26,51.320000,51.840000,50.349998,51.369999,49.414757,665700
2015-03-27,51.209999,53.049999,50.959999,52.799999,50.988853,281000
2015-03-30,52.919998,53.540001,52.360001,53.340000,51.510319,309800
2015-03-31,53.119999,53.240002,52.520000,52.650002,50.843998,327300
2015-04-01,52.590000,52.639999,50.930000,51.990002,50.206635,335900
2015-04-02,52.000000,52.049999,51.500000,51.700001,49.926579,301800
2015-04-06,51.279999,52.009998,50.950001,51.900002,50.119720,240200
2015-04-07,51.869999,52.259998,51.419998,51.509998,49.743092,344700
2015-04-08,51.599998,52.099998,51.310001,51.750000,49.974865,253200
2015-04-09,51.480000,52.099998,51.320000,51.810001,50.032806,184000
2015-04-10,52.139999,52.380001,51.910000,52.209999,50.419079,131100
2015-04-13,52.290001,52.820000,51.660000,51.740002,49.965206,161500
2015-04-14,51.779999,52.110001,51.220001,51.639999,49.868637,232700
2015-04-15,51.970001,53.369999,51.880001,52.959999,51.143356,238000
2015-04-16,52.580002,53.840000,52.209999,53.470001,51.635872,285900
2015-04-17,53.000000,53.049999,51.950001,52.790001,50.979191,306600
2015-04-20,52.950001,53.939999,52.950001,53.400002,51.568268,298400
2015-04-21,53.900002,54.150002,53.400002,53.959999,52.109058,283600
2015-04-22,54.470001,54.590000,53.020000,53.919998,52.070427,236800
2015-04-23,54.430000,55.560001,50.549999,53.509998,51.674488,683900
2015-04-24,53.500000,54.180000,49.250000,49.959999,48.246269,1124700
2015-04-27,49.700001,51.090000,49.389999,50.419998,48.690479,616400
2015-04-28,50.400002,51.139999,49.799999,50.980000,49.231277,540700
2015-04-29,50.689999,52.220001,50.680000,52.009998,50.225945,820800
2015-04-30,51.610001,52.279999,51.320000,51.830002,50.052128,827500
2015-05-01,52.000000,53.060001,51.869999,52.919998,51.104733,475300
2015-05-04,52.700001,53.060001,52.529999,52.790001,50.979191,498800
2015-05-05,52.540001,52.619999,51.639999,51.700001,49.926579,448300
2015-05-06,51.619999,52.330002,50.970001,51.560001,49.791382,311800
2015-05-07,51.560001,52.599998,51.560001,51.910000,50.129379,234700
2015-05-08,51.790001,53.330002,51.709999,52.549999,50.747425,228700
2015-05-11,52.369999,52.830002,52.169998,52.209999,50.419079,151400
2015-05-12,52.060001,52.380001,51.240002,52.160000,50.370804,220500
2015-05-13,52.410000,53.000000,51.919998,52.330002,50.534969,140900
2015-05-14,52.770000,53.200001,52.020000,53.169998,51.346153,218900
2015-05-15,53.029999,53.029999,52.520000,52.900002,51.085423,220900
2015-05-18,52.869999,54.459999,52.750000,54.299999,52.437393,284100
2015-05-19,54.250000,54.860001,53.570000,53.860001,52.012489,207400
2015-05-20,54.000000,54.400002,53.490002,53.619999,51.780716,161700
2015-05-21,53.759998,54.169998,53.400002,54.099998,52.244247,183200
2015-05-22,54.040001,54.340000,53.770000,54.130001,52.273232,238700
2015-05-26,53.849998,53.889999,52.759998,53.340000,51.510319,239700
2015-05-27,53.560001,55.040001,53.220001,54.730000,52.852638,357600
2015-05-28,54.759998,55.119999,54.400002,54.950001,53.065094,163800
2015-05-29,54.779999,55.060001,54.360001,54.599998,52.727100,200800
2015-06-01,54.810001,55.110001,53.910000,54.529999,52.659504,232500
2015-06-02,54.330002,54.740002,53.639999,54.380001,52.514656,286400
2015-06-03,54.610001,54.709999,53.880001,54.590000,52.717445,234300
2015-06-04,54.279999,54.720001,53.759998,54.099998,52.244247,262800
2015-06-05,54.000000,54.360001,53.360001,53.639999,51.800037,258800
2015-06-08,53.389999,53.980000,52.419998,52.459999,50.660507,257600
2015-06-09,52.209999,52.430000,51.720001,52.189999,50.399773,293100
2015-06-10,52.490002,53.459999,52.490002,53.259998,51.433064,190300
2015-06-11,53.180000,53.340000,52.790001,53.029999,51.210953,125600
2015-06-12,52.709999,53.410000,52.630001,53.119999,51.297871,125600
2015-06-15,52.689999,53.580002,52.169998,53.340000,51.510319,131800
2015-06-16,53.259998,53.730000,52.830002,53.619999,51.780716,182600
2015-06-17,53.869999,54.099998,53.549999,53.619999,51.780716,111500
2015-06-18,53.740002,54.380001,52.689999,54.119999,52.263569,279100
2015-06-19,54.400002,54.599998,53.919998,54.270000,52.408428,320800
2015-06-22,54.680000,54.869999,53.900002,54.689999,52.814018,223500
2015-06-23,54.950001,55.000000,54.070000,54.349998,52.485676,141200
2015-06-24,54.430000,54.509998,53.910000,53.950001,52.099403,162500
2015-06-25,54.220001,54.459999,52.320000,53.810001,51.964199,139700
2015-06-26,53.549999,53.709999,52.180000,52.480000,50.868893,292100
2015-06-29,52.029999,52.490002,50.709999,50.799999,49.240463,199200
2015-06-30,51.209999,51.439999,50.650002,50.709999,49.153233,309400
2015-07-01,51.240002,51.590000,50.320000,50.930000,49.366482,195700
2015-07-02,50.900002,51.599998,50.720001,51.580002,49.996517,209800
2015-07-06,51.009998,51.520000,50.389999,50.959999,49.395554,273300
2015-07-07,50.880001,50.880001,49.049999,50.599998,49.046608,314200
2015-07-08,49.970001,51.310001,47.410000,49.230000,47.718658,448100
2015-07-09,49.860001,50.009998,47.599998,47.730000,46.264717,360800
2015-07-10,48.240002,48.919998,48.040001,48.660000,47.166164,497700
2015-07-13,48.830002,49.169998,48.369999,48.889999,47.389095,197600
2015-07-14,49.029999,49.570000,48.669998,49.509998,47.990063,163900
2015-07-15,49.599998,49.950001,49.220001,49.709999,48.183926,238900
2015-07-16,50.160000,50.189999,49.130001,49.209999,47.699280,458700
2015-07-17,49.279999,49.369999,48.799999,48.959999,47.456951,251300
2015-07-20,49.320000,49.320000,48.720001,49.060001,47.553898,188400
2015-07-21,48.939999,49.330002,48.540001,48.790001,47.292175,211100
2015-07-22,48.090000,48.110001,46.950001,47.330002,45.876999,449400
2015-07-23,47.509998,49.740002,47.509998,49.209999,47.699280,548800
2015-07-24,49.250000,49.840000,48.080002,48.330002,46.846298,256800
2015-07-27,47.610001,48.610001,47.410000,47.770000,46.303482,327900
2015-07-28,48.570000,50.990002,46.779999,49.779999,48.251778,1196500
2015-07-29,49.750000,50.000000,48.779999,49.779999,48.251778,349500
2015-07-30,49.560001,51.180000,49.560001,51.070000,49.502182,456800
2015-07-31,51.360001,51.790001,50.939999,51.709999,50.122536,389900
2015-08-03,51.500000,51.849998,50.910000,51.139999,49.570030,343400
2015-08-04,50.959999,51.209999,50.150002,50.509998,48.959366,229100
2015-08-05,50.380001,51.720001,50.250000,51.259998,49.686348,162900
2015-08-06,51.340000,51.340000,49.799999,50.910000,49.347092,243400
2015-08-07,50.549999,51.369999,50.279999,51.330002,49.754200,185900
2015-08-10,51.299999,52.720001,51.299999,52.119999,50.519943,234200
2015-08-11,51.900002,51.939999,50.570000,50.830002,49.269554,179100
2015-08-12,50.099998,51.240002,49.540001,51.180000,49.608803,272000
2015-08-13,51.130001,51.380001,50.470001,50.720001,49.162926,234000
2015-08-14,50.560001,50.930000,49.919998,50.889999,49.327702,156800
2015-08-17,50.580002,51.419998,50.299999,51.419998,49.841434,152600
2015-08-18,51.279999,51.279999,49.520000,50.070000,48.532879,292400
2015-08-19,49.880001,50.150002,49.040001,49.480000,47.960995,214700
2015-08-20,48.970001,49.130001,47.560001,47.599998,46.138706,298300
2015-08-21,46.639999,48.119999,45.009998,46.919998,45.479572,396100
2015-08-24,44.279999,48.090000,40.750000,45.500000,44.103172,503000
2015-08-25,47.070000,47.070000,45.209999,45.279999,43.889923,231000
2015-08-26,46.349998,47.250000,45.419998,47.169998,45.721909,201400
2015-08-27,47.750000,48.500000,46.970001,48.330002,46.846298,325600
2015-08-28,48.009998,48.619999,47.880001,48.439999,46.952911,168700
2015-08-31,47.959999,48.590000,47.669998,48.090000,46.613659,193300
2015-09-01,46.950001,48.080002,46.560001,46.720001,45.285725,316500
2015-09-02,47.430000,47.939999,46.900002,47.939999,46.468262,226000
2015-09-03,48.119999,50.930000,47.830002,48.520000,47.030460,262500
2015-09-04,47.810001,48.529999,47.810001,48.220001,46.739681,157400
2015-09-08,49.419998,50.430000,48.740002,50.180000,48.639500,222400
2015-09-09,50.520000,51.250000,49.590000,49.660000,48.135464,200800
2015-09-10,49.840000,50.480000,49.090000,49.689999,48.164539,162400
2015-09-11,49.810001,51.139999,49.400002,50.619999,49.065994,304100
2015-09-14,51.189999,51.450001,50.090000,50.570000,49.017525,532000
2015-09-15,50.580002,51.299999,50.419998,51.130001,49.560337,236700
2015-09-16,51.439999,51.480000,50.730000,51.029999,49.463413,235300
2015-09-17,50.869999,51.750000,50.799999,51.160000,49.589409,239700
2015-09-18,50.299999,50.900002,50.150002,50.439999,48.891521,440700
2015-09-21,50.930000,51.509998,50.279999,50.320000,48.775208,171600
2015-09-22,49.980000,49.980000,49.000000,49.240002,47.728352,247700
2015-09-23,49.590000,50.049999,49.160000,49.240002,47.728352,179100
2015-09-24,48.770000,49.480000,47.939999,49.369999,47.854366,262800
2015-09-25,49.889999,50.799999,49.430000,50.500000,48.949673,360300
2015-09-28,50.070000,50.189999,49.189999,49.189999,47.869473,197300
2015-09-29,49.240002,49.709999,48.740002,49.540001,48.210083,344300
2015-09-30,50.180000,51.279999,50.160000,51.200001,49.825516,305800
2015-10-01,51.090000,51.160000,49.270000,50.419998,49.066444,312000
2015-10-02,49.919998,51.570000,49.439999,51.529999,50.146652,224900
2015-10-05,52.000000,53.680000,49.259998,53.240002,51.810753,423600
2015-10-06,56.599998,56.599998,53.070000,54.180000,52.725517,514100
2015-10-07,54.580002,55.480000,54.459999,55.000000,53.523499,554600
2015-10-08,54.860001,55.439999,54.200001,55.299999,53.815453,409900
2015-10-09,55.400002,55.580002,54.900002,54.990002,53.513775,159100
2015-10-12,55.130001,55.500000,54.599998,55.189999,53.708393,101300
2015-10-13,54.849998,55.490002,54.470001,54.470001,53.007736,196400
2015-10-14,54.540001,57.180000,54.540001,56.279999,54.769146,590500
2015-10-15,56.500000,57.590000,56.139999,57.169998,55.635246,417400
2015-10-16,57.200001,57.669998,56.400002,56.950001,55.421150,436500
2015-10-19,56.910000,57.820000,56.740002,57.439999,55.897991,377300
2015-10-20,57.340000,57.799999,56.759998,57.090000,55.557392,370500
2015-10-21,57.480000,57.759998,55.770000,55.849998,54.350689,335900
2015-10-22,56.509998,58.150002,56.090000,57.750000,56.199680,290200
2015-10-23,58.200001,59.240002,57.130001,58.740002,57.163105,338600
2015-10-26,58.000000,58.740002,57.459999,57.759998,56.209404,389900
2015-10-27,62.230000,62.590000,59.250000,61.660000,60.004715,865300
2015-10-28,62.000000,63.020000,61.450001,62.980000,61.289268,356300
2015-10-29,62.169998,62.889999,61.360001,61.730000,60.072826,274100
2015-10-30,61.860001,62.689999,60.020000,62.419998,60.744305,271800
2015-11-02,62.349998,63.380001,62.349998,62.799999,61.114109,461400
2015-11-03,62.490002,63.169998,62.459999,62.779999,61.094643,189300
2015-11-04,62.700001,63.040001,62.180000,62.900002,61.211422,354400
2015-11-05,62.689999,63.500000,62.599998,63.119999,61.425514,194300
2015-11-06,62.740002,64.489998,62.459999,64.419998,62.690613,260800
2015-11-09,63.900002,64.120003,63.209999,64.000000,62.281895,260800
2015-11-10,63.580002,63.860001,62.730000,63.610001,61.902367,160500
2015-11-11,63.810001,64.860001,63.689999,63.820000,62.106724,263900
2015-11-12,63.400002,63.990002,62.910000,63.340000,61.639606,264900
2015-11-13,63.060001,63.570000,62.320000,62.560001,60.880550,194100
2015-11-16,62.549999,63.540001,60.730000,63.520000,61.814785,201600
2015-11-17,62.549999,64.750000,62.549999,64.419998,62.690613,188900
2015-11-18,64.550003,66.430000,64.120003,66.400002,64.617470,347400
2015-11-19,66.230003,66.709999,65.680000,65.870003,64.101692,220500
2015-11-20,66.190002,67.080002,65.790001,66.620003,64.831551,299200
2015-11-23,66.360001,66.989998,66.059998,66.199997,64.422829,170600
2015-11-24,65.750000,67.449997,65.750000,67.339996,65.532219,276200
2015-11-25,67.370003,68.169998,67.139999,67.870003,66.048004,148100
2015-11-27,67.870003,68.330002,67.510002,67.820000,65.999352,74500
2015-11-30,68.250000,69.110001,67.879997,68.330002,66.495651,257200
2015-12-01,68.480003,69.169998,67.870003,68.879997,67.030884,305700
2015-12-02,68.919998,69.250000,67.089996,67.290001,65.483582,319900
2015-12-03,67.510002,68.160004,66.339996,66.559998,64.773155,247200
2015-12-04,66.540001,67.529999,66.320000,67.169998,65.366791,362500
2015-12-07,67.150002,67.260002,66.449997,66.680000,64.889954,220900
2015-12-08,66.019997,66.610001,65.519997,66.220001,64.442291,144800
2015-12-09,66.120003,66.120003,64.440002,64.550003,62.817131,276400
2015-12-10,64.500000,64.739998,63.830002,64.510002,62.778194,248400
2015-12-11,63.619999,64.370003,63.080002,63.380001,61.678543,201000
2015-12-14,63.299999,65.459999,62.529999,62.900002,61.211422,232900
2015-12-15,63.349998,64.330002,62.049999,64.059998,62.340282,222300
2015-12-16,64.260002,64.680000,63.049999,63.779999,62.067795,168700
2015-12-17,64.120003,64.760002,63.209999,63.220001,61.522839,141200
2015-12-18,62.830002,63.880001,62.110001,63.150002,61.454720,491100
2015-12-21,63.459999,64.419998,63.400002,64.389999,62.661415,115000
2015-12-22,64.519997,64.629997,63.220001,64.529999,62.797665,124800
2015-12-23,64.800003,64.809998,63.970001,64.449997,62.719810,118500
2015-12-24,64.449997,65.059998,64.139999,64.570000,62.836597,61100
2015-12-28,64.330002,64.629997,63.369999,64.269997,62.544643,93400
2015-12-29,64.550003,65.449997,64.120003,65.129997,63.579403,160300
2015-12-30,65.129997,65.440002,64.720001,64.779999,63.237736,174700
2015-12-31,64.540001,64.870003,63.540001,63.709999,62.193218,269600
2016-01-04,62.450001,62.580002,60.590000,60.970001,59.518448,351600
2016-01-05,60.930000,61.540001,59.369999,59.900002,58.473927,362100
2016-01-06,59.000000,59.599998,58.540001,58.910000,57.507496,282200
2016-01-07,57.970001,59.209999,56.900002,57.209999,55.847969,380700
2016-01-08,57.360001,58.820000,57.200001,57.349998,55.984634,416100
2016-01-11,57.570000,58.930000,56.930000,58.430000,57.038918,204600
2016-01-12,59.139999,59.349998,58.040001,59.090000,57.683216,264700
2016-01-13,59.169998,59.680000,57.779999,58.189999,56.804642,251200
2016-01-14,58.610001,60.070000,58.150002,59.810001,58.386074,318500
2016-01-15,57.849998,58.380001,56.330002,57.419998,56.052959,394900
2016-01-19,57.970001,58.680000,56.240002,57.299999,55.935818,351900
2016-01-20,56.610001,59.029999,55.810001,58.240002,56.853447,394100
2016-01-21,58.650002,60.660000,57.020000,60.040001,58.610588,455900
2016-01-22,61.040001,61.950001,60.520000,61.590000,60.123684,325500
2016-01-25,61.070000,62.459999,61.049999,61.360001,59.899170,400200
2016-01-26,61.610001,61.950001,61.000000,61.320000,59.860111,257900
2016-01-27,60.910000,61.189999,59.500000,59.660000,58.239632,170800
2016-01-28,60.439999,60.680000,60.049999,60.380001,58.942501,184100
2016-01-29,60.900002,62.700001,60.730000,62.570000,61.080360,418100
2016-02-01,62.470001,62.820000,60.320000,62.299999,60.816788,231500
2016-02-02,61.480000,61.939999,58.139999,58.980000,57.575829,427600
2016-02-03,59.480000,59.750000,57.540001,58.259998,56.872963,384600
2016-02-04,58.000000,58.509998,57.119999,58.259998,56.872963,838900
2016-02-05,61.200001,62.490002,59.160000,60.009998,58.581299,858800
2016-02-08,58.990002,60.689999,55.419998,56.360001,55.018211,1035100
2016-02-09,55.910000,57.200001,55.209999,56.209999,54.871773,415900
2016-02-10,56.369999,58.209999,56.200001,56.500000,55.154865,415300
2016-02-11,55.450001,56.770000,55.209999,56.259998,54.920582,182400
2016-02-12,56.759998,57.259998,55.340000,56.759998,55.408672,171800
2016-02-16,57.730000,58.500000,56.880001,58.090000,56.707020,199600
2016-02-17,58.360001,59.230000,57.680000,58.830002,57.429401,197300
2016-02-18,59.000000,59.500000,57.939999,58.119999,56.736305,222600
2016-02-19,58.209999,58.820000,57.119999,58.389999,56.999870,255700
2016-02-22,58.910000,59.500000,58.419998,58.770000,57.370831,245700
2016-02-23,58.599998,59.790001,57.799999,58.220001,56.833920,209500
2016-02-24,57.470001,57.630001,55.689999,57.290001,55.926067,365200
2016-02-25,57.500000,57.950001,55.049999,57.849998,56.472725,326300
2016-02-26,58.150002,58.759998,58.150002,58.740002,57.341545,227800
2016-02-29,58.389999,59.490002,58.389999,59.060001,57.653923,328800
2016-03-01,58.599998,60.299999,58.290001,60.259998,58.825352,297700
2016-03-02,60.000000,60.900002,59.599998,60.509998,59.069405,215100
2016-03-03,60.500000,60.820000,59.480000,60.459999,59.020592,209100
2016-03-04,60.790001,61.939999,59.770000,61.799999,60.328690,346800
2016-03-07,61.279999,62.369999,60.980000,61.509998,60.045597,270900
2016-03-08,61.169998,61.250000,58.599998,58.860001,57.458683,204900
2016-03-09,59.150002,59.810001,58.009998,59.770000,58.347019,177600
2016-03-10,60.139999,60.930000,58.840000,59.650002,58.229877,157900
2016-03-11,60.110001,61.160000,59.290001,61.080002,59.625835,196900
2016-03-14,61.209999,61.320000,59.840000,60.330002,58.893688,149800
2016-03-15,59.889999,60.009998,59.000000,59.680000,58.259163,375200
2016-03-16,59.380001,60.650002,58.740002,60.419998,58.981541,158100
2016-03-17,60.270000,60.689999,59.410000,60.590000,59.147499,227200
2016-03-18,60.889999,62.560001,59.889999,62.540001,61.051075,459000
2016-03-21,62.369999,62.450001,61.240002,61.450001,59.987022,169000
2016-03-22,61.060001,61.740002,60.919998,61.529999,60.065113,232400
2016-03-23,61.520000,61.889999,60.900002,60.930000,59.479404,205900
2016-03-24,60.540001,61.240002,59.310001,61.209999,59.752731,131500
2016-03-28,61.570000,61.810001,60.660000,60.919998,59.469643,169100
2016-03-29,60.549999,62.310001,60.250000,62.169998,60.889778,303900
2016-03-30,62.709999,63.209999,62.049999,62.549999,61.261959,166500
2016-03-31,62.389999,64.120003,61.939999,63.639999,62.329517,366900
2016-04-01,63.029999,64.690002,62.680000,64.449997,63.122829,228100
2016-04-04,64.720001,65.260002,63.450001,63.470001,62.163013,238300
2016-04-05,62.970001,63.349998,62.500000,62.840000,61.545990,209800
2016-04-06,62.790001,64.080002,62.709999,63.889999,62.574364,225000
2016-04-07,63.639999,63.980000,62.520000,63.470001,62.163013,357100
2016-04-08,63.810001,64.250000,63.400002,63.650002,62.339310,200000
2016-04-11,64.059998,64.400002,63.400002,63.520000,62.211987,166600
2016-04-12,63.680000,64.169998,62.950001,63.540001,62.231575,197500
2016-04-13,63.950001,66.019997,63.680000,65.889999,64.533188,304500
2016-04-14,65.889999,66.000000,64.320000,65.260002,63.916157,246700
2016-04-15,64.980003,65.739998,64.480003,64.690002,63.357899,220900
2016-04-18,64.180000,65.209999,64.180000,64.919998,63.583145,201800
2016-04-19,65.129997,65.129997,63.419998,63.939999,62.623337,287100
2016-04-20,63.700001,65.320000,63.540001,63.759998,62.447037,217600
2016-04-21,63.580002,64.019997,63.009998,63.410000,62.104252,240200
2016-04-22,63.169998,64.730003,63.169998,64.190002,62.868191,247100
2016-04-25,63.529999,64.550003,63.349998,63.700001,62.388279,203500
2016-04-26,64.019997,65.540001,63.810001,64.940002,63.602741,212800
2016-04-27,64.680000,66.239998,63.680000,65.360001,64.014099,204600
2016-04-28,65.029999,65.459999,63.950001,64.190002,62.868191,204700
2016-04-29,64.279999,64.349998,61.919998,62.419998,61.134628,310300
2016-05-02,61.090000,63.720001,61.090000,63.509998,62.202187,412700
2016-05-03,65.500000,65.500000,62.410000,64.449997,63.122829,582600
2016-05-04,63.630001,63.799999,62.169998,62.259998,60.977932,403200
2016-05-05,62.270000,62.650002,61.470001,61.680000,60.409874,325400
2016-05-06,61.049999,62.509998,61.000000,62.509998,61.222782,254400
2016-05-09,62.509998,63.869999,61.779999,61.849998,60.576378,256200
2016-05-10,61.939999,62.520000,61.090000,62.400002,61.115047,177900
2016-05-11,62.250000,63.200001,61.750000,62.330002,61.046494,213200
2016-05-12,62.500000,62.500000,60.060001,60.930000,59.675320,234100
2016-05-13,60.560001,61.840000,60.560001,61.450001,60.184608,222500
2016-05-16,61.669998,63.590000,61.669998,62.860001,61.565578,297700
2016-05-17,62.970001,63.410000,61.919998,62.090000,60.811432,367800
2016-05-18,61.700001,63.880001,60.020000,63.009998,61.712486,187700
2016-05-19,62.750000,63.599998,61.250000,62.119999,60.840813,297700
2016-05-20,62.650002,64.160004,62.650002,64.120003,62.799633,309600
2016-05-23,64.180000,66.480003,64.180000,65.370003,64.023888,557100
2016-05-24,65.870003,67.540001,65.709999,66.889999,65.512589,676300
2016-05-25,67.519997,67.849998,66.540001,66.889999,65.512589,253000
2016-05-26,66.910004,67.980003,66.910004,67.860001,66.462608,299500
2016-05-27,67.660004,68.660004,67.459999,68.519997,67.109016,406900
2016-05-31,68.599998,68.980003,67.949997,68.330002,66.922935,294600
2016-06-01,67.559998,68.930000,67.559998,68.720001,67.304886,198800
2016-06-02,68.580002,68.769997,68.040001,68.690002,67.275543,241500
2016-06-03,68.849998,68.860001,68.010002,68.699997,67.285316,165900
2016-06-06,68.800003,69.199997,68.419998,68.769997,67.353874,141600
2016-06-07,69.190002,70.330002,68.889999,70.220001,68.774017,299500
2016-06-08,70.400002,71.050003,69.599998,70.629997,69.175568,218900
2016-06-09,70.029999,70.820000,69.500000,70.750000,69.293098,217500
2016-06-10,69.779999,70.099998,68.820000,69.070000,67.647697,210300
2016-06-13,68.330002,69.529999,67.879997,68.599998,67.187378,212400
2016-06-14,68.599998,69.059998,68.110001,68.750000,67.334274,245700
2016-06-15,69.150002,69.760002,68.669998,68.959999,67.539963,208600
2016-06-16,68.430000,68.980003,67.639999,68.910004,67.490997,147000
2016-06-17,69.080002,69.080002,67.019997,67.900002,66.501785,397500
2016-06-20,68.510002,69.519997,68.290001,68.379997,66.971901,204700
2016-06-21,68.610001,68.989998,67.709999,68.230003,66.825005,228000
2016-06-22,68.330002,68.709999,67.760002,68.169998,66.766220,233000
2016-06-23,68.949997,69.919998,68.480003,69.889999,68.450806,279800
2016-06-24,66.400002,68.220001,65.570000,66.199997,64.836792,484100
2016-06-27,65.419998,65.419998,62.380001,63.299999,61.996517,435600
2016-06-28,63.910000,66.510002,63.709999,66.349998,65.189682,567600
2016-06-29,67.220001,68.690002,66.480003,66.919998,65.749710,289400
2016-06-30,66.809998,68.339996,65.629997,68.320000,67.125229,337100
2016-07-01,68.180000,68.349998,67.370003,67.599998,66.417816,187000
2016-07-05,67.260002,67.910004,65.889999,66.110001,64.953888,256600
2016-07-06,65.449997,66.800003,65.110001,66.519997,65.356712,206200
2016-07-07,66.970001,68.500000,66.870003,67.430000,66.250793,247300
2016-07-08,68.099998,69.250000,67.779999,68.830002,67.626312,232500
2016-07-11,69.250000,69.879997,68.940002,69.809998,68.589165,233500
2016-07-12,70.339996,71.050003,69.980003,70.709999,69.473434,198400
2016-07-13,70.889999,71.309998,70.070000,70.330002,69.100082,260700
2016-07-14,71.099998,71.250000,70.110001,70.610001,69.375191,208200
2016-07-15,70.959999,71.139999,70.010002,70.919998,69.679764,145800
2016-07-18,71.389999,71.680000,70.779999,70.849998,69.610985,194100
2016-07-19,70.849998,71.360001,70.629997,70.980003,69.738716,124600
2016-07-20,71.470001,72.959999,71.080002,72.309998,71.045456,330700
2016-07-21,72.419998,72.720001,71.290001,71.540001,70.288918,235600
2016-07-22,71.419998,72.589996,70.769997,72.080002,70.819473,178000
2016-07-25,71.589996,73.360001,71.589996,73.209999,71.929718,461200
2016-07-26,73.080002,73.970001,71.029999,73.790001,72.499573,959100
2016-07-27,74.330002,74.839996,73.470001,73.940002,72.646942,388500
2016-07-28,73.790001,74.080002,72.910004,73.269997,71.988655,249700
2016-07-29,73.279999,73.580002,72.070000,72.720001,71.448288,430000
2016-08-01,72.669998,73.379997,72.440002,72.830002,71.556374,163800
2016-08-02,72.790001,72.949997,70.760002,71.199997,69.954865,348900
2016-08-03,70.900002,72.000000,70.000000,71.809998,70.554192,323600
2016-08-04,71.860001,72.540001,71.680000,72.279999,71.015976,156600
2016-08-05,72.809998,73.199997,71.839996,72.980003,71.703743,172200
2016-08-08,73.199997,73.389999,72.209999,72.860001,71.585838,163600
2016-08-09,72.760002,74.209999,72.760002,73.709999,72.420975,188800
2016-08-10,73.660004,73.660004,72.709999,73.279999,71.998489,140500
2016-08-11,73.580002,73.800003,71.089996,73.370003,72.086922,113700
2016-08-12,73.110001,73.599998,72.949997,73.550003,72.263779,85200
2016-08-15,73.580002,74.779999,72.940002,74.620003,73.315048,187100
2016-08-16,74.260002,74.260002,73.430000,73.760002,72.470100,193000
2016-08-17,73.480003,74.029999,72.129997,73.760002,72.470100,178000
2016-08-18,73.519997,74.400002,73.519997,74.290001,72.990837,93100
2016-08-19,74.220001,75.650002,74.220001,75.010002,73.698235,261400
2016-08-22,74.860001,75.639999,74.620003,75.599998,74.277916,110400
2016-08-23,76.160004,76.529999,75.029999,75.910004,74.582504,141800
2016-08-24,75.849998,76.029999,74.830002,75.019997,73.708061,278800
2016-08-25,75.059998,75.879997,74.790001,75.290001,73.973351,103200
2016-08-26,75.800003,76.769997,75.599998,76.690002,75.348869,320100
2016-08-29,76.629997,77.099998,76.089996,76.169998,74.837952,238100
2016-08-30,76.230003,77.680000,76.180000,76.370003,75.034454,335700
2016-08-31,76.349998,76.830002,75.800003,76.720001,75.378326,342600
2016-09-01,76.650002,77.739998,76.120003,77.660004,76.301895,238300
2016-09-02,78.050003,78.449997,77.050003,77.370003,76.016975,5209500
2016-09-06,77.830002,77.989998,76.169998,76.650002,75.309555,374100
2016-09-07,76.500000,76.680000,75.610001,76.680000,75.339027,268000
2016-09-08,76.330002,76.419998,75.400002,75.559998,74.238617,297700
2016-09-09,74.930000,75.540001,73.370003,73.419998,72.136047,470400
2016-09-12,73.419998,75.400002,71.599998,75.379997,74.061760,407800
2016-09-13,75.029999,76.129997,74.379997,74.690002,73.383835,444100
2016-09-14,74.800003,75.209999,74.400002,74.660004,73.354362,260000
2016-09-15,74.790001,75.400002,74.070000,75.209999,73.894737,645100
2016-09-16,75.779999,75.940002,74.610001,75.620003,74.297562,466100
2016-09-19,76.209999,76.989998,75.459999,75.959999,74.631622,161400
2016-09-20,76.169998,76.419998,75.459999,75.570000,74.248459,252500
2016-09-21,75.879997,76.489998,75.250000,76.449997,75.113052,208300
2016-09-22,77.260002,77.919998,76.889999,77.360001,76.007141,438800
2016-09-23,77.070000,77.970001,75.940002,76.529999,75.191666,300900
2016-09-26,76.040001,77.849998,75.610001,76.360001,75.024628,455900
2016-09-27,76.430000,78.459999,76.279999,78.419998,77.048592,389000
2016-09-28,78.349998,79.000000,77.959999,78.940002,77.757828,322800
2016-09-29,79.139999,79.550003,78.180000,78.949997,77.767662,334400
2016-09-30,79.269997,80.940002,79.269997,80.500000,79.294456,787400
2016-10-03,80.230003,80.500000,78.849998,79.190002,78.004082,377300
2016-10-04,79.459999,79.760002,78.260002,79.059998,77.876022,205300
2016-10-05,79.139999,80.300003,79.139999,80.019997,78.821655,249900
2016-10-06,80.279999,80.400002,79.220001,80.309998,79.107307,373600
2016-10-07,80.199997,80.449997,79.010002,80.269997,79.067902,181200
2016-10-10,80.599998,81.370003,80.360001,80.489998,79.284599,158200
2016-10-11,80.540001,80.650002,78.010002,79.120003,77.935127,379000
2016-10-12,78.839996,78.839996,78.000000,78.110001,76.940247,310200
2016-10-13,77.709999,77.709999,76.160004,76.900002,75.748375,418000
2016-10-14,77.480003,78.379997,77.120003,77.169998,76.014320,157900
2016-10-17,76.949997,77.379997,76.440002,76.510002,75.364220,254400
2016-10-18,77.470001,77.699997,76.930000,76.980003,75.827179,170400
2016-10-19,76.800003,77.349998,75.839996,77.120003,75.965080,138500
2016-10-20,76.800003,77.570000,76.419998,76.940002,75.787773,273500
2016-10-21,76.430000,77.650002,75.940002,77.589996,76.428040,193800
2016-10-24,77.889999,79.440002,77.889999,79.370003,78.181389,193100
2016-10-25,79.300003,79.709999,78.570000,79.180000,77.994225,133800
2016-10-26,78.809998,79.589996,78.730003,79.260002,78.073036,108300
2016-10-27,79.959999,80.779999,78.559998,79.010002,77.826775,265000
2016-10-28,79.150002,79.629997,77.580002,77.970001,76.802353,355900
2016-10-31,77.970001,79.470001,77.910004,78.809998,77.629753,532600
2016-11-01,79.269997,82.589996,75.040001,76.489998,75.344505,922700
2016-11-02,76.669998,77.309998,75.930000,76.510002,75.364220,386000
2016-11-03,76.830002,77.239998,75.870003,76.440002,75.295258,244000
2016-11-04,76.190002,77.260002,75.559998,76.690002,75.541527,330500
2016-11-07,77.730003,78.629997,77.260002,78.559998,77.383507,466000
2016-11-08,79.209999,79.309998,77.809998,78.680000,77.501709,207000
2016-11-09,77.269997,80.110001,76.519997,79.760002,78.565544,351900
2016-11-10,80.639999,81.449997,77.580002,77.790001,76.625046,428500
2016-11-11,78.139999,80.169998,78.139999,79.290001,78.102577,503100
2016-11-14,79.709999,80.110001,79.040001,79.830002,78.634491,383700
2016-11-15,79.839996,80.800003,79.239998,80.199997,78.998955,203500
2016-11-16,79.769997,81.330002,79.769997,80.980003,79.767273,188700
2016-11-17,81.269997,81.820000,80.760002,81.639999,80.417381,240700
2016-11-18,81.660004,82.160004,81.250000,81.830002,80.604546,174400
2016-11-21,84.000000,84.830002,82.500000,82.860001,81.619125,461400
2016-11-22,83.410004,84.110001,82.980003,83.949997,82.692787,424600
2016-11-23,84.150002,84.199997,83.309998,84.000000,82.742035,260800
2016-11-25,83.889999,84.410004,83.269997,84.339996,83.076950,103200
2016-11-28,84.309998,84.680000,83.309998,83.720001,82.466225,307800
2016-11-29,83.779999,84.019997,82.949997,83.099998,81.855515,291200
2016-11-30,83.129997,83.430000,81.910004,82.040001,80.811394,253100
2016-12-01,81.699997,81.980003,75.919998,76.500000,75.354362,671400
2016-12-02,76.389999,77.550003,75.080002,76.650002,75.502113,668600
2016-12-05,77.070000,78.550003,76.940002,77.980003,76.812202,297300
2016-12-06,77.790001,78.570000,77.339996,78.279999,77.107704,192900
2016-12-07,78.230003,79.669998,77.449997,79.349998,78.161674,214800
2016-12-08,79.620003,81.029999,78.620003,80.809998,79.599815,194500
2016-12-09,81.360001,81.389999,79.809998,80.330002,79.127007,226700
2016-12-12,80.129997,80.589996,78.620003,80.080002,78.880760,173400
2016-12-13,85.620003,88.089996,81.800003,83.040001,81.796410,1062600
2016-12-14,82.889999,83.620003,82.199997,82.839996,81.599411,442600
2016-12-15,83.209999,85.589996,82.500000,84.209999,82.948898,540500
2016-12-16,84.589996,85.230003,83.190002,83.269997,82.022980,623000
2016-12-19,83.650002,85.800003,83.470001,84.110001,82.850403,265700
2016-12-20,84.610001,85.690002,84.129997,85.430000,84.150627,303400
2016-12-21,85.690002,86.000000,84.510002,84.580002,83.313354,262100
2016-12-22,84.919998,84.949997,83.879997,84.309998,83.047401,180600
2016-12-23,84.559998,85.190002,83.330002,84.559998,83.293655,190200
2016-12-27,84.410004,85.730003,84.410004,85.019997,83.746765,161800
2016-12-28,85.559998,85.559998,83.059998,83.230003,82.176895,197400
2016-12-29,83.489998,84.290001,82.379997,83.220001,82.167007,236300
2016-12-30,83.300003,83.309998,81.360001,81.930000,80.893333,250600
2017-01-03,82.889999,84.040001,81.839996,83.610001,82.552086,433900
2017-01-04,83.949997,84.050003,82.489998,83.029999,81.979408,363400
2017-01-05,82.709999,83.760002,82.199997,82.760002,81.712845,231900
2017-01-06,82.669998,84.239998,82.279999,83.940002,82.877907,269200
2017-01-09,84.129997,85.809998,83.750000,85.400002,84.319435,480200
2017-01-10,85.089996,85.750000,84.639999,85.570000,84.487289,300300
2017-01-11,86.000000,86.349998,85.059998,86.320000,85.227791,261500
2017-01-12,86.129997,86.220001,84.800003,85.949997,84.862473,142000
2017-01-13,86.230003,87.610001,86.059998,87.139999,86.037415,160300
2017-01-17,86.800003,86.940002,84.900002,85.169998,84.092339,216600
2017-01-18,85.730003,86.930000,85.629997,86.449997,85.356148,259600
2017-01-19,86.260002,86.959999,85.400002,85.610001,84.526772,211500
2017-01-20,85.620003,87.800003,85.620003,87.540001,86.432343,452500
2017-01-23,87.360001,88.629997,87.360001,88.330002,87.212357,651500
2017-01-24,88.769997,91.129997,88.720001,90.550003,89.404266,364600
2017-01-25,91.040001,91.760002,89.940002,90.059998,88.920464,455200
2017-01-26,90.230003,90.739998,87.750000,88.300003,87.182732,507400
2017-01-27,88.760002,90.150002,88.160004,89.779999,88.644005,196100
2017-01-30,89.000000,89.610001,87.599998,89.050003,87.923248,228200
2017-01-31,89.050003,89.050003,87.139999,87.239998,86.136147,437100
2017-02-01,88.239998,89.180000,87.150002,88.919998,87.794884,398100
2017-02-02,88.500000,88.809998,87.769997,88.269997,87.153122,238700
2017-02-03,89.190002,89.750000,88.550003,89.070000,87.943001,345900
2017-02-06,88.820000,88.889999,87.900002,88.540001,87.419701,286200
2017-02-07,88.669998,89.809998,88.339996,89.370003,88.239204,214100
2017-02-08,89.050003,90.440002,88.750000,89.910004,88.772369,448000
2017-02-09,89.980003,90.400002,88.889999,89.010002,87.883766,649300
2017-02-10,87.750000,89.339996,85.250000,88.400002,87.281471,977200
2017-02-13,88.529999,89.150002,84.949997,85.910004,84.822983,768700
2017-02-14,85.580002,85.730003,84.760002,85.129997,84.052841,353200
2017-02-15,85.070000,86.279999,84.449997,86.019997,84.931580,461800
2017-02-16,86.209999,86.720001,85.510002,86.160004,85.069809,252900
2017-02-17,86.010002,86.610001,85.019997,86.519997,85.425255,239300
2017-02-21,86.519997,88.230003,86.449997,88.220001,87.103745,327900
2017-02-22,88.160004,89.089996,87.980003,88.800003,87.676422,272700
2017-02-23,89.059998,89.059998,86.839996,88.180000,87.064255,462400
2017-02-24,87.480003,88.830002,87.040001,88.820000,87.696159,266400
2017-02-27,88.949997,89.110001,88.190002,89.099998,87.972618,413000
2017-02-28,89.000000,89.000000,87.709999,87.970001,86.856903,509000
2017-03-01,88.750000,89.500000,87.970001,89.440002,88.308319,312700
2017-03-02,89.349998,89.750000,88.839996,88.919998,87.794884,229100
2017-03-03,89.000000,89.029999,88.199997,88.570000,87.449318,267100
2017-03-06,87.959999,88.470001,87.000000,88.160004,87.044510,178000
2017-03-07,88.139999,89.370003,87.709999,88.349998,87.232101,258000
2017-03-08,88.639999,89.440002,88.089996,88.370003,87.251862,153400
2017-03-09,88.370003,88.650002,87.830002,88.330002,87.212357,160700
2017-03-10,88.879997,89.320000,88.500000,89.250000,88.120720,205300
2017-03-13,89.239998,91.000000,89.000000,90.959999,89.809074,222300
2017-03-14,90.879997,91.500000,90.339996,91.389999,90.233635,303900
2017-03-15,91.500000,92.889999,90.410004,92.720001,91.546822,259000
2017-03-16,93.050003,93.580002,92.239998,92.320000,91.151878,188000
2017-03-17,92.519997,93.300003,92.000000,92.959999,91.783768,503900
2017-03-20,93.290001,94.489998,92.809998,93.730003,92.544029,252000
2017-03-21,94.370003,94.370003,91.599998,91.680000,90.519974,288100
2017-03-22,91.580002,92.190002,91.000000,92.089996,90.924774,234200
2017-03-23,91.930000,92.629997,90.910004,91.120003,89.967064,204300
2017-03-24,91.879997,92.949997,91.070000,91.430000,90.273132,222500
2017-03-27,90.839996,91.349998,89.089996,91.070000,89.917694,286400
2017-03-28,91.070000,92.809998,91.019997,92.669998,91.497437,272200
2017-03-29,92.290001,92.989998,91.430000,91.870003,90.903763,173900
2017-03-30,91.900002,92.489998,90.080002,91.930000,90.963127,260700
2017-03-31,91.750000,92.650002,90.910004,92.099998,91.131332,226000
2017-04-03,92.230003,92.540001,91.070000,91.489998,90.527756,339300
2017-04-04,91.169998,92.940002,91.169998,92.529999,91.556816,329500
2017-04-05,92.669998,92.980003,90.800003,90.980003,90.023117,295800
2017-04-06,91.099998,91.449997,89.800003,91.050003,90.092384,301000
2017-04-07,90.860001,92.050003,90.480003,91.730003,90.765228,180100
2017-04-10,91.970001,92.239998,90.739998,91.230003,90.270485,256900
2017-04-11,90.940002,92.110001,89.410004,90.570000,89.617439,439400
2017-04-12,90.570000,90.760002,89.269997,89.400002,88.459740,288500
2017-04-13,89.000000,90.239998,88.190002,88.970001,88.034256,200800
2017-04-17,89.339996,90.440002,89.250000,90.419998,89.468994,148600
2017-04-18,90.169998,91.199997,89.209999,91.110001,90.151756,173300
2017-04-19,91.790001,92.470001,91.389999,91.800003,90.834496,268400
2017-04-20,92.160004,93.930000,91.730003,93.809998,92.823349,267700
2017-04-21,93.650002,94.150002,92.440002,93.370003,92.387985,382400
2017-04-24,94.989998,95.660004,94.419998,95.250000,94.248207,340500
2017-04-25,95.949997,96.839996,95.250000,96.209999,95.198112,458500
2017-04-26,96.220001,96.279999,93.680000,93.709999,92.724403,366900
2017-04-27,95.000000,96.599998,92.980003,94.459999,93.466515,536700
2017-04-28,94.260002,94.750000,91.430000,91.500000,90.537651,411700
2017-05-01,91.500000,92.610001,90.300003,91.860001,90.893860,376300
2017-05-02,91.760002,92.129997,90.379997,91.110001,90.151756,244100
2017-05-03,90.809998,91.050003,89.669998,90.820000,89.864807,245800
2017-05-04,91.050003,92.839996,91.000000,92.760002,91.784401,288100
2017-05-05,93.279999,93.459999,91.910004,93.459999,92.477043,211500
2017-05-08,93.160004,93.580002,92.239998,92.680000,91.705231,251900
2017-05-09,92.839996,94.480003,91.629997,93.720001,92.734291,208800
2017-05-10,94.250000,95.599998,93.820000,95.389999,94.386726,361200
2017-05-11,95.099998,95.779999,94.470001,95.540001,94.535164,314900
2017-05-12,95.239998,95.779999,94.459999,94.809998,93.812828,165800
2017-05-15,95.269997,96.449997,95.269997,96.089996,95.079369,257800
2017-05-16,96.379997,98.330002,96.190002,98.209999,97.177071,284800
2017-05-17,96.750000,97.389999,92.889999,92.959999,91.982300,306000
2017-05-18,92.610001,94.680000,92.150002,93.830002,92.843147,263000
2017-05-19,94.510002,95.779999,94.510002,95.099998,94.099777,189600
2017-05-22,95.320000,95.900002,94.930000,95.220001,94.218529,182800
2017-05-23,95.489998,95.489998,93.879997,95.040001,94.040421,136300
2017-05-24,95.440002,97.739998,95.089996,97.430000,96.405281,243800
2017-05-25,97.839996,98.339996,97.110001,97.660004,96.632866,117000
2017-05-26,97.610001,98.339996,96.559998,98.010002,96.979179,115800
2017-05-30,98.230003,98.930000,97.519997,97.820000,96.791168,212600
2017-05-31,98.500000,98.660004,97.080002,98.199997,97.167183,155800
2017-06-01,98.699997,98.870003,97.889999,98.589996,97.553070,211400
2017-06-02,99.089996,101.160004,98.540001,100.800003,99.739838,361300
2017-06-05,100.800003,101.500000,100.080002,101.010002,99.947632,230800
2017-06-06,100.370003,101.949997,100.019997,100.830002,99.769524,241500
2017-06-07,101.209999,102.629997,100.809998,101.790001,100.719429,227300
2017-06-08,102.300003,103.519997,101.040001,103.349998,102.263016,229800
2017-06-09,103.690002,103.919998,96.639999,97.930000,96.900024,331900
2017-06-12,96.580002,98.900002,93.690002,97.339996,96.316223,344600
2017-06-13,98.190002,99.879997,97.300003,98.070000,97.038544,237100
2017-06-14,98.260002,99.139999,95.500000,96.459999,95.445480,165000
2017-06-15,94.730003,96.650002,94.730003,96.410004,95.396011,199800
2017-06-16,95.790001,97.599998,95.589996,97.190002,96.167809,391600
2017-06-19,103.000000,103.010002,97.589996,98.330002,97.295822,169500
2017-06-20,98.169998,98.760002,96.300003,96.400002,95.386108,335800
2017-06-21,97.139999,98.180000,96.629997,97.559998,96.533913,147000
2017-06-22,97.339996,97.660004,96.250000,97.059998,96.039177,119800
2017-06-23,97.180000,98.779999,96.769997,98.580002,97.543190,293900
2017-06-26,99.000000,101.250000,98.940002,99.510002,98.463402,856100
2017-06-27,99.400002,99.400002,96.690002,96.839996,95.821480,518400
2017-06-28,97.279999,99.169998,96.120003,99.029999,98.191238,319600
2017-06-29,98.550003,100.000000,95.389999,97.120003,96.297424,298700
2017-06-30,97.220001,97.949997,96.339996,96.400002,95.583519,238700
2017-07-03,96.900002,97.190002,94.239998,94.239998,93.441803,150900
2017-07-05,94.269997,96.580002,94.260002,95.739998,94.929100,260300
2017-07-06,94.720001,96.269997,94.260002,95.300003,94.492836,178200
2017-07-07,95.830002,98.180000,95.529999,98.029999,97.199715,374400
2017-07-10,98.260002,98.480003,97.209999,97.779999,96.951828,242600
2017-07-11,97.769997,98.980003,97.349998,98.720001,97.883865,260800
2017-07-12,99.639999,100.470001,99.379997,100.150002,99.301758,137800
2017-07-13,100.250000,100.389999,98.879997,100.010002,99.162941,192800
2017-07-14,100.260002,101.050003,100.010002,100.790001,99.936333,140300
2017-07-17,101.080002,101.839996,100.019997,101.029999,100.174301,233900
2017-07-18,100.750000,101.860001,100.290001,101.629997,100.769218,169300
2017-07-19,102.120003,103.949997,101.959999,103.610001,102.732452,172700
2017-07-20,103.959999,105.139999,103.239998,105.000000,104.110680,127500
2017-07-21,105.089996,105.089996,103.139999,103.750000,102.871269,237200
2017-07-24,103.650002,104.970001,103.349998,104.849998,103.961945,261200
2017-07-25,104.940002,105.260002,103.889999,104.930000,104.041267,367900
2017-07-26,105.660004,107.870003,104.830002,106.790001,105.885513,386800
2017-07-27,101.599998,107.559998,99.500000,104.580002,103.694229,588000
2017-07-28,103.910004,103.910004,102.290001,102.620003,101.750839,224300
2017-07-31,102.599998,103.750000,101.660004,102.320000,101.453377,220400
2017-08-01,102.870003,103.980003,102.000000,103.199997,102.325920,273400
2017-08-02,103.440002,103.449997,101.139999,101.860001,100.997269,232500
2017-08-03,101.730003,102.800003,100.750000,101.440002,100.580833,245900
2017-08-04,101.599998,102.449997,100.949997,101.550003,100.689896,188100
2017-08-07,101.849998,103.139999,101.000000,102.769997,101.899559,220900
2017-08-08,102.769997,103.849998,102.269997,102.510002,101.641769,195000
2017-08-09,102.010002,102.900002,101.379997,102.150002,101.284813,196000
2017-08-10,101.650002,101.800003,100.230003,100.470001,99.619041,240500
2017-08-11,100.650002,101.730003,99.720001,101.099998,100.243698,158700
2017-08-14,102.000000,103.029999,101.269997,101.769997,100.908028,227100
2017-08-15,101.940002,102.510002,101.400002,101.779999,100.917953,178700
2017-08-16,102.000000,102.040001,101.110001,101.470001,100.610580,190800
2017-08-17,100.849998,101.150002,97.519997,97.580002,96.753525,200100
2017-08-18,97.589996,98.690002,96.540001,97.610001,96.783272,181700
2017-08-21,97.660004,97.669998,95.500000,95.870003,95.058006,317900
2017-08-22,96.709999,97.860001,96.089996,97.580002,96.753525,504100
2017-08-23,96.820000,97.910004,96.660004,97.629997,96.803093,147200
2017-08-24,97.849998,99.129997,97.489998,98.400002,97.566574,255800
2017-08-25,98.620003,98.750000,97.220001,97.500000,96.674202,329800
2017-08-28,97.849998,98.089996,97.349998,98.040001,97.209625,164400
2017-08-29,97.300003,98.669998,96.989998,98.300003,97.467422,206500
2017-08-30,98.529999,100.040001,97.949997,100.000000,99.153030,326900
2017-08-31,100.320000,101.410004,99.930000,101.320000,100.461845,210100
2017-09-01,101.419998,102.980003,100.769997,102.709999,101.840073,259100
2017-09-05,102.169998,103.709999,101.629997,103.510002,102.633301,453200
2017-09-06,103.790001,103.790001,102.120003,102.510002,101.641769,309200
2017-09-07,102.989998,103.519997,102.059998,102.690002,101.820244,242400
2017-09-08,102.500000,103.290001,101.709999,102.720001,101.849991,241500
2017-09-11,103.489998,105.419998,103.430000,105.169998,104.279236,206400
2017-09-12,105.250000,105.790001,104.339996,105.769997,104.874153,301900
2017-09-13,105.760002,105.779999,103.589996,103.820000,102.940674,535200
2017-09-14,103.690002,104.699997,102.620003,102.769997,101.899559,370100
2017-09-15,102.949997,104.150002,102.559998,103.260002,102.385414,545500
2017-09-18,103.800003,104.910004,103.709999,104.180000,103.297623,197900
2017-09-19,104.190002,104.650002,103.320000,103.470001,102.593643,223600
2017-09-20,103.330002,103.790001,100.260002,101.370003,100.511429,290500
2017-09-21,101.370003,103.089996,100.620003,102.589996,101.721077,297500
2017-09-22,102.190002,103.239998,102.000000,102.970001,102.097862,103500
2017-09-25,102.959999,102.959999,101.019997,101.680000,100.818802,187400
2017-09-26,102.269997,103.080002,101.580002,102.769997,101.899559,223600
2017-09-27,103.419998,106.839996,103.000000,106.199997,105.300507,292700
2017-09-28,105.889999,106.610001,104.940002,106.430000,105.727676,202500
2017-09-29,106.519997,107.000000,106.269997,106.550003,105.846893,243600
2017-10-02,106.889999,107.690002,106.269997,107.550003,106.840294,166100
2017-10-03,107.769997,108.889999,107.150002,108.389999,107.674751,193400
2017-10-04,108.070000,108.559998,107.320000,107.720001,107.009163,154100
2017-10-05,108.300003,108.309998,106.900002,108.230003,107.515808,122300
2017-10-06,107.629997,108.699997,107.599998,108.629997,107.913155,110800
2017-10-09,108.629997,109.040001,108.019997,108.599998,107.883354,172600
2017-10-10,110.000000,111.550003,109.019997,111.550003,110.813896,266700
2017-10-11,111.760002,112.589996,110.669998,112.519997,111.777489,159400
2017-10-12,112.550003,114.040001,112.320000,113.139999,112.393394,195300
2017-10-13,113.639999,114.269997,113.110001,114.080002,113.327194,226700
2017-10-16,114.089996,114.629997,113.500000,113.830002,113.078842,143000
2017-10-17,113.519997,114.209999,113.099998,113.129997,112.383461,159200
2017-10-18,113.820000,114.269997,112.389999,113.849998,113.098717,159400
2017-10-19,113.029999,113.980003,111.070000,113.930000,113.178185,127500
2017-10-20,115.019997,115.099998,113.900002,113.980003,113.227867,162500
2017-10-23,114.180000,115.339996,113.900002,114.699997,113.943092,146700
2017-10-24,115.129997,115.959999,114.540001,114.739998,113.982841,180100
2017-10-25,114.150002,115.019997,112.610001,114.080002,113.327194,232600
2017-10-26,113.199997,115.440002,113.089996,114.849998,114.092110,190300
2017-10-27,117.139999,121.139999,115.589996,120.889999,120.092255,464700
2017-10-30,120.680000,121.620003,119.129997,119.949997,119.158455,258000
2017-10-31,120.220001,122.169998,119.699997,121.669998,120.867111,213800
2017-11-01,122.830002,122.940002,119.080002,120.620003,119.824043,222700
2017-11-02,120.489998,121.300003,119.110001,119.879997,119.088921,207100
2017-11-03,120.349998,122.160004,119.500000,122.150002,121.343941,221300
2017-11-06,122.250000,124.809998,121.599998,124.589996,123.767838,257400
2017-11-07,124.760002,125.750000,122.300003,123.690002,122.873787,184100
2017-11-08,123.129997,124.349998,122.400002,123.160004,122.347282,377600
2017-11-09,122.040001,122.779999,118.279999,120.379997,119.585617,278700
2017-11-10,120.519997,122.250000,120.300003,121.800003,120.996254,194700
2017-11-13,121.000000,122.769997,120.349998,120.879997,120.082314,356600
2017-11-14,120.330002,121.110001,118.540001,119.769997,118.979645,301300
2017-11-15,118.879997,120.320000,117.449997,118.919998,118.135254,209000
2017-11-16,119.699997,122.190002,119.699997,121.220001,120.420082,213500
2017-11-17,120.910004,123.089996,120.910004,122.620003,121.810844,345200
2017-11-20,122.750000,124.529999,122.610001,124.379997,123.559227,228500
2017-11-21,125.089996,126.680000,125.000000,126.639999,125.804314,233800
2017-11-22,126.750000,126.800003,124.279999,124.360001,123.539360,199000
2017-11-24,124.419998,125.650002,124.419998,125.540001,124.711571,58200
2017-11-27,124.809998,125.279999,123.699997,124.330002,123.509560,263400
2017-11-28,124.669998,126.129997,124.120003,124.940002,124.115540,235200
2017-11-29,124.669998,125.250000,116.500000,116.879997,116.108719,394500
2017-11-30,118.599998,119.029999,115.660004,118.349998,117.569016,431000
2017-12-01,117.910004,118.150002,112.800003,116.970001,116.198120,303000
2017-12-04,118.470001,119.440002,110.940002,111.199997,110.466202,505400
2017-12-05,110.830002,113.610001,109.519997,111.239998,110.505936,342400
2017-12-06,110.459999,112.010002,105.010002,111.239998,110.505936,256600
2017-12-07,111.669998,112.849998,110.910004,111.260002,110.525803,410000
2017-12-08,112.739998,114.830002,112.150002,112.790001,112.045708,305700
2017-12-11,113.089996,115.000000,112.879997,113.879997,113.128510,394400
2017-12-12,113.290001,114.000000,112.110001,112.809998,112.065567,498200
2017-12-13,113.019997,114.089996,110.790001,111.500000,110.764221,343100
2017-12-14,111.160004,112.370003,110.000000,110.260002,109.532402,383300
2017-12-15,110.250000,114.160004,109.169998,112.449997,111.707954,593600
2017-12-18,113.580002,115.349998,113.400002,114.769997,114.012642,333800
2017-12-19,114.419998,115.839996,113.449997,114.010002,113.257660,348200
2017-12-20,114.959999,115.820000,113.269997,114.970001,114.211327,263800
2017-12-21,115.300003,115.510002,113.559998,113.709999,112.959633,194800
2017-12-22,113.180000,113.730003,112.680000,113.169998,112.423203,255500
2017-12-26,112.360001,113.709999,111.360001,113.139999,112.393394,145600
2017-12-27,112.959999,113.970001,112.570000,112.889999,112.145050,186500
2017-12-28,113.120003,113.419998,112.739998,113.309998,112.762047,178300
2017-12-29,113.430000,114.360001,112.300003,112.360001,111.816643,196700
2018-01-02,113.000000,116.349998,112.660004,116.309998,115.747536,285800
2018-01-03,116.500000,118.930000,116.000000,118.500000,117.926949,268100
2018-01-04,119.230003,120.000000,118.089996,119.599998,119.021629,183700
2018-01-05,120.209999,121.290001,119.139999,120.070000,119.489365,227700
2018-01-08,120.160004,122.260002,119.529999,121.559998,120.972153,206700
2018-01-09,121.709999,122.059998,120.500000,121.349998,120.763168,157800
2018-01-10,119.970001,121.050003,119.570000,120.019997,119.439598,212200
2018-01-11,120.139999,121.900002,118.879997,121.720001,121.131378,213200
2018-01-12,121.940002,123.730003,120.720001,122.889999,122.295715,120700
2018-01-16,123.750000,124.440002,119.769997,119.900002,119.320183,283300
2018-01-17,121.239998,121.239998,119.620003,120.510002,119.927231,542900
2018-01-18,120.489998,122.379997,119.470001,119.680000,119.101242,315300
2018-01-19,120.000000,120.629997,118.599998,119.989998,119.409744,304000
2018-01-22,119.739998,121.190002,119.080002,120.190002,119.608780,384100
2018-01-23,120.160004,121.900002,119.209999,121.139999,120.554184,379600
2018-01-24,119.470001,121.690002,119.220001,119.970001,119.389847,377900
2018-01-25,121.529999,121.820000,117.250000,117.580002,117.011406,322800
2018-01-26,118.839996,122.449997,117.669998,122.419998,121.827995,223900
2018-01-29,121.550003,123.449997,120.669998,122.760002,122.166359,307200
2018-01-30,120.660004,123.379997,119.010002,119.580002,119.001732,303700
2018-01-31,120.879997,121.709999,118.519997,119.120003,118.543953,225300
2018-02-01,118.089996,120.910004,117.720001,120.190002,119.608780,172500
2018-02-02,118.870003,118.989998,114.919998,115.040001,114.483688,337300
2018-02-05,113.550003,116.029999,109.500000,109.540001,109.010284,507400
2018-02-06,106.949997,114.440002,103.139999,114.040001,113.488525,645600
2018-02-07,113.580002,114.129997,109.959999,110.000000,109.468056,384200
2018-02-08,109.750000,110.699997,103.769997,103.820000,103.317940,674700
2018-02-09,105.000000,112.239998,105.000000,110.080002,109.547668,1038100
2018-02-12,110.800003,110.809998,107.800003,109.910004,109.378494,667200
2018-02-13,108.830002,110.040001,107.019997,109.970001,109.438210,409000
2018-02-14,108.709999,113.160004,108.050003,112.989998,112.443588,389700
2018-02-15,114.379997,116.419998,112.209999,116.169998,115.608215,329000
2018-02-16,115.870003,117.989998,115.870003,117.000000,116.434204,411600
2018-02-20,116.440002,120.239998,116.000000,119.680000,119.101242,417100
2018-02-21,120.330002,120.620003,117.080002,117.160004,116.593430,283300
2018-02-22,117.690002,118.220001,116.199997,117.190002,116.623283,258900
2018-02-23,117.830002,118.750000,116.400002,118.050003,117.479134,223400
2018-02-26,118.660004,119.959999,118.269997,119.820000,119.240570,156400
2018-02-27,119.830002,121.110001,118.370003,118.580002,118.006569,455600
2018-02-28,119.120003,119.820000,117.010002,117.059998,116.493912,197400
2018-03-01,117.180000,117.730003,114.650002,115.769997,115.210152,214800
2018-03-02,114.339996,118.559998,113.639999,118.150002,117.578644,194400
2018-03-05,117.139999,119.199997,116.419998,118.419998,117.847336,223100
2018-03-06,119.279999,119.769997,117.720001,119.029999,118.454384,380800
2018-03-07,118.129997,120.300003,118.040001,119.370003,118.792740,223400
2018-03-08,120.040001,120.330002,118.769997,119.870003,119.290329,232000
2018-03-09,121.000000,125.000000,120.839996,124.870003,124.266151,268400
2018-03-12,125.000000,126.540001,124.269997,125.510002,124.903053,214600
2018-03-13,126.250000,127.610001,123.199997,123.699997,123.101799,249100
2018-03-14,124.519997,124.519997,122.459999,123.199997,122.604218,165000
2018-03-15,123.730003,125.000000,122.269997,123.400002,122.803253,245000
2018-03-16,123.739998,125.110001,122.970001,124.720001,124.116875,488600
2018-03-19,123.830002,124.290001,119.800003,123.059998,122.464897,338300
2018-03-20,123.010002,125.449997,121.870003,125.110001,124.504990,339100
2018-03-21,124.879997,127.400002,124.010002,125.389999,124.783630,307100
2018-03-22,123.699997,124.180000,119.820000,120.029999,119.449547,238500
2018-03-23,120.080002,120.080002,114.820000,114.889999,114.334412,352900
2018-03-26,117.500000,120.699997,116.230003,119.849998,119.270416,336000
2018-03-27,120.669998,121.559998,114.989998,115.720001,115.160400,419000
2018-03-28,115.489998,115.919998,112.279999,113.209999,112.955360,252800
2018-03-29,113.510002,117.360001,111.849998,115.769997,115.509605,298900
2018-04-02,114.989998,115.589996,110.209999,110.800003,110.550789,301400
2018-04-03,112.120003,113.339996,110.239998,112.360001,112.107277,415900
2018-04-04,109.760002,114.849998,109.230003,114.370003,114.112755,200100
2018-04-05,115.489998,115.940002,113.209999,114.110001,113.853340,193900
2018-04-06,112.510002,114.150002,109.989998,110.940002,110.690475,173300
2018-04-09,112.300003,114.470001,111.150002,111.559998,111.309074,234300
2018-04-10,114.089996,117.110001,112.650002,115.839996,115.579445,206400
2018-04-11,114.839996,117.459999,114.639999,116.980003,116.716888,179700
2018-04-12,118.809998,121.669998,117.980003,121.019997,120.747795,357700
2018-04-13,122.279999,122.930000,120.559998,120.830002,120.558228,318700
2018-04-16,121.510002,122.769997,120.260002,122.010002,121.735573,228700
2018-04-17,122.800003,125.080002,122.309998,124.360001,124.080284,239800
2018-04-18,124.290001,125.250000,122.779999,123.779999,123.501587,182300
2018-04-19,122.430000,122.669998,119.660004,120.239998,119.969551,379300
2018-04-20,120.000000,121.290001,118.800003,119.510002,119.241196,309600
2018-04-23,119.639999,121.169998,118.139999,119.000000,118.732338,356000
2018-04-24,119.559998,120.839996,117.230003,119.010002,118.742317,342500
2018-04-25,119.080002,120.320000,115.970001,119.379997,119.111481,275300
2018-04-26,120.629997,121.720001,119.029999,121.250000,120.977280,189000
2018-04-27,122.589996,122.639999,119.239998,120.279999,120.009460,316800
2018-04-30,120.550003,122.529999,116.550003,117.099998,116.836609,412800
2018-05-01,119.699997,119.699997,115.029999,119.120003,118.852074,511500
2018-05-02,119.449997,119.720001,118.150002,118.349998,118.083801,259100
2018-05-03,117.400002,120.510002,116.430000,120.269997,119.999481,400200
2018-05-04,119.500000,124.269997,118.870003,123.870003,123.591393,243300
2018-05-07,124.190002,125.529999,123.540001,123.839996,123.561447,219200
2018-05-08,124.180000,125.300003,123.239998,124.110001,123.830849,355900
2018-05-09,124.339996,126.540001,123.760002,126.169998,125.886215,271800
2018-05-10,126.440002,128.860001,125.959999,128.669998,128.380585,311800
2018-05-11,128.440002,128.789993,126.510002,126.559998,126.275337,157300
2018-05-14,127.050003,128.869995,126.010002,126.169998,125.886215,292000
2018-05-15,125.559998,126.389999,124.820000,126.230003,125.946083,309000
2018-05-16,126.099998,128.279999,125.989998,127.769997,127.482613,296600
2018-05-17,127.370003,129.149994,126.540001,128.759995,128.470383,189900
2018-05-18,128.960007,130.320007,128.419998,128.940002,128.649979,313500
2018-05-21,130.360001,131.899994,128.339996,129.770004,129.478119,217500
2018-05-22,130.460007,131.399994,129.419998,129.539993,129.248627,205100
2018-05-23,128.490005,130.800003,125.500000,130.720001,130.425980,183000
2018-05-24,130.699997,131.130005,129.509995,130.589996,130.296265,133000
2018-05-25,130.820007,132.830002,130.589996,131.710007,131.413757,152800
2018-05-29,131.270004,132.309998,129.710007,131.539993,131.244125,272000
2018-05-30,132.259995,134.690002,132.029999,133.839996,133.538956,445600
2018-05-31,133.589996,134.740005,131.699997,131.809998,131.513519,223300
2018-06-01,133.020004,133.880005,132.160004,133.300003,133.000183,335500
2018-06-04,133.919998,134.839996,133.070007,134.679993,134.377060,229500
2018-06-05,135.000000,136.490005,134.080002,135.759995,135.454636,197700
2018-06-06,136.080002,137.190002,135.149994,137.190002,136.881424,212100
2018-06-07,137.229996,137.800003,133.199997,133.369995,133.070007,292500
2018-06-08,133.610001,136.949997,132.589996,134.259995,133.958008,491100
2018-06-11,135.130005,137.699997,134.889999,137.339996,137.031082,227700
2018-06-12,137.669998,140.199997,136.520004,139.729996,139.415710,326000
2018-06-13,140.139999,141.570007,137.500000,137.660004,137.350372,380900
2018-06-14,139.059998,139.750000,137.389999,139.710007,139.395767,433500
2018-06-15,138.580002,141.820007,138.089996,141.630005,141.311447,467500
2018-06-18,140.279999,141.339996,139.339996,141.119995,140.802582,262700
2018-06-19,138.919998,140.020004,136.940002,139.070007,138.757202,292500
2018-06-20,139.919998,141.440002,139.179993,141.300003,140.982178,278400
2018-06-21,141.720001,141.720001,138.479996,141.130005,140.812576,495700
2018-06-22,142.000000,142.559998,138.490005,138.539993,138.228378,4484100
2018-06-25,138.190002,138.399994,131.649994,134.259995,133.958008,585600
2018-06-26,134.820007,137.990005,134.000000,136.919998,136.612030,484300
2018-06-27,137.610001,138.179993,133.350006,133.380005,133.080002,419000
2018-06-28,133.330002,136.160004,131.820007,134.570007,134.570007,355300
2018-06-29,135.669998,136.679993,133.570007,133.669998,133.669998,434400
