Date,Open,High,Low,Close,Adj Close,Volume
2015-10-23,4.000000,4.250000,3.560000,3.900000,3.835000,211910
2015-10-26,3.760000,3.965000,3.650000,3.700000,3.638333,47666
2015-10-27,3.800000,4.000000,3.750000,3.750000,3.687500,72541
2015-10-28,4.100000,4.198700,4.010000,4.050000,3.982500,42573
2015-10-29,4.080000,4.080000,3.891200,4.000000,3.933333,77734
2015-10-30,null,null,null,null,null,null
2015-11-02,4.320000,4.400000,4.050000,4.260000,4.189000,53171
2015-11-03,4.270000,4.270000,4.070000,4.120000,4.051333,16549
2015-11-04,4.320000,4.320000,3.900000,3.970000,3.903833,16500
2015-11-05,4.050000,4.090000,3.910000,4.090000,4.021833,14800
2015-11-06,4.110000,4.110000,3.950000,4.090000,4.021833,8800
2015-11-09,3.980000,4.095000,3.960000,4.090000,4.021833,3900
2015-11-10,3.960000,4.310000,3.960000,4.290000,4.218500,22200
2015-11-11,4.180000,4.290000,4.040000,4.290000,4.218500,8600
2015-11-12,4.130000,4.220000,4.120000,4.200000,4.130000,6900
2015-11-13,4.060000,4.200000,4.060000,4.190000,4.120167,3000
2015-11-16,4.030000,4.030000,4.030000,4.030000,3.962834,200
2015-11-17,4.051000,4.068000,4.010000,4.010000,3.943167,6700
2015-11-18,4.100000,4.300000,4.050000,4.130000,4.061167,167300
2015-11-19,4.170000,4.280000,4.100000,4.130000,4.061167,46900
2015-11-20,4.090000,4.260000,4.090000,4.180000,4.110333,21400
2015-11-23,4.150000,4.175000,4.140000,4.150000,4.080833,6800
2015-11-24,4.140000,4.140000,4.140000,4.140000,4.071000,500
2015-11-25,4.140000,4.140000,4.140000,4.140000,4.071000,0
2015-11-27,4.140000,4.140000,4.140000,4.140000,4.071000,0
2015-11-30,4.130000,4.130000,4.012000,4.012000,3.945133,1800
2015-12-01,4.011000,4.113000,4.011000,4.113000,4.044450,2200
2015-12-02,4.090000,4.100000,4.090000,4.100000,4.031667,1300
2015-12-03,4.010000,4.022000,4.010000,4.010000,3.943167,900
2015-12-04,4.010000,4.010000,4.010000,4.010000,3.943167,0
2015-12-07,4.010000,4.024000,3.750000,3.790000,3.726833,9900
2015-12-08,3.650000,3.860000,3.240000,3.710000,3.648167,2600
2015-12-09,3.700000,3.790000,3.420000,3.750000,3.687500,12500
2015-12-10,3.257000,3.257000,3.257000,3.257000,3.202717,2500
2015-12-11,3.800000,3.800000,3.800000,3.800000,3.736667,100
2015-12-14,3.900000,3.900000,3.600000,3.600000,3.540000,1000
2015-12-15,3.760000,3.870000,3.470000,3.790000,3.726833,1700
2015-12-16,3.900000,3.900000,3.560000,3.750000,3.687500,25400
2015-12-17,3.604000,3.730000,3.604000,3.680000,3.618667,4200
2015-12-18,3.520000,3.590000,3.520000,3.590000,3.530167,2700
2015-12-21,3.590000,3.590000,3.590000,3.590000,3.530167,0
2015-12-22,3.870000,3.870000,3.600000,3.600000,3.540000,800
2015-12-23,3.880000,3.880000,3.850000,3.850000,3.785833,2600
2015-12-24,3.880000,3.880000,3.850000,3.850000,3.785833,3800
2015-12-28,3.740000,3.750000,3.740000,3.750000,3.687500,500
2015-12-29,3.700000,3.700000,3.700000,3.700000,3.638333,300
2015-12-30,3.560000,3.670000,3.560000,3.660000,3.599000,1000
2015-12-31,3.620000,3.620000,3.620000,3.620000,3.559667,800
2016-01-04,3.710000,3.750000,3.660000,3.720000,3.658000,4500
2016-01-05,3.570000,3.590000,3.570000,3.570000,3.510500,1500
2016-01-06,3.590000,3.750000,3.570000,3.750000,3.687500,1700
2016-01-07,3.750000,3.750000,3.750000,3.750000,3.687500,0
2016-01-08,3.650000,3.650000,3.590000,3.590000,3.530167,2600
2016-01-11,4.100000,4.100000,3.790000,3.790000,3.726833,4400
2016-01-12,4.250000,4.250000,3.864000,3.880000,3.815334,3700
2016-01-13,3.880000,3.880000,3.880000,3.880000,3.815334,0
2016-01-14,3.870000,4.250000,2.880000,4.100000,4.031667,2400
2016-01-15,3.870000,3.870000,3.670000,3.760000,3.697333,700
2016-01-19,4.490000,4.490000,4.100000,4.100000,4.031667,10200
2016-01-20,4.070000,4.115000,4.000000,4.010000,3.943167,1700
2016-01-21,3.950000,4.250000,3.880000,3.880000,3.815334,3100
2016-01-22,3.880000,3.880000,3.880000,3.880000,3.815334,0
2016-01-25,3.739000,3.739000,3.650000,3.650000,3.589167,6100
2016-01-26,4.020000,4.020000,3.750000,3.750000,3.687500,1100
2016-01-27,3.680000,3.680000,3.650000,3.650000,3.589167,1200
2016-01-28,3.650000,3.650000,3.650000,3.650000,3.589167,0
2016-01-29,3.650000,3.650000,3.650000,3.650000,3.589167,0
2016-02-01,3.820000,3.820000,3.820000,3.820000,3.756333,200
2016-02-02,4.000000,4.000000,4.000000,4.000000,3.933333,500
2016-02-03,3.780000,3.780000,3.700000,3.700000,3.638333,1000
2016-02-04,4.000000,4.000000,3.980000,3.980000,3.913667,1500
2016-02-05,3.980000,3.980000,3.980000,3.980000,3.913667,0
2016-02-08,3.980000,3.980000,3.980000,3.980000,3.913667,0
2016-02-09,4.270000,4.270000,4.270000,4.270000,4.198833,1000
2016-02-10,3.643000,3.720000,3.643000,3.710000,3.648167,600
2016-02-11,4.000000,4.000000,3.940000,3.940000,3.874333,400
2016-02-12,4.250000,4.250000,3.850000,3.850000,3.785833,1500
2016-02-16,3.290000,3.290000,3.200000,3.201000,3.147650,1200
2016-02-17,3.570000,3.570000,3.570000,3.570000,3.510500,100
2016-02-18,3.770000,3.770000,3.750000,3.770000,3.707167,600
2016-02-19,3.750000,3.817000,3.750000,3.800000,3.736667,900
2016-02-22,3.800000,3.800000,3.800000,3.800000,3.736667,0
2016-02-23,4.090000,4.090000,3.550000,3.688000,3.626533,36000
2016-02-24,3.738000,3.750000,3.300000,3.570000,3.510500,15500
2016-02-25,3.730000,3.800000,3.535000,3.730000,3.667833,81500
2016-02-26,3.750000,3.840000,3.600000,3.620000,3.559667,140300
2016-02-29,3.750000,3.750000,3.200000,3.350000,3.294167,38500
2016-03-01,3.250000,3.429000,3.250000,3.420000,3.363000,13200
2016-03-02,3.540000,3.540000,3.250000,3.300000,3.245000,8900
2016-03-03,3.350000,3.350000,3.000000,3.050000,2.999167,10900
2016-03-04,3.150000,3.150000,2.900000,2.980000,2.930333,8300
2016-03-07,3.150000,3.150000,2.900000,2.960000,2.910667,10900
2016-03-08,3.150000,3.150000,2.784000,3.079000,3.027683,8800
2016-03-09,3.070000,3.150000,3.040000,3.044000,2.993267,7600
2016-03-10,3.000000,3.170000,3.000000,3.110000,3.058167,2400
2016-03-11,3.071000,3.075000,3.071000,3.072000,3.020800,1000
2016-03-14,3.000000,3.000000,2.980000,2.980000,2.930333,400
2016-03-15,2.968000,3.040000,2.753000,2.940000,2.891000,7600
2016-03-16,3.070000,3.081000,2.950000,3.081000,3.029650,1300
2016-03-17,2.850000,3.040000,2.850000,3.020000,2.969667,3200
2016-03-18,3.090000,3.090000,3.090000,3.090000,3.038500,500
2016-03-21,3.130000,3.180000,3.100000,3.150000,3.097500,5100
2016-03-22,3.200000,3.250000,3.200000,3.200000,3.146667,7300
2016-03-23,3.500000,3.500000,3.260000,3.329000,3.273517,5800
2016-03-24,3.300000,3.338000,3.300000,3.300000,3.245000,2600
2016-03-28,3.302000,3.370000,3.300000,3.310000,3.254833,9700
2016-03-29,3.570000,3.570000,3.375000,3.480000,3.422000,7700
2016-03-30,3.670000,3.900000,3.660000,3.900000,3.835000,45400
2016-03-31,3.900000,4.250000,3.900000,4.250000,4.179167,27600
2016-04-01,4.250000,4.350000,4.230000,4.300000,4.228333,28800
2016-04-04,4.560000,4.560000,4.399000,4.540000,4.464334,19600
2016-04-05,4.755000,5.250000,4.631000,4.700000,4.621666,121500
2016-04-06,4.400000,4.490000,4.250000,4.300000,4.228333,56900
2016-04-07,4.520000,4.610000,4.500000,4.500000,4.425000,38100
2016-04-08,4.520000,4.520000,4.180000,4.300000,4.228333,2600
2016-04-11,4.420000,4.644000,4.420000,4.420000,4.346334,55500
2016-04-12,4.350000,4.420000,4.261000,4.290000,4.218500,30100
2016-04-13,4.260000,4.340000,4.060000,4.140000,4.071000,156600
2016-04-14,4.150000,4.160000,4.090000,4.140000,4.071000,88100
2016-04-15,4.080000,4.200000,4.060000,4.080000,4.012000,22500
2016-04-18,4.090000,4.200000,4.070000,4.110000,4.041500,21300
2016-04-19,4.150000,4.200000,4.110000,4.200000,4.130000,23400
2016-04-20,4.200000,4.200000,4.170000,4.170000,4.100500,7700
2016-04-21,4.110000,4.110000,3.660000,3.991000,3.924483,12100
2016-04-22,4.000000,4.000000,4.000000,4.000000,3.933333,7900
2016-04-25,4.100000,4.580000,4.100000,4.580000,4.503667,29900
2016-04-26,4.580000,4.580000,4.372000,4.372000,4.299134,1600
2016-04-27,4.850000,4.850000,4.501000,4.590000,4.513500,117800
2016-04-28,4.420000,4.590000,4.320000,4.320000,4.248000,22800
2016-04-29,4.320000,4.700000,4.320000,4.700000,4.621666,26700
2016-05-02,4.700000,4.700000,4.330000,4.360000,4.287333,11600
2016-05-03,4.300000,4.570000,4.060000,4.250000,4.179167,148800
2016-05-04,4.090000,4.230000,4.070000,4.170000,4.100500,27800
2016-05-05,4.300000,4.300000,4.110000,4.260000,4.189000,34600
2016-05-06,4.250000,4.460000,4.240000,4.460000,4.385667,78500
2016-05-09,4.510000,4.510000,4.214000,4.410000,4.336500,6100
2016-05-10,4.250000,4.490000,4.250000,4.460000,4.385667,29500
2016-05-11,4.670000,4.670000,4.380000,4.380000,4.307000,24300
2016-05-12,4.220000,4.420000,4.210000,4.400000,4.326667,12600
2016-05-13,4.230000,4.380000,4.081000,4.380000,4.307000,63700
2016-05-16,4.380000,4.380000,4.180000,4.300000,4.228333,13800
2016-05-17,4.180000,4.380000,4.180000,4.370000,4.297167,1600
2016-05-18,4.410000,4.420000,4.110000,4.420000,4.346334,7300
2016-05-19,4.110000,4.550000,4.060000,4.550000,4.474167,9700
2016-05-20,4.680000,4.690000,4.680000,4.690000,4.611834,700
2016-05-23,4.695000,4.695000,4.584000,4.605000,4.528250,1200
2016-05-24,4.700000,4.700000,4.560000,4.700000,4.621666,5800
2016-05-25,4.750000,4.870000,4.710000,4.870000,4.788833,21600
2016-05-26,4.900000,5.150000,4.650000,4.690000,4.611834,15800
2016-05-27,4.660000,4.660000,4.660000,4.660000,4.582333,400
2016-05-31,4.670000,4.700000,4.650000,4.660000,4.582333,2000
2016-06-01,5.050000,5.100000,4.420000,4.550000,4.474167,13500
2016-06-02,4.520000,4.550000,4.390000,4.519000,4.443684,7100
2016-06-03,4.470000,4.480000,4.390000,4.400000,4.326667,3700
2016-06-06,4.590000,4.590000,4.240000,4.530000,4.454500,8400
2016-06-07,4.230000,4.291000,3.910000,4.240000,4.169333,6100
2016-06-08,4.240000,4.240000,4.240000,4.240000,4.169333,0
2016-06-09,4.280000,4.280000,4.100000,4.100000,4.031667,2200
2016-06-10,4.150000,4.410000,4.100000,4.264000,4.192934,6000
2016-06-13,4.100000,4.131000,3.800000,3.820000,3.756333,4800
2016-06-14,3.810000,4.190000,3.600000,3.600000,3.540000,8800
2016-06-15,3.700000,4.200000,3.700000,3.900000,3.835000,3400
2016-06-16,3.660000,3.800000,3.660000,3.700000,3.638333,3600
2016-06-17,3.510000,3.790000,3.390000,3.790000,3.726833,1600
2016-06-20,3.570000,3.570000,3.410000,3.410000,3.353167,600
2016-06-21,3.400000,3.550000,3.310000,3.380000,3.323667,20100
2016-06-22,3.500000,3.600000,3.400000,3.500000,3.441667,13700
2016-06-23,3.510000,3.665000,3.420000,3.600000,3.540000,20100
2016-06-24,3.180000,3.300000,3.170000,3.290000,3.235167,2900
2016-06-27,3.270000,3.300000,3.000000,3.080000,3.028667,2400
2016-06-28,3.050000,3.050000,3.050000,3.050000,2.999167,300
2016-06-29,3.340000,3.350000,3.000000,3.349000,3.293183,4600
2016-06-30,3.350000,3.860000,3.350000,3.450000,3.392500,4700
2016-07-01,3.450000,3.593000,3.450000,3.500000,3.441667,1000
2016-07-05,3.510000,3.510000,3.430000,3.430000,3.372833,200
2016-07-06,3.430000,3.430000,3.430000,3.430000,3.372833,0
2016-07-07,3.440000,3.490000,3.350000,3.350000,3.294167,2000
2016-07-08,3.390000,3.390000,3.300000,3.350000,3.294167,2000
2016-07-11,3.350000,3.350000,3.350000,3.350000,3.294167,200
2016-07-12,3.420000,3.420000,3.420000,3.420000,3.363000,700
2016-07-13,3.418000,3.418000,3.340000,3.350000,3.294167,1200
2016-07-14,3.310000,3.310000,3.220000,3.261000,3.206650,1700
2016-07-15,3.250000,3.260000,3.250000,3.251000,3.196817,1800
2016-07-18,3.320000,3.350000,3.170000,3.220000,3.166333,1300
2016-07-19,3.100000,3.260000,3.100000,3.260000,3.205667,1800
2016-07-20,3.370000,3.420000,3.370000,3.420000,3.363000,1300
2016-07-21,3.420000,3.420000,3.420000,3.420000,3.363000,0
2016-07-22,3.420000,3.420000,3.420000,3.420000,3.363000,0
2016-07-25,3.420000,3.420000,3.420000,3.420000,3.363000,0
2016-07-26,3.420000,3.420000,3.420000,3.420000,3.363000,0
2016-07-27,3.080000,3.116000,3.050000,3.097000,3.045383,9200
2016-07-28,3.096000,3.250000,3.096000,3.160000,3.107333,3000
2016-07-29,3.200000,3.390000,3.180000,3.180000,3.127000,1200
2016-08-01,3.270000,3.270000,3.050000,3.050000,2.999167,1300
2016-08-02,3.100000,3.100000,3.100000,3.100000,3.048333,500
2016-08-03,3.150000,3.320000,3.150000,3.320000,3.264667,4700
2016-08-04,3.320000,3.320000,3.320000,3.320000,3.264667,0
2016-08-05,3.289000,3.289000,3.180000,3.210000,3.156500,3100
2016-08-08,3.250000,3.390000,3.040000,3.200000,3.146667,2400
2016-08-09,3.220000,3.390000,3.220000,3.350000,3.294167,8600
2016-08-10,3.589000,3.589000,3.589000,3.589000,3.529183,200
2016-08-11,3.400000,3.450000,3.310000,3.400000,3.343333,2000
2016-08-12,3.410000,3.499000,3.202000,3.400000,3.343333,2700
2016-08-15,3.287000,3.287000,3.287000,3.287000,3.232217,200
2016-08-16,3.220000,3.450000,3.200000,3.450000,3.392500,7700
2016-08-17,3.380000,3.380000,3.380000,3.380000,3.323667,400
2016-08-18,3.500000,3.600000,3.500000,3.580000,3.520333,1500
2016-08-19,3.500000,3.550000,3.500000,3.500000,3.441667,5800
2016-08-22,3.380000,3.500000,3.300000,3.300000,3.245000,4700
2016-08-23,3.300000,3.300000,3.300000,3.300000,3.245000,0
2016-08-24,3.270000,3.300000,3.200000,3.280000,3.225333,8200
2016-08-25,3.150000,3.150000,3.150000,3.150000,3.097500,700
2016-08-26,3.340000,3.350000,3.340000,3.350000,3.294167,7500
2016-08-29,3.380000,3.650000,3.240000,3.650000,3.589167,20900
2016-08-30,3.500000,3.500000,3.450000,3.500000,3.441667,26400
2016-08-31,3.240000,3.460000,3.210000,3.460000,3.402333,2300
2016-09-01,3.360000,3.500000,3.350000,3.470000,3.412167,2000
2016-09-02,3.470000,3.470000,3.470000,3.470000,3.412167,0
2016-09-06,3.510000,3.510000,3.460000,3.460000,3.402333,2200
2016-09-07,3.460000,3.460000,3.460000,3.460000,3.402333,0
2016-09-08,3.400000,3.400000,3.400000,3.400000,3.343333,1100
2016-09-09,3.400000,3.400000,3.400000,3.400000,3.343333,0
2016-09-12,3.030000,3.670000,3.030000,3.620000,3.559667,28200
2016-09-13,3.670000,3.670000,3.580000,3.580000,3.520333,1300
2016-09-14,3.471000,3.480000,3.400000,3.400000,3.343333,700
2016-09-15,3.250000,3.325000,3.230000,3.300000,3.245000,8900
2016-09-16,3.400000,3.540000,3.343000,3.380000,3.323667,5200
2016-09-19,3.358000,3.358000,3.358000,3.358000,3.302033,600
2016-09-20,3.280000,3.280000,3.179000,3.200000,3.146667,1800
2016-09-21,3.200000,3.200000,3.200000,3.200000,3.146667,0
2016-09-22,3.300000,3.400000,3.300000,3.340000,3.284333,1900
2016-09-23,3.265000,3.265000,3.207000,3.207000,3.153550,2100
2016-09-26,3.200000,3.200000,2.610000,2.850000,2.802500,5300
2016-09-27,3.100000,3.200000,2.980000,3.102000,3.050300,12500
2016-09-28,3.110000,3.110000,3.100000,3.100000,3.048333,6000
2016-09-29,3.200000,3.200000,3.200000,3.200000,3.146667,1000
2016-09-30,3.000000,3.000000,2.900000,2.990000,2.940167,11800
2016-10-03,2.895000,2.900000,2.840000,2.850000,2.802500,1600
2016-10-04,2.800000,2.800000,2.610000,2.800000,2.753333,4400
2016-10-05,2.800000,2.800000,2.800000,2.800000,2.753333,0
2016-10-06,2.710000,2.900000,2.710000,2.800000,2.753333,1300
2016-10-07,2.679000,2.880000,2.679000,2.830000,2.782833,1400
2016-10-10,2.830000,2.830000,2.830000,2.830000,2.782833,0
2016-10-11,2.850000,2.850000,2.650000,2.650000,2.605834,1000
2016-10-12,2.532000,2.661000,2.532000,2.660000,2.615667,2400
2016-10-13,2.523000,2.560000,2.510000,2.520000,2.478000,6800
2016-10-14,2.540000,2.540000,2.510000,2.510000,2.468167,200
2016-10-17,2.510000,2.510000,2.510000,2.510000,2.468167,0
2016-10-18,2.720000,2.720000,2.720000,2.720000,2.674667,200
2016-10-19,2.600000,2.600000,2.590000,2.590000,2.546833,300
2016-10-20,2.590000,2.590000,2.590000,2.590000,2.546833,0
2016-10-21,2.800000,2.800000,2.700000,2.700000,2.655000,500
2016-10-24,2.900000,3.195000,2.900000,3.093000,3.041450,7200
2016-10-25,3.210000,3.480000,3.210000,3.400000,3.343333,9500
2016-10-26,3.690000,3.690000,3.060000,3.088000,3.036533,3600
2016-10-27,3.080000,3.080000,2.960000,2.960000,2.910667,5000
2016-10-28,3.170000,3.650000,3.170000,3.610000,3.549833,1400
2016-10-31,3.690000,3.690000,3.060000,3.370000,3.313833,3100
2016-11-01,3.450000,3.450000,3.150000,3.150000,3.097500,62700
2016-11-02,2.850000,3.050000,2.800000,3.050000,2.999167,1200
2016-11-03,2.750000,2.750000,2.750000,2.750000,2.704167,100
2016-11-04,3.050000,3.050000,2.819000,2.819000,2.772017,300
2016-11-07,2.819000,2.819000,2.819000,2.819000,2.772017,0
2016-11-08,2.754000,2.754000,2.754000,2.754000,2.708100,800
2016-11-09,2.670000,2.670000,2.670000,2.670000,2.625500,1000
2016-11-10,2.873000,2.873000,2.754000,2.754000,2.708100,1100
2016-11-11,2.900000,2.900000,2.900000,2.900000,2.851667,1000
2016-11-14,2.990000,2.990000,2.990000,2.990000,2.940167,200
2016-11-15,2.982000,2.982000,2.960000,2.960000,2.910667,1300
2016-11-16,2.960000,2.960000,2.960000,2.960000,2.910667,0
2016-11-17,2.960000,2.960000,2.960000,2.960000,2.910667,0
2016-11-18,2.940000,3.100000,2.940000,3.100000,3.048333,4000
2016-11-21,3.050000,3.055000,3.050000,3.055000,3.004083,1500
2016-11-22,3.050000,3.080000,3.050000,3.080000,3.028667,2400
2016-11-23,3.090000,3.090000,3.090000,3.090000,3.038500,100
2016-11-25,3.090000,3.090000,3.090000,3.090000,3.038500,0
2016-11-28,3.080000,3.080000,3.080000,3.080000,3.028667,400
2016-11-29,3.010000,3.010000,3.010000,3.010000,2.959833,100
2016-11-30,3.000000,3.173000,3.000000,3.129000,3.076850,5200
2016-12-01,3.300000,3.309000,3.300000,3.309000,3.253850,300
2016-12-02,3.309000,3.309000,3.309000,3.309000,3.253850,0
2016-12-05,3.300000,3.300000,3.000000,3.100000,3.048333,2100
2016-12-06,3.100000,3.100000,3.100000,3.100000,3.048333,0
2016-12-07,3.250000,3.250000,3.250000,3.250000,3.195833,200
2016-12-08,3.134000,3.134000,3.134000,3.134000,3.081767,200
2016-12-09,3.134000,3.134000,3.134000,3.134000,3.081767,0
2016-12-12,2.950000,2.965000,2.950000,2.965000,2.915583,900
2016-12-13,2.965000,2.965000,2.965000,2.965000,2.915583,0
2016-12-14,2.965000,2.965000,2.965000,2.965000,2.915583,0
2016-12-15,2.950000,3.000000,2.950000,3.000000,2.950000,1100
2016-12-16,3.088000,3.088000,2.950000,3.080000,3.028667,1100
2016-12-19,3.030000,3.030000,3.030000,3.030000,2.979500,100
2016-12-20,2.950000,2.950000,2.950000,2.950000,2.900833,300
2016-12-21,3.150000,3.150000,2.950000,2.950000,2.900833,4200
2016-12-22,2.953000,2.989000,2.953000,2.989000,2.939183,500
2016-12-23,2.989000,2.989000,2.989000,2.989000,2.939183,0
2016-12-27,2.975000,2.975000,2.810000,2.818000,2.771034,1600
2016-12-28,2.818000,2.818000,2.818000,2.818000,2.771034,0
2016-12-29,2.946000,2.946000,2.946000,2.946000,2.896900,300
2016-12-30,2.808000,2.808000,2.808000,2.808000,2.761200,300
2017-01-03,2.808000,2.808000,2.808000,2.808000,2.761200,0
2017-01-04,3.150000,3.150000,3.150000,3.150000,3.097500,400
2017-01-05,3.150000,3.150000,3.150000,3.150000,3.097500,0
2017-01-06,3.150000,3.150000,3.150000,3.150000,3.097500,0
2017-01-09,3.000000,3.000000,3.000000,3.000000,2.950000,1000
2017-01-10,3.000000,3.000000,3.000000,3.000000,2.950000,0
2017-01-11,3.000000,3.000000,3.000000,3.000000,2.950000,0
2017-01-12,3.000000,3.000000,3.000000,3.000000,2.950000,0
2017-01-13,2.990000,3.000000,2.868000,2.886000,2.837900,5400
2017-01-17,2.980000,3.700000,2.800000,3.700000,3.638333,80100
2017-01-18,3.640000,3.640000,3.000000,3.005000,2.954917,25800
2017-01-19,3.296000,3.296000,2.860000,2.860000,2.812333,4900
2017-01-20,2.910000,2.991000,2.850000,2.990000,2.940167,14300
2017-01-23,2.870000,3.100000,2.800000,2.830000,2.782833,38300
2017-01-24,2.830000,2.930000,2.700000,2.700000,2.655000,13000
2017-01-25,2.850000,2.870000,2.700000,2.700000,2.655000,8700
2017-01-26,2.820000,2.890000,2.700000,2.700000,2.655000,9900
2017-01-27,2.700000,2.700000,2.700000,2.700000,2.655000,0
2017-01-30,2.530000,2.700000,2.530000,2.700000,2.655000,3300
2017-01-31,2.790000,2.790000,2.790000,2.790000,2.743500,200
2017-02-01,2.630000,2.850000,2.630000,2.850000,2.802500,700
2017-02-02,2.850000,2.850000,2.850000,2.850000,2.802500,0
2017-02-03,2.848000,2.876000,2.740000,2.842000,2.794633,1300
2017-02-06,2.840000,2.840000,2.750000,2.750000,2.704167,200
2017-02-07,2.510000,2.530000,2.220000,2.510000,2.468167,3000
2017-02-08,2.510000,2.510000,2.510000,2.510000,2.468167,300
2017-02-09,2.500000,2.600000,2.500000,2.600000,2.556667,1500
2017-02-10,2.520000,2.520000,2.510000,2.510000,2.468167,2300
2017-02-13,2.500000,2.844000,2.260000,2.660000,2.615667,22700
2017-02-14,2.420000,2.876000,2.352000,2.352000,2.312800,11700
2017-02-15,2.650000,2.672000,2.570000,2.575000,2.532084,7400
2017-02-16,2.483000,2.483000,2.483000,2.483000,2.441617,1000
2017-02-17,2.690000,2.907000,2.520000,2.630000,2.586167,3200
2017-02-21,2.490000,2.737000,2.480000,2.737000,2.691383,6200
2017-02-22,2.670000,2.670000,2.180000,2.320000,2.281333,25200
2017-02-23,2.500000,2.500000,2.230000,2.370000,2.330500,26200
2017-02-24,2.200000,2.300000,2.180000,2.300000,2.261667,1600
2017-02-27,2.300000,2.300000,2.300000,2.300000,2.261667,0
2017-02-28,2.000000,2.350000,1.819000,2.330000,2.291167,9700
2017-03-01,1.810000,2.400000,1.700000,1.880000,1.848667,91100
2017-03-02,1.880000,2.440000,1.775000,1.970000,1.937167,62500
2017-03-03,2.150000,2.150000,1.803000,1.850000,1.819167,13100
2017-03-06,1.850000,1.906000,1.390000,1.660000,1.632333,21000
2017-03-07,1.650000,1.836000,1.650000,1.718000,1.689367,4800
2017-03-08,1.720000,1.877000,1.670000,1.850000,1.819167,13800
2017-03-09,1.800000,2.160000,1.750000,1.810000,1.779833,20900
2017-03-10,1.820000,1.890000,1.764000,1.790000,1.760167,11000
2017-03-13,1.760000,1.760000,1.750000,1.750000,1.720833,1200
2017-03-14,1.720000,1.760000,1.720000,1.730000,1.701167,1700
2017-03-15,1.650000,1.730000,1.650000,1.730000,1.701167,700
2017-03-16,1.750000,1.847000,1.745000,1.745000,1.715917,3000
2017-03-17,1.810000,1.820000,1.745000,1.800000,1.770000,5000
2017-03-20,1.900000,1.941000,1.850000,1.920000,1.888000,6100
2017-03-21,1.900000,1.920000,1.900000,1.910000,1.878167,800
2017-03-22,1.930000,1.950000,1.930000,1.950000,1.917500,1400
2017-03-23,2.020000,2.020000,1.869000,1.870000,1.838833,3100
2017-03-24,1.900000,1.900000,1.900000,1.900000,1.868333,200
2017-03-27,2.000000,2.000000,1.964000,2.000000,1.966667,2900
2017-03-28,2.050000,2.150000,1.840000,1.860000,1.829000,8000
2017-03-29,2.023000,2.023000,2.023000,2.023000,1.989283,800
2017-03-30,2.080000,2.080000,1.909000,1.909000,1.877183,900
2017-03-31,1.909000,1.909000,1.909000,1.909000,1.877183,0
2017-04-03,2.140000,2.250000,1.900000,1.960000,1.927333,14600
2017-04-04,2.060000,2.060000,2.060000,2.060000,2.025667,1000
2017-04-05,2.060000,2.060000,2.060000,2.060000,2.025667,0
2017-04-06,2.060000,2.060000,2.060000,2.060000,2.025667,0
2017-04-07,2.060000,2.060000,2.060000,2.060000,2.025667,0
2017-04-10,2.110000,2.110000,1.970000,2.050000,2.015833,1900
2017-04-11,2.011000,2.103000,2.011000,2.050000,2.015833,2700
2017-04-12,2.050000,2.050000,2.050000,2.050000,2.015833,0
2017-04-13,1.986000,2.197000,1.890000,2.197000,2.160383,4100
2017-04-17,2.150000,2.200000,1.820000,1.820000,1.789667,4500
2017-04-18,1.980000,2.090000,1.940000,2.030000,1.996167,15300
2017-04-19,2.100000,2.126000,1.900000,2.100000,2.065000,20000
2017-04-20,2.200000,2.380000,1.949000,1.950000,1.917500,47200
2017-04-21,1.940000,2.330000,1.930000,2.174000,2.137767,27000
2017-04-24,2.240000,2.330000,2.006000,2.100000,2.065000,37400
2017-04-25,2.130000,2.152000,2.060000,2.120000,2.084666,10800
2017-04-26,2.140000,2.170000,2.100000,2.170000,2.133833,6600
2017-04-27,2.160000,2.160000,2.120000,2.160000,2.124000,2200
2017-04-28,2.070000,2.106000,2.050000,2.106000,2.070900,2600
2017-05-01,2.178000,2.190000,2.000000,2.150000,2.114167,11400
2017-05-02,2.238000,2.238000,2.070000,2.189000,2.152517,9200
2017-05-03,1.960000,2.170000,1.960000,2.090000,2.055167,2300
2017-05-04,2.090000,2.170000,2.070000,2.070000,2.035500,7900
2017-05-05,2.063000,2.240000,2.050000,2.100000,2.065000,21800
2017-05-08,2.150000,2.260000,2.120000,2.260000,2.222333,13100
2017-05-09,2.200000,2.260000,2.090000,2.120000,2.084666,13500
2017-05-10,2.130000,2.170000,1.820000,1.900000,1.868333,16500
2017-05-11,1.900000,2.050000,1.900000,2.050000,2.015833,2100
2017-05-12,2.110000,2.110000,2.110000,2.110000,2.074833,900
2017-05-15,2.075000,2.230000,1.834000,2.230000,2.192833,14700
2017-05-16,2.180000,2.225000,2.080000,2.080000,2.045333,9900
2017-05-17,2.100000,2.100000,1.900000,2.050000,2.015833,13600
2017-05-18,2.105000,2.123000,2.000000,2.000000,1.966667,7900
2017-05-19,1.810000,2.100000,1.800000,2.080000,2.045333,27100
2017-05-22,2.100000,2.106000,1.840000,1.840000,1.809333,14700
2017-05-23,1.840000,1.840000,1.840000,1.840000,1.809333,0
2017-05-24,2.200000,2.200000,1.800000,2.090000,2.055167,27900
2017-05-25,2.090000,2.090000,2.090000,2.090000,2.055167,0
2017-05-26,2.090000,2.090000,2.090000,2.090000,2.055167,0
2017-05-30,2.120000,2.120000,1.718000,1.920000,1.888000,11500
2017-05-31,1.980000,1.980000,1.900000,1.900000,1.868333,18600
2017-06-01,1.970000,1.970000,1.800000,1.860000,1.829000,21900
2017-06-02,1.820000,1.887000,1.760000,1.810000,1.779833,17100
2017-06-05,1.820000,1.920000,1.700000,1.740000,1.711000,22000
2017-06-06,1.870000,1.870000,1.700000,1.810000,1.779833,4700
2017-06-07,1.790000,1.806000,1.790000,1.800000,1.770000,4900
2017-06-08,1.750000,1.750000,1.510000,1.620000,1.593000,22700
2017-06-09,1.500000,1.600000,1.450000,1.500000,1.475000,24800
2017-06-12,1.590000,1.590000,1.140000,1.300000,1.278333,56000
2017-06-13,1.300000,1.400000,1.144000,1.170000,1.150500,6700
2017-06-14,1.240000,1.240000,1.240000,1.240000,1.219333,100
2017-06-15,1.250000,1.250000,1.060000,1.110000,1.091500,11300
2017-06-16,1.070000,1.070000,1.070000,1.070000,1.052167,100
2017-06-19,1.060000,1.060000,1.000000,1.000000,0.983333,20100
2017-06-20,1.040000,1.059000,1.010000,1.059000,1.041350,6200
2017-06-21,1.010000,1.080000,1.000000,1.010000,0.993167,2400
2017-06-22,1.090000,1.131000,1.010000,1.082000,1.063967,24700
2017-06-23,1.090000,1.100000,1.070000,1.100000,1.081667,1300
2017-06-26,1.100000,1.100000,1.040000,1.050000,1.032500,13200
2017-06-27,1.070000,1.070000,0.900000,1.060000,1.042333,60500
2017-06-28,1.031000,1.050000,1.031000,1.050000,1.032500,1200
2017-06-29,0.930000,1.019000,0.882000,0.960000,0.944000,4200
2017-06-30,1.000000,1.060000,1.000000,1.051000,1.033483,3600
2017-07-03,1.060000,1.060000,1.060000,1.060000,1.042333,100
2017-07-05,1.004000,1.060000,0.998000,0.998000,0.981367,2400
2017-07-06,1.030000,1.030000,1.030000,1.030000,1.012833,100
2017-07-07,1.020000,1.020000,1.020000,1.020000,1.003000,200
2017-07-10,1.020000,1.190000,1.020000,1.140000,1.121000,19600
2017-07-11,1.250000,1.250000,1.020000,1.020000,1.003000,24900
2017-07-12,1.030000,1.090000,1.030000,1.080000,1.062000,400
2017-07-13,1.070000,1.130000,1.020000,1.020000,1.020000,3200
2017-07-14,1.030000,1.140000,0.995000,1.060000,1.060000,19900
2017-07-17,1.080000,1.198000,1.000000,1.000000,1.000000,15000
2017-07-18,1.040000,1.080000,0.951000,1.000000,1.000000,8000
2017-07-19,1.030000,1.040000,1.000000,1.040000,1.040000,2200
2017-07-20,1.040000,1.040000,1.040000,1.040000,1.040000,0
2017-07-21,1.000000,1.000000,1.000000,1.000000,1.000000,200
2017-07-24,1.000000,1.000000,1.000000,1.000000,1.000000,0
2017-07-25,0.986000,1.000000,0.953000,1.000000,1.000000,2600
2017-07-26,1.000000,1.000000,0.971000,0.971000,0.971000,3100
2017-07-27,0.971000,0.991000,0.971000,0.991000,0.991000,1100
2017-07-28,1.010000,1.010000,1.010000,1.010000,1.010000,100
2017-07-31,0.980000,0.980000,0.980000,0.980000,0.980000,100
2017-08-01,0.980000,1.110000,0.980000,1.048000,1.048000,30800
2017-08-02,1.010000,1.078000,0.960000,0.960000,0.960000,18000
2017-08-03,1.040000,1.080000,0.960000,1.080000,1.080000,29400
2017-08-04,1.080000,1.320000,0.852000,1.100000,1.100000,84100
2017-08-07,1.130000,1.150000,1.000000,1.000000,1.000000,40400
2017-08-08,1.130000,1.150000,1.020000,1.130000,1.130000,32400
2017-08-09,1.020000,1.140000,1.020000,1.020000,1.020000,35500
2017-08-10,1.130000,1.130000,1.030000,1.030000,1.030000,3300
2017-08-11,1.040000,1.180000,0.986000,1.130000,1.130000,30400
2017-08-14,1.138000,1.138000,1.090000,1.090000,1.090000,1200
2017-08-15,1.077000,1.180000,1.070000,1.130000,1.130000,52300
2017-08-16,1.145000,1.220000,1.070000,1.120000,1.120000,39600
2017-08-17,1.110000,1.110000,1.060000,1.060000,1.060000,25800
2017-08-18,1.100000,1.150000,1.070000,1.070000,1.070000,14400
2017-08-21,1.060000,1.132000,1.020000,1.020000,1.020000,31600
2017-08-22,1.030000,1.070000,1.030000,1.040000,1.040000,1400
2017-08-23,1.070000,1.070000,1.050000,1.050000,1.050000,600
2017-08-24,1.050000,1.060000,1.010000,1.030000,1.030000,3400
2017-08-25,1.060000,1.080000,1.040000,1.070000,1.070000,1400
2017-08-28,1.050000,1.060000,1.030000,1.030000,1.030000,1100
2017-08-29,1.000000,1.000000,1.000000,1.000000,1.000000,500
2017-08-30,1.000000,1.000000,1.000000,1.000000,1.000000,0
2017-08-31,1.000000,1.060000,0.890000,0.993000,0.993000,24400
2017-09-01,1.030000,1.040000,1.010000,1.010000,1.010000,5900
2017-09-05,1.010000,1.020000,0.950000,1.000000,1.000000,1400
2017-09-06,0.970000,1.070000,0.950000,0.961000,0.961000,20200
2017-09-07,0.960000,1.020000,0.956000,1.020000,1.020000,7700
2017-09-08,0.969000,1.020000,0.960000,0.960000,0.960000,3800
2017-09-11,1.060000,1.170000,1.060000,1.080000,1.080000,14400
2017-09-12,1.058000,1.058000,1.020000,1.020000,1.020000,300
2017-09-13,0.990000,1.040000,0.990000,1.030000,1.030000,4900
2017-09-14,1.060000,1.070000,1.000000,1.060000,1.060000,2300
2017-09-15,1.050000,1.080000,1.050000,1.060000,1.060000,7200
2017-09-18,1.032000,1.061000,1.032000,1.032000,1.032000,6000
2017-09-19,1.070000,1.120000,0.980000,1.050000,1.050000,10800
2017-09-20,0.990000,0.990000,0.982000,0.982000,0.982000,1000
2017-09-21,0.999000,1.020000,0.968000,0.990000,0.990000,5000
2017-09-22,0.984000,1.020000,0.984000,1.020000,1.020000,8000
2017-09-25,1.010000,1.010000,1.000000,1.000000,1.000000,700
2017-09-26,0.990000,1.020000,0.990000,1.020000,1.020000,17200
2017-09-27,1.040000,1.052000,1.020000,1.050000,1.050000,7500
2017-09-28,1.050000,1.050000,1.050000,1.050000,1.050000,0
2017-09-29,1.040000,1.040000,1.040000,1.040000,1.040000,200
2017-10-02,1.040000,1.040000,1.040000,1.040000,1.040000,0
2017-10-03,0.960000,1.070000,0.940000,1.070000,1.070000,43100
2017-10-04,1.050000,1.090000,1.010000,1.090000,1.090000,10800
2017-10-05,1.000000,1.120000,1.000000,1.080000,1.080000,58000
2017-10-06,1.000000,1.165000,0.959000,1.120000,1.120000,62300
2017-10-09,1.060000,1.110000,1.020000,1.048000,1.048000,11800
2017-10-10,1.048000,1.048000,1.048000,1.048000,1.048000,0
2017-10-11,1.012000,1.050000,1.010000,1.050000,1.050000,4100
2017-10-12,1.060000,1.060000,0.960000,1.000000,1.000000,21000
2017-10-13,0.980000,1.030000,0.960000,1.010000,1.010000,17300
2017-10-16,0.990000,1.030000,0.980000,1.000000,1.000000,2900
2017-10-17,0.935000,1.040000,0.935000,1.040000,1.040000,20300
2017-10-18,0.956000,1.000000,0.928000,0.930000,0.930000,10200
2017-10-19,0.990000,0.990000,0.910000,0.910000,0.910000,6300
2017-10-20,0.900000,0.970000,0.900000,0.950000,0.950000,16700
2017-10-23,0.900000,0.938000,0.820000,0.830000,0.830000,9200
2017-10-24,0.840000,0.840000,0.800000,0.801000,0.801000,4300
2017-10-25,0.930000,0.930000,0.870000,0.877000,0.877000,11800
2017-10-26,0.920000,0.920000,0.870000,0.870000,0.870000,5500
2017-10-27,0.934000,1.070000,0.882000,1.010000,1.010000,14900
2017-10-30,0.955000,1.030000,0.955000,1.010000,1.010000,3900
2017-10-31,1.000000,1.020000,0.980000,0.980000,0.980000,5200
2017-11-01,1.050000,1.050000,0.969000,1.050000,1.050000,1000
2017-11-02,1.030000,1.030000,0.880000,0.880000,0.880000,3500
2017-11-03,1.020000,1.028000,0.972000,0.972000,0.972000,5300
2017-11-06,0.988000,0.988000,0.988000,0.988000,0.988000,2000
2017-11-07,0.988000,0.988000,0.988000,0.988000,0.988000,0
2017-11-08,0.880000,0.920000,0.847000,0.920000,0.920000,3400
2017-11-09,0.832000,0.860000,0.800000,0.860000,0.860000,28000
2017-11-10,0.870000,0.922000,0.870000,0.900000,0.900000,9700
2017-11-13,0.920000,0.932000,0.900000,0.900000,0.900000,5300
2017-11-14,0.900000,0.900000,0.900000,0.900000,0.900000,0
2017-11-15,0.900000,0.900000,0.900000,0.900000,0.900000,0
2017-11-16,0.990000,1.060000,0.990000,1.060000,1.060000,5900
2017-11-17,1.020000,1.050000,1.020000,1.050000,1.050000,3000
2017-11-20,1.050000,1.050000,1.050000,1.050000,1.050000,0
2017-11-21,0.863000,1.020000,0.863000,1.020000,1.020000,13500
2017-11-22,1.020000,1.020000,1.020000,1.020000,1.020000,0
2017-11-24,1.032000,1.032000,1.032000,1.032000,1.032000,300
2017-11-27,1.012000,1.012000,0.987000,0.987000,0.987000,6500
2017-11-28,0.987000,0.987000,0.987000,0.987000,0.987000,0
2017-11-29,0.987000,0.987000,0.987000,0.987000,0.987000,0
2017-11-30,0.950000,0.950000,0.950000,0.950000,0.950000,2500
2017-12-01,0.950000,0.990000,0.904000,0.950000,0.950000,1100
2017-12-04,0.947000,0.990000,0.947000,0.970000,0.970000,800
2017-12-05,0.950000,0.950000,0.950000,0.950000,0.950000,100
2017-12-06,0.950000,0.950000,0.950000,0.950000,0.950000,0
2017-12-07,0.935000,0.985000,0.935000,0.985000,0.985000,400
2017-12-08,0.950000,1.000000,0.863000,1.000000,1.000000,4800
2017-12-11,1.000000,1.000000,0.905000,0.970000,0.970000,6700
2017-12-12,1.000000,1.000000,1.000000,1.000000,1.000000,100
2017-12-13,1.000000,1.000000,1.000000,1.000000,1.000000,0
2017-12-14,1.000000,1.000000,1.000000,1.000000,1.000000,0
2017-12-15,1.000000,1.000000,1.000000,1.000000,1.000000,0
2017-12-18,0.911000,0.928000,0.910000,0.918000,0.918000,1200
2017-12-19,0.900000,0.900000,0.862000,0.862000,0.862000,1500
2017-12-20,0.869000,0.869000,0.869000,0.869000,0.869000,700
2017-12-21,0.900000,0.900000,0.880000,0.900000,0.900000,2800
2017-12-22,0.900000,0.900000,0.900000,0.900000,0.900000,0
2017-12-26,0.900000,0.900000,0.900000,0.900000,0.900000,0
2017-12-27,0.870000,0.870000,0.870000,0.870000,0.870000,200
2017-12-28,0.870000,0.880000,0.870000,0.880000,0.880000,2100
2017-12-29,0.860000,0.900000,0.860000,0.880000,0.880000,3300
2018-01-02,0.952000,1.010000,0.952000,1.010000,1.010000,32300
2018-01-03,1.010000,1.020000,1.001000,1.020000,1.020000,2200
2018-01-04,1.060000,1.060000,0.850000,0.894000,0.894000,19800
2018-01-05,0.980000,0.980000,0.919000,0.919000,0.919000,3900
2018-01-08,0.990000,0.990000,0.888000,0.888000,0.888000,7400
2018-01-09,0.940000,0.978000,0.940000,0.968000,0.968000,2600
2018-01-10,0.968000,0.968000,0.968000,0.968000,0.968000,0
2018-01-11,1.049000,1.049000,0.931000,0.941000,0.941000,4200
2018-01-12,0.970000,1.190000,0.970000,1.120000,1.120000,45300
2018-01-16,1.250000,1.250000,1.140000,1.193000,1.193000,6500
2018-01-17,1.250000,1.364000,1.140000,1.140000,1.140000,6300
2018-01-18,1.050000,1.120000,1.050000,1.060000,1.060000,7000
2018-01-19,1.140000,1.140000,1.120000,1.138000,1.138000,5600
2018-01-22,1.120000,1.135000,1.120000,1.135000,1.135000,400
2018-01-23,1.120000,1.120000,1.120000,1.120000,1.120000,100
2018-01-24,1.080000,1.100000,1.071000,1.080000,1.080000,1300
2018-01-25,1.140000,1.550000,1.140000,1.250000,1.250000,155900
2018-01-26,1.500000,3.165000,1.320000,1.750000,1.750000,1086400
2018-01-29,1.740000,1.767000,1.460000,1.490000,1.490000,176600
2018-01-30,1.500000,1.579000,1.440000,1.440000,1.440000,77300
2018-01-31,1.520000,1.570000,1.400000,1.440000,1.440000,70300
2018-02-01,1.360000,1.532000,1.360000,1.532000,1.532000,100100
2018-02-02,1.570000,1.570000,1.467000,1.500000,1.500000,26300
2018-02-05,1.590000,1.590000,1.350000,1.350000,1.350000,49900
2018-02-06,1.430000,1.470000,1.350000,1.360000,1.360000,27300
2018-02-07,1.430000,1.459000,1.350000,1.439000,1.439000,6800
2018-02-08,1.520000,1.520000,1.453000,1.484000,1.484000,9200
2018-02-09,1.520000,1.520000,1.420000,1.420000,1.420000,3700
2018-02-12,1.540000,1.540000,1.400000,1.530000,1.530000,9100
2018-02-13,1.540000,1.540000,1.476000,1.476000,1.476000,2600
2018-02-14,1.430000,1.430000,1.370000,1.400000,1.400000,12900
2018-02-15,1.460000,1.490000,1.426000,1.447000,1.447000,7800
2018-02-16,1.450000,1.450000,1.400000,1.400000,1.400000,2100
2018-02-20,1.440000,1.440000,1.410000,1.417000,1.417000,1400
2018-02-21,1.400000,1.458000,1.400000,1.433000,1.433000,7200
2018-02-22,1.388000,1.400000,1.380000,1.390000,1.390000,11500
2018-02-23,1.386000,1.425000,1.386000,1.390000,1.390000,7300
2018-02-26,1.370000,1.390000,1.350000,1.350000,1.350000,29900
2018-02-27,1.357000,1.357000,1.357000,1.357000,1.357000,600
2018-02-28,1.390000,1.390000,1.355000,1.355000,1.355000,1800
2018-03-01,1.370000,1.410000,1.360000,1.383000,1.383000,3900
2018-03-02,1.420000,1.420000,1.200000,1.290000,1.290000,32200
2018-03-05,1.260000,1.330000,1.240000,1.240000,1.240000,1400
2018-03-06,1.270000,1.400000,1.270000,1.380000,1.380000,6500
2018-03-07,1.396000,1.396000,1.370000,1.370000,1.370000,700
2018-03-08,1.370000,1.370000,1.300000,1.335000,1.335000,3900
2018-03-09,1.380000,1.393000,1.370000,1.373000,1.373000,2400
2018-03-12,1.370000,1.370000,1.310000,1.313000,1.313000,9100
2018-03-13,1.400000,1.450000,1.350000,1.400000,1.400000,6500
2018-03-14,1.490000,1.490000,1.371000,1.441000,1.441000,6000
2018-03-15,1.370000,1.378000,1.360000,1.373000,1.373000,7600
2018-03-16,1.400000,1.467000,1.320000,1.380000,1.380000,7500
2018-03-19,1.430000,1.439000,1.429000,1.435000,1.435000,1100
2018-03-20,1.393000,1.466000,1.390000,1.466000,1.466000,1100
2018-03-21,1.400000,1.400000,1.370000,1.395000,1.395000,6900
2018-03-22,1.390000,1.400000,1.390000,1.397000,1.397000,3000
2018-03-23,1.357000,1.385000,1.357000,1.385000,1.385000,2600
2018-03-26,1.385000,1.385000,1.385000,1.385000,1.385000,0
2018-03-27,1.330000,1.350000,1.330000,1.330000,1.330000,6000
2018-03-28,1.310000,1.311000,1.310000,1.311000,1.311000,6100
2018-03-29,1.311000,1.311000,1.311000,1.311000,1.311000,0
2018-04-02,1.280000,1.320000,1.242000,1.310000,1.310000,2500
2018-04-03,1.274000,1.370000,1.200000,1.295000,1.295000,9900
2018-04-04,1.251000,1.295000,1.240000,1.295000,1.295000,11600
2018-04-05,1.270000,1.350000,1.240000,1.350000,1.350000,19000
2018-04-06,1.370000,1.380000,1.350000,1.350000,1.350000,9800
2018-04-09,1.370000,1.370000,1.370000,1.370000,1.370000,1800
2018-04-10,1.370000,1.370000,1.370000,1.370000,1.370000,0
2018-04-11,1.370000,1.515000,1.370000,1.491000,1.491000,16400
2018-04-12,1.510000,1.528000,1.500000,1.528000,1.528000,9900
2018-04-13,1.547000,1.561000,1.440000,1.450000,1.450000,16300
2018-04-16,1.600000,1.620000,1.530000,1.558000,1.558000,27900
2018-04-17,1.660000,1.690000,1.580000,1.681000,1.681000,13600
2018-04-18,1.690000,1.730000,1.621000,1.621000,1.621000,10100
2018-04-19,1.678000,1.678000,1.678000,1.678000,1.678000,6000
2018-04-20,1.740000,1.855000,1.711000,1.799000,1.799000,15900
2018-04-23,2.100000,2.310000,1.730000,1.910000,1.910000,117200
2018-04-24,1.820000,1.820000,1.600000,1.679000,1.679000,33000
2018-04-25,1.681000,1.790000,1.678000,1.780000,1.780000,8100
2018-04-26,1.700000,1.840000,1.700000,1.700000,1.700000,11100
2018-04-27,1.750000,1.890000,1.600000,1.600000,1.600000,8500
2018-04-30,1.600000,1.641000,1.600000,1.630000,1.630000,1800
2018-05-01,1.700000,1.700000,1.630000,1.640000,1.640000,4500
2018-05-02,1.665000,1.680000,1.650000,1.655000,1.655000,2400
2018-05-03,1.620000,1.626000,1.550000,1.610000,1.610000,7000
2018-05-04,1.700000,1.700000,1.510000,1.580000,1.580000,13900
2018-05-07,1.658000,1.658000,1.658000,1.658000,1.658000,100
2018-05-08,1.620000,1.620000,1.470000,1.550000,1.550000,9200
2018-05-09,1.490000,1.520000,1.460000,1.480000,1.480000,7300
2018-05-10,1.440000,1.465000,1.370000,1.380000,1.380000,2800
2018-05-11,1.330000,1.400000,1.280000,1.280000,1.280000,14200
2018-05-14,1.300000,1.472000,1.300000,1.310000,1.310000,4900
2018-05-15,1.310000,1.400000,1.291000,1.380000,1.380000,8200
2018-05-16,1.336000,1.380000,1.336000,1.380000,1.380000,800
2018-05-17,1.450000,1.470000,1.400000,1.470000,1.470000,27500
2018-05-18,1.470000,1.500000,1.440000,1.440000,1.440000,4300
2018-05-21,1.380000,1.380000,1.330000,1.330000,1.330000,6400
2018-05-22,1.300000,1.303000,1.290000,1.303000,1.303000,7200
2018-05-23,1.340000,1.340000,1.295000,1.295000,1.295000,3300
2018-05-24,1.291000,1.350000,1.290000,1.311000,1.311000,11100
2018-05-25,1.340000,1.340000,1.340000,1.340000,1.340000,200
2018-05-29,1.340000,1.340000,1.340000,1.340000,1.340000,0
2018-05-30,1.280000,1.330000,1.210000,1.226000,1.226000,27900
2018-05-31,1.230000,1.300000,1.230000,1.300000,1.300000,14300
2018-06-01,1.310000,1.340000,1.310000,1.340000,1.340000,5000
2018-06-04,1.340000,1.340000,1.340000,1.340000,1.340000,0
2018-06-05,1.340000,1.470000,1.310000,1.310000,1.310000,3100
2018-06-06,1.375000,1.400000,1.300000,1.400000,1.400000,13700
2018-06-07,1.360000,1.360000,1.360000,1.360000,1.360000,600
2018-06-08,1.404000,1.490000,1.404000,1.458000,1.458000,3700
2018-06-11,1.490000,1.490000,1.335000,1.490000,1.490000,1000
2018-06-12,1.410000,1.410000,1.400000,1.400000,1.400000,900
2018-06-13,1.330000,1.330000,1.300000,1.305000,1.305000,10200
2018-06-14,1.280000,1.355000,1.270000,1.355000,1.355000,900
2018-06-15,1.354000,1.354000,1.290000,1.300000,1.300000,3000
2018-06-18,1.250000,1.360000,1.250000,1.340000,1.340000,2400
2018-06-19,1.350000,1.360000,1.330000,1.330000,1.330000,7200
2018-06-20,1.350000,1.482000,1.350000,1.442000,1.442000,5500
2018-06-21,1.430000,1.464000,1.430000,1.433000,1.433000,3000
2018-06-22,1.433000,1.433000,1.433000,1.433000,1.433000,0
2018-06-25,1.480000,1.480000,1.282000,1.480000,1.480000,700
2018-06-26,1.480000,1.480000,1.480000,1.480000,1.480000,0
2018-06-27,1.350000,1.350000,1.340000,1.340000,1.340000,7900
2018-06-28,1.340000,1.340000,1.340000,1.340000,1.340000,0
2018-06-29,1.214000,1.318000,1.214000,1.318000,1.318000,300
