Date,Open,High,Low,Close,Adj Close,Volume
2013-01-02,12.550000,12.570000,11.770000,12.410000,11.333882,6900
2013-01-03,12.530000,12.780000,12.200000,12.660000,11.562204,4300
2013-01-04,12.780000,13.150000,12.300000,13.100000,11.964050,21600
2013-01-07,13.000000,13.030000,13.000000,13.030000,11.900120,3700
2013-01-08,12.400000,12.560000,12.400000,12.560000,11.470876,600
2013-01-09,12.680000,12.700000,12.230000,12.690000,11.589602,1300
2013-01-10,12.710000,13.050000,12.620000,13.050000,11.918385,1800
2013-01-11,12.940000,13.240000,12.940000,12.990000,11.863588,2100
2013-01-14,13.080000,13.080000,13.030000,13.030000,11.900120,800
2013-01-15,13.000000,13.100000,13.000000,13.100000,11.964050,4800
2013-01-16,13.150000,13.150000,12.450000,12.860000,11.744862,2100
2013-01-17,12.810000,13.200000,12.810000,13.200000,12.055378,800
2013-01-18,12.980000,13.200000,12.780000,12.940000,11.817924,6600
2013-01-22,13.300000,13.550000,12.830000,13.240000,12.091908,3600
2013-01-23,13.200000,13.900000,13.200000,13.830000,12.630749,6200
2013-01-24,13.900000,14.200000,13.890000,14.200000,12.968664,7800
2013-01-25,14.310000,14.310000,13.540000,13.650000,12.466357,1900
2013-01-28,13.810000,14.170000,13.520000,14.170000,12.941266,1500
2013-01-29,14.100000,14.390000,13.110000,14.240000,13.005196,3300
2013-01-30,14.180000,14.300000,14.010000,14.080000,12.859071,3200
2013-01-31,14.220000,14.220000,14.220000,14.220000,12.986931,900
2013-02-01,14.240000,14.250000,13.760000,14.250000,13.014328,2400
2013-02-04,14.220000,14.230000,13.650000,13.820000,12.621615,5400
2013-02-05,14.200000,14.200000,14.200000,14.200000,12.968664,300
2013-02-06,14.060000,14.400000,13.300000,13.420000,12.256302,11200
2013-02-07,14.150000,14.350000,13.250000,13.450000,12.283698,1800
2013-02-08,13.640000,13.640000,13.260000,13.370000,12.210637,900
2013-02-11,13.350000,13.910000,13.230000,13.230000,12.082777,1500
2013-02-12,13.990000,13.990000,13.870000,13.870000,12.667281,400
2013-02-13,13.820000,13.820000,13.090000,13.200000,12.055378,4900
2013-02-14,13.110000,13.460000,13.110000,13.460000,12.292833,5000
2013-02-15,13.640000,13.640000,13.300000,13.300000,12.146708,2600
2013-02-19,13.300000,15.400000,13.300000,14.900000,13.607965,12000
2013-02-20,14.840000,15.400000,14.800000,14.800000,13.516639,7100
2013-02-21,14.210000,14.910000,14.210000,14.710000,13.434440,1200
2013-02-22,14.870000,14.880000,14.830000,14.850000,13.562301,1400
2013-02-25,14.880000,14.940000,14.040000,14.040000,12.822537,2100
2013-02-26,14.590000,15.000000,14.590000,14.850000,13.562301,700
2013-02-27,14.870000,14.870000,13.900000,14.780000,13.498370,1200
2013-02-28,14.750000,14.750000,13.750000,13.930000,12.722077,6900
2013-03-01,13.480000,14.580000,13.480000,14.140000,12.913869,2200
2013-03-04,14.060000,14.200000,13.640000,14.200000,12.968664,3200
2013-03-05,13.820000,14.300000,13.820000,14.300000,13.059994,3100
2013-03-06,14.270000,14.970000,14.250000,14.790000,13.507503,1400
2013-03-07,14.850000,14.850000,14.850000,14.850000,13.562301,1200
2013-03-08,14.400000,15.150000,14.400000,15.150000,13.836286,3800
2013-03-11,15.230000,15.800000,15.230000,15.770000,14.402524,8100
2013-03-12,15.300000,16.450001,15.300000,15.990000,14.603447,5800
2013-03-13,16.190001,16.750000,16.190001,16.730000,15.279280,1600
2013-03-14,16.750000,16.750000,15.850000,16.700001,15.251880,5100
2013-03-15,16.639999,16.639999,16.400000,16.450001,15.023559,5600
2013-03-18,16.270000,16.629999,16.270000,16.360001,14.941362,4000
2013-03-19,16.500000,16.500000,16.490000,16.490000,15.060088,1700
2013-03-20,16.600000,16.600000,16.590000,16.600000,15.160552,1000
2013-03-21,16.049999,16.620001,16.049999,16.559999,15.124019,2500
2013-03-22,16.650000,16.700001,16.370001,16.700001,15.251880,2400
2013-03-25,16.840000,16.840000,16.559999,16.559999,15.124019,800
2013-03-26,16.500000,16.690001,16.500000,16.690001,15.242748,700
2013-03-27,16.610001,16.610001,16.299999,16.600000,15.160552,1100
2013-03-28,16.450001,17.230000,15.810000,17.190001,15.699393,5400
2013-04-01,16.940001,17.180000,15.660000,16.270000,14.859167,2900
2013-04-02,15.640000,16.690001,15.640000,15.780000,14.411657,1200
2013-04-03,16.049999,16.110001,14.890000,15.010000,13.708426,2900
2013-04-04,15.080000,16.280001,15.080000,15.690000,14.329461,4900
2013-04-05,15.240000,15.420000,15.050000,15.390000,14.055475,1600
2013-04-08,15.280000,16.290001,15.040000,15.220000,13.900216,5000
2013-04-09,15.210000,15.210000,14.910000,15.040000,13.735825,1200
2013-04-10,15.150000,15.220000,15.150000,15.220000,13.900216,700
2013-04-11,15.000000,15.000000,15.000000,15.000000,13.699293,200
2013-04-12,13.640000,14.600000,13.640000,14.600000,13.333978,700
2013-04-15,14.750000,14.750000,13.650000,13.650000,12.466357,4400
2013-04-16,13.770000,14.250000,13.660000,13.660000,12.475491,7900
2013-04-17,13.640000,14.270000,12.750000,12.760000,11.653533,6300
2013-04-18,12.820000,12.820000,12.580000,12.580000,11.489140,1300
2013-04-19,12.710000,13.700000,12.710000,13.700000,12.512021,1600
2013-04-22,13.710000,13.890000,13.660000,13.710000,12.521153,400
2013-04-23,12.910000,13.750000,12.910000,13.600000,12.420693,2200
2013-04-24,13.750000,13.750000,13.030000,13.260000,12.110176,2200
2013-04-25,12.990000,13.690000,12.990000,13.690000,12.502888,900
2013-04-26,13.840000,13.840000,13.620000,13.620000,12.438959,1900
2013-04-29,13.720000,13.720000,13.250000,13.500000,12.329364,1600
2013-04-30,13.460000,13.520000,13.460000,13.470000,12.301965,800
2013-05-01,13.340000,13.340000,12.510000,12.840000,11.726594,10200
2013-05-02,12.950000,13.040000,12.480000,13.040000,11.909253,2600
2013-05-03,13.190000,13.450000,13.190000,13.380000,12.219769,800
2013-05-06,12.800000,12.900000,12.760000,12.900000,11.781392,1900
2013-05-07,12.970000,13.200000,12.500000,12.890000,11.772259,2600
2013-05-08,12.900000,13.100000,12.900000,13.010000,11.881853,800
2013-05-09,13.150000,13.500000,12.750000,12.860000,11.744862,800
2013-05-10,12.910000,13.300000,12.750000,13.300000,12.146708,1300
2013-05-13,13.000000,13.500000,13.000000,13.280000,12.128440,600
2013-05-14,12.900000,13.700000,12.900000,13.600000,12.420693,4100
2013-05-15,13.570000,13.570000,12.910000,13.310000,12.155840,1400
2013-05-16,13.310000,13.600000,13.310000,13.550000,12.375030,600
2013-05-17,13.580000,13.860000,13.580000,13.680000,12.493756,2900
2013-05-20,13.270000,13.650000,13.200000,13.650000,12.466357,1200
2013-05-21,12.740000,13.520000,12.740000,13.520000,12.347631,900
2013-05-22,13.580000,13.580000,13.260000,13.260000,12.110176,700
2013-05-23,13.210000,13.400000,13.180000,13.180000,12.037112,1200
2013-05-24,13.250000,13.250000,13.160000,13.180000,12.037112,800
2013-05-28,13.270000,13.830000,13.270000,13.400000,12.238035,2800
2013-05-29,13.470000,13.470000,13.140000,13.240000,12.091908,2000
2013-05-30,13.400000,13.400000,13.210000,13.210000,12.064512,400
2013-05-31,13.130000,13.200000,13.130000,13.200000,12.055378,1000
2013-06-03,13.300000,13.680000,13.300000,13.530000,12.356763,8300
2013-06-04,13.410000,13.840000,13.370000,13.370000,12.210637,2500
2013-06-05,13.380000,13.380000,13.380000,13.380000,12.219769,600
2013-06-06,13.720000,13.720000,13.410000,13.680000,12.493756,1900
2013-06-07,13.730000,14.020000,13.510000,13.920000,12.712943,7100
2013-06-10,13.900000,14.430000,13.900000,14.220000,12.986931,2000
2013-06-11,14.020000,14.480000,14.020000,14.360000,13.114790,3600
2013-06-12,14.440000,14.930000,14.440000,14.560000,13.297448,1700
2013-06-13,14.830000,15.000000,14.800000,15.000000,13.699293,1000
2013-06-14,14.930000,14.930000,14.460000,14.500000,13.242651,900
2013-06-17,14.800000,14.800000,14.460000,14.760000,13.480104,3500
2013-06-18,14.480000,14.650000,14.450000,14.650000,13.379643,1400
2013-06-19,14.600000,14.600000,14.450000,14.460000,13.206120,1400
2013-06-20,14.450000,14.500000,14.090000,14.090000,12.868202,1600
2013-06-21,14.180000,14.250000,14.020000,14.250000,13.014328,7700
2013-06-24,14.050000,14.080000,14.000000,14.020000,12.804273,1500
2013-06-25,14.140000,14.700000,14.010000,14.100000,12.877337,5000
2013-06-26,14.210000,14.600000,13.020000,13.720000,12.530289,8500
2013-06-27,13.820000,14.050000,13.170000,13.840000,12.639882,2000
2013-06-28,13.820000,14.910000,13.510000,14.870000,13.580566,29000
2013-07-01,14.990000,14.990000,14.490000,14.800000,13.516639,2000
2013-07-02,14.730000,14.870000,14.570000,14.740000,13.461839,1000
2013-07-03,14.650000,14.810000,14.610000,14.730000,13.452707,900
2013-07-05,14.870000,15.950000,14.870000,15.950000,14.566915,3600
2013-07-08,15.830000,17.180000,15.450000,17.049999,15.571529,9100
2013-07-09,16.940001,18.000000,16.100000,17.990000,16.430019,15700
2013-07-10,17.950001,17.950001,16.580000,17.549999,16.028172,4400
2013-07-11,17.770000,17.900000,17.200001,17.750000,16.210831,6100
2013-07-12,17.410000,17.750000,17.410000,17.469999,15.955110,5100
2013-07-15,17.440001,17.990000,17.440001,17.700001,16.165167,9200
2013-07-16,16.160000,18.000000,16.160000,17.910000,16.356958,2800
2013-07-17,18.120001,18.260000,18.120001,18.260000,16.676607,500
2013-07-18,17.469999,17.820000,17.260000,17.820000,16.274759,2600
2013-07-19,17.709999,17.990000,17.160000,17.820000,16.274759,4100
2013-07-22,17.780001,18.309999,17.370001,18.200001,16.621813,9000
2013-07-23,18.410000,18.500000,18.410000,18.450001,16.850128,1000
2013-07-24,18.549999,18.850000,18.219999,18.580000,16.968861,2000
2013-07-25,21.379999,22.549999,20.500000,20.530001,18.749769,17200
2013-07-26,20.400000,20.400000,19.070000,19.209999,17.544228,14600
2013-07-29,19.530001,19.530001,19.030001,19.070000,17.416368,5300
2013-07-30,19.629999,19.629999,19.000000,19.219999,17.553362,3200
2013-07-31,19.430000,19.500000,18.010000,18.010000,16.448284,14000
2013-08-01,18.350000,20.170000,18.350000,19.840000,18.119598,14900
2013-08-02,19.940001,19.940001,19.080000,19.389999,17.708620,7400
2013-08-05,19.430000,19.920000,19.430000,19.809999,18.092197,1000
2013-08-06,19.809999,19.809999,19.240000,19.240000,17.571627,2800
2013-08-07,18.760000,19.330000,18.760000,19.290001,17.617292,700
2013-08-08,19.370001,20.660000,19.370001,19.480000,17.790815,1200
2013-08-09,19.879999,19.879999,19.150000,19.190001,17.525963,8800
2013-08-12,18.950001,19.570000,18.950001,19.280001,17.608162,4900
2013-08-13,19.170000,19.500000,18.959999,19.100000,17.443769,10400
2013-08-14,19.250000,19.379999,19.049999,19.379999,17.699486,1100
2013-08-15,19.129999,19.420000,18.889999,19.100000,17.443769,8300
2013-08-16,18.990000,19.059999,18.410000,19.059999,17.407238,4000
2013-08-19,18.590000,19.150000,18.590000,19.010000,17.361570,4600
2013-08-20,19.040001,19.080000,18.549999,18.950001,17.306776,5000
2013-08-21,18.799999,18.920000,18.799999,18.840000,17.206312,1000
2013-08-22,19.139999,19.590000,18.990000,19.590000,17.891277,3700
2013-08-23,19.570000,19.580000,19.570000,19.580000,17.882145,500
2013-08-26,19.200001,19.250000,19.000000,19.010000,17.361570,4300
2013-08-27,18.799999,19.150000,18.620001,18.620001,17.005390,4900
2013-08-28,18.559999,18.740000,18.379999,18.620001,17.005390,7200
2013-08-29,18.700001,18.760000,18.620001,18.760000,17.133253,1300
2013-08-30,18.680000,18.850000,18.100000,18.500000,16.895792,2500
2013-09-03,18.820000,18.900000,18.020000,18.480000,16.877531,4300
2013-09-04,18.620001,18.750000,18.240000,18.740000,17.114981,5200
2013-09-05,18.709999,18.990000,18.270000,18.660000,17.041922,1100
2013-09-06,18.760000,18.760000,18.370001,18.400000,16.804466,700
2013-09-09,18.570000,18.850000,18.530001,18.850000,17.215446,1100
2013-09-10,18.850000,18.950001,18.520000,18.610001,16.996258,2000
2013-09-11,18.959999,18.959999,18.580000,18.580000,16.968861,1800
2013-09-12,18.799999,18.799999,18.610001,18.610001,16.996258,1900
2013-09-13,18.450001,18.590000,18.450001,18.590000,16.977993,300
2013-09-16,18.850000,19.070000,18.490000,18.860001,17.224581,1600
2013-09-17,18.879999,19.020000,18.700001,19.020000,17.370705,1100
2013-09-18,18.870001,19.139999,18.700001,19.139999,17.480301,4600
2013-09-19,19.150000,19.530001,18.950001,18.950001,17.306776,1100
2013-09-20,19.000000,19.870001,18.610001,18.610001,16.996258,4600
2013-09-23,18.629999,18.969999,18.629999,18.940001,17.297642,4300
2013-09-24,19.209999,19.290001,18.900000,19.080000,17.425499,12600
2013-09-25,18.700001,18.969999,18.700001,18.969999,17.325037,500
2013-09-26,18.879999,19.080000,18.809999,19.080000,17.425499,2700
2013-09-27,18.870001,19.780001,18.870001,19.209999,17.544228,9100
2013-09-30,19.070000,19.309999,18.700001,18.889999,17.251976,4800
2013-10-01,18.830000,19.420000,18.740000,19.350000,17.672087,4200
2013-10-02,19.910000,20.250000,18.820000,18.889999,17.251976,8700
2013-10-03,18.840000,19.000000,18.549999,18.559999,16.950590,12100
2013-10-04,18.600000,19.049999,18.600000,18.709999,17.087585,26400
2013-10-07,18.629999,18.990000,18.440001,18.510000,16.904932,19900
2013-10-08,18.600000,18.860001,18.540001,18.540001,16.932327,10100
2013-10-09,18.820000,18.969999,18.459999,18.700001,17.078453,3000
2013-10-10,18.930000,19.200001,18.580000,18.990000,17.343306,7200
2013-10-11,18.990000,19.740000,18.719999,19.440001,17.754286,4900
2013-10-14,19.600000,20.110001,19.350000,20.070000,18.329655,17000
2013-10-15,20.240000,20.549999,19.709999,20.209999,18.457516,9400
2013-10-16,19.260000,20.500000,19.260000,20.420000,18.649305,2800
2013-10-17,20.219999,20.260000,19.510000,20.020000,18.283989,3600
2013-10-18,20.230000,20.750000,20.230000,20.700001,18.905027,6300
2013-10-21,20.799999,20.840000,20.350000,20.440001,18.667570,3300
2013-10-22,20.430000,21.389999,20.000000,20.129999,18.384449,3300
2013-10-23,20.459999,21.150000,20.459999,20.549999,18.768032,1900
2013-10-24,21.500000,21.500000,19.889999,20.209999,18.457516,2600
2013-10-25,20.330000,21.170000,20.010000,20.270000,18.512312,2000
2013-10-28,20.620001,20.620001,20.350000,20.480000,18.704100,2500
2013-10-29,20.070000,20.700001,20.070000,20.549999,18.768032,1800
2013-10-30,20.840000,20.840000,20.200001,20.200001,18.448381,3800
2013-10-31,20.020000,20.780001,20.020000,20.340000,18.576242,2600
2013-11-01,20.299999,20.299999,19.990000,20.219999,18.466646,6700
2013-11-04,20.200001,20.850000,20.200001,20.629999,18.841097,5700
2013-11-05,20.580000,21.360001,20.580000,21.010000,19.188145,2900
2013-11-06,21.080000,21.340000,20.799999,20.940001,19.124214,3200
2013-11-07,20.530001,20.809999,20.070000,20.190001,18.439251,6800
2013-11-08,20.170000,20.870001,20.139999,20.540001,18.758900,6200
2013-11-11,20.650000,20.650000,20.400000,20.650000,18.859360,1200
2013-11-12,20.610001,20.610001,20.059999,20.370001,18.603640,4000
2013-11-13,20.020000,20.490000,19.940001,20.490000,18.713234,5800
2013-11-14,20.420000,20.420000,20.110001,20.240000,18.484915,400
2013-11-15,20.340000,21.000000,20.340000,20.500000,18.722370,3100
2013-11-18,20.639999,20.990000,20.389999,20.469999,18.694969,2700
2013-11-19,20.879999,20.879999,20.270000,20.540001,18.758900,1500
2013-11-20,20.559999,20.879999,20.120001,20.320000,18.557976,2800
2013-11-21,20.530001,20.530001,20.430000,20.459999,18.685837,3000
2013-11-22,20.400000,20.750000,20.330000,20.670000,18.877626,1900
2013-11-25,20.660000,20.660000,19.750000,20.350000,18.585375,3500
2013-11-26,20.180000,20.500000,20.180000,20.410000,18.640173,1700
2013-11-27,20.490000,20.639999,20.379999,20.490000,18.713234,8900
2013-11-29,20.680000,20.790001,20.559999,20.590000,18.804564,2500
2013-12-02,20.030001,20.520000,19.740000,20.459999,18.685837,10000
2013-12-03,20.150000,20.350000,20.150000,20.209999,18.457516,2200
2013-12-04,20.100000,20.129999,19.160000,19.780001,18.064804,8000
2013-12-05,19.270000,19.730000,19.270000,19.730000,18.019138,800
2013-12-06,19.870001,20.490000,19.700001,19.830000,18.110468,3100
2013-12-09,19.809999,20.600000,19.809999,20.059999,18.320522,3000
2013-12-10,19.980000,20.469999,19.950001,20.020000,18.283989,5900
2013-12-11,20.020000,20.299999,20.000000,20.020000,18.283989,2400
2013-12-12,20.370001,20.400000,20.059999,20.059999,18.320522,1500
2013-12-13,20.010000,20.150000,20.000000,20.040001,18.302258,1700
2013-12-16,20.200001,20.490000,20.000000,20.160000,18.411852,2200
2013-12-17,19.850000,20.340000,19.850000,20.049999,18.705729,3500
2013-12-18,20.379999,20.379999,19.730000,20.170000,18.817682,2500
2013-12-19,20.150000,20.450001,19.799999,20.270000,18.910980,4200
2013-12-20,20.250000,20.250000,19.799999,20.150000,18.799025,9900
2013-12-23,20.150000,20.559999,20.049999,20.480000,19.106899,7500
2013-12-24,20.299999,20.500000,19.809999,20.350000,18.985617,2900
2013-12-26,20.410000,20.450001,20.150000,20.450001,19.078915,1000
2013-12-27,20.540001,20.600000,20.200001,20.459999,19.088242,2700
2013-12-30,20.510000,20.620001,19.870001,20.610001,19.228188,4400
2013-12-31,20.620001,20.969999,20.459999,20.459999,19.088242,12500
2014-01-02,20.480000,20.650000,20.320000,20.459999,19.088242,2700
2014-01-03,20.480000,20.500000,20.309999,20.410000,19.041594,2000
2014-01-06,20.600000,20.600000,20.059999,20.170000,18.817682,3000
2014-01-07,20.049999,20.139999,19.959999,20.139999,18.789698,2200
2014-01-08,20.000000,20.049999,19.910000,19.910000,18.575119,2000
2014-01-09,19.910000,20.330000,19.910000,20.040001,18.696402,2900
2014-01-10,20.400000,20.530001,19.750000,20.250000,18.892323,3000
2014-01-13,20.080000,20.400000,19.930000,19.990000,18.649754,3500
2014-01-14,20.559999,20.559999,20.270000,20.270000,18.910980,800
2014-01-15,20.299999,20.299999,20.040001,20.250000,18.892323,1800
2014-01-16,20.309999,20.309999,19.860001,20.139999,18.789698,2800
2014-01-17,20.100000,20.290001,20.080000,20.080000,18.733721,1700
2014-01-21,20.100000,20.490000,20.100000,20.430000,19.060251,2100
2014-01-22,20.230000,20.469999,20.230000,20.469999,19.097572,1100
2014-01-23,20.469999,20.690001,20.290001,20.350000,18.985617,1800
2014-01-24,20.379999,20.490000,20.129999,20.129999,18.780367,2000
2014-01-27,20.490000,20.490000,19.900000,20.049999,18.705729,6500
2014-01-28,20.629999,20.629999,20.180000,20.299999,18.938969,4700
2014-01-29,20.250000,20.520000,20.139999,20.250000,18.892323,23600
2014-01-30,20.219999,20.309999,20.150000,20.309999,18.948298,5400
2014-01-31,19.990000,20.040001,19.870001,19.959999,18.621763,3200
2014-02-03,19.719999,20.070000,19.520000,19.850000,18.519140,14700
2014-02-04,19.879999,19.950001,19.760000,19.950001,18.612436,1300
2014-02-05,19.910000,19.910000,19.709999,19.709999,18.388525,2000
2014-02-06,19.660000,19.799999,19.660000,19.780001,18.453836,3200
2014-02-07,19.760000,19.969999,19.559999,19.600000,18.285902,4200
2014-02-10,19.870001,20.290001,19.590000,20.120001,18.771038,15500
2014-02-11,19.770000,20.020000,19.559999,20.020000,18.677740,3000
2014-02-12,20.379999,20.389999,20.020000,20.150000,18.799025,2400
2014-02-13,20.040001,20.400000,20.040001,20.400000,19.032263,1500
2014-02-14,20.410000,20.410000,20.139999,20.250000,18.892323,1800
2014-02-18,20.520000,20.520000,20.299999,20.440001,19.069580,2600
2014-02-19,20.469999,20.540001,20.150000,20.200001,18.845675,3200
2014-02-20,20.320000,20.490000,20.160000,20.490000,19.116234,2500
2014-02-21,21.000000,21.000000,20.209999,20.270000,18.910980,11200
2014-02-24,20.150000,20.450001,19.879999,20.309999,18.948298,2700
2014-02-25,20.350000,20.610001,20.350000,20.610001,19.228188,2700
2014-02-26,20.750000,20.969999,20.469999,20.969999,19.564047,5800
2014-02-27,20.980000,21.850000,20.959999,21.850000,20.385050,3700
2014-02-28,21.879999,23.450001,21.879999,22.350000,20.851524,3900
2014-03-03,22.330000,23.299999,22.059999,23.100000,21.551237,15100
2014-03-04,23.500000,24.990000,23.500000,24.190001,22.568161,13000
2014-03-05,24.020000,24.020000,23.129999,23.200001,21.644537,5100
2014-03-06,23.389999,23.389999,22.990000,23.150000,21.597889,5000
2014-03-07,23.320000,23.320000,22.820000,22.920000,21.383310,9700
2014-03-10,22.760000,23.240000,22.270000,22.850000,21.318001,5700
2014-03-11,22.860001,23.250000,22.620001,22.680000,21.159399,6400
2014-03-12,22.959999,22.959999,22.870001,22.870001,21.336662,1500
2014-03-13,22.260000,22.940001,22.260000,22.379999,20.879513,4300
2014-03-14,22.260000,22.850000,22.260000,22.850000,21.318001,1300
2014-03-17,22.940001,22.940001,22.450001,22.760000,21.234035,5000
2014-03-18,22.299999,22.709999,22.299999,22.709999,21.187387,1100
2014-03-19,22.600000,22.660000,22.600000,22.660000,21.140741,1200
2014-03-20,22.350000,23.150000,22.350000,22.820000,21.290012,4500
2014-03-21,22.840000,22.840000,22.290001,22.400000,20.898172,5600
2014-03-24,22.400000,22.889999,22.299999,22.299999,20.804876,2900
2014-03-25,22.290001,22.360001,22.240000,22.360001,20.860855,1400
2014-03-26,22.120001,22.270000,21.240000,21.450001,20.011866,4000
2014-03-27,21.290001,21.770000,20.809999,21.389999,19.955887,5400
2014-03-28,21.000000,21.260000,20.709999,20.790001,19.396116,20200
2014-03-31,20.830000,21.680000,20.830000,21.440001,20.002537,8300
2014-04-01,21.510000,21.510000,21.000000,21.440001,20.002537,3000
2014-04-02,21.500000,21.500000,21.500000,21.500000,20.058514,400
2014-04-03,20.160000,21.200001,20.160000,21.100000,19.685335,7700
2014-04-04,21.480000,21.500000,20.639999,20.650000,19.265501,6000
2014-04-07,20.680000,21.190001,20.660000,21.100000,19.685335,4200
2014-04-08,20.990000,20.990000,20.990000,20.990000,19.582708,2100
2014-04-09,21.080000,21.700001,21.000000,21.330000,19.899912,7000
2014-04-10,21.049999,21.660000,20.990000,21.000000,19.592039,15100
2014-04-11,20.870001,21.740000,20.480000,20.580000,19.200195,3300
2014-04-14,21.000000,21.120001,20.629999,20.990000,19.582708,5700
2014-04-15,20.450001,20.750000,20.450001,20.750000,19.358799,1400
2014-04-16,21.059999,21.059999,20.350000,20.660000,19.274832,4000
2014-04-17,20.660000,21.610001,20.660000,21.120001,19.703989,4400
2014-04-21,20.930000,21.590000,20.900000,21.000000,19.592039,2000
2014-04-22,21.250000,21.250000,20.910000,21.100000,19.685335,2300
2014-04-23,21.420000,21.420000,20.799999,20.990000,19.582708,1400
2014-04-24,20.830000,20.950001,20.760000,20.809999,19.414774,2900
2014-04-25,20.950001,21.660000,20.459999,20.459999,19.088242,6300
2014-04-28,20.510000,20.980000,20.139999,20.340000,18.976286,9500
2014-04-29,20.330000,20.809999,20.010000,20.160000,18.808355,7700
2014-04-30,20.160000,20.590000,20.010000,20.170000,18.817682,4800
2014-05-01,20.170000,20.580000,20.170000,20.400000,19.032263,9700
2014-05-02,20.350000,20.670000,20.049999,20.180000,18.827015,10000
2014-05-05,20.030001,20.250000,19.860001,19.860001,18.528471,4100
2014-05-06,19.969999,19.969999,19.520000,19.559999,18.248583,4400
2014-05-07,19.260000,20.870001,19.260000,19.700001,18.379196,3100
2014-05-08,19.990000,20.080000,19.750000,19.750000,18.425846,2900
2014-05-09,19.690001,20.309999,19.690001,20.070000,18.724390,2400
2014-05-12,19.700001,20.270000,19.700001,20.270000,18.910980,2500
2014-05-13,20.150000,20.280001,20.139999,20.280001,18.920311,5300
2014-05-14,20.299999,20.559999,20.090000,20.100000,18.752378,11900
2014-05-15,20.040001,20.379999,20.000000,20.000000,18.659084,3800
2014-05-16,20.080000,20.299999,20.080000,20.299999,18.938969,2300
2014-05-19,20.320000,20.389999,20.010000,20.350000,18.985617,3100
2014-05-20,20.049999,20.100000,19.719999,19.799999,18.472488,228100
2014-05-21,19.799999,20.000000,19.799999,19.959999,18.621763,8400
2014-05-22,20.000000,20.000000,18.709999,19.650000,18.332550,12800
2014-05-23,19.799999,20.000000,19.360001,19.959999,18.621763,3300
2014-05-27,19.770000,20.160000,19.770000,19.959999,18.621763,8000
2014-05-28,20.000000,20.000000,19.790001,19.830000,18.500483,1700
2014-05-29,19.730000,19.940001,19.730000,19.940001,18.603107,1500
2014-05-30,19.950001,19.950001,19.730000,19.730000,18.407185,3500
2014-06-02,19.990000,19.990000,19.450001,19.639999,18.323219,4000
2014-06-03,19.139999,19.820000,18.010000,19.030001,17.754116,7900
2014-06-04,18.389999,19.250000,18.389999,19.200001,17.912720,1500
2014-06-05,19.020000,19.030001,18.070000,18.650000,17.399593,8500
2014-06-06,18.799999,19.410000,18.799999,19.299999,18.006014,2500
2014-06-09,19.010000,19.930000,19.010000,19.629999,18.313889,2000
2014-06-10,19.520000,19.520000,19.049999,19.280001,17.987360,4100
2014-06-11,19.020000,19.350000,19.020000,19.340000,18.043333,3700
2014-06-12,19.389999,19.580000,19.139999,19.360001,18.061996,4100
2014-06-13,19.480000,19.610001,19.260000,19.309999,18.015343,1700
2014-06-16,19.610001,19.780001,19.360001,19.420000,18.117970,3000
2014-06-17,19.320000,19.700001,19.150000,19.200001,17.912720,7300
2014-06-18,19.110001,19.559999,19.110001,19.559999,18.248583,1700
2014-06-19,19.709999,19.950001,19.250000,19.870001,18.537800,2400
2014-06-20,20.020000,20.360001,19.760000,20.290001,18.929640,23200
2014-06-23,20.010000,20.010000,19.209999,19.620001,18.304562,4900
2014-06-24,19.840000,19.840000,19.549999,19.549999,18.239250,2700
2014-06-25,19.440001,19.680000,19.360001,19.680000,18.360537,3300
2014-06-26,19.860001,19.860001,19.629999,19.770000,18.444504,2100
2014-06-27,19.600000,19.980000,19.510000,19.980000,18.640423,11500
2014-06-30,19.990000,19.990000,19.469999,19.620001,18.304562,2700
2014-07-01,19.719999,20.709999,19.639999,19.799999,18.472488,10400
2014-07-02,19.450001,20.000000,19.450001,19.700001,18.379196,3100
2014-07-03,19.860001,19.879999,19.650000,19.840000,18.509809,5700
2014-07-07,19.889999,19.889999,19.600000,19.600000,18.285902,2500
2014-07-08,19.639999,19.990000,19.639999,19.639999,18.323219,2200
2014-07-09,19.690001,19.990000,19.680000,19.870001,18.537800,2700
2014-07-10,19.400000,19.850000,19.400000,19.530001,18.220598,3000
2014-07-11,19.530001,19.840000,19.400000,19.410000,18.108637,4900
2014-07-14,19.650000,19.719999,19.400000,19.400000,18.099312,6600
2014-07-15,19.459999,19.500000,19.410000,19.410000,18.108637,1800
2014-07-16,19.540001,19.590000,19.350000,19.459999,18.155287,2400
2014-07-17,19.350000,19.350000,18.750000,18.809999,17.548868,18800
2014-07-18,18.750000,19.170000,18.750000,19.100000,17.819424,6100
2014-07-21,18.959999,19.400000,18.900000,18.930000,17.660826,10900
2014-07-22,19.090000,19.190001,18.940001,19.090000,17.810095,2200
2014-07-23,19.090000,19.090000,18.750000,19.040001,17.763447,1600
2014-07-24,18.820000,19.209999,18.820000,19.010000,17.735458,3400
2014-07-25,18.750000,18.750000,18.000000,18.190001,16.970436,16800
2014-07-28,18.110001,18.110001,18.110001,18.110001,16.895798,900
2014-07-29,18.129999,18.200001,16.420000,17.110001,15.962848,21000
2014-07-30,17.709999,17.709999,17.070000,17.090000,15.944185,1800
2014-07-31,17.250000,17.250000,16.940001,16.940001,15.804243,5400
2014-08-01,17.020000,17.980000,15.930000,17.139999,15.990833,11500
2014-08-04,17.139999,18.410000,17.000000,17.930000,16.727867,3200
2014-08-05,17.860001,17.860001,17.000000,17.010000,15.869549,1600
2014-08-06,17.020000,17.209999,16.980000,17.209999,16.056141,2200
2014-08-07,17.309999,17.309999,17.010000,17.030001,15.888213,2600
2014-08-08,17.030001,17.530001,17.010000,17.370001,16.205416,3600
2014-08-11,17.030001,17.780001,17.030001,17.780001,16.587925,5200
2014-08-12,17.620001,17.620001,17.379999,17.379999,16.214743,900
2014-08-13,17.549999,17.610001,17.010000,17.500000,16.326700,2400
2014-08-14,17.280001,17.280001,17.250000,17.250000,16.093456,700
2014-08-15,17.559999,17.750000,17.010000,17.650000,16.466640,2400
2014-08-18,17.500000,17.500000,17.010000,17.440001,16.270723,3400
2014-08-19,17.450001,18.150000,17.450001,17.879999,16.681219,2900
2014-08-20,17.459999,17.820000,17.370001,17.629999,16.447981,9500
2014-08-21,17.250000,17.799999,17.250000,17.510000,16.336027,6800
2014-08-22,17.240000,18.049999,17.120001,17.280001,16.121449,20100
2014-08-25,17.309999,17.459999,17.250000,17.410000,16.242733,3000
2014-08-26,17.350000,17.889999,17.350000,17.840000,16.643904,10400
2014-08-27,17.889999,17.900000,17.660000,17.799999,16.606583,2600
2014-08-28,17.520000,17.900000,17.520000,17.790001,16.597256,3200
2014-08-29,17.410000,17.980000,17.410000,17.610001,16.429321,1700
2014-09-02,17.600000,19.500000,17.600000,18.969999,17.698141,8900
2014-09-03,19.400000,19.400000,19.000000,19.020000,17.744787,1800
2014-09-04,19.799999,19.799999,19.110001,19.450001,18.145956,3300
2014-09-05,19.360001,19.600000,19.270000,19.540001,18.229927,5500
2014-09-08,19.660000,19.940001,19.660000,19.920000,18.584448,3100
2014-09-09,19.900000,19.900000,19.520000,19.520000,18.211267,2900
2014-09-10,19.719999,19.969999,19.610001,19.850000,18.519140,3500
2014-09-11,19.850000,19.850000,19.410000,19.850000,18.519140,1900
2014-09-12,19.820000,19.820000,19.500000,19.510000,18.201937,1800
2014-09-15,19.650000,19.809999,19.510000,19.520000,18.211267,2600
2014-09-16,19.559999,19.900000,19.500000,19.690001,18.369867,1700
2014-09-17,19.750000,20.290001,19.400000,19.889999,18.556458,1700
2014-09-18,19.490000,20.290001,19.490000,19.559999,18.248583,2500
2014-09-19,19.590000,20.290001,19.440001,19.549999,18.239250,5400
2014-09-22,19.549999,20.280001,19.549999,19.559999,18.248583,4000
2014-09-23,19.410000,19.719999,19.410000,19.559999,18.248583,2900
2014-09-24,19.570000,19.850000,19.559999,19.850000,18.519140,2300
2014-09-25,20.270000,20.270000,19.500000,19.510000,18.201937,4300
2014-09-26,19.530001,19.840000,19.260000,19.500000,18.192608,5200
2014-09-29,19.000000,19.290001,19.000000,19.290001,17.996687,1000
2014-09-30,19.049999,19.459999,19.000000,19.459999,18.155287,4800
2014-10-01,19.230000,20.260000,19.010000,19.030001,17.754116,5700
2014-10-02,20.260000,20.260000,19.389999,19.620001,18.304562,2100
2014-10-03,19.809999,19.809999,19.010000,19.490000,18.183275,7700
2014-10-06,19.580000,19.940001,19.379999,19.469999,18.164618,2700
2014-10-07,19.230000,19.230000,19.230000,19.230000,17.940710,1000
2014-10-08,19.230000,20.160000,19.000000,20.040001,18.696402,7800
2014-10-09,19.520000,19.740000,19.100000,19.389999,18.089981,5100
2014-10-10,19.350000,19.670000,19.350000,19.610001,18.295233,1200
2014-10-13,19.889999,19.900000,19.660000,19.660000,18.341877,1500
2014-10-14,19.950001,19.950001,19.320000,19.879999,18.547125,2100
2014-10-15,19.450001,20.209999,19.400000,20.150000,18.799025,4800
2014-10-16,19.930000,20.150000,19.660000,20.150000,18.799025,3500
2014-10-17,20.410000,20.709999,20.299999,20.549999,19.172207,13400
2014-10-20,20.410000,20.860001,20.160000,20.860001,19.461424,5600
2014-10-21,20.930000,20.980000,20.570000,20.980000,19.573378,1900
2014-10-22,20.980000,21.850000,20.639999,21.379999,19.946560,9400
2014-10-23,21.770000,24.299999,21.770000,22.840000,21.308670,5600
2014-10-24,22.709999,23.959999,22.709999,23.959999,22.353580,2500
2014-10-27,23.120001,23.870001,23.120001,23.870001,22.269617,2700
2014-10-28,24.000000,24.969999,24.000000,24.950001,23.277208,5800
2014-10-29,22.590000,24.580000,22.590000,24.580000,22.932013,1800
2014-10-30,24.340000,26.430000,24.340000,25.780001,24.051558,7600
2014-10-31,26.440001,26.809999,25.770000,26.620001,24.835238,6600
2014-11-03,27.049999,27.500000,25.850000,27.410000,25.572273,14500
2014-11-04,27.420000,28.719999,27.049999,27.700001,25.842833,5600
2014-11-05,28.070000,28.100000,26.690001,27.549999,25.702887,2100
2014-11-06,27.549999,27.850000,27.170000,27.200001,25.376354,4200
2014-11-07,30.480000,30.480000,23.940001,26.700001,24.909876,9800
2014-11-10,27.940001,28.000000,25.260000,27.990000,26.113386,9700
2014-11-11,27.610001,28.020000,24.260000,28.020000,26.141375,6100
2014-11-12,27.879999,27.879999,27.840000,27.840000,25.973444,1100
2014-11-13,27.879999,27.879999,25.370001,27.370001,25.534956,2700
2014-11-14,27.360001,30.000000,26.910000,29.770000,27.774048,7200
2014-11-17,29.200001,30.000000,28.520000,30.000000,27.988625,3200
2014-11-18,33.750000,33.750000,30.000000,31.000000,28.921579,8600
2014-11-19,31.850000,31.850000,29.160000,29.540001,27.559465,3900
2014-11-20,29.750000,31.500000,29.750000,30.080000,28.063259,2400
2014-11-21,30.719999,30.719999,29.860001,29.860001,27.858013,3300
2014-11-24,29.290001,30.250000,29.290001,30.000000,27.988625,5600
2014-11-25,30.299999,30.299999,29.860001,30.049999,28.035271,2100
2014-11-26,30.030001,30.290001,30.000000,30.290001,28.259180,3100
2014-11-28,29.990000,30.299999,29.879999,29.889999,27.885998,2300
2014-12-01,29.930000,30.549999,29.879999,29.889999,27.885998,9800
2014-12-02,29.879999,30.150000,29.879999,30.150000,28.128571,1200
2014-12-03,30.180000,30.250000,29.900000,29.900000,27.895330,1400
2014-12-04,29.879999,30.360001,29.879999,30.240000,28.212536,2500
2014-12-05,29.959999,30.980000,29.959999,30.920000,28.846943,3700
2014-12-08,30.500000,31.980000,30.500000,30.660000,28.604374,3200
2014-12-09,31.500000,31.500000,30.030001,31.350000,29.248112,3200
2014-12-10,31.500000,31.500000,29.280001,30.219999,28.193872,4300
2014-12-11,30.340000,30.340000,29.540001,29.760000,27.764715,1700
2014-12-12,29.320000,29.940001,29.170000,29.170000,27.214273,1600
2014-12-15,29.490000,30.000000,28.500000,28.700001,26.775785,3900
2014-12-16,28.510000,30.000000,27.559999,29.910000,27.904657,4200
2014-12-17,29.559999,32.000000,29.559999,31.990000,29.845200,4600
2014-12-18,31.950001,31.950001,28.850000,31.250000,29.608337,5800
2014-12-19,31.110001,37.939999,27.600000,37.939999,35.946888,28000
2014-12-22,36.700001,36.700001,33.080002,34.680000,32.858147,17200
2014-12-23,33.680000,34.450001,33.680000,34.450001,32.640232,4300
2014-12-24,34.450001,34.450001,34.450001,34.450001,32.640232,300
2014-12-26,34.500000,34.700001,34.450001,34.470001,32.659180,2700
2014-12-29,33.869999,35.299999,33.000000,34.439999,32.630753,12800
2014-12-30,33.000000,34.500000,33.000000,34.400002,32.592861,7200
2014-12-31,34.500000,39.459999,34.369999,37.810001,35.823715,61400
2015-01-02,37.919998,38.950001,34.930000,35.740002,33.862461,22600
2015-01-05,37.389999,37.450001,33.849998,34.000000,32.213863,9300
2015-01-06,32.750000,34.400002,32.750000,33.230000,31.484318,7000
2015-01-07,33.650002,33.650002,32.150002,33.549999,31.787510,4100
2015-01-08,33.700001,34.299999,33.639999,33.790001,32.014896,3800
2015-01-09,33.570000,34.009998,33.570000,34.009998,32.223339,2900
2015-01-12,33.759998,33.759998,30.500000,32.549999,30.840044,3300
2015-01-13,33.230000,33.820000,31.400000,33.560001,31.796988,2900
2015-01-14,34.080002,34.099998,32.189999,32.540001,30.830568,3400
2015-01-15,32.750000,34.200001,32.720001,33.500000,31.740135,3100
2015-01-16,33.360001,33.669998,30.610001,33.500000,31.740135,4300
2015-01-20,33.139999,33.150002,31.730000,32.099998,30.413681,2300
2015-01-21,31.160000,32.049999,31.160000,31.780001,30.110495,2200
2015-01-22,31.780001,33.099998,30.549999,32.590000,30.877941,2700
2015-01-23,32.630001,33.139999,32.509998,32.509998,30.802141,1900
2015-01-26,33.070000,33.959999,32.770000,33.549999,31.787510,1600
2015-01-27,34.000000,34.000000,33.520000,33.520000,31.759083,2600
2015-01-28,32.700001,33.080002,32.700001,32.860001,31.133759,1600
2015-01-29,33.700001,33.700001,31.480000,32.570000,30.858992,1800
2015-01-30,30.750000,33.279999,30.750000,31.370001,29.722033,6600
2015-02-02,32.169998,32.580002,31.120001,32.580002,30.868469,2400
2015-02-03,34.000000,34.000000,31.379999,31.990000,30.309458,2100
2015-02-04,31.389999,32.639999,31.389999,31.530001,29.873627,2700
2015-02-05,32.959999,33.000000,31.430000,31.990000,30.309458,6300
2015-02-06,31.910000,32.000000,31.420000,31.480000,29.826254,2600
2015-02-09,31.860001,32.049999,31.469999,31.990000,30.309458,3500
2015-02-10,31.980000,32.099998,31.400000,31.900000,30.224186,2400
2015-02-11,31.379999,32.919998,30.889999,31.370001,29.722033,4400
2015-02-12,31.740000,31.740000,31.740000,31.740000,30.072592,700
2015-02-13,31.270000,31.650000,30.780001,31.000000,29.371469,4500
2015-02-17,30.750000,31.260000,30.750000,31.260000,29.617809,2200
2015-02-18,30.750000,33.000000,30.750000,32.779999,31.057962,1400
2015-02-19,30.370001,31.500000,30.370001,30.840000,29.219875,1900
2015-02-20,31.010000,31.400000,30.840000,30.840000,29.219875,4400
2015-02-23,30.480000,30.480000,29.549999,29.770000,28.206087,3000
2015-02-24,30.180000,30.320000,29.420000,29.900000,28.329258,2900
2015-02-25,30.200001,30.200001,29.809999,29.809999,28.243982,1000
2015-02-26,30.030001,30.030001,28.260000,29.430000,27.883944,4000
2015-02-27,29.379999,29.969999,28.500000,28.500000,27.002802,3000
2015-03-02,28.500000,30.000000,28.500000,29.400000,27.855522,14600
2015-03-03,30.350000,30.350000,29.420000,29.760000,28.196611,2600
2015-03-04,29.350000,29.650000,28.990000,29.350000,27.808149,15600
2015-03-05,29.850000,29.910000,29.709999,29.709999,28.149237,500
2015-03-06,29.090000,30.490000,28.830000,29.309999,27.770250,1300
2015-03-09,30.480000,30.500000,29.799999,29.799999,28.234509,1600
2015-03-10,30.260000,30.260000,29.820000,29.820000,28.253458,700
2015-03-11,30.370001,30.490000,29.639999,29.760000,28.196611,2900
2015-03-12,29.840000,30.139999,29.770000,30.139999,28.556648,4100
2015-03-13,29.450001,29.860001,29.450001,29.510000,27.959742,1000
2015-03-16,30.000000,30.000000,29.750000,30.000000,28.424002,2800
2015-03-17,30.110001,30.110001,30.110001,30.110001,28.528225,400
2015-03-18,29.740000,29.940001,29.520000,29.520000,27.969223,1600
2015-03-19,29.070000,29.410000,29.020000,29.410000,27.865000,1700
2015-03-20,29.410000,29.750000,29.209999,29.469999,27.921844,5800
2015-03-23,29.110001,30.490000,28.850000,29.209999,27.675503,3700
2015-03-24,29.260000,29.260000,28.900000,28.900000,27.381790,4000
2015-03-25,29.400000,29.690001,27.400000,27.559999,26.112183,11300
2015-03-26,27.549999,27.700001,25.500000,25.860001,24.501492,19100
2015-03-27,25.750000,26.940001,25.059999,26.700001,25.297361,8400
2015-03-30,26.920000,26.930000,25.299999,26.030001,24.662560,4400
2015-03-31,26.040001,26.600000,23.500000,25.150000,23.828789,110100
2015-04-01,25.889999,27.340000,25.150000,26.000000,24.634136,8300
2015-04-02,25.510000,26.549999,25.510000,26.200001,24.823629,7500
2015-04-06,26.740000,27.500000,26.400000,26.400000,25.013121,3300
2015-04-07,27.500000,27.500000,26.309999,26.639999,25.240513,3100
2015-04-08,27.340000,27.340000,26.400000,26.990000,25.572126,2600
2015-04-09,27.500000,27.500000,27.040001,27.469999,26.026909,1900
2015-04-10,27.469999,27.500000,26.000000,27.090000,25.666874,1800
2015-04-13,27.360001,27.360001,26.700001,26.700001,25.297361,1800
2015-04-14,27.100000,27.100000,25.639999,25.639999,24.293047,8200
2015-04-15,25.500000,26.690001,25.500000,26.670000,25.268938,6000
2015-04-16,27.270000,27.500000,26.770000,27.070000,25.647926,3400
2015-04-17,26.850000,26.850000,25.870001,26.490000,25.098394,2600
2015-04-20,26.070000,26.750000,26.070000,26.750000,25.344734,1400
2015-04-21,27.000000,27.209999,27.000000,27.040001,25.619503,1500
2015-04-22,27.280001,27.500000,27.280001,27.309999,25.875315,1600
2015-04-23,27.540001,30.500000,27.540001,29.200001,27.666029,11400
2015-04-24,29.680000,29.680000,28.450001,29.590000,28.035540,2900
2015-04-27,28.010000,29.780001,28.010000,29.370001,27.827099,4300
2015-04-28,29.780001,30.240000,29.309999,29.520000,27.969223,5400
2015-04-29,30.110001,30.490000,29.980000,30.120001,28.537699,2300
2015-04-30,30.420000,32.259998,28.879999,29.790001,28.225035,8100
2015-05-01,29.940001,30.500000,28.879999,30.500000,28.897734,2400
2015-05-04,29.850000,30.400000,27.500000,29.000000,27.476536,11300
2015-05-05,29.700001,30.180000,28.010000,28.520000,27.021751,2700
2015-05-06,29.049999,29.049999,27.500000,27.510000,26.064810,8700
2015-05-07,27.650000,27.820000,27.600000,27.820000,26.358526,1500
2015-05-08,28.200001,32.439999,28.000000,29.360001,27.817621,7800
2015-05-11,28.129999,30.490000,27.549999,30.200001,28.613495,3200
2015-05-12,28.959999,29.440001,28.820000,29.250000,27.713404,2600
2015-05-13,31.400000,31.400000,31.400000,31.400000,29.750454,400
2015-05-14,31.340000,31.400000,31.340000,31.400000,29.750454,1400
2015-05-15,31.330000,32.500000,27.740000,31.120001,29.485165,1800
2015-05-18,29.510000,32.000000,29.049999,31.930000,30.252615,5600
2015-05-19,31.549999,32.000000,30.850000,32.000000,30.318937,1700
2015-05-20,32.000000,32.000000,31.990000,32.000000,30.318937,2600
2015-05-21,32.000000,32.000000,31.410000,31.830000,30.157867,1000
2015-05-22,32.000000,33.240002,30.670000,32.000000,30.318937,2900
2015-05-26,32.700001,33.000000,32.240002,32.240002,30.546329,6800
2015-05-27,32.160000,32.790001,32.160000,32.790001,31.067438,2600
2015-05-28,32.720001,32.799999,32.310001,32.500000,30.792667,2000
2015-05-29,32.779999,33.000000,32.110001,32.369999,30.669500,5100
2015-06-01,32.849998,32.939999,31.980000,32.169998,30.480003,7600
2015-06-02,32.810001,32.939999,32.180000,32.939999,31.209551,2600
2015-06-03,32.950001,34.540001,32.950001,34.540001,32.725502,6100
2015-06-04,34.599998,34.950001,34.070000,34.070000,32.280193,2200
2015-06-05,33.180000,33.259998,32.950001,33.009998,31.275873,3600
2015-06-08,34.240002,34.250000,32.919998,33.060001,31.323252,2200
2015-06-09,35.500000,35.500000,33.880001,34.480000,32.668652,2500
2015-06-10,34.669998,35.549999,34.220001,35.540001,33.672966,9100
2015-06-11,34.250000,35.400002,34.250000,35.400002,33.540325,1200
2015-06-12,34.610001,35.500000,34.000000,34.000000,32.213863,2300
2015-06-15,33.000000,35.480000,33.000000,35.299999,33.445572,2500
2015-06-16,35.299999,35.400002,35.060001,35.259998,33.407673,3800
2015-06-17,35.500000,36.730000,35.009998,35.630001,33.758240,9900
2015-06-18,34.810001,36.400002,34.810001,36.340000,34.430943,10500
2015-06-19,35.740002,37.799999,35.740002,36.599998,34.677284,14700
2015-06-22,38.000000,38.000000,34.810001,37.750000,35.766869,3900
2015-06-23,37.500000,38.320000,35.700001,38.240002,36.231129,3300
2015-06-24,37.160000,38.119999,36.000000,37.490002,35.520527,3500
2015-06-25,37.000000,37.990002,37.000000,37.740002,35.757397,1600
2015-06-26,37.580002,37.990002,37.070000,37.990002,35.994263,28700
2015-06-29,37.799999,37.799999,37.000000,37.099998,35.151016,3900
2015-06-30,37.750000,37.900002,37.660000,37.660000,35.681595,3900
2015-07-01,37.360001,37.740002,35.529999,37.040001,35.094170,8400
2015-07-02,37.160000,37.990002,35.820000,36.360001,34.449890,3500
2015-07-06,36.900002,37.360001,36.009998,36.900002,34.961525,4300
2015-07-07,37.310001,37.950001,37.000000,37.099998,35.151016,2600
2015-07-08,36.950001,37.880001,36.950001,37.029999,35.084690,4500
2015-07-09,37.000000,37.430000,36.000000,36.330002,34.421471,4100
2015-07-10,36.570000,37.750000,36.049999,37.580002,35.605804,1400
2015-07-13,36.880001,37.099998,36.000000,36.439999,34.525688,3200
2015-07-14,36.299999,36.759998,36.299999,36.759998,34.828876,1300
2015-07-15,36.360001,37.689999,36.360001,37.599998,35.624748,3300
2015-07-16,37.750000,39.950001,37.549999,37.820000,35.833191,34100
2015-07-17,37.830002,38.889999,37.430000,38.750000,36.714336,4500
2015-07-20,38.750000,38.750000,38.410000,38.419998,36.401672,7000
2015-07-21,38.970001,39.400002,38.209999,38.990002,36.941730,5600
2015-07-22,39.380001,39.380001,38.639999,38.709999,36.676437,1100
2015-07-23,38.459999,38.459999,34.000000,34.299999,32.498104,8300
2015-07-24,35.020000,35.020000,33.540001,33.540001,31.778034,1700
2015-07-27,33.000000,33.669998,30.500000,31.260000,29.617809,4000
2015-07-28,31.730000,31.730000,30.170000,30.690001,29.077755,2400
2015-07-29,30.230000,31.790001,30.049999,30.840000,29.219875,3100
2015-07-30,30.250000,31.150000,30.250000,30.680000,29.068279,2400
2015-07-31,30.700001,33.320000,30.700001,32.450001,30.745296,3700
2015-08-03,32.400002,35.919998,30.709999,34.779999,32.952892,14100
2015-08-04,35.770000,36.290001,32.860001,33.099998,31.361145,2700
2015-08-05,33.450001,33.450001,32.160000,32.160000,30.470531,3000
2015-08-06,33.849998,33.849998,32.810001,32.810001,31.086386,2100
2015-08-07,33.810001,33.810001,30.799999,31.559999,29.902050,1500
2015-08-10,32.299999,34.950001,32.299999,33.250000,31.503273,8500
2015-08-11,33.000000,33.880001,31.950001,33.779999,32.005428,7300
2015-08-12,32.779999,32.990002,31.950001,32.240002,30.546329,2600
2015-08-13,32.840000,32.840000,32.840000,32.840000,31.114807,300
2015-08-14,31.950001,32.830002,30.930000,32.830002,31.105333,2500
2015-08-17,33.000000,33.000000,31.200001,32.919998,31.190603,1200
2015-08-18,32.099998,32.400002,31.559999,31.730000,30.063118,2300
2015-08-19,31.700001,32.040001,31.700001,31.700001,30.034697,5000
2015-08-20,31.670000,31.700001,30.780001,31.010000,29.380943,5400
2015-08-21,30.600000,30.629999,30.250000,30.340000,28.746140,3000
2015-08-24,28.809999,29.750000,27.690001,27.690001,26.235355,9000
2015-08-25,28.879999,29.250000,28.010000,28.150000,26.671188,5200
2015-08-26,28.600000,29.900000,28.320000,29.900000,28.329258,14500
2015-08-27,28.320000,31.879999,28.320000,31.850000,30.176817,5400
2015-08-28,31.580000,32.000000,30.150000,30.580000,28.973534,3700
2015-08-31,29.600000,31.719999,29.600000,30.660000,29.049330,1400
2015-09-01,29.200001,31.690001,29.200001,31.000000,29.371469,2400
2015-09-02,31.000000,31.799999,30.500000,30.500000,28.897734,3400
2015-09-03,30.740000,30.740000,29.000000,29.170000,27.637608,4700
2015-09-04,28.900000,31.790001,28.900000,30.000000,28.424002,2800
2015-09-08,31.340000,32.599998,30.010000,31.650000,29.987322,12700
2015-09-09,32.500000,32.500000,31.309999,32.340000,30.641075,9600
2015-09-10,32.500000,35.919998,32.500000,35.860001,33.976158,9400
2015-09-11,36.099998,38.689999,35.160000,38.209999,36.202709,9200
2015-09-14,38.959999,41.060001,36.000000,37.990002,35.994263,20800
2015-09-15,39.009998,39.130001,37.130001,37.619999,35.643700,12100
2015-09-16,37.820000,38.220001,34.000000,35.200001,33.350830,15500
2015-09-17,35.000000,38.000000,35.000000,37.869999,35.880569,6900
2015-09-18,37.209999,39.840000,33.869999,36.360001,34.449890,42100
2015-09-21,36.639999,36.639999,34.950001,35.169998,33.322407,3400
2015-09-22,36.169998,36.880001,35.000000,35.610001,33.739292,2100
2015-09-23,36.360001,36.360001,35.349998,35.709999,33.834034,1700
2015-09-24,35.119999,35.500000,34.340000,35.189999,33.341351,11200
2015-09-25,35.500000,36.000000,33.959999,33.980000,32.194920,5900
2015-09-28,33.950001,34.560001,33.500000,33.509998,31.749607,8700
2015-09-29,33.509998,33.700001,32.009998,32.840000,31.114807,8800
2015-09-30,33.490002,33.490002,32.990002,33.400002,31.645390,7000
2015-10-01,32.980000,33.730000,32.410000,32.410000,30.707396,10200
2015-10-02,32.560001,33.250000,32.279999,32.500000,30.792667,4400
2015-10-05,32.950001,34.230000,32.029999,34.230000,32.431782,9700
2015-10-06,35.220001,36.459999,34.299999,36.349998,34.440418,5200
2015-10-07,35.400002,36.450001,35.299999,35.520000,33.654018,7600
2015-10-08,36.160000,36.290001,35.000000,36.290001,34.383568,15100
2015-10-09,35.810001,36.290001,35.540001,36.290001,34.383568,3000
2015-10-12,35.439999,36.279999,35.000000,36.279999,34.374088,5500
2015-10-13,36.450001,36.450001,35.759998,35.759998,33.881409,1400
2015-10-14,36.299999,36.299999,35.450001,36.070000,34.175125,2300
2015-10-15,34.000000,36.450001,34.000000,36.450001,34.535160,2700
2015-10-16,36.650002,37.900002,36.650002,37.209999,35.255234,1700
2015-10-19,37.869999,37.869999,36.060001,36.930000,34.989944,11200
2015-10-20,36.580002,36.790001,35.180000,36.779999,34.847828,1600
2015-10-21,36.099998,37.750000,35.160000,35.680000,33.805614,1300
2015-10-22,36.389999,38.689999,34.630001,38.689999,36.657486,5100
2015-10-23,38.200001,39.830002,38.200001,38.959999,36.913303,5600
2015-10-26,38.910000,39.490002,37.799999,39.000000,36.951202,2400
2015-10-27,38.470001,39.200001,37.590000,38.009998,36.013210,2900
2015-10-28,37.959999,40.169998,37.959999,40.119999,38.012367,5100
2015-10-29,39.560001,39.560001,38.029999,38.410000,36.392193,1900
2015-10-30,38.200001,41.459999,38.200001,41.340000,39.168274,10000
2015-11-02,41.509998,43.200001,41.509998,42.650002,40.409454,7500
2015-11-03,41.330002,43.150002,41.330002,43.070000,40.807392,4400
2015-11-04,43.200001,43.200001,42.349998,42.860001,40.608429,5500
2015-11-05,42.360001,42.799999,42.000000,42.500000,40.267338,4800
2015-11-06,42.500000,42.500000,39.000000,40.369999,38.249233,11700
2015-11-09,39.480000,39.480000,39.029999,39.090000,37.036476,3600
2015-11-10,41.200001,41.200001,38.799999,40.750000,38.609272,22800
2015-11-11,41.169998,42.400002,40.540001,40.540001,38.410301,13400
2015-11-12,40.169998,40.169998,39.099998,39.150002,37.093327,4600
2015-11-13,39.049999,39.900002,38.330002,39.299999,37.235443,13900
2015-11-16,39.900002,40.000000,38.950001,39.200001,37.140697,3600
2015-11-17,39.230000,39.799999,39.230000,39.439999,37.368088,2800
2015-11-18,39.959999,40.200001,39.250000,39.720001,37.633385,9400
2015-11-19,39.849998,40.369999,39.009998,39.770000,37.680756,14900
2015-11-20,39.970001,42.400002,39.380001,41.250000,39.083000,49900
2015-11-23,40.689999,40.799999,39.509998,39.900002,37.803921,7900
2015-11-24,39.900002,40.299999,39.110001,40.099998,37.993412,13800
2015-11-25,39.660000,39.990002,39.660000,39.700001,37.614433,2900
2015-11-27,40.060001,40.340000,40.060001,40.259998,38.145012,1300
2015-11-30,40.259998,40.459999,39.619999,40.029999,37.927094,12200
2015-12-01,39.910000,40.570000,39.650002,39.980000,37.879723,4600
2015-12-02,39.650002,40.160000,39.650002,39.930000,37.832348,3200
2015-12-03,39.880001,40.000000,39.740002,39.740002,37.652332,2400
2015-12-04,39.959999,39.990002,39.500000,39.610001,37.529156,2100
2015-12-07,39.500000,40.200001,39.299999,40.029999,37.927094,13000
2015-12-08,40.000000,40.139999,39.849998,39.900002,37.803921,3600
2015-12-09,40.000000,40.000000,39.200001,39.200001,37.140697,1600
2015-12-10,39.799999,40.000000,39.049999,39.770000,37.680756,2300
2015-12-11,39.080002,39.919998,39.080002,39.160000,37.102795,6300
2015-12-14,39.060001,40.000000,39.060001,39.200001,37.140697,3400
2015-12-15,39.389999,40.000000,39.049999,39.599998,37.519676,3600
2015-12-16,39.150002,39.599998,39.090000,39.220001,37.159649,2200
2015-12-17,38.980000,39.470001,38.980000,39.040001,37.808510,3900
2015-12-18,38.799999,39.150002,38.470001,39.150002,37.915047,8100
2015-12-21,39.630001,39.639999,38.509998,38.509998,37.295227,2100
2015-12-22,39.150002,39.290001,38.040001,38.950001,37.721348,7800
2015-12-23,38.830002,38.900002,37.450001,37.490002,36.307407,4500
2015-12-24,36.750000,37.799999,35.680000,36.160000,35.019356,2800
2015-12-28,34.770000,37.910000,34.770000,35.560001,34.438286,6700
2015-12-29,34.830002,35.900002,34.830002,35.470001,34.351128,3200
2015-12-30,34.259998,35.560001,34.049999,34.349998,33.266453,11900
2015-12-31,34.500000,34.840000,32.340000,33.009998,31.968716,15600
2016-01-04,32.869999,33.259998,31.540001,32.400002,31.377966,22500
2016-01-05,32.250000,32.580002,31.100000,31.629999,30.632254,4200
2016-01-06,30.969999,34.750000,30.969999,32.209999,31.193958,54300
2016-01-07,31.780001,33.389999,31.750000,32.160000,31.145535,17000
2016-01-08,32.279999,32.279999,29.629999,30.129999,29.179569,29000
2016-01-11,29.920000,31.400000,28.620001,30.879999,29.905910,35200
2016-01-12,31.000000,31.540001,30.000000,31.059999,30.080233,19300
2016-01-13,30.420000,32.299999,29.000000,29.010000,28.094900,37800
2016-01-14,29.440001,29.900000,29.410000,29.650000,28.714712,5900
2016-01-15,28.990000,29.780001,28.350000,29.000000,28.085217,20700
2016-01-19,29.000000,29.969999,28.209999,28.790001,27.881842,18600
2016-01-20,28.139999,29.990000,27.510000,29.580000,28.646917,23200
2016-01-21,29.760000,31.350000,29.430000,30.629999,29.663795,19600
2016-01-22,30.540001,32.060001,29.620001,30.680000,29.712221,31600
2016-01-25,31.000000,31.000000,27.799999,28.549999,27.649408,47800
2016-01-26,28.850000,29.670000,28.500000,28.740000,27.833416,47500
2016-01-27,28.700001,29.680000,28.000000,28.100000,27.213606,17400
2016-01-28,28.690001,29.450001,28.410000,28.740000,27.833416,30600
2016-01-29,28.820000,30.830000,28.820000,29.600000,28.666288,10400
2016-02-01,29.510000,30.000000,29.059999,29.530001,28.598499,28000
2016-02-02,29.590000,29.980000,29.530001,29.680000,28.743767,4000
2016-02-03,29.860001,30.750000,29.469999,29.950001,29.005247,20000
2016-02-04,29.600000,30.889999,28.250000,30.400000,29.441053,19900
2016-02-05,30.230000,30.530001,28.750000,28.770000,27.862471,14400
2016-02-08,28.809999,31.370001,28.100000,31.309999,30.322346,17900
2016-02-09,30.469999,32.439999,30.469999,31.000000,30.022127,8800
2016-02-10,31.540001,31.540001,29.000000,30.879999,29.905910,23500
2016-02-11,30.969999,31.920000,29.780001,31.870001,30.864683,17900
2016-02-12,31.400000,33.180000,31.400000,33.180000,32.133362,6700
2016-02-16,33.009998,33.799999,32.180000,33.020000,31.978407,15600
2016-02-17,32.830002,32.830002,31.700001,32.389999,31.368279,10900
2016-02-18,33.150002,33.369999,32.700001,32.790001,31.755665,7500
2016-02-19,32.910000,34.169998,31.190001,33.650002,32.588535,13300
2016-02-22,33.540001,34.290001,31.700001,31.700001,30.700045,12200
2016-02-23,31.500000,32.799999,31.389999,31.730000,30.729099,9800
2016-02-24,31.280001,32.099998,31.280001,31.700001,30.700045,8200
2016-02-25,32.099998,32.099998,31.280001,31.500000,30.506353,6600
2016-02-26,31.680000,32.299999,30.219999,30.790001,29.818752,26400
2016-02-29,31.000000,32.259998,31.000000,32.040001,31.029320,10400
2016-03-01,32.220001,32.799999,31.190001,32.779999,31.745983,4200
2016-03-02,32.570000,32.939999,31.809999,32.540001,31.513552,13700
2016-03-03,32.660000,32.990002,31.500000,32.369999,31.348915,8500
2016-03-04,32.419998,32.900002,32.250000,32.900002,31.862194,5900
2016-03-07,32.799999,35.459999,32.799999,35.279999,34.167118,8200
2016-03-08,36.000000,36.000000,34.410000,35.090000,33.983109,5200
2016-03-09,35.360001,35.360001,33.040001,35.099998,33.992798,3300
2016-03-10,34.900002,35.549999,33.840000,34.689999,33.595730,4200
2016-03-11,34.709999,35.220001,34.430000,35.049999,33.944370,6200
2016-03-14,34.400002,35.340000,34.070000,34.660000,33.566673,10600
2016-03-15,34.240002,35.250000,33.590000,34.119999,33.043705,4200
2016-03-16,33.840000,34.849998,33.380001,33.840000,32.772541,7200
2016-03-17,33.980000,34.939999,33.669998,34.680000,33.586040,8400
2016-03-18,34.840000,35.139999,34.080002,34.330002,33.247086,14900
2016-03-21,34.610001,34.959999,34.209999,34.930000,33.828156,4000
2016-03-22,35.200001,35.200001,34.360001,34.639999,33.547302,3000
2016-03-23,34.750000,34.750000,34.560001,34.590000,33.498882,2800
2016-03-24,35.009998,35.139999,34.000000,34.799999,33.702255,12700
2016-03-28,35.099998,35.099998,34.750000,34.750000,33.653835,3000
2016-03-29,34.450001,35.799999,34.450001,35.049999,33.944370,8200
2016-03-30,34.750000,35.189999,34.560001,34.560001,33.469833,2000
2016-03-31,34.820000,35.160000,34.500000,34.779999,33.682892,7200
2016-04-01,34.779999,35.150002,34.660000,34.660000,33.566673,2200
2016-04-04,34.730000,35.450001,34.669998,34.750000,33.653835,6300
2016-04-05,34.669998,35.400002,34.669998,35.369999,34.254276,6400
2016-04-06,35.290001,35.590000,35.000000,35.099998,33.992798,2900
2016-04-07,35.009998,35.009998,34.950001,35.000000,33.895950,1500
2016-04-08,35.090000,36.139999,35.090000,36.139999,34.999989,1000
2016-04-11,35.439999,36.599998,34.840000,35.799999,34.670708,10400
2016-04-12,35.730000,35.730000,34.500000,34.980000,33.876579,2200
2016-04-13,35.290001,35.900002,35.290001,35.529999,34.409225,2800
2016-04-14,35.709999,36.049999,35.099998,36.000000,34.864407,12100
2016-04-15,35.740002,36.000000,35.740002,35.910000,34.777241,4200
2016-04-18,36.500000,36.500000,35.599998,35.980000,34.845036,7900
2016-04-19,36.000000,36.000000,35.529999,36.000000,34.864407,19100
2016-04-20,36.000000,36.000000,35.230000,35.650002,34.525448,4300
2016-04-21,35.119999,35.580002,34.529999,34.669998,33.576355,16400
2016-04-22,34.930000,34.930000,34.660000,34.750000,33.653835,2100
2016-04-25,34.500000,34.990002,34.500000,34.520000,33.431091,3200
2016-04-26,34.709999,34.990002,34.520000,34.990002,33.886269,6300
2016-04-27,34.759998,34.880001,34.500000,34.549999,33.460144,4500
2016-04-28,34.520000,35.000000,34.500000,34.500000,33.411720,4100
2016-04-29,34.740002,34.740002,32.400002,32.939999,31.900930,5700
2016-05-02,32.709999,32.950001,32.180000,32.580002,31.552290,4800
2016-05-03,31.639999,32.950001,31.639999,32.020000,31.009954,4100
2016-05-04,32.230000,32.950001,31.799999,32.599998,31.571653,2500
2016-05-05,32.639999,32.990002,31.660000,32.580002,31.552290,11000
2016-05-06,31.530001,34.500000,31.530001,34.500000,33.411720,6200
2016-05-09,34.770000,34.770000,32.520000,32.669998,31.639446,5300
2016-05-10,32.599998,34.840000,32.599998,34.250000,33.169609,4000
2016-05-11,34.029999,34.669998,33.000000,33.540001,32.482002,11000
2016-05-12,33.779999,34.000000,33.209999,33.599998,32.540112,2400
2016-05-13,33.480000,35.000000,33.110001,33.500000,32.443268,5300
2016-05-16,33.810001,34.400002,33.110001,34.000000,32.927494,3200
2016-05-17,34.419998,34.490002,32.610001,33.029999,31.988091,9600
2016-05-18,33.000000,34.000000,32.540001,33.040001,31.997778,2500
2016-05-19,32.680000,34.049999,32.680000,32.799999,31.765347,2500
2016-05-20,33.160000,33.990002,33.080002,33.570000,32.511051,4200
2016-05-23,33.599998,34.000000,33.369999,33.650002,32.588535,3100
2016-05-24,34.000000,35.480000,31.730000,35.090000,33.983109,16400
2016-05-25,35.160000,35.160000,32.060001,34.189999,33.111500,7800
2016-05-26,34.349998,35.400002,32.509998,34.080002,33.004967,1800
2016-05-27,34.070000,34.990002,32.500000,34.990002,33.886269,1700
2016-05-31,34.770000,34.820000,33.840000,34.700001,33.605412,6000
2016-06-01,34.209999,34.980000,34.119999,34.860001,33.760365,5600
2016-06-02,34.970001,35.220001,34.500000,35.000000,33.895950,7600
2016-06-03,34.919998,35.000000,34.090000,35.000000,33.895950,3800
2016-06-06,35.000000,35.270000,34.500000,35.270000,34.157433,7200
2016-06-07,34.750000,35.250000,34.040001,35.000000,33.895950,3100
2016-06-08,35.200001,36.619999,35.009998,36.540001,35.387371,11800
2016-06-09,36.740002,37.230000,36.549999,36.840000,35.677910,8700
2016-06-10,36.730000,37.270000,36.730000,37.270000,36.094349,4200
2016-06-13,36.630001,36.910000,36.110001,36.750000,35.590752,7300
2016-06-14,36.779999,38.000000,36.240002,36.750000,35.590752,4300
2016-06-15,36.750000,37.599998,36.150002,37.430000,36.249298,9300
2016-06-16,36.520000,37.549999,36.490002,37.480000,36.297722,6400
2016-06-17,37.689999,38.000000,35.080002,37.740002,36.549519,25000
2016-06-20,37.610001,38.330002,36.540001,37.500000,36.317089,7800
2016-06-21,37.240002,37.990002,37.240002,37.400002,36.220245,3100
2016-06-22,37.759998,37.759998,36.689999,37.490002,36.307407,6100
2016-06-23,37.650002,37.700001,36.730000,36.959999,35.794121,3500
2016-06-24,36.549999,39.000000,36.490002,39.000000,37.769772,46900
2016-06-27,38.509998,38.889999,38.250000,38.580002,37.363022,17400
2016-06-28,39.950001,39.950001,38.009998,38.840000,37.614819,8600
2016-06-29,38.820000,39.419998,37.790001,38.500000,37.285542,8400
2016-06-30,38.200001,38.400002,37.080002,38.040001,36.840057,7100
2016-07-01,37.919998,38.369999,37.759998,37.810001,36.617306,2300
2016-07-05,37.980000,38.959999,35.860001,36.500000,35.348633,17400
2016-07-06,36.500000,36.610001,35.630001,36.259998,35.116203,16600
2016-07-07,36.250000,37.419998,36.250000,36.849998,35.687588,12100
2016-07-08,37.060001,37.450001,35.509998,36.299999,35.154942,15600
2016-07-11,36.320000,37.500000,35.000000,35.919998,34.786930,12700
2016-07-12,35.910000,37.599998,35.490002,36.630001,35.474529,8400
2016-07-13,36.660000,36.889999,35.000000,35.400002,34.283333,13600
2016-07-14,35.639999,36.400002,35.000000,35.430000,34.312382,15200
2016-07-15,35.250000,36.049999,35.139999,35.669998,34.544815,42200
2016-07-18,36.000000,36.000000,35.500000,35.830002,34.699772,9100
2016-07-19,35.250000,36.520000,35.189999,35.860001,34.728825,5100
2016-07-20,36.459999,36.700001,35.020000,36.700001,35.542324,1700
2016-07-21,35.869999,37.099998,35.730000,36.180000,35.038727,2900
2016-07-22,36.240002,36.549999,35.400002,35.959999,34.825665,2200
2016-07-25,35.560001,35.560001,34.250000,34.380001,33.295509,7600
2016-07-26,34.189999,34.299999,34.009998,34.099998,33.024338,30800
2016-07-27,34.250000,34.349998,34.049999,34.049999,32.975922,9100
2016-07-28,34.139999,34.340000,34.049999,34.139999,33.063080,3400
2016-07-29,34.009998,34.299999,34.000000,34.110001,33.034023,5900
2016-08-01,34.000000,35.459999,34.000000,34.810001,33.711945,11200
2016-08-02,34.959999,36.099998,34.709999,34.709999,33.615097,2900
2016-08-03,35.150002,35.310001,34.439999,35.080002,33.973431,9500
2016-08-04,35.119999,35.810001,34.919998,34.919998,33.818474,3300
2016-08-05,35.680000,35.930000,35.520000,35.900002,34.767559,1600
2016-08-08,34.840000,36.090000,34.520000,35.380001,34.263966,1200
2016-08-09,35.349998,36.099998,35.110001,36.029999,34.893456,5700
2016-08-10,35.160000,35.459999,34.619999,34.820000,33.721630,1800
2016-08-11,35.389999,36.290001,35.389999,36.279999,35.135571,4200
2016-08-12,36.200001,36.200001,34.799999,35.099998,33.992798,14000
2016-08-15,36.299999,36.299999,35.119999,35.470001,34.351128,3000
2016-08-16,35.459999,35.459999,34.930000,35.009998,33.905636,3800
2016-08-17,35.080002,35.590000,35.080002,35.380001,34.263966,2900
2016-08-18,35.500000,35.880001,34.939999,35.700001,34.573875,3900
2016-08-19,35.520000,36.669998,35.520000,36.330002,35.184002,3900
2016-08-22,36.889999,37.720001,36.880001,37.720001,36.530144,3900
2016-08-23,37.680000,38.150002,37.150002,37.830002,36.636681,3000
2016-08-24,37.830002,38.720001,37.799999,38.299999,37.091854,5800
2016-08-25,38.459999,38.980000,37.900002,38.549999,37.333969,2300
2016-08-26,38.599998,38.610001,38.160000,38.160000,36.956268,3300
2016-08-29,38.160000,38.380001,38.160000,38.160000,36.956268,1500
2016-08-30,38.400002,38.599998,37.820000,37.820000,36.626995,1900
2016-08-31,37.900002,38.410000,37.799999,38.290001,37.082172,2300
2016-09-01,38.279999,38.520000,37.840000,38.480000,37.266171,1900
2016-09-02,38.380001,38.480000,37.889999,37.939999,36.743206,1100
2016-09-06,38.119999,38.470001,37.880001,38.119999,36.917534,1300
2016-09-07,38.400002,38.400002,38.070000,38.099998,36.898159,2800
2016-09-08,38.340000,38.430000,37.799999,38.430000,37.217754,1300
2016-09-09,38.009998,38.009998,37.799999,37.799999,36.607624,2300
2016-09-12,37.799999,38.000000,37.799999,38.000000,36.801315,1500
2016-09-13,37.799999,37.799999,36.099998,36.099998,34.961250,3700
2016-09-14,35.439999,37.000000,35.439999,37.000000,35.832859,5600
2016-09-15,37.020000,37.189999,36.099998,37.110001,35.939396,4300
2016-09-16,37.209999,37.750000,37.000000,37.750000,36.559200,15600
2016-09-19,37.509998,38.070000,37.000000,37.389999,36.210556,5900
2016-09-20,38.480000,38.480000,37.139999,37.900002,36.704468,1100
2016-09-21,38.230000,38.369999,38.000000,38.040001,36.840057,1500
2016-09-22,38.500000,38.500000,38.110001,38.110001,36.907848,1200
2016-09-23,38.049999,38.580002,38.049999,38.360001,37.149963,5100
2016-09-26,38.209999,38.590000,37.630001,38.070000,36.869106,4400
2016-09-27,38.250000,38.590000,38.000000,38.209999,37.004696,3600
2016-09-28,38.220001,38.240002,37.459999,38.000000,36.801315,6500
2016-09-29,38.000000,38.180000,37.919998,38.180000,36.975639,1900
2016-09-30,38.209999,38.599998,38.209999,38.560001,37.343658,2900
2016-10-03,38.250000,38.310001,38.189999,38.189999,36.985321,1300
2016-10-04,38.020000,38.049999,37.900002,38.049999,36.849743,4600
2016-10-05,38.580002,38.580002,38.139999,38.160000,36.956268,1300
2016-10-06,38.299999,38.349998,38.240002,38.240002,37.033749,1800
2016-10-07,38.320000,38.430000,38.240002,38.240002,37.033749,1100
2016-10-10,38.209999,38.590000,38.009998,38.250000,37.043430,2200
2016-10-11,38.250000,38.290001,38.000000,38.290001,37.082172,2400
2016-10-12,38.299999,38.529999,38.299999,38.360001,37.149963,900
2016-10-13,38.119999,38.570000,38.000000,38.259998,37.053108,8100
2016-10-14,38.480000,38.480000,37.599998,38.110001,36.907848,7600
2016-10-17,38.360001,38.540001,38.290001,38.419998,37.208069,3000
2016-10-18,38.360001,38.549999,38.360001,38.549999,37.333969,1200
2016-10-19,38.520000,38.900002,38.180000,38.709999,37.488922,11000
2016-10-20,38.660000,38.889999,37.820000,38.240002,37.033749,15200
2016-10-21,38.060001,38.439999,37.889999,38.439999,37.227432,14200
2016-10-24,38.500000,38.680000,38.250000,38.500000,37.285542,8300
2016-10-25,38.599998,38.740002,38.419998,38.529999,37.314598,2400
2016-10-26,38.619999,38.700001,38.520000,38.610001,37.392078,1400
2016-10-27,38.700001,38.700001,38.500000,38.520000,37.304916,2000
2016-10-28,38.459999,38.700001,38.459999,38.700001,37.479240,3600
2016-10-31,38.480000,38.480000,38.000000,38.029999,36.830368,3900
2016-11-01,38.000000,38.520000,34.619999,38.099998,36.898159,8100
2016-11-02,38.139999,38.400002,37.529999,38.160000,36.956268,1900
2016-11-03,37.919998,37.919998,36.490002,36.490002,35.338947,2900
2016-11-04,35.450001,37.869999,35.450001,36.840000,35.677910,26200
2016-11-07,37.029999,38.560001,36.730000,37.919998,36.723835,11900
2016-11-08,37.060001,38.439999,37.040001,38.200001,36.995010,4400
2016-11-09,37.880001,38.750000,37.279999,38.689999,37.469547,19100
2016-11-10,38.700001,41.910000,38.549999,40.849998,39.561413,12300
2016-11-11,40.619999,42.090000,39.150002,41.730000,40.413654,13800
2016-11-14,42.130001,42.130001,39.990002,41.549999,40.239330,13300
2016-11-15,41.840000,41.840000,38.500000,41.330002,40.026276,5900
2016-11-16,41.500000,42.560001,41.360001,42.560001,41.217476,5400
2016-11-17,42.450001,44.700001,41.580002,43.869999,42.486153,9600
2016-11-18,44.200001,44.200001,40.410000,41.200001,39.900375,19200
2016-11-21,41.299999,43.799999,41.299999,43.549999,42.176247,15800
2016-11-22,43.549999,50.259998,43.490002,45.889999,44.442429,40500
2016-11-23,47.950001,48.349998,46.820000,46.820000,45.343098,6900
2016-11-25,46.439999,48.349998,46.049999,46.980000,45.498047,12500
2016-11-28,46.950001,47.000000,44.250000,45.959999,44.510223,19700
2016-11-29,45.509998,46.160000,44.599998,45.200001,43.774197,7400
2016-11-30,45.520000,48.509998,44.099998,44.730000,43.319027,9100
2016-12-01,45.029999,46.040001,43.500000,43.610001,42.234356,11600
2016-12-02,43.009998,43.549999,41.950001,42.599998,41.256214,5800
2016-12-05,40.830002,43.320000,40.830002,43.320000,41.953503,7200
2016-12-06,42.700001,44.040001,42.639999,44.000000,42.612049,3900
2016-12-07,44.320000,47.000000,43.910000,45.400002,43.967892,12300
2016-12-08,43.900002,49.250000,43.900002,47.700001,46.195339,10900
2016-12-09,48.169998,50.830002,48.169998,49.099998,47.551174,11000
2016-12-12,49.209999,49.209999,46.310001,47.279999,45.788589,10300
2016-12-13,47.009998,48.880001,47.009998,48.400002,46.873257,3200
2016-12-14,48.299999,50.820000,48.299999,49.790001,48.219410,8100
2016-12-15,49.900002,50.700001,49.900002,50.570000,48.974804,3100
2016-12-16,51.310001,52.340000,48.500000,52.340000,50.688972,16000
2016-12-19,52.369999,53.500000,51.000000,53.110001,51.434685,19100
2016-12-20,52.970001,55.000000,52.950001,54.360001,52.645256,5800
2016-12-21,53.349998,59.049999,53.349998,56.450001,55.537739,29200
2016-12-22,57.049999,64.910004,51.619999,58.000000,57.062695,13600
2016-12-23,58.419998,58.500000,57.630001,58.049999,57.111885,4400
2016-12-27,57.529999,60.639999,57.529999,58.450001,57.505421,5000
2016-12-28,57.750000,57.970001,56.840000,57.549999,56.619961,9000
2016-12-29,57.700001,58.230000,54.619999,55.459999,54.563740,12600
2016-12-30,54.020000,56.090000,54.020000,55.759998,54.858887,6100
2017-01-03,56.099998,56.200001,53.500000,53.810001,52.940407,7000
2017-01-04,54.040001,54.889999,53.580002,53.869999,52.999435,9600
2017-01-05,53.910000,54.000000,52.500000,52.810001,51.956562,4000
2017-01-06,52.380001,52.380001,47.610001,51.900002,51.061268,1800
2017-01-09,51.849998,52.150002,49.400002,51.060001,50.234848,5500
2017-01-10,49.700001,51.270000,49.700001,50.930000,50.106949,2700
2017-01-11,50.930000,52.349998,49.849998,51.950001,51.110458,8500
2017-01-12,51.009998,51.110001,49.160000,49.830002,49.024727,6300
2017-01-13,48.830002,50.610001,48.830002,49.959999,49.152622,1800
2017-01-17,50.410000,50.480000,49.759998,49.759998,48.955849,3300
2017-01-18,48.930000,49.299999,48.930000,49.299999,48.503288,1300
2017-01-19,49.209999,50.299999,49.209999,49.549999,48.749249,1900
2017-01-20,49.549999,49.549999,48.279999,48.950001,48.158947,10500
2017-01-23,49.009998,49.009998,48.000000,48.000000,47.224297,1700
2017-01-24,49.299999,49.599998,49.000000,49.599998,48.798439,1700
2017-01-25,50.000000,50.000000,50.000000,50.000000,49.191975,500
2017-01-26,50.000000,50.000000,49.200001,49.509998,48.709896,11900
2017-01-27,49.040001,50.000000,48.599998,50.000000,49.191975,11900
2017-01-30,49.799999,50.599998,48.189999,48.549999,47.765411,1900
2017-01-31,48.549999,48.549999,47.119999,47.430000,46.663506,3700
2017-02-01,47.669998,50.439999,45.000000,47.919998,47.145588,1000
2017-02-02,47.939999,50.389999,47.939999,48.639999,47.853951,2000
2017-02-03,48.930000,49.080002,48.000000,49.080002,48.286846,2000
2017-02-06,49.090000,49.549999,48.810001,48.810001,48.021202,2400
2017-02-07,49.000000,49.000000,48.000000,48.290001,47.509613,3800
2017-02-08,48.000000,48.000000,47.099998,47.959999,47.184940,5200
2017-02-09,47.209999,47.860001,46.599998,47.639999,46.870117,1900
2017-02-10,46.650002,47.500000,46.529999,46.799999,46.043686,4500
2017-02-13,46.619999,46.860001,46.459999,46.470001,45.719021,1900
2017-02-14,45.200001,45.349998,44.230000,44.230000,43.515224,3800
2017-02-15,44.720001,44.930000,44.360001,44.900002,44.174400,2400
2017-02-16,45.099998,45.099998,44.139999,44.279999,43.564411,2300
2017-02-17,44.790001,46.099998,44.790001,45.700001,44.961460,3200
2017-02-21,45.740002,46.110001,45.320000,45.889999,45.148392,4600
2017-02-22,44.349998,45.500000,44.349998,44.709999,43.987465,1000
2017-02-23,44.820000,46.500000,44.820000,45.099998,44.371159,1600
2017-02-24,45.549999,45.599998,44.849998,45.169998,44.440025,1900
2017-02-27,44.849998,46.500000,44.799999,46.490002,45.738701,8100
2017-02-28,45.599998,46.380001,45.049999,45.400002,44.666317,5500
2017-03-01,45.810001,46.369999,45.490002,45.799999,45.059849,3900
2017-03-02,45.459999,45.700001,45.200001,45.200001,44.469543,1600
2017-03-03,49.950001,49.950001,45.560001,46.660000,45.905952,4700
2017-03-06,44.950001,45.639999,44.950001,45.060001,44.331810,3700
2017-03-07,46.830002,46.830002,44.400002,44.400002,43.682480,900
2017-03-08,45.000000,45.279999,44.610001,44.610001,43.889080,2100
2017-03-09,44.200001,44.520000,43.840000,43.840000,43.131527,4200
2017-03-10,44.290001,44.290001,42.779999,43.279999,42.580570,4100
2017-03-13,42.830002,43.900002,42.830002,43.770000,43.062656,2600
2017-03-14,43.980000,44.000000,43.419998,43.419998,42.718307,2200
2017-03-15,43.020000,43.900002,41.869999,42.759998,42.068977,18900
2017-03-16,42.810001,43.980000,42.000000,43.630001,42.924923,8500
2017-03-17,43.480000,44.369999,43.099998,44.250000,43.534893,20600
2017-03-20,44.000000,45.990002,44.000000,45.520000,44.784370,7300
2017-03-21,45.860001,46.779999,45.000000,45.150002,44.420357,7500
2017-03-22,45.450001,46.720001,44.299999,45.490002,44.754864,21600
2017-03-23,45.700001,46.880001,45.450001,45.779999,45.040173,6600
2017-03-24,45.900002,47.060001,45.080002,47.029999,46.269970,3800
2017-03-27,46.689999,46.689999,44.549999,46.450001,45.699341,4500
2017-03-28,46.310001,46.500000,45.750000,45.860001,45.118881,6500
2017-03-29,46.099998,46.490002,45.910000,46.310001,45.561611,3300
2017-03-30,46.189999,47.700001,46.189999,47.360001,46.594639,6700
2017-03-31,46.759998,47.939999,46.759998,47.790001,47.017693,5800
2017-04-03,47.000000,47.000000,46.090000,46.599998,45.846928,16400
2017-04-04,46.990002,49.459999,46.180000,48.020000,47.243973,18600
2017-04-05,48.509998,48.660000,46.849998,47.209999,46.447060,11500
2017-04-06,47.560001,49.000000,47.049999,47.680000,46.909470,7400
2017-04-07,47.880001,49.000000,47.880001,48.200001,47.421070,2200
2017-04-10,47.009998,48.439999,47.000000,47.639999,46.870117,5200
2017-04-11,48.480000,48.480000,46.590000,47.500000,46.732380,7700
2017-04-12,47.250000,47.560001,47.000000,47.090000,46.329006,5700
2017-04-13,47.250000,47.799999,46.070000,47.029999,46.269970,6400
2017-04-17,47.139999,47.500000,47.000000,47.450001,46.683186,9200
2017-04-18,47.709999,49.790001,47.000000,48.759998,47.972015,10200
2017-04-19,49.169998,49.950001,47.439999,47.439999,46.673347,5400
2017-04-20,48.980000,49.000000,48.700001,49.000000,48.208134,6100
2017-04-21,49.000000,51.110001,48.759998,50.470001,49.654381,10300
2017-04-24,51.500000,56.000000,51.500000,55.150002,54.258751,15400
2017-04-25,56.250000,59.180000,56.110001,57.500000,56.570778,11700
2017-04-26,57.389999,59.549999,57.389999,58.419998,57.475903,15900
2017-04-27,52.230000,58.290001,52.230000,56.369999,55.459034,13200
2017-04-28,55.590000,56.400002,55.570000,56.169998,55.262264,8200
2017-05-01,56.500000,56.549999,55.580002,55.790001,54.888405,10400
2017-05-02,55.730000,57.240002,55.220001,56.299999,55.390163,11200
2017-05-03,56.660000,57.340000,56.340000,56.340000,55.429520,2900
2017-05-04,56.759998,57.700001,56.380001,57.400002,56.472389,6300
2017-05-05,57.369999,58.110001,57.000000,57.000000,56.078854,8700
2017-05-08,57.779999,58.549999,57.000000,58.000000,57.062695,14800
2017-05-09,58.090000,59.860001,56.669998,59.540001,58.577808,14300
2017-05-10,59.099998,60.230000,58.529999,58.900002,57.948147,10700
2017-05-11,58.910000,58.910000,58.000000,58.680000,57.731705,5400
2017-05-12,57.950001,58.000000,57.700001,58.000000,57.062695,1600
2017-05-15,58.360001,59.490002,57.119999,59.490002,58.528614,4000
2017-05-16,59.509998,59.990002,59.000000,59.439999,58.479420,6500
2017-05-17,59.150002,59.669998,58.040001,58.689999,57.741543,6600
2017-05-18,59.290001,59.290001,58.500000,58.980000,58.026852,12300
2017-05-19,58.730000,59.200001,58.110001,58.950001,57.997345,9900
2017-05-22,59.500000,60.610001,59.000000,59.250000,58.292488,18500
2017-05-23,58.650002,59.500000,57.590000,58.810001,57.859600,8900
2017-05-24,58.700001,61.000000,58.700001,60.950001,59.965019,17100
2017-05-25,57.980000,61.849998,57.980000,60.700001,59.719063,20100
2017-05-26,60.000000,60.750000,59.580002,60.400002,59.423908,12100
2017-05-30,60.340000,66.370003,59.950001,61.450001,60.456940,9400
2017-05-31,61.380001,62.000000,61.099998,61.220001,60.230656,16200
2017-06-01,62.000000,62.500000,61.009998,61.340000,60.348713,5900
2017-06-02,61.490002,62.500000,61.000000,61.700001,60.702896,5700
2017-06-05,61.549999,62.900002,60.070000,60.299999,59.325523,10400
2017-06-06,60.000000,61.430000,59.910000,61.259998,60.270004,26900
2017-06-07,61.369999,61.840000,60.500000,61.520000,60.525806,34600
2017-06-08,61.529999,63.139999,61.250000,63.119999,62.099953,12100
2017-06-09,63.000000,63.990002,62.209999,63.619999,62.591869,8600
2017-06-12,62.369999,62.709999,61.349998,62.360001,61.352230,12300
2017-06-13,62.520000,63.880001,61.380001,62.389999,61.381748,13400
2017-06-14,62.950001,62.950001,61.410000,62.400002,61.391590,6700
2017-06-15,62.549999,63.250000,62.000000,63.250000,62.227852,9100
2017-06-16,62.520000,65.250000,61.639999,64.660004,63.837112,30900
2017-06-19,63.320000,65.580002,63.320000,64.150002,63.333599,12900
2017-06-20,63.840000,65.500000,62.709999,63.990002,63.175636,17400
2017-06-21,64.250000,64.449997,63.500000,63.799999,62.988052,7200
2017-06-22,63.779999,64.300003,63.759998,64.150002,63.333599,6000
2017-06-23,64.360001,65.699997,63.720001,65.330002,64.498573,33200
2017-06-26,65.010002,65.419998,63.230000,64.500000,63.679146,10300
2017-06-27,65.279999,65.279999,63.630001,64.279999,63.461945,11000
2017-06-28,63.959999,64.650002,63.959999,64.480003,63.659401,4400
2017-06-29,64.900002,65.300003,63.619999,64.300003,63.481689,7500
2017-06-30,64.610001,64.610001,63.849998,64.400002,63.580421,11400
2017-07-03,64.570000,64.720001,63.220001,64.720001,63.896347,3800
2017-07-05,64.790001,65.400002,63.860001,65.099998,64.271500,7600
2017-07-06,65.500000,67.870003,65.250000,66.610001,65.762283,32600
2017-07-07,66.250000,67.660004,66.250000,67.529999,66.670578,6300
2017-07-10,67.489998,67.769997,65.900002,67.199997,66.344780,5700
2017-07-11,68.800003,68.800003,67.449997,67.449997,66.591599,2200
2017-07-12,67.589996,68.489998,66.849998,68.489998,67.618370,11600
2017-07-13,68.099998,69.120003,67.910004,68.989998,68.112007,3900
2017-07-14,68.949997,69.800003,67.910004,68.500000,67.628235,36200
2017-07-17,68.800003,69.000000,68.500000,69.000000,68.121880,2100
2017-07-18,68.820000,70.800003,68.050003,68.389999,67.519630,36500
2017-07-19,67.889999,70.339996,61.849998,69.599998,68.714226,40200
2017-07-20,69.750000,70.080002,68.550003,68.550003,67.677597,22800
2017-07-21,68.629997,68.629997,55.490002,58.110001,57.370472,76500
2017-07-24,57.700001,58.759998,57.259998,58.320000,57.577789,22900
2017-07-25,58.810001,59.889999,58.000000,58.209999,57.469193,13900
2017-07-26,58.450001,60.549999,57.660000,59.459999,58.703285,16200
2017-07-27,58.880001,61.070000,58.230000,60.470001,59.700432,9600
2017-07-28,60.799999,60.820000,59.509998,60.520000,59.749798,14700
2017-07-31,60.500000,60.619999,59.959999,60.040001,59.275906,21900
2017-08-01,60.049999,60.639999,60.000000,60.500000,59.730049,4900
2017-08-02,60.240002,60.240002,58.400002,58.889999,58.140537,12600
2017-08-03,58.779999,60.810001,58.779999,59.099998,58.347862,22000
2017-08-04,59.090000,60.009998,58.950001,59.619999,58.861244,12100
2017-08-07,59.500000,59.599998,58.919998,59.410000,58.653915,21800
2017-08-08,59.580002,59.580002,58.290001,59.220001,58.466339,19600
2017-08-09,59.360001,60.130001,58.380001,59.040001,58.288628,32900
2017-08-10,58.930000,59.650002,58.740002,59.070000,58.318245,19700
2017-08-11,59.150002,60.830002,58.090000,58.810001,58.061554,14000
2017-08-14,58.790001,59.270000,58.790001,59.040001,58.288628,14700
2017-08-15,58.619999,59.000000,57.880001,58.790001,58.041813,16700
2017-08-16,58.750000,58.750000,57.080002,57.439999,56.708988,10800
2017-08-17,56.889999,57.900002,56.080002,57.380001,56.649757,18000
2017-08-18,56.889999,57.439999,56.700001,57.439999,56.708988,17600
2017-08-21,57.419998,57.500000,56.860001,56.900002,56.175869,14600
2017-08-22,57.169998,57.810001,56.830002,57.250000,56.521408,12900
2017-08-23,56.560001,57.070000,56.560001,57.070000,56.343700,4800
2017-08-24,57.189999,57.259998,56.549999,56.950001,56.225231,11900
2017-08-25,56.740002,57.090000,56.180000,57.000000,56.274590,5100
2017-08-28,56.389999,57.310001,56.389999,57.310001,56.580643,5900
2017-08-29,57.000000,57.189999,56.410000,56.410000,55.692101,7200
2017-08-30,57.400002,57.400002,56.150002,57.389999,56.659630,14000
2017-08-31,58.450001,58.450001,57.779999,57.990002,57.251999,7000
2017-09-01,58.480000,58.650002,57.509998,57.700001,56.965687,19200
2017-09-05,58.029999,58.029999,56.770000,57.330002,56.600395,15700
2017-09-06,57.599998,57.970001,57.090000,57.970001,57.232246,14000
2017-09-07,57.889999,58.759998,57.700001,58.389999,57.646904,14900
2017-09-08,58.790001,59.060001,57.860001,58.480000,57.735756,13400
2017-09-11,58.610001,59.970001,58.410000,59.830002,59.068581,13700
2017-09-12,60.000000,61.049999,60.000000,60.700001,59.927505,31400
2017-09-13,60.959999,63.189999,60.959999,63.090000,62.287086,9400
2017-09-14,62.900002,65.000000,62.099998,64.800003,63.975330,23500
2017-09-15,64.989998,66.250000,64.449997,66.139999,65.298264,41300
2017-09-18,65.910004,68.500000,65.910004,68.019997,67.154343,17900
2017-09-19,68.290001,68.339996,67.620003,68.339996,67.470268,19500
2017-09-20,68.360001,69.389999,67.320000,69.089996,68.210724,9400
2017-09-21,69.099998,69.099998,67.379997,68.449997,67.794746,10200
2017-09-22,68.250000,68.900002,67.260002,68.510002,67.854179,4700
2017-09-25,68.309998,71.239998,65.860001,70.220001,69.547806,21100
2017-09-26,70.290001,72.290001,70.290001,71.410004,70.726425,18600
2017-09-27,71.470001,74.250000,71.470001,74.250000,73.539230,16100
2017-09-28,74.550003,74.550003,73.000000,73.059998,72.360611,15500
2017-09-29,71.949997,72.650002,71.400002,71.839996,71.152298,40900
2017-10-02,71.800003,73.449997,71.800003,72.870003,72.172440,15000
2017-10-03,73.269997,73.400002,69.660004,70.160004,69.488380,49800
2017-10-04,70.769997,70.940002,69.080002,70.050003,69.379440,24500
2017-10-05,70.029999,70.459999,69.660004,69.800003,69.131828,23500
2017-10-06,70.089996,70.089996,67.629997,67.930000,67.279732,21900
2017-10-09,67.500000,67.599998,66.400002,66.849998,66.210060,34100
2017-10-10,66.650002,66.970001,65.959999,66.180000,65.546478,6900
2017-10-11,66.570000,66.570000,64.650002,64.650002,64.031136,17000
2017-10-12,64.930000,65.500000,61.900002,63.500000,62.892136,32200
2017-10-13,63.299999,64.379997,61.669998,62.000000,61.406494,14000
2017-10-16,61.990002,62.820000,61.220001,62.130001,61.535248,31600
2017-10-17,61.430000,63.830002,61.430000,63.549999,62.941654,22900
2017-10-18,63.090000,65.010002,63.090000,63.500000,62.892136,28100
2017-10-19,63.599998,65.279999,62.430000,64.440002,63.823132,65400
2017-10-20,65.080002,66.779999,65.040001,65.489998,64.863083,22900
2017-10-23,65.550003,67.650002,64.480003,64.519997,63.902367,28600
2017-10-24,65.400002,67.400002,64.720001,66.660004,66.021881,15200
2017-10-25,66.839996,66.839996,65.010002,66.550003,65.912949,26200
2017-10-26,67.180000,68.690002,65.550003,65.800003,65.170120,16400
2017-10-27,65.529999,66.800003,64.720001,64.959999,64.338150,30600
2017-10-30,64.570000,68.269997,63.130001,63.360001,62.753475,30600
2017-10-31,63.369999,65.690002,62.160000,64.489998,63.872662,33400
2017-11-01,64.599998,66.750000,64.010002,66.199997,65.566284,32900
2017-11-02,65.099998,67.860001,65.099998,67.510002,66.863747,15600
2017-11-03,67.320000,68.620003,65.900002,66.529999,65.893135,13400
2017-11-06,66.430000,67.099998,65.790001,66.639999,66.002075,13400
2017-11-07,66.699997,67.790001,65.629997,66.019997,65.388008,21900
2017-11-08,65.769997,67.040001,64.300003,64.750000,64.130165,42100
2017-11-09,64.459999,65.949997,64.019997,64.589996,63.971695,10600
2017-11-10,65.120003,65.120003,64.040001,64.290001,63.674576,4600
2017-11-13,64.589996,65.839996,64.330002,64.639999,64.021225,15500
2017-11-14,64.400002,65.800003,64.400002,65.279999,64.655090,10200
2017-11-15,64.919998,64.919998,63.040001,64.370003,63.753803,15600
2017-11-16,64.500000,66.000000,64.379997,64.529999,63.912270,11500
2017-11-17,64.320000,66.320000,64.320000,66.180000,65.546478,6200
2017-11-20,65.209999,66.000000,64.750000,65.150002,64.526344,11400
2017-11-21,64.550003,65.870003,64.550003,65.059998,64.437202,7700
2017-11-22,65.239998,66.599998,64.239998,66.199997,65.566284,13500
2017-11-24,65.870003,67.190002,65.870003,67.099998,66.457672,18500
2017-11-27,65.629997,66.290001,63.919998,64.029999,63.417057,10400
2017-11-28,63.759998,65.000000,63.459999,64.800003,64.179695,19100
2017-11-29,64.639999,65.320000,64.309998,65.129997,64.506531,15200
2017-11-30,64.459999,64.989998,63.709999,64.580002,63.961803,8800
2017-12-01,64.500000,64.989998,62.400002,63.990002,63.377445,7400
2017-12-04,64.220001,64.500000,63.220001,63.799999,63.189259,13500
2017-12-05,63.200001,63.849998,62.250000,62.610001,62.010654,28800
2017-12-06,62.099998,62.099998,60.799999,61.029999,60.445774,9700
2017-12-07,61.980000,62.500000,60.880001,62.169998,61.574863,9400
2017-12-08,63.099998,64.900002,61.439999,61.439999,60.851852,10700
2017-12-11,61.750000,62.500000,61.389999,61.830002,61.238125,6800
2017-12-12,61.369999,64.160004,61.369999,63.540001,62.931755,12000
2017-12-13,63.759998,66.900002,62.669998,66.480003,65.843613,14100
2017-12-14,66.459999,66.660004,64.440002,66.169998,65.536575,17400
2017-12-15,66.000000,69.389999,65.099998,69.059998,68.398911,53800
2017-12-18,68.849998,71.849998,68.849998,71.849998,71.162201,15200
2017-12-19,73.500000,73.500000,71.400002,72.930000,72.231865,18300
2017-12-20,73.239998,74.239998,72.220001,72.769997,72.073395,15100
2017-12-21,72.769997,76.629997,72.769997,74.360001,73.648170,11000
2017-12-22,73.860001,74.430000,71.050003,71.919998,71.442902,16000
2017-12-26,71.790001,71.790001,70.209999,71.050003,70.578682,8500
2017-12-27,71.720001,74.250000,71.459999,71.879997,71.403160,23200
2017-12-28,72.000000,72.000000,70.779999,71.779999,71.303833,11000
2017-12-29,72.000000,72.050003,70.779999,71.410004,70.936295,15700
2018-01-02,71.500000,72.519997,69.290001,69.709999,69.247559,23200
2018-01-03,69.660004,70.610001,68.839996,69.330002,68.870087,4500
2018-01-04,69.989998,70.500000,67.620003,68.489998,68.035652,12900
2018-01-05,68.379997,69.199997,67.510002,68.550003,68.095261,10400
2018-01-08,68.400002,69.230003,66.809998,66.870003,66.426407,16400
2018-01-09,66.970001,68.330002,65.300003,65.839996,65.403229,18000
2018-01-10,66.690002,66.750000,65.430000,65.570000,65.135025,4200
2018-01-11,65.769997,66.650002,65.459999,65.800003,65.363503,6100
2018-01-12,65.940002,68.959999,65.919998,66.199997,65.760841,9300
2018-01-16,66.559998,67.870003,64.660004,65.050003,64.618477,11300
2018-01-17,65.290001,66.300003,64.269997,65.050003,64.618477,17400
2018-01-18,64.769997,66.000000,63.330002,63.330002,62.909885,17700
2018-01-19,63.490002,65.860001,63.490002,64.629997,64.201263,21000
2018-01-22,64.660004,67.000000,64.330002,65.199997,64.767479,8400
2018-01-23,64.879997,66.099998,64.000000,64.610001,64.181396,7800
2018-01-24,64.620003,64.959999,64.139999,64.199997,63.774113,6300
2018-01-25,64.400002,64.599998,63.000000,63.000000,62.582073,3100
2018-01-26,63.669998,64.620003,62.020000,63.000000,62.582073,12600
2018-01-29,63.599998,63.650002,61.330002,61.520000,61.111893,11800
2018-01-30,61.110001,62.049999,59.610001,61.619999,61.211227,11700
2018-01-31,61.779999,62.580002,60.939999,61.160000,60.754284,10100
2018-02-01,61.910000,62.540001,61.459999,62.430000,62.015858,12100
2018-02-02,63.410000,63.939999,59.779999,60.500000,60.098660,11900
2018-02-05,60.360001,61.380001,58.000000,58.150002,57.764248,15900
2018-02-06,57.230000,58.049999,56.110001,57.820000,57.436436,19200
2018-02-07,57.950001,60.400002,57.709999,60.340000,59.939720,11300
2018-02-08,60.450001,60.689999,58.459999,58.500000,58.111927,9500
2018-02-09,59.000000,59.000000,53.500000,54.770000,54.406670,25100
2018-02-12,55.189999,56.520000,55.189999,55.599998,55.231163,10500
2018-02-13,55.200001,55.310001,53.810001,55.020000,54.655014,9800
2018-02-14,55.360001,57.959999,54.380001,56.910000,56.532475,10600
2018-02-15,57.669998,62.570000,57.669998,60.900002,60.496010,18700
2018-02-16,60.720001,62.400002,60.520000,61.549999,61.141693,10900
2018-02-20,61.150002,65.169998,60.660000,60.660000,60.257599,21100
2018-02-21,60.549999,62.160000,60.000000,60.000000,59.601978,12400
2018-02-22,62.060001,62.060001,59.049999,59.959999,59.562241,5500
2018-02-23,60.119999,60.119999,57.400002,58.459999,58.072193,5200
2018-02-26,58.619999,61.389999,58.619999,59.299999,58.906620,6500
2018-02-27,59.880001,59.990002,57.130001,58.480000,58.092060,10100
2018-02-28,58.599998,58.869999,55.770000,55.820000,55.449703,22400
2018-03-01,55.900002,60.419998,55.000000,55.290001,54.923222,17900
2018-03-02,55.000000,58.900002,55.000000,58.330002,57.943054,16100
2018-03-05,58.020000,59.750000,57.389999,58.750000,58.360268,23400
2018-03-06,58.900002,59.880001,58.529999,59.580002,59.184765,13700
2018-03-07,58.340000,60.970001,58.340000,59.650002,59.254299,7000
2018-03-08,59.970001,61.220001,59.700001,60.880001,60.476143,19300
2018-03-09,61.150002,63.130001,61.150002,62.330002,61.916523,10800
2018-03-12,62.259998,63.599998,61.720001,63.500000,63.078762,7600
2018-03-13,63.680000,64.199997,62.500000,63.110001,62.691345,36800
2018-03-14,63.520000,63.740002,62.910000,63.500000,63.078762,6500
2018-03-15,63.669998,64.000000,62.950001,63.520000,63.098625,14000
2018-03-16,63.720001,66.360001,62.860001,65.470001,65.035690,16900
2018-03-19,65.129997,65.720001,64.339996,65.550003,65.115158,7400
2018-03-20,63.580002,66.010002,63.580002,65.839996,65.403229,4200
2018-03-21,65.339996,66.779999,65.129997,66.250000,65.810516,10700
2018-03-22,65.099998,66.940002,64.940002,65.500000,65.065491,15000
2018-03-23,65.370003,66.019997,64.580002,65.000000,64.568810,25300
2018-03-26,65.000000,65.870003,64.500000,65.050003,64.618477,16800
2018-03-27,65.339996,66.400002,65.000000,65.000000,64.568810,9400
2018-03-28,65.019997,65.599998,65.000000,65.370003,64.936356,8000
2018-03-29,65.680000,65.680000,65.000000,65.099998,64.668144,30400
2018-04-02,65.050003,65.900002,64.339996,65.000000,64.568810,19100
2018-04-03,65.339996,66.080002,65.050003,65.370003,64.936356,8400
2018-04-04,64.879997,65.739998,64.559998,65.410004,64.976089,3300
2018-04-05,65.489998,66.660004,64.269997,66.260002,65.820457,18800
2018-04-06,65.000000,67.769997,63.439999,65.040001,64.608543,35200
2018-04-09,65.360001,66.260002,63.610001,65.449997,65.015823,37300
2018-04-10,66.139999,67.040001,64.919998,66.300003,65.860191,10400
2018-04-11,65.010002,66.349998,65.010002,66.010002,65.572113,24700
2018-04-12,66.430000,66.930000,65.620003,66.320000,65.880051,12200
2018-04-13,66.629997,66.750000,65.000000,66.500000,66.058853,9200
2018-04-16,66.760002,66.870003,66.029999,66.349998,65.909851,3500
2018-04-17,66.980003,69.699997,66.980003,69.680000,69.217766,8700
2018-04-18,69.699997,71.589996,68.209999,68.699997,68.244263,9100
2018-04-19,68.059998,69.940002,66.510002,69.699997,69.237625,3300
2018-04-20,67.400002,67.989998,63.049999,65.730003,65.500710,10700
2018-04-23,65.000000,65.269997,63.709999,65.040001,64.813118,30100
2018-04-24,64.989998,66.400002,63.880001,65.599998,65.371162,16800
2018-04-25,65.760002,66.970001,65.760002,66.970001,66.736389,10400
2018-04-26,67.339996,67.339996,65.010002,65.900002,65.670120,10100
2018-04-27,66.150002,66.360001,65.160004,65.660004,65.430962,4100
2018-04-30,65.500000,65.989998,65.110001,65.300003,65.072212,16500
2018-05-01,65.900002,67.169998,65.300003,66.699997,66.467323,14600
2018-05-02,66.339996,69.190002,66.279999,68.339996,68.101601,18100
2018-05-03,68.190002,68.779999,68.070000,68.779999,68.540070,2800
2018-05-04,68.360001,69.099998,67.870003,68.839996,68.599861,18200
2018-05-07,68.959999,69.809998,68.860001,69.120003,68.878883,9800
2018-05-08,69.000000,69.879997,67.830002,68.989998,68.749336,20000
2018-05-09,68.220001,69.349998,68.000000,69.330002,69.088150,3000
2018-05-10,69.500000,70.989998,69.500000,70.260002,70.014908,9600
2018-05-11,70.400002,72.900002,70.400002,72.360001,72.107582,14800
2018-05-14,72.620003,73.230003,71.599998,72.760002,72.506187,11200
2018-05-15,72.599998,72.599998,71.180000,72.099998,71.848488,5400
2018-05-16,72.010002,73.160004,72.010002,73.000000,72.745346,8900
2018-05-17,74.669998,74.669998,71.440002,71.989998,71.738869,40800
2018-05-18,72.339996,73.040001,70.500000,71.500000,71.250580,43300
2018-05-21,72.029999,73.440002,70.849998,71.739998,71.489746,55600
2018-05-22,71.949997,73.430000,71.269997,71.269997,71.021378,23800
2018-05-23,70.889999,71.860001,70.599998,71.730003,71.479782,18500
2018-05-24,70.940002,72.410004,70.940002,72.370003,72.117554,14500
2018-05-25,71.639999,74.470001,71.639999,74.279999,74.020882,8500
2018-05-29,73.750000,74.629997,71.459999,71.680000,71.429955,18300
2018-05-30,71.769997,73.070000,71.000000,72.419998,72.167374,49500
2018-05-31,72.309998,72.330002,69.199997,69.540001,69.297417,37300
2018-06-01,70.080002,71.919998,69.180000,70.040001,69.795677,40600
2018-06-04,70.379997,70.779999,69.699997,69.900002,69.656166,7900
2018-06-05,69.779999,70.500000,68.209999,69.419998,69.177834,7600
2018-06-06,69.410004,70.820000,69.010002,70.320000,70.074699,12800
2018-06-07,70.220001,70.610001,69.000000,69.610001,69.367172,12800
2018-06-08,69.599998,69.599998,68.699997,68.989998,68.749336,22100
2018-06-11,69.209999,69.209999,68.250000,68.459999,68.221184,16300
2018-06-12,68.720001,71.599998,68.470001,69.089996,68.848984,17900
2018-06-13,69.099998,69.669998,68.220001,68.360001,68.121536,9700
2018-06-14,68.440002,71.599998,68.389999,68.800003,68.560005,9500
2018-06-15,68.370003,70.169998,67.699997,69.699997,69.699997,24300
2018-06-18,69.400002,69.699997,68.849998,69.660004,69.660004,8000
2018-06-19,69.129997,71.529999,67.379997,68.849998,68.849998,13400
2018-06-20,69.040001,70.779999,68.779999,70.099998,70.099998,6400
2018-06-21,69.550003,72.000000,69.400002,70.709999,70.709999,12800
2018-06-22,71.440002,72.260002,70.989998,71.989998,71.989998,47500
2018-06-25,71.500000,74.629997,70.699997,74.169998,74.169998,22800
2018-06-26,74.389999,77.870003,74.300003,76.699997,76.699997,25000
2018-06-27,76.559998,79.959999,76.040001,78.639999,78.639999,19300
2018-06-28,78.480003,79.440002,77.349998,78.000000,78.000000,12800
2018-06-29,78.699997,79.949997,77.540001,79.110001,79.110001,38300
