Date,Open,High,Low,Close,Adj Close,Volume
2013-07-01,24.850000,24.950001,24.580000,24.790001,16.570621,17500
2013-07-02,24.900000,24.900000,24.110001,24.770000,16.557249,2600
2013-07-03,24.780001,24.780001,24.780001,24.780001,16.563936,500
2013-07-05,24.700001,24.750000,24.650000,24.750000,16.543886,6100
2013-07-08,24.600000,24.600000,24.010000,24.600000,16.443621,3400
2013-07-09,24.600000,24.600000,24.500000,24.549999,16.410198,2200
2013-07-10,24.500000,24.500000,24.430000,24.450001,16.343355,2800
2013-07-11,24.400000,24.500000,24.250000,24.500000,16.376768,20600
2013-07-12,24.549999,24.750000,24.530001,24.750000,16.543886,4400
2013-07-15,24.740000,24.740000,24.450001,24.600000,16.443621,6100
2013-07-16,24.600000,25.450001,24.389999,24.469999,16.356716,6200
2013-07-17,24.500000,24.500000,24.260000,24.270000,16.362345,5400
2013-07-18,24.160000,24.160000,24.150000,24.150000,16.281433,200
2013-07-19,25.299999,25.299999,24.110001,24.700001,16.652233,1300
2013-07-22,24.750000,24.750000,24.500000,24.500000,16.517395,3700
2013-07-23,24.170000,24.400000,24.160000,24.400000,16.449978,1000
2013-07-24,24.250000,24.250000,24.250000,24.250000,16.348850,300
2013-07-25,24.100000,24.490000,24.100000,24.490000,16.510656,900
2013-07-26,24.280001,24.400000,24.280001,24.400000,16.449978,1100
2013-07-29,24.400000,24.400000,24.400000,24.400000,16.449978,0
2013-07-30,24.389999,24.400000,24.299999,24.400000,16.449978,3200
2013-07-31,24.260000,24.450001,24.200001,24.450001,16.483688,8000
2013-08-01,24.320000,24.320000,24.250000,24.250000,16.348850,1300
2013-08-02,24.129999,24.350000,24.129999,24.350000,16.416275,1000
2013-08-05,24.150000,24.200001,24.150000,24.150000,16.281433,4100
2013-08-06,24.200001,24.200001,24.200001,24.200001,16.315145,400
2013-08-07,24.200001,24.200001,24.150000,24.150000,16.281433,1500
2013-08-08,24.110001,24.120001,24.100000,24.110001,16.254467,2500
2013-08-09,24.100000,24.100000,23.410000,24.000000,16.180309,7000
2013-08-12,24.410000,24.410000,23.780001,23.780001,16.031986,3600
2013-08-13,23.780001,23.780001,23.780001,23.780001,16.031986,1100
2013-08-14,24.430000,24.430000,24.430000,24.430000,16.470209,100
2013-08-15,24.180000,24.180000,24.000000,24.000000,16.180309,10400
2013-08-16,23.900000,23.900000,23.799999,23.799999,16.150625,6100
2013-08-19,23.799999,23.799999,23.209999,23.799999,16.150625,1300
2013-08-20,23.510000,23.660000,23.250000,23.660000,16.055613,1500
2013-08-21,23.799999,24.000000,23.680000,23.680000,16.069195,9300
2013-08-22,23.410000,23.410000,23.350000,23.370001,15.858820,2800
2013-08-23,23.950001,23.950001,23.950001,23.950001,16.252403,100
2013-08-26,23.500000,23.500000,23.370001,23.500000,15.947038,14500
2013-08-27,23.459999,23.459999,23.299999,23.400000,15.879185,12100
2013-08-28,23.400000,23.400000,23.350000,23.360001,15.852036,7500
2013-08-29,23.350000,24.090000,23.350000,23.750000,16.116697,5300
2013-08-30,23.500000,23.740000,23.500000,23.740000,16.109901,3100
2013-09-03,23.650000,23.650000,23.650000,23.650000,16.048838,2100
2013-09-04,23.549999,23.549999,23.549999,23.549999,15.980964,2000
2013-09-05,23.400000,23.540001,23.400000,23.540001,15.974181,700
2013-09-06,23.750000,23.750000,23.750000,23.750000,16.116697,1000
2013-09-09,23.750000,23.750000,23.700001,23.700001,16.082762,5100
2013-09-10,23.700001,23.750000,23.700001,23.750000,16.116697,600
2013-09-11,23.559999,23.559999,23.450001,23.450001,15.913115,6200
2013-09-12,23.459999,23.459999,23.400000,23.400000,15.879185,2800
2013-09-13,23.500000,23.790001,23.500000,23.790001,16.143837,1000
2013-09-16,23.820000,23.820000,23.790001,23.790001,16.143837,1200
2013-09-17,23.410000,23.500000,23.400000,23.400000,15.984164,3000
2013-09-18,23.400000,23.740000,23.400000,23.740000,16.216404,1600
2013-09-19,23.680000,23.730000,23.510000,23.730000,16.209583,3400
2013-09-20,23.730000,23.730000,23.730000,23.730000,16.209583,0
2013-09-23,23.400000,23.400000,22.750000,22.750000,15.540154,4500
2013-09-24,22.639999,23.250000,22.639999,23.250000,15.881702,200
2013-09-25,23.250000,23.490000,23.250000,23.490000,16.045639,7400
2013-09-26,23.030001,23.030001,22.750000,22.750000,15.540154,1600
2013-09-27,23.049999,23.049999,23.049999,23.049999,15.745083,100
2013-09-30,23.049999,23.250000,23.000000,23.010000,15.717760,2300
2013-10-01,23.250000,23.250000,23.000000,23.000000,15.710924,4100
2013-10-02,23.000000,23.000000,23.000000,23.000000,15.710924,800
2013-10-03,23.000000,23.010000,22.980000,22.980000,15.697270,3600
2013-10-04,23.000000,23.000000,22.879999,22.879999,15.628959,2100
2013-10-07,23.559999,23.559999,23.559999,23.559999,16.093452,100
2013-10-08,23.559999,23.559999,23.559999,23.559999,16.093452,200
2013-10-09,23.559999,23.559999,23.559999,23.559999,16.093452,0
2013-10-10,23.559999,23.559999,23.100000,23.100000,15.779240,900
2013-10-11,23.620001,23.620001,23.620001,23.620001,16.134443,200
2013-10-14,23.450001,23.620001,23.450001,23.620001,16.134443,2300
2013-10-15,23.650000,23.650000,23.450001,23.500000,16.052465,1400
2013-10-16,23.500000,23.500000,23.100000,23.100000,15.884856,2900
2013-10-17,23.139999,23.139999,23.139999,23.139999,15.912362,300
2013-10-18,23.139999,23.389999,23.139999,23.389999,16.084280,2000
2013-10-21,23.389999,23.389999,23.389999,23.389999,16.084280,0
2013-10-22,23.250000,23.290001,23.250000,23.290001,16.015512,800
2013-10-23,23.290001,23.290001,23.290001,23.290001,16.015512,0
2013-10-24,23.500000,23.500000,23.490000,23.500000,16.159910,12600
2013-10-25,23.450001,23.530001,23.450001,23.500000,16.159910,2900
2013-10-28,23.299999,23.580000,23.000000,23.120001,15.898609,4700
2013-10-29,23.129999,23.480000,23.129999,23.480000,16.146166,1200
2013-10-30,23.480000,23.480000,23.230000,23.230000,15.974249,600
2013-10-31,23.540001,23.540001,23.540001,23.540001,16.187428,500
2013-11-01,23.540001,23.540001,23.540001,23.540001,16.187428,500
2013-11-04,23.400000,23.400000,23.400000,23.400000,16.091154,300
2013-11-05,23.540001,23.540001,23.500000,23.500000,16.159910,900
2013-11-06,23.500000,23.500000,23.500000,23.500000,16.159910,0
2013-11-07,23.450001,23.450001,23.450001,23.450001,16.125534,300
2013-11-08,23.660000,23.660000,23.500000,23.660000,16.269945,1400
2013-11-11,23.660000,23.660000,23.660000,23.660000,16.269945,200
2013-11-12,23.350000,23.350000,22.379999,22.510000,15.479141,154600
2013-11-13,22.500000,22.549999,22.250000,22.450001,15.437881,489600
2013-11-14,22.389999,22.389999,22.180000,22.250000,15.407584,44300
2013-11-15,22.250000,22.250000,22.170000,22.250000,15.407584,53200
2013-11-18,22.250000,22.250000,22.080000,22.110001,15.310642,30500
2013-11-19,22.120001,22.200001,22.000000,22.100000,15.303718,50100
2013-11-20,22.150000,22.150000,21.930000,22.100000,15.303718,21600
2013-11-21,22.100000,22.150000,21.990000,22.100000,15.303718,24800
2013-11-22,22.200001,22.240000,22.110001,22.160000,15.345262,13600
2013-11-25,22.170000,22.299999,22.170000,22.299999,15.442208,32200
2013-11-26,22.350000,22.400000,22.350000,22.379999,15.497602,12700
2013-11-27,22.389999,22.490000,22.389999,22.450001,15.546081,21600
2013-11-29,22.450001,22.450001,22.360001,22.360001,15.483756,3100
2013-12-02,22.420000,22.450001,22.209999,22.330000,15.462980,19600
2013-12-03,22.260000,22.420000,22.180000,22.400000,15.511458,19500
2013-12-04,22.450001,22.450001,22.260000,22.260000,15.414509,900
2013-12-05,22.299999,22.299999,22.180000,22.240000,15.400656,9900
2013-12-06,22.150000,22.250000,21.709999,22.150000,15.338337,23300
2013-12-09,22.150000,22.250000,22.150000,22.150000,15.338337,6700
2013-12-10,22.200001,22.350000,22.200001,22.340000,15.469903,10000
2013-12-11,22.230000,22.500000,22.230000,22.500000,15.580700,20400
2013-12-12,22.549999,22.570000,22.270000,22.510000,15.587629,13300
2013-12-13,22.510000,22.549999,22.500000,22.500000,15.580700,28000
2013-12-16,22.510000,22.590000,22.500000,22.590000,15.643023,12800
2013-12-17,22.590000,22.590000,22.500000,22.500000,15.580700,7300
2013-12-18,22.219999,22.549999,22.209999,22.549999,15.724522,16500
2013-12-19,22.490000,22.549999,22.490000,22.549999,15.724522,7700
2013-12-20,22.549999,22.670000,22.500000,22.670000,15.808197,6700
2013-12-23,22.670000,22.670000,22.510000,22.670000,15.808197,12000
2013-12-24,22.690001,22.690001,22.690001,22.690001,15.822150,500
2013-12-26,22.700001,22.740000,22.690001,22.700001,15.829123,3100
2013-12-27,22.700001,22.840000,22.700001,22.840000,15.926744,5900
2013-12-30,22.840000,22.889999,22.740000,22.790001,15.891885,9200
2013-12-31,22.889999,22.900000,22.850000,22.900000,15.968578,4500
2014-01-02,22.879999,22.980000,22.799999,22.799999,15.898849,9200
2014-01-03,22.820000,23.200001,22.750000,23.200001,16.177773,12500
2014-01-06,23.000000,23.000000,22.850000,22.980000,16.024368,11300
2014-01-07,22.750000,23.230000,22.750000,23.070000,16.087130,9700
2014-01-08,23.150000,23.209999,22.879999,23.150000,16.142916,4500
2014-01-09,22.940001,23.200001,22.900000,23.200001,16.177773,3400
2014-01-10,23.190001,23.219999,23.129999,23.219999,16.191719,6400
2014-01-13,23.250000,23.250000,23.100000,23.150000,16.142916,9600
2014-01-14,23.250000,23.260000,23.200001,23.230000,16.198700,10700
2014-01-15,22.990000,23.100000,22.980000,23.100000,16.217127,12800
2014-01-16,23.170000,23.170000,22.980000,23.120001,16.231173,12700
2014-01-17,23.080000,23.250000,23.030001,23.240000,16.315416,13800
2014-01-21,23.250000,23.250000,23.070000,23.080000,16.203083,10800
2014-01-22,23.200001,23.260000,23.059999,23.260000,16.329458,6800
2014-01-23,23.160000,23.200001,23.020000,23.180000,16.273289,13600
2014-01-24,23.049999,23.240000,23.049999,23.230000,16.308393,3600
2014-01-27,23.240000,23.240000,22.980000,23.230000,16.308393,4800
2014-01-28,23.240000,23.280001,23.110001,23.280001,16.343494,10200
2014-01-29,23.100000,23.290001,23.100000,23.260000,16.329458,800
2014-01-30,23.059999,23.340000,23.059999,23.330000,16.378599,9500
2014-01-31,23.340000,23.490000,23.299999,23.309999,16.364559,14600
2014-02-03,23.400000,23.450001,23.400000,23.450001,16.462847,300
2014-02-04,23.490000,23.490000,23.299999,23.299999,16.357534,2500
2014-02-05,23.299999,23.299999,23.170000,23.250000,16.322433,3800
2014-02-06,23.150000,23.450001,23.150000,23.450001,16.462847,6000
2014-02-07,23.160000,23.450001,23.160000,23.200001,16.287325,10700
2014-02-10,23.450001,23.450001,23.150000,23.150000,16.252234,20700
2014-02-11,23.150000,23.299999,23.110001,23.299999,16.357534,24000
2014-02-12,23.219999,23.680000,23.219999,23.660000,16.722410,6900
2014-02-13,23.549999,23.549999,23.200001,23.250000,16.432636,2400
2014-02-14,23.490000,23.490000,23.170000,23.440001,16.566919,4000
2014-02-18,23.520000,23.520000,23.180000,23.180000,16.383152,3500
2014-02-19,23.490000,23.580000,23.459999,23.580000,16.665871,20600
2014-02-20,23.570000,23.570000,23.570000,23.570000,16.658798,300
2014-02-21,23.559999,23.559999,23.410000,23.410000,16.545715,4900
2014-02-24,23.559999,23.559999,23.299999,23.440001,16.566919,19400
2014-02-25,23.549999,23.549999,23.320000,23.350000,16.503307,7800
2014-02-26,23.450001,23.570000,23.379999,23.570000,16.658798,10800
2014-02-27,23.500000,23.500000,23.230000,23.299999,16.467968,17200
2014-02-28,23.299999,23.299999,23.260000,23.299999,16.467968,17300
2014-03-03,23.350000,23.350000,23.299999,23.299999,16.467968,2100
2014-03-04,23.260000,23.330000,23.209999,23.219999,16.411425,18000
2014-03-05,23.299999,23.389999,23.230000,23.330000,16.489180,18800
2014-03-06,23.370001,23.389999,23.299999,23.389999,16.531582,7800
2014-03-07,23.379999,23.490000,23.299999,23.320000,16.482101,3700
2014-03-10,23.469999,23.469999,23.299999,23.400000,16.538652,5800
2014-03-11,23.450001,23.500000,23.400000,23.490000,16.602253,21500
2014-03-12,23.500000,23.540001,23.459999,23.530001,16.630533,20500
2014-03-13,23.639999,23.780001,23.639999,23.760000,16.793093,28900
2014-03-14,23.840000,24.209999,23.799999,24.209999,17.111141,40700
2014-03-17,24.200001,24.260000,24.070000,24.200001,17.104069,17900
2014-03-18,24.139999,24.139999,24.000000,24.010000,17.080063,19600
2014-03-19,24.049999,24.049999,23.750000,23.950001,17.037378,6800
2014-03-20,23.950001,23.950001,23.850000,23.940001,17.030268,20700
2014-03-21,23.950001,24.100000,23.950001,24.030001,17.094286,7300
2014-03-24,24.000000,24.010000,23.590000,23.799999,16.930677,20400
2014-03-25,23.930000,24.000000,23.740000,23.990000,17.065836,95500
2014-03-26,24.010000,24.010000,23.750000,23.990000,17.065836,30800
2014-03-27,23.959999,23.959999,23.830000,23.830000,16.952023,700
2014-03-28,23.770000,24.020000,23.770000,23.850000,16.966249,37500
2014-03-31,23.850000,23.969999,23.840000,23.969999,17.051613,1300
2014-04-01,24.040001,24.040001,23.830000,23.830000,16.952023,5300
2014-04-02,23.830000,24.000000,23.770000,23.910000,17.008926,14700
2014-04-03,23.950001,24.000000,23.950001,24.000000,17.072947,3900
2014-04-04,24.100000,24.100000,23.860001,24.000000,17.072947,4700
2014-04-07,24.080000,24.080000,23.980000,24.059999,17.115629,14300
2014-04-08,24.100000,24.100000,24.049999,24.090000,17.136980,14700
2014-04-09,24.049999,24.100000,24.049999,24.070000,17.122747,2300
2014-04-10,24.100000,24.250000,24.100000,24.190001,17.208111,8500
2014-04-11,24.200001,24.200001,24.150000,24.150000,17.179661,11500
2014-04-14,24.150000,24.200001,24.150000,24.160000,17.186766,1600
2014-04-15,24.150000,24.150000,23.910000,24.090000,17.248531,10400
2014-04-16,23.990000,24.200001,23.900000,24.200001,17.440409,27000
2014-04-17,24.190001,24.200001,23.940001,24.000000,17.296268,13800
2014-04-21,24.170000,24.170000,23.910000,24.040001,17.325096,13900
2014-04-22,24.040001,24.129999,24.030001,24.049999,17.332304,17200
2014-04-23,24.049999,24.200001,24.049999,24.049999,17.332304,4300
2014-04-24,24.100000,24.190001,24.100000,24.150000,17.404377,900
2014-04-25,24.200001,24.200001,24.110001,24.139999,17.397175,2900
2014-04-28,24.200001,24.200001,24.049999,24.049999,17.332304,11100
2014-04-29,24.139999,24.160000,23.940001,24.129999,17.389959,33400
2014-04-30,24.139999,24.180000,24.090000,24.090000,17.361137,5800
2014-05-01,24.160000,24.160000,24.110001,24.110001,17.375547,3700
2014-05-02,24.160000,24.160000,24.160000,24.160000,17.411573,200
2014-05-05,24.160000,24.180000,24.070000,24.160000,17.411573,5500
2014-05-06,24.100000,24.160000,24.020000,24.040001,17.325096,20400
2014-05-07,24.120001,24.160000,24.000000,24.040001,17.325096,21800
2014-05-08,24.100000,24.129999,24.070000,24.129999,17.389959,3900
2014-05-09,24.110001,24.139999,24.110001,24.139999,17.397175,2100
2014-05-12,24.139999,24.139999,24.070000,24.070000,17.346720,4700
2014-05-13,24.020000,24.090000,24.020000,24.059999,17.339508,2400
2014-05-14,24.139999,24.180000,24.110001,24.160000,17.411573,3600
2014-05-15,24.049999,24.190001,24.000000,24.190001,17.546679,12400
2014-05-16,24.180000,24.180000,24.010000,24.059999,17.452383,24200
2014-05-19,23.980000,24.170000,23.770000,23.790001,17.256535,11000
2014-05-20,23.889999,24.090000,23.799999,23.860001,17.307310,6000
2014-05-21,23.950001,23.950001,23.950001,23.950001,17.372593,300
2014-05-22,24.000000,24.049999,23.889999,23.900000,17.336321,18100
2014-05-23,23.900000,23.950001,23.889999,23.889999,17.329071,3000
2014-05-27,24.120001,24.120001,24.000000,24.080000,17.466890,1400
2014-05-28,24.059999,24.180000,24.049999,24.049999,17.445126,19300
2014-05-29,23.860001,23.910000,23.570000,23.900000,17.336321,34600
2014-05-30,23.959999,24.090000,23.900000,24.000000,17.408859,34300
2014-06-02,24.000000,24.180000,24.000000,24.080000,17.466890,18300
2014-06-03,24.100000,24.170000,23.980000,23.980000,17.394352,12800
2014-06-04,23.950001,24.139999,23.950001,24.129999,17.503157,13600
2014-06-05,24.129999,24.200001,24.100000,24.200001,17.553932,21400
2014-06-06,24.200001,24.400000,24.200001,24.299999,17.626471,11100
2014-06-09,24.410000,24.600000,24.410000,24.500000,17.771547,6400
2014-06-10,24.500000,24.530001,24.200001,24.530001,17.793306,10900
2014-06-11,24.590000,24.590000,24.370001,24.450001,17.735271,3400
2014-06-12,24.500000,24.500000,24.379999,24.500000,17.771547,14900
2014-06-13,24.500000,24.700001,24.500000,24.510000,17.778799,7100
2014-06-16,24.549999,24.549999,24.299999,24.360001,17.783367,13500
2014-06-17,24.459999,24.500000,24.459999,24.500000,17.885561,2700
2014-06-18,24.480000,24.510000,24.469999,24.469999,17.863659,11200
2014-06-19,24.299999,24.549999,24.299999,24.540001,17.914768,11100
2014-06-20,24.540001,24.549999,24.330000,24.549999,17.922060,5700
2014-06-23,24.410000,24.650000,24.400000,24.440001,17.841761,8600
2014-06-24,24.400000,24.500000,24.400000,24.450001,17.849058,1900
2014-06-25,24.510000,24.549999,24.450001,24.549999,17.922060,1800
2014-06-26,24.549999,24.549999,24.400000,24.400000,17.812557,700
2014-06-27,24.549999,24.549999,24.500000,24.500000,17.885561,1200
2014-06-30,24.540001,24.549999,24.420000,24.549999,17.922060,3200
2014-07-01,24.549999,24.670000,24.549999,24.600000,17.958563,9700
2014-07-02,24.580000,24.620001,24.580000,24.620001,17.973166,1200
2014-07-03,24.549999,24.600000,24.549999,24.600000,17.958563,2300
2014-07-07,24.600000,24.600000,24.570000,24.600000,17.958563,16200
2014-07-08,24.639999,24.650000,24.570000,24.570000,17.936666,3800
2014-07-09,24.600000,24.980000,24.570000,24.799999,18.104567,16800
2014-07-10,24.700001,24.850000,24.700001,24.740000,18.060770,3900
2014-07-11,24.760000,24.760000,24.750000,24.750000,18.068068,800
2014-07-14,24.700001,24.799999,24.580000,24.750000,18.068068,6900
2014-07-15,24.750000,24.750000,24.740000,24.750000,18.068068,3300
2014-07-16,24.750000,24.910000,24.440001,24.520000,18.013889,15200
2014-07-17,24.740000,24.740000,24.400000,24.459999,17.969812,7200
2014-07-18,24.490000,24.490000,24.309999,24.480000,17.984499,3900
2014-07-21,24.330000,24.459999,24.330000,24.350000,17.888992,2300
2014-07-22,24.440001,24.709999,24.440001,24.690001,18.138779,13700
2014-07-23,24.719999,24.730000,24.600000,24.600000,18.072659,4800
2014-07-24,24.799999,24.799999,24.570000,24.700001,18.146132,6000
2014-07-25,24.590000,24.590000,24.590000,24.590000,18.065317,2500
2014-07-28,24.559999,24.600000,24.500000,24.549999,18.035925,52000
2014-07-29,24.450001,24.590000,24.450001,24.590000,18.065317,5200
2014-07-30,24.410000,24.709999,24.410000,24.520000,18.013889,7100
2014-07-31,24.690001,24.690001,24.450001,24.480000,17.984499,6600
2014-08-01,24.450001,24.480000,24.450001,24.469999,17.977152,5500
2014-08-04,24.500000,24.500000,24.450001,24.459999,17.969812,8100
2014-08-05,24.469999,24.469999,24.400000,24.400000,17.925726,5300
2014-08-06,24.500000,24.549999,24.420000,24.420000,17.940418,14500
2014-08-07,24.420000,24.480000,24.420000,24.459999,17.969812,1000
2014-08-08,24.510000,24.629999,24.420000,24.469999,17.977152,13500
2014-08-11,24.490000,24.500000,24.410000,24.500000,17.999191,12000
2014-08-12,24.549999,24.549999,24.450001,24.450001,17.962458,22300
2014-08-13,24.580000,24.600000,24.580000,24.600000,18.072659,1300
2014-08-14,24.400000,24.500000,24.350000,24.360001,18.010740,3000
2014-08-15,24.379999,24.549999,24.370001,24.500000,18.114248,1300
2014-08-18,24.490000,24.490000,24.410000,24.450001,18.077280,2900
2014-08-19,24.430000,24.500000,24.430000,24.430000,18.062494,12200
2014-08-20,24.420000,24.500000,24.420000,24.440001,18.069889,7300
2014-08-21,24.420000,24.500000,24.410000,24.440001,18.069889,2900
2014-08-22,24.379999,24.500000,24.379999,24.469999,18.092062,5500
2014-08-25,24.440001,24.500000,24.440001,24.490000,18.106853,1600
2014-08-26,24.500000,24.540001,24.410000,24.459999,18.084671,10300
2014-08-27,24.510000,24.510000,24.420000,24.500000,18.114248,1300
2014-08-28,24.450001,24.500000,24.450001,24.500000,18.114248,3600
2014-08-29,24.500000,24.500000,24.440001,24.500000,18.114248,5400
2014-09-02,24.469999,24.469999,24.420000,24.440001,18.069889,7100
2014-09-03,24.459999,24.500000,24.400000,24.400000,18.040312,10900
2014-09-04,24.500000,24.500000,24.469999,24.490000,18.106853,9100
2014-09-05,24.490000,24.490000,24.379999,24.400000,18.040312,6400
2014-09-08,24.459999,24.459999,24.420000,24.420000,18.055107,1100
2014-09-09,24.400000,24.500000,24.370001,24.430000,18.062494,16800
2014-09-10,24.440001,24.719999,24.400000,24.610001,18.195576,23600
2014-09-11,24.430000,24.610001,24.430000,24.510000,18.121645,13300
2014-09-12,24.570000,24.650000,24.469999,24.530001,18.136429,18900
2014-09-15,24.520000,24.600000,24.490000,24.559999,18.158613,11100
2014-09-16,24.420000,24.580000,24.410000,24.459999,18.084671,12900
2014-09-17,24.350000,24.480000,24.299999,24.299999,18.081881,55200
2014-09-18,24.200001,24.370001,24.200001,24.250000,18.044682,14100
2014-09-19,24.299999,24.299999,24.280001,24.299999,18.081881,14900
2014-09-22,24.250000,24.299999,24.200001,24.250000,18.044682,12500
2014-09-23,24.200001,24.250000,24.200001,24.250000,18.044682,1700
2014-09-24,24.299999,24.320000,24.299999,24.299999,18.081881,13600
2014-09-25,24.299999,24.340000,24.299999,24.299999,18.081881,2600
2014-09-26,24.340000,24.340000,24.280001,24.280001,18.066999,2700
2014-09-29,24.100000,24.340000,24.100000,24.299999,18.081881,4400
2014-09-30,24.299999,24.559999,24.299999,24.400000,18.156294,23500
2014-10-01,24.350000,24.490000,24.260000,24.370001,18.133974,12400
2014-10-02,24.299999,24.440001,24.270000,24.309999,18.089329,20500
2014-10-03,24.299999,24.350000,24.260000,24.280001,18.066999,9700
2014-10-06,24.270000,24.270000,24.150000,24.200001,18.007477,3800
2014-10-07,24.150000,24.290001,24.150000,24.260000,18.052120,17800
2014-10-08,24.299999,24.299999,24.150000,24.230000,18.029799,11600
2014-10-09,24.190001,24.320000,24.150000,24.170000,17.985147,24500
2014-10-10,24.200001,24.250000,24.120001,24.120001,17.947948,28200
2014-10-13,24.120001,24.230000,24.120001,24.200001,18.007477,600
2014-10-14,24.240000,24.250000,23.799999,23.860001,17.754477,34400
2014-10-15,23.870001,24.120001,23.850000,24.090000,17.925621,25000
2014-10-16,24.000000,24.100000,23.740000,24.000000,17.975241,23300
2014-10-17,24.080000,24.080000,23.920000,23.959999,17.945278,6200
2014-10-20,24.030001,24.030001,23.950001,23.959999,17.945278,6800
2014-10-21,24.049999,24.080000,24.049999,24.049999,18.012690,2900
2014-10-22,24.160000,24.540001,24.059999,24.360001,18.244871,3100
2014-10-23,24.299999,24.350000,24.150000,24.240000,18.154995,5900
2014-10-24,24.270000,24.510000,24.200001,24.510000,18.357212,2900
2014-10-27,24.430000,24.430000,24.299999,24.350000,18.237385,1500
2014-10-28,24.400000,24.459999,24.400000,24.400000,18.274830,1500
2014-10-29,24.480000,24.490000,24.250000,24.250000,18.162481,2500
2014-10-30,24.320000,24.330000,24.309999,24.330000,18.222403,2000
2014-10-31,24.459999,24.469999,24.330000,24.469999,18.327255,4400
2014-11-03,24.500000,24.500000,24.430000,24.430000,18.297297,1100
2014-11-04,24.379999,24.559999,24.340000,24.559999,18.394667,3000
2014-11-05,24.730000,24.730000,24.490000,24.660000,18.469570,8200
2014-11-06,24.510000,24.530001,24.510000,24.510000,18.357212,3100
2014-11-07,24.500000,24.620001,24.400000,24.570000,18.402155,4400
2014-11-10,24.450001,24.650000,24.450001,24.520000,18.364702,18400
2014-11-11,24.500000,24.500000,24.379999,24.430000,18.297297,6900
2014-11-12,24.500000,24.500000,24.440001,24.500000,18.349726,5100
2014-11-13,24.500000,24.500000,24.280001,24.280001,18.301670,16900
2014-11-14,24.200001,24.469999,24.200001,24.360001,18.361977,10500
2014-11-17,24.500000,24.500000,24.270000,24.350000,18.354437,7700
2014-11-18,24.360001,24.580000,24.350000,24.450001,18.429806,7000
2014-11-19,24.400000,24.459999,24.400000,24.400000,18.392122,2100
2014-11-20,24.370001,24.370001,23.850000,24.120001,18.181068,39600
2014-11-21,24.280001,24.280001,24.200001,24.200001,18.241375,1300
2014-11-24,24.150000,24.160000,24.120001,24.120001,18.181068,3600
2014-11-25,24.129999,24.330000,24.040001,24.040001,18.120766,13500
2014-11-26,24.170000,24.290001,24.170000,24.180000,18.226295,5800
2014-11-28,24.250000,24.250000,24.150000,24.150000,18.203682,1300
2014-12-01,24.100000,24.240000,24.100000,24.219999,18.256443,3700
2014-12-02,24.070000,24.150000,24.070000,24.150000,18.203682,6900
2014-12-03,24.100000,24.150000,24.100000,24.150000,18.203682,6000
2014-12-04,24.200001,24.360001,24.110001,24.360001,18.361977,2000
2014-12-05,24.190001,24.320000,24.190001,24.320000,18.331825,2700
2014-12-08,24.100000,24.280001,23.900000,23.959999,18.060463,5900
2014-12-09,23.950001,24.090000,23.900000,23.900000,18.015238,3600
2014-12-10,24.000000,24.000000,23.900000,23.930000,18.037848,5600
2014-12-11,23.980000,24.299999,23.870001,23.969999,18.068008,2900
2014-12-12,23.969999,24.049999,23.969999,23.980000,18.075544,2200
2014-12-15,23.980000,23.980000,22.219999,23.400000,17.638346,22300
2014-12-16,23.250000,23.389999,23.100000,23.100000,17.412218,23100
2014-12-17,23.100000,23.260000,23.049999,23.250000,17.644634,14700
2014-12-18,23.570000,23.660000,23.309999,23.639999,17.940609,13000
2014-12-19,23.549999,24.000000,23.549999,24.000000,18.213816,4700
2014-12-22,24.330000,24.370001,23.860001,24.040001,18.244177,15100
2014-12-23,24.090000,24.350000,23.910000,23.980000,18.198639,22100
2014-12-24,23.850000,23.860001,23.850000,23.850000,18.099981,5200
2014-12-26,24.110001,24.110001,24.110001,24.110001,18.297293,600
2014-12-29,24.080000,24.150000,24.049999,24.049999,18.251759,13300
2014-12-30,24.129999,24.200001,24.110001,24.200001,18.365597,700
2014-12-31,24.219999,24.370001,24.190001,24.370001,18.494612,14800
2015-01-02,24.510000,24.610001,24.510000,24.510000,18.600859,6300
2015-01-05,24.299999,24.500000,24.299999,24.430000,18.540150,2100
2015-01-06,24.410000,24.490000,24.410000,24.420000,18.532557,1700
2015-01-07,24.510000,24.690001,24.379999,24.570000,18.646399,7600
2015-01-08,24.549999,24.580000,24.490000,24.500000,18.593271,14100
2015-01-09,24.500000,24.500000,24.490000,24.500000,18.593271,15900
2015-01-12,24.500000,24.510000,24.469999,24.469999,18.570501,17000
2015-01-13,24.500000,24.510000,24.469999,24.469999,18.570501,13500
2015-01-14,24.469999,24.700001,24.469999,24.469999,18.570501,9800
2015-01-15,24.540001,24.540001,24.350000,24.389999,18.628738,5500
2015-01-16,24.490000,24.490000,24.350000,24.350000,18.598192,3800
2015-01-20,24.350000,24.580000,24.350000,24.580000,18.773859,3100
2015-01-21,24.700001,24.700001,24.530001,24.530001,18.735674,9900
2015-01-22,24.250000,24.690001,24.110001,24.410000,18.644012,2100
2015-01-23,24.670000,24.670000,24.450001,24.450001,18.674568,2600
2015-01-26,24.500000,24.639999,24.500000,24.559999,18.758581,1000
2015-01-27,24.450001,24.639999,24.450001,24.500000,18.712759,9200
2015-01-28,24.650000,24.680000,24.530001,24.600000,18.789135,3300
2015-01-29,24.600000,24.600000,24.600000,24.600000,18.789135,0
2015-01-30,24.629999,24.680000,24.549999,24.680000,18.850237,4000
2015-02-02,24.700001,24.700001,24.590000,24.700001,18.865519,700
2015-02-03,24.969999,24.969999,24.620001,24.959999,19.064104,1600
2015-02-04,24.980000,24.980000,24.850000,24.850000,18.980087,1800
2015-02-05,24.700001,24.950001,24.670000,24.670000,18.842600,16000
2015-02-06,24.980000,24.980000,24.719999,24.930000,19.041187,1200
2015-02-09,24.860001,24.860001,24.490000,24.600000,18.789135,5600
2015-02-10,24.670000,24.780001,24.570000,24.570000,18.766228,10200
2015-02-11,24.379999,24.670000,24.379999,24.670000,18.963188,1000
2015-02-12,24.780001,24.780001,24.590000,24.600000,18.909391,2700
2015-02-13,24.580000,24.600000,24.520000,24.530001,18.855581,13600
2015-02-17,24.520000,24.590000,24.410000,24.590000,18.901703,2600
2015-02-18,24.510000,24.600000,24.459999,24.570000,18.886328,18300
2015-02-19,24.510000,24.580000,24.510000,24.580000,18.894011,700
2015-02-20,24.629999,24.750000,24.469999,24.469999,18.809460,6300
2015-02-23,24.600000,24.639999,24.549999,24.639999,18.940134,1500
2015-02-24,24.600000,24.719999,24.600000,24.719999,19.001621,600
2015-02-25,24.660000,24.750000,24.510000,24.510000,18.840212,800
2015-02-26,24.629999,24.700001,24.629999,24.680000,18.970884,1000
2015-02-27,24.760000,24.930000,24.760000,24.760000,19.032381,1400
2015-03-02,24.770000,24.770000,24.770000,24.770000,19.040066,900
2015-03-03,24.780001,24.780001,24.600000,24.610001,18.917074,9000
2015-03-04,24.610001,24.610001,24.610001,24.610001,18.917074,0
2015-03-05,24.820000,24.820000,24.520000,24.670000,18.963188,7000
2015-03-06,24.680000,24.680000,24.549999,24.620001,18.924763,4700
2015-03-09,24.980000,24.980000,24.639999,24.639999,18.940134,1300
2015-03-10,24.690001,24.750000,24.639999,24.639999,18.940134,7500
2015-03-11,24.530001,24.840000,24.530001,24.840000,19.093872,5400
2015-03-12,24.840000,24.850000,24.709999,24.809999,19.070810,7500
2015-03-13,24.780001,24.780001,24.480000,24.700001,19.106583,1900
2015-03-16,24.950001,24.950001,24.580000,24.830000,19.207146,1000
2015-03-17,24.780001,24.780001,24.580000,24.780001,19.168472,5100
2015-03-18,24.510000,24.990000,24.510000,24.900000,19.261292,3900
2015-03-19,24.650000,24.879999,24.650000,24.879999,19.245823,3400
2015-03-20,24.889999,24.889999,24.750000,24.870001,19.238096,2700
2015-03-23,24.889999,24.889999,24.889999,24.889999,19.253563,400
2015-03-24,24.850000,24.879999,24.830000,24.879999,19.245823,5200
2015-03-25,24.879999,24.879999,24.830000,24.850000,19.222618,18100
2015-03-26,24.889999,31.059999,24.889999,31.059999,24.026344,11800
2015-03-27,24.870001,25.150000,24.860001,25.000000,19.338655,6000
2015-03-30,25.100000,25.100000,24.990000,25.000000,19.338655,4100
2015-03-31,25.010000,25.010000,25.010000,25.010000,19.346382,3200
2015-04-01,25.150000,25.180000,25.000000,25.020000,19.354120,7100
2015-04-02,25.020000,25.040001,25.020000,25.040001,19.369598,2800
2015-04-06,25.070000,25.240000,25.059999,25.150000,19.454681,4400
2015-04-07,25.100000,25.889999,25.100000,25.200001,19.493359,9600
2015-04-08,25.150000,25.150000,25.100000,25.100000,19.416004,10100
2015-04-09,25.070000,25.110001,25.070000,25.070000,19.392797,1500
2015-04-10,25.100000,25.100000,25.000000,25.010000,19.346382,1800
2015-04-13,25.059999,25.059999,25.059999,25.059999,19.385063,2800
2015-04-14,25.059999,25.059999,24.950001,24.950001,19.421068,1500
2015-04-15,25.030001,25.040001,24.950001,25.040001,19.491125,5700
2015-04-16,25.139999,25.139999,24.990000,24.990000,19.452198,3000
2015-04-17,25.049999,25.049999,25.010000,25.010000,19.467768,8200
2015-04-20,24.969999,25.049999,24.969999,25.049999,19.498901,600
2015-04-21,24.980000,25.080000,24.980000,25.040001,19.491125,12100
2015-04-22,25.010000,25.049999,25.000000,25.049999,19.498901,6800
2015-04-23,25.040001,25.049999,24.980000,24.980000,19.444424,3500
2015-04-24,25.020000,25.020000,24.990000,25.020000,19.475550,7800
2015-04-27,25.000000,25.000000,25.000000,25.000000,19.459988,300
2015-04-28,25.049999,25.049999,25.030001,25.049999,19.498901,2100
2015-04-29,25.049999,25.049999,24.990000,25.010000,19.467768,2100
2015-04-30,25.100000,25.100000,24.980000,24.980000,19.444424,1800
2015-05-01,24.980000,25.190001,24.980000,25.180000,19.600101,2500
2015-05-04,25.200001,25.200001,25.090000,25.100000,19.537827,10900
2015-05-05,25.100000,25.430000,25.090000,25.139999,19.568962,1600
2015-05-06,25.080000,25.180000,25.049999,25.090000,19.530045,27100
2015-05-07,25.400000,25.400000,24.950001,24.950001,19.421068,2400
2015-05-08,25.280001,25.280001,25.280001,25.280001,19.677933,600
2015-05-11,25.209999,25.250000,25.209999,25.209999,19.623447,3100
2015-05-12,25.280001,25.280001,25.280001,25.280001,19.677933,800
2015-05-13,25.120001,25.150000,25.080000,25.090000,19.651506,4800
2015-05-14,25.150000,25.150000,25.040001,25.040001,19.612347,6300
2015-05-15,25.090000,25.090000,25.030001,25.030001,19.604507,4100
2015-05-18,25.100000,25.139999,25.080000,25.080000,19.643669,4200
2015-05-19,25.100000,25.100000,24.980000,24.990000,19.573175,3700
2015-05-20,25.030001,25.049999,24.879999,25.030001,19.604507,3500
2015-05-21,24.940001,25.049999,24.709999,24.740000,19.377371,5700
2015-05-22,24.879999,25.000000,24.879999,24.990000,19.573175,3500
2015-05-26,24.950001,25.010000,24.950001,24.959999,19.549683,6000
2015-05-27,25.000000,25.000000,24.950001,24.950001,19.541853,7000
2015-05-28,24.950001,24.950001,24.900000,24.940001,19.534018,2400
2015-05-29,25.000000,25.020000,24.940001,24.940001,19.534018,1100
2015-06-01,24.900000,25.000000,24.900000,24.959999,19.549683,3400
2015-06-02,24.959999,24.959999,24.920000,24.920000,19.518351,2400
2015-06-03,24.920000,25.020000,24.920000,25.020000,19.596670,3100
2015-06-04,25.020000,25.020000,24.969999,24.990000,19.573175,9900
2015-06-05,24.860001,24.969999,24.840000,24.969999,19.557518,4000
2015-06-08,24.990000,25.020000,24.980000,25.010000,19.588840,2000
2015-06-09,24.990000,25.010000,24.990000,24.990000,19.573175,38200
2015-06-10,25.010000,25.090000,25.010000,25.040001,19.612347,1300
2015-06-11,25.049999,25.049999,25.000000,25.049999,19.620169,10100
2015-06-12,24.870001,24.950001,24.870001,24.910000,19.632980,19200
2015-06-15,24.990000,25.430000,24.980000,25.430000,20.042822,4400
2015-06-16,25.230000,25.400000,25.059999,25.100000,19.782726,4700
2015-06-17,25.299999,25.379999,24.830000,25.299999,19.940369,3700
2015-06-18,24.700001,24.700001,24.000000,24.469999,19.286188,802300
2015-06-19,24.270000,24.290001,24.100000,24.139999,19.026100,282600
2015-06-22,24.290001,24.290001,24.100000,24.100000,18.994574,62900
2015-06-23,24.180000,24.180000,24.049999,24.100000,18.994574,83600
2015-06-24,24.139999,24.150000,24.070000,24.100000,18.994574,50200
2015-06-25,24.180000,24.190001,24.059999,24.150000,19.033976,37000
2015-06-26,24.150000,24.150000,24.059999,24.070000,18.970928,25700
2015-06-29,24.100000,24.100000,23.770000,23.889999,18.829065,58300
2015-06-30,24.000000,24.080000,23.900000,24.049999,18.955170,31900
2015-07-01,24.100000,24.139999,24.040001,24.049999,18.955170,22400
2015-07-02,24.090000,24.190001,24.070000,24.170000,19.049744,15900
2015-07-06,24.150000,24.150000,23.910000,24.049999,18.955170,6700
2015-07-07,24.049999,24.139999,23.959999,24.020000,18.931524,11100
2015-07-08,24.020000,24.020000,23.950001,23.969999,18.892111,6700
2015-07-09,23.920000,24.100000,23.920000,24.040001,18.947287,19600
2015-07-10,24.049999,24.100000,24.049999,24.080000,18.978815,10100
2015-07-13,24.080000,24.129999,24.070000,24.100000,18.994574,21500
2015-07-14,24.190001,24.190001,24.070000,24.150000,19.033976,30800
2015-07-15,24.049999,24.090000,24.000000,24.090000,19.110334,11600
2015-07-16,24.049999,24.100000,24.040001,24.100000,19.118265,8300
2015-07-17,24.100000,24.100000,24.049999,24.100000,19.118265,10800
2015-07-20,24.129999,24.129999,24.040001,24.040001,19.070675,10700
2015-07-21,24.059999,24.100000,24.049999,24.100000,19.118265,9400
2015-07-22,24.110001,24.110001,24.040001,24.080000,19.102404,26500
2015-07-23,24.090000,24.240000,23.750000,23.980000,19.023071,16400
2015-07-24,23.830000,23.990000,23.780001,23.959999,19.007204,4600
2015-07-27,23.840000,24.000000,23.840000,23.969999,19.015139,26600
2015-07-28,24.000000,24.080000,23.990000,24.030001,19.062740,9500
2015-07-29,24.030001,24.160000,23.980000,24.070000,19.094467,16600
2015-07-30,24.200001,24.200001,24.150000,24.150000,19.157927,1300
2015-07-31,24.250000,24.250000,24.000000,24.139999,19.150002,7100
2015-08-03,24.059999,24.200001,24.059999,24.180000,19.181734,7800
2015-08-04,24.200001,24.250000,24.110001,24.240000,19.229326,12600
2015-08-05,24.190001,24.240000,24.180000,24.190001,19.189661,13100
2015-08-06,24.250000,24.250000,24.110001,24.160000,19.165865,23900
2015-08-07,24.139999,24.139999,23.969999,24.010000,19.046871,14600
2015-08-10,24.250000,24.250000,24.049999,24.100000,19.118265,16700
2015-08-11,24.209999,24.360001,24.080000,24.129999,19.142065,32300
2015-08-12,24.200001,24.280001,24.120001,24.250000,19.237263,9300
2015-08-13,24.200001,24.200001,23.959999,24.080000,19.226284,7200
2015-08-14,24.100000,24.120001,24.080000,24.080000,19.226284,15200
2015-08-17,24.120001,24.120001,24.100000,24.110001,19.250242,6800
2015-08-18,24.120001,24.120001,24.040001,24.100000,19.242250,7600
2015-08-19,24.120001,24.120001,24.020000,24.020000,19.178375,28200
2015-08-20,24.120001,24.120001,23.799999,23.830000,19.026674,39700
2015-08-21,23.969999,23.969999,23.830000,23.900000,19.082569,19100
2015-08-24,23.830000,23.830000,23.830000,23.830000,19.026674,27900
2015-08-25,23.860001,24.290001,23.799999,23.809999,19.010708,8200
2015-08-26,23.799999,23.860001,23.770000,23.770000,18.978767,7400
2015-08-27,23.959999,24.139999,23.830000,23.900000,19.082569,10000
2015-08-28,24.230000,24.230000,23.850000,24.000000,19.162416,10800
2015-08-31,24.080000,24.100000,24.000000,24.020000,19.178375,10300
2015-09-01,24.000000,24.070000,23.940001,24.070000,19.218298,21000
2015-09-02,24.080000,24.150000,24.010000,24.010000,19.170391,4800
2015-09-03,24.299999,24.299999,24.100000,24.100000,19.242250,8100
2015-09-04,24.280001,24.280001,24.049999,24.090000,19.234268,4400
2015-09-08,24.080000,24.100000,24.000000,24.010000,19.170391,9000
2015-09-09,24.100000,24.100000,23.940001,23.990000,19.154419,7500
2015-09-10,23.959999,24.260000,23.940001,24.219999,19.338062,15300
2015-09-11,24.240000,24.410000,24.100000,24.120001,19.258223,31000
2015-09-14,24.120001,24.180000,23.830000,24.010000,19.295391,8000
2015-09-15,24.100000,24.250000,24.000000,24.100000,19.367714,6200
2015-09-16,24.290001,24.290001,24.049999,24.240000,19.480223,14300
2015-09-17,24.250000,24.250000,24.180000,24.219999,19.464153,10000
2015-09-18,24.360001,24.360001,24.070000,24.160000,19.415937,5100
2015-09-21,24.200001,24.200001,24.090000,24.190001,19.440046,2800
2015-09-22,24.049999,24.200001,24.049999,24.059999,19.335573,17000
2015-09-23,24.020000,24.120001,23.900000,24.000000,19.287355,10800
2015-09-24,24.000000,24.049999,23.990000,24.000000,19.287355,6900
2015-09-25,24.070000,24.070000,24.000000,24.000000,19.287355,6100
2015-09-28,24.000000,24.040001,23.900000,23.900000,19.206985,13900
2015-09-29,24.010000,24.040001,23.950001,23.950001,19.247169,14200
2015-09-30,24.080000,24.490000,23.930000,24.110001,19.375755,18300
2015-10-01,24.090000,24.090000,23.820000,23.889999,19.198952,60600
2015-10-02,23.750000,23.889999,23.740000,23.809999,19.134663,44700
2015-10-05,23.959999,24.150000,23.959999,24.040001,19.319498,5500
2015-10-06,24.080000,24.080000,24.000000,24.000000,19.287355,8900
2015-10-07,24.090000,24.090000,24.010000,24.040001,19.319498,5700
2015-10-08,24.049999,24.200001,24.010000,24.040001,19.319498,22100
2015-10-09,24.049999,24.190001,24.049999,24.190001,19.440046,4700
2015-10-12,24.200001,24.240000,24.190001,24.240000,19.480223,10500
2015-10-13,24.299999,24.500000,24.170000,24.240000,19.480223,26500
2015-10-14,24.010000,24.190001,23.920000,23.920000,19.347780,11900
2015-10-15,24.200001,24.200001,23.940001,24.000000,19.412485,8100
2015-10-16,24.129999,24.370001,23.940001,23.980000,19.396307,9400
2015-10-19,23.990000,24.360001,23.990000,24.020000,19.428661,8600
2015-10-20,24.000000,24.090000,24.000000,24.030001,19.436750,4900
2015-10-21,24.020000,24.250000,24.010000,24.010000,19.420574,10100
2015-10-22,24.110001,24.160000,23.959999,24.090000,19.485277,9500
2015-10-23,24.030001,24.110001,24.000000,24.049999,19.452927,16600
2015-10-26,24.049999,24.100000,24.049999,24.049999,19.452927,12800
2015-10-27,24.000000,24.090000,23.990000,24.040001,19.444841,9500
2015-10-28,24.040001,24.129999,24.000000,24.010000,19.420574,7100
2015-10-29,24.000000,24.070000,23.990000,23.990000,19.404398,16300
2015-10-30,24.049999,24.049999,23.969999,23.980000,19.396307,7200
2015-11-02,24.020000,24.059999,24.020000,24.049999,19.452927,7500
2015-11-03,24.100000,24.120001,24.030001,24.030001,19.436750,8400
2015-11-04,24.049999,24.070000,24.010000,24.070000,19.469103,11700
2015-11-05,24.010000,24.129999,24.010000,24.129999,19.517626,9100
2015-11-06,24.139999,24.139999,23.969999,24.000000,19.412485,14000
2015-11-09,23.950001,24.100000,23.950001,24.100000,19.493368,3300
2015-11-10,24.090000,24.090000,24.000000,24.000000,19.412485,8300
2015-11-11,24.040001,24.100000,24.040001,24.100000,19.493368,1800
2015-11-12,23.950001,24.110001,23.950001,23.959999,19.506598,13500
2015-11-13,23.950001,24.000000,23.799999,24.000000,19.539164,40400
2015-11-16,23.959999,24.250000,23.959999,24.090000,19.612434,2100
2015-11-17,24.000000,24.010000,23.740000,23.940001,19.490314,19400
2015-11-18,23.900000,24.090000,23.900000,23.969999,19.514740,7000
2015-11-19,23.969999,24.010000,23.750000,23.860001,19.425188,12800
2015-11-20,24.030001,24.030001,24.000000,24.010000,19.547308,1900
2015-11-23,24.059999,24.059999,23.870001,23.870001,19.433331,6900
2015-11-24,23.990000,24.070000,23.950001,24.059999,19.588017,14200
2015-11-25,24.059999,24.070000,24.000000,24.070000,19.596153,5600
2015-11-27,24.070000,24.070000,24.070000,24.070000,19.596153,0
2015-11-30,24.000000,24.120001,23.860001,24.059999,19.588017,12700
2015-12-01,24.250000,24.250000,24.120001,24.200001,19.701990,6800
2015-12-02,24.150000,24.150000,24.090000,24.110001,19.628719,5300
2015-12-03,24.200001,24.309999,24.110001,24.129999,19.644995,29500
2015-12-04,24.290001,24.290001,24.150000,24.150000,19.661280,1800
2015-12-07,24.290001,24.309999,24.150000,24.270000,19.758978,42000
2015-12-08,24.200001,24.299999,24.200001,24.299999,19.783400,3600
2015-12-09,24.350000,24.370001,24.180000,24.370001,19.840397,16100
2015-12-10,24.250000,24.450001,24.250000,24.420000,19.881104,3100
2015-12-11,24.299999,24.430000,24.299999,24.350000,19.824116,24400
2015-12-14,24.250000,24.250000,23.799999,23.799999,19.501476,54700
2015-12-15,23.799999,23.930000,23.750000,23.799999,19.501476,13000
2015-12-16,23.900000,23.900000,23.650000,23.709999,19.427731,25300
2015-12-17,23.700001,23.940001,23.570000,23.700001,19.419538,18600
2015-12-18,23.660000,23.830000,23.590000,23.629999,19.362183,11200
2015-12-21,23.730000,23.889999,23.549999,23.570000,19.313011,12400
2015-12-22,23.620001,24.139999,23.620001,23.719999,19.435923,8300
2015-12-23,24.150000,24.150000,23.780001,23.809999,19.509670,3900
2015-12-24,23.870001,23.870001,23.870001,23.870001,19.558838,300
2015-12-28,24.129999,24.150000,23.920000,23.940001,19.616194,5100
2015-12-29,24.010000,24.020000,23.950001,23.980000,19.648970,8000
2015-12-30,23.900000,24.010000,23.809999,24.010000,19.673546,5300
2015-12-31,23.969999,24.110001,23.969999,24.110001,19.755487,6500
2016-01-04,23.900000,24.040001,23.850000,23.930000,19.607994,4400
2016-01-05,24.110001,24.110001,23.889999,23.990000,19.657162,3000
2016-01-06,23.950001,24.070000,23.950001,23.969999,19.640772,9600
2016-01-07,23.900000,23.900000,23.809999,23.809999,19.509670,3300
2016-01-08,23.889999,23.900000,23.840000,23.900000,19.583416,2700
2016-01-11,23.900000,24.000000,23.900000,23.959999,19.632578,7800
2016-01-12,24.049999,24.049999,23.680000,23.790001,19.493279,15000
2016-01-13,23.750000,23.760000,23.469999,23.500000,19.382961,19400
2016-01-14,23.459999,23.570000,23.299999,23.530001,19.407707,20200
2016-01-15,23.240000,23.740000,23.139999,23.600000,19.465446,14100
2016-01-19,23.750000,23.750000,22.600000,23.299999,19.218002,20600
2016-01-20,23.120001,23.200001,22.150000,22.820000,18.822092,40400
2016-01-21,22.600000,23.059999,22.360001,22.740000,18.756117,19700
2016-01-22,23.030001,23.139999,22.680000,22.680000,18.706619,8200
2016-01-25,22.740000,23.010000,22.350000,22.559999,18.607647,8400
2016-01-26,22.760000,22.770000,22.209999,22.350000,18.434437,20500
2016-01-27,22.270000,22.510000,22.270000,22.400000,18.475677,8800
2016-01-28,22.510000,22.809999,22.410000,22.410000,18.483929,5300
2016-01-29,22.610001,22.840000,22.450001,22.840000,18.838591,8100
2016-02-01,22.650000,22.770000,22.450001,22.680000,18.706619,12100
2016-02-02,22.480000,23.129999,22.480000,22.770000,18.780855,2700
2016-02-03,22.940001,22.940001,22.600000,22.629999,18.665382,4200
2016-02-04,22.430000,22.430000,21.760000,22.320000,18.409689,48500
2016-02-05,22.299999,22.490000,22.129999,22.200001,18.310717,19300
2016-02-08,22.200001,22.200001,21.340000,21.620001,17.832325,45000
2016-02-09,21.760000,22.360001,21.760000,22.350000,18.434437,22200
2016-02-10,22.420000,23.200001,22.290001,23.200001,19.270243,14300
2016-02-11,23.090000,23.590000,22.760000,23.280001,19.467800,153300
2016-02-12,23.250000,23.629999,23.250000,23.500000,19.651777,44300
2016-02-16,23.500000,24.100000,23.500000,24.010000,20.078266,91600
2016-02-17,23.990000,24.230000,23.850000,24.090000,20.145159,33400
2016-02-18,24.100000,24.750000,24.070000,24.270000,20.295685,358000
2016-02-19,24.270000,24.530001,24.070000,24.500000,20.488028,13900
2016-02-22,24.530001,24.799999,24.250000,24.250000,20.278965,169400
2016-02-23,24.309999,24.889999,24.150000,24.750000,20.697090,123100
2016-02-24,24.670000,24.690001,24.059999,24.530001,20.513117,81300
2016-02-25,24.330000,24.650000,24.330000,24.629999,20.596735,7100
2016-02-26,24.629999,24.730000,24.430000,24.600000,20.571648,4500
2016-02-29,24.440001,24.670000,24.360001,24.500000,20.488028,9800
2016-03-01,24.450001,24.680000,24.420000,24.520000,20.504753,3900
2016-03-02,24.639999,24.639999,24.480000,24.629999,20.596735,2600
2016-03-03,24.629999,24.840000,24.549999,24.670000,20.630192,19700
2016-03-04,24.750000,24.750000,24.540001,24.740000,20.688725,14800
2016-03-07,24.700001,24.870001,24.700001,24.840000,20.772348,8000
2016-03-08,24.850000,24.850000,24.650000,24.700001,20.655275,1700
2016-03-09,24.700001,24.700001,24.610001,24.610001,20.580009,1000
2016-03-10,24.670000,24.910000,24.620001,24.730000,20.680359,4800
2016-03-11,24.920000,24.920000,24.629999,24.879999,20.805790,5100
2016-03-14,24.910000,24.940001,24.629999,24.799999,20.869963,8800
2016-03-15,24.920000,24.920000,24.610001,24.650000,20.743734,2400
2016-03-16,24.750000,24.750000,24.440001,24.750000,20.827887,6700
2016-03-17,24.610001,24.639999,24.510000,24.570000,20.676414,1400
2016-03-18,24.549999,24.639999,24.530001,24.580000,20.684824,2100
2016-03-21,24.600000,24.870001,24.600000,24.870001,20.928873,2100
2016-03-22,24.990000,25.010000,24.650000,24.700001,20.785812,14700
2016-03-23,24.850000,24.920000,24.830000,24.920000,20.970943,1500
2016-03-24,24.799999,24.840000,24.750000,24.790001,20.861547,6100
2016-03-28,24.850000,24.879999,24.770000,24.799999,20.869963,4000
2016-03-29,25.030001,25.030001,24.750000,24.750000,20.827887,4200
2016-03-30,24.910000,24.950001,24.820000,24.820000,20.886795,20500
2016-03-31,24.930000,24.930000,24.770000,24.770000,20.844721,4700
2016-04-01,24.750000,24.870001,24.750000,24.770000,20.844721,3300
2016-04-04,24.900000,24.910000,24.809999,24.820000,20.886795,2100
2016-04-05,24.900000,24.900000,24.799999,24.799999,20.869963,1600
2016-04-06,24.870001,24.870001,24.799999,24.809999,20.878380,1700
2016-04-07,24.799999,24.990000,24.799999,24.959999,21.004606,24200
2016-04-08,25.000000,25.030001,24.870001,25.030001,21.063517,5800
2016-04-11,24.889999,25.059999,24.889999,25.059999,21.088760,10800
2016-04-12,24.950001,25.299999,24.950001,25.020000,21.055105,7400
2016-04-13,24.860001,25.100000,24.860001,25.049999,21.212824,2800
2016-04-14,25.090000,25.100000,24.900000,24.900000,21.085794,800
2016-04-15,25.110001,25.110001,24.750000,24.930000,21.111198,7200
2016-04-18,24.840000,24.950001,24.840000,24.920000,21.102732,1700
2016-04-19,24.900000,25.000000,24.900000,24.940001,21.119669,3400
2016-04-20,24.820000,24.900000,24.820000,24.900000,21.085794,2100
2016-04-21,24.830000,24.900000,24.770000,24.900000,21.085794,10700
2016-04-22,24.879999,24.879999,24.870001,24.870001,21.060394,700
2016-04-25,24.969999,25.049999,24.950001,25.040001,21.204353,7200
2016-04-26,24.959999,25.000000,24.950001,24.990000,21.162004,600
2016-04-27,24.980000,25.070000,24.950001,25.000000,21.170479,7900
2016-04-28,24.860001,25.040001,24.860001,25.040001,21.204353,2000
2016-04-29,25.049999,25.049999,25.049999,25.049999,21.212824,200
2016-05-02,25.040001,25.040001,24.980000,24.980000,21.153545,800
2016-05-03,25.049999,25.090000,25.000000,25.000000,21.170479,5800
2016-05-04,25.059999,25.059999,25.000000,25.049999,21.212824,2600
2016-05-05,25.049999,25.100000,24.990000,25.100000,21.255159,13000
2016-05-06,25.059999,25.080000,25.059999,25.059999,21.221287,1100
2016-05-09,25.100000,25.100000,25.090000,25.090000,21.246689,2200
2016-05-10,25.100000,25.100000,24.990000,25.030001,21.195887,10700
2016-05-11,25.000000,25.090000,25.000000,25.080000,21.238228,1500
2016-05-12,24.980000,25.020000,24.969999,25.020000,21.320244,3000
2016-05-13,24.980000,25.100000,24.870001,25.090000,21.379892,9100
2016-05-16,25.100000,25.100000,25.090000,25.100000,21.388412,1000
2016-05-17,25.059999,25.059999,24.950001,24.950001,21.260592,2700
2016-05-18,24.959999,25.090000,24.959999,24.959999,21.269115,7500
2016-05-19,24.950001,25.030001,24.900000,25.030001,21.328766,4100
2016-05-20,25.030001,25.030001,24.990000,25.020000,21.320244,2600
2016-05-23,25.000000,25.100000,24.980000,25.090000,21.379892,4000
2016-05-24,25.100000,25.100000,24.910000,24.959999,21.269115,3800
2016-05-25,25.020000,25.100000,25.020000,25.080000,21.371376,900
2016-05-26,25.100000,25.290001,25.000000,25.200001,21.473627,307800
2016-05-27,25.200001,25.219999,24.959999,25.000000,21.303198,340400
2016-05-31,24.959999,24.980000,24.850000,24.900000,21.217983,23500
2016-06-01,24.910000,25.040001,24.860001,24.930000,21.243547,5400
2016-06-02,25.000000,25.040001,25.000000,25.030001,21.328766,5800
2016-06-03,25.000000,25.040001,25.000000,25.040001,21.337286,2800
2016-06-06,25.030001,25.040001,25.010000,25.040001,21.337286,3900
2016-06-07,25.049999,25.100000,25.040001,25.049999,21.345810,8700
2016-06-08,24.969999,25.180000,24.969999,25.180000,21.456583,6700
2016-06-09,25.150000,25.180000,24.959999,25.160000,21.439535,2300
2016-06-10,25.200001,25.200001,25.049999,25.110001,21.396935,4200
2016-06-13,25.150000,25.170000,25.150000,25.160000,21.439535,4800
2016-06-14,25.160000,25.160000,24.850000,24.980000,21.419180,3900
2016-06-15,24.910000,25.030001,24.910000,25.030001,21.462048,1200
2016-06-16,25.080000,25.080000,24.980000,25.059999,21.487774,1300
2016-06-17,25.059999,25.070000,25.059999,25.059999,21.487774,800
2016-06-20,25.000000,25.000000,25.000000,25.000000,21.436325,300
2016-06-21,25.059999,25.070000,25.010000,25.010000,21.444902,7500
2016-06-22,25.070000,25.120001,25.020000,25.020000,21.453474,4200
2016-06-23,25.030001,25.170000,25.030001,25.059999,21.487774,2300
2016-06-24,25.170000,25.170000,24.990000,25.139999,21.556364,8200
2016-06-27,25.170000,25.170000,24.959999,24.980000,21.419180,7300
2016-06-28,24.969999,25.160000,24.969999,25.139999,21.556364,3700
2016-06-29,24.969999,25.170000,24.950001,24.980000,21.419180,15400
2016-06-30,25.010000,25.059999,24.980000,25.059999,21.487774,2300
2016-07-01,25.139999,25.139999,25.020000,25.110001,21.530645,2500
2016-07-05,25.110001,25.110001,25.100000,25.110001,21.530645,2500
2016-07-06,25.040001,25.200001,25.040001,25.160000,21.573515,2300
2016-07-07,25.160000,25.340000,25.160000,25.340000,21.727859,700
2016-07-08,25.190001,25.400000,25.170000,25.400000,21.779303,6400
2016-07-11,25.410000,25.410000,25.299999,25.410000,21.787882,800
2016-07-12,25.200001,25.200001,25.200001,25.200001,21.607819,200
2016-07-13,25.000000,25.400000,25.000000,25.200001,21.742630,2700
2016-07-14,25.100000,25.200001,25.100000,25.200001,21.742630,1500
2016-07-15,25.230000,25.330000,25.190001,25.280001,21.811655,5100
2016-07-18,25.270000,25.290001,25.120001,25.280001,21.811655,5200
2016-07-19,25.219999,25.350000,25.129999,25.350000,21.872047,2900
2016-07-20,25.200001,25.200001,25.200001,25.200001,21.742630,300
2016-07-21,25.240000,25.389999,25.200001,25.250000,21.785767,1500
2016-07-22,25.430000,25.500000,25.379999,25.379999,21.897934,2700
2016-07-25,25.350000,25.480000,25.350000,25.480000,21.984217,1600
2016-07-26,25.400000,25.469999,25.400000,25.450001,21.958328,3900
2016-07-27,25.459999,25.459999,25.309999,25.309999,21.837538,400
2016-07-28,25.379999,25.450001,25.379999,25.450001,21.958328,2000
2016-07-29,25.500000,25.500000,25.350000,25.350000,21.872047,1600
2016-08-01,25.400000,25.420000,25.340000,25.340000,21.863422,3000
2016-08-02,25.299999,25.350000,25.299999,25.350000,21.872047,700
2016-08-03,25.350000,25.350000,25.350000,25.350000,21.872047,0
2016-08-04,25.370001,25.450001,25.160000,25.450001,21.958328,9400
2016-08-05,25.299999,25.400000,25.250000,25.400000,21.915186,1200
2016-08-08,25.299999,25.410000,25.270000,25.410000,21.923817,800
2016-08-09,25.490000,25.490000,25.260000,25.350000,21.872047,4100
2016-08-10,25.430000,25.490000,25.400000,25.469999,21.975582,5900
2016-08-11,25.350000,25.459999,25.350000,25.440001,21.949696,5200
2016-08-12,25.440001,25.440001,25.440001,25.440001,22.085344,0
2016-08-15,25.360001,25.440001,25.360001,25.420000,22.067986,1900
2016-08-16,25.379999,25.410000,25.309999,25.330000,21.989849,900
2016-08-17,25.370001,25.840000,25.370001,25.730000,22.337105,16800
2016-08-18,25.730000,25.730000,25.730000,25.730000,22.337105,0
2016-08-19,25.730000,25.730000,25.730000,25.730000,22.337105,0
2016-08-22,25.660000,25.660000,25.350000,25.629999,22.250292,5400
2016-08-23,25.610001,25.610001,25.500000,25.500000,22.137432,700
2016-08-24,25.459999,25.549999,25.459999,25.500000,22.137432,3400
2016-08-25,25.530001,25.540001,25.520000,25.540001,22.172163,2200
2016-08-26,25.549999,25.549999,25.480000,25.490000,22.128756,3200
2016-08-29,25.500000,25.540001,25.469999,25.540001,22.172163,1600
2016-08-30,25.540001,25.549999,25.510000,25.549999,22.180843,2400
2016-08-31,25.549999,25.820000,25.530001,25.600000,22.224251,9600
2016-09-01,25.530001,25.799999,25.520000,25.600000,22.224251,6700
2016-09-02,25.600000,25.600000,25.600000,25.600000,22.224251,0
2016-09-06,25.600000,25.680000,25.480000,25.600000,22.224251,6000
2016-09-07,25.600000,25.600000,25.600000,25.600000,22.224251,0
2016-09-08,25.500000,25.600000,25.500000,25.600000,22.224251,800
2016-09-09,25.600000,25.670000,25.500000,25.670000,22.285021,5800
2016-09-12,25.670000,25.850000,25.670000,25.820000,22.415237,2200
2016-09-13,25.820000,25.820000,25.820000,25.820000,22.415237,0
2016-09-14,25.740000,25.760000,25.709999,25.750000,22.490570,2200
2016-09-15,25.750000,25.750000,25.750000,25.750000,22.490570,0
2016-09-16,25.750000,25.750000,25.750000,25.750000,22.490570,0
2016-09-19,25.730000,25.730000,25.730000,25.730000,22.473103,200
2016-09-20,25.719999,25.740000,25.719999,25.740000,22.481836,800
2016-09-21,25.629999,25.740000,25.549999,25.740000,22.481836,1100
2016-09-22,25.740000,25.740000,25.700001,25.700001,22.446899,1800
2016-09-23,25.620001,25.719999,25.530001,25.719999,22.464369,700
2016-09-26,25.740000,25.740000,25.650000,25.650000,22.403225,800
2016-09-27,25.650000,25.650000,25.580000,25.650000,22.403225,4000
2016-09-28,25.549999,25.730000,25.549999,25.620001,22.377022,5100
2016-09-29,25.620001,25.620001,25.620001,25.620001,22.377022,0
2016-09-30,25.719999,25.719999,25.600000,25.600000,22.359562,2100
2016-10-03,25.700001,25.700001,25.610001,25.610001,22.368296,300
2016-10-04,25.559999,25.559999,25.559999,25.559999,22.324615,100
2016-10-05,25.600000,25.639999,25.580000,25.580000,22.342087,1100
2016-10-06,25.540001,25.540001,25.400000,25.459999,22.237278,3900
2016-10-07,25.580000,25.610001,25.580000,25.610001,22.368296,400
2016-10-10,25.610001,25.610001,25.610001,25.610001,22.368296,0
2016-10-11,25.559999,25.580000,25.200001,25.490000,22.263483,8000
2016-10-12,25.309999,25.350000,25.290001,25.290001,22.225033,4500
2016-10-13,25.299999,25.309999,25.270000,25.309999,22.242609,6600
2016-10-14,25.309999,25.490000,25.209999,25.490000,22.400795,3700
2016-10-17,25.250000,25.309999,25.250000,25.299999,22.233822,7900
2016-10-18,25.270000,25.309999,25.270000,25.280001,22.216248,1600
2016-10-19,25.309999,25.520000,25.309999,25.450001,22.365646,4200
2016-10-20,25.320000,25.400000,25.240000,25.290001,22.225033,3600
2016-10-21,25.330000,25.389999,25.330000,25.389999,22.312912,600
2016-10-24,25.500000,25.520000,25.010000,25.160000,22.110786,5200
2016-10-25,25.450001,25.450001,25.230000,25.230000,22.172304,1300
2016-10-26,25.260000,25.320000,25.160000,25.250000,22.189878,1600
2016-10-27,25.400000,25.410000,25.350000,25.410000,22.330496,1400
2016-10-28,25.420000,25.420000,25.160000,25.379999,22.304125,3200
2016-10-31,25.410000,25.410000,25.340000,25.340000,22.268970,1300
2016-11-01,25.340000,25.340000,25.340000,25.340000,22.268970,0
2016-11-02,25.350000,25.410000,25.350000,25.410000,22.330496,1300
2016-11-03,25.420000,25.420000,25.420000,25.420000,22.339281,600
2016-11-04,25.360001,25.400000,25.260000,25.320000,22.251402,2800
2016-11-07,25.360001,25.360001,25.260000,25.260000,22.198669,1100
2016-11-08,25.260000,25.540001,25.200001,25.540001,22.444733,4400
2016-11-09,25.219999,25.520000,25.219999,25.500000,22.409586,900
2016-11-10,25.160000,25.410000,25.160000,25.410000,22.330496,2200
2016-11-11,25.290001,25.330000,25.290001,25.330000,22.260183,300
2016-11-14,25.150000,25.150000,25.100000,25.129999,22.221498,4000
2016-11-15,25.320000,25.320000,25.190001,25.190001,22.274555,1100
2016-11-16,25.209999,25.389999,25.150000,25.180000,22.265713,7200
2016-11-17,25.150000,25.389999,25.150000,25.160000,22.248028,4200
2016-11-18,25.209999,25.350000,25.170000,25.299999,22.371822,3600
2016-11-21,25.209999,25.260000,25.150000,25.200001,22.283400,7500
2016-11-22,25.290001,25.290001,25.250000,25.250000,22.327610,400
2016-11-23,25.110001,25.320000,25.100000,25.320000,22.389511,4800
2016-11-25,25.090000,25.309999,25.090000,25.309999,22.380665,1400
2016-11-28,25.280001,25.340000,25.280001,25.330000,22.398354,2600
2016-11-29,25.350000,25.540001,25.299999,25.540001,22.584045,3700
2016-11-30,25.370001,25.480000,25.370001,25.480000,22.530991,2100
2016-12-01,25.299999,25.549999,25.250000,25.270000,22.345299,7700
2016-12-02,25.520000,25.520000,25.320000,25.320000,22.389511,300
2016-12-05,25.400000,25.400000,25.400000,25.400000,22.460247,600
2016-12-06,25.400000,25.400000,25.400000,25.400000,22.460247,0
2016-12-07,25.330000,25.389999,25.200001,25.389999,22.451408,5000
2016-12-08,25.309999,25.629999,25.219999,25.299999,22.371822,2200
2016-12-09,25.299999,25.320000,25.299999,25.320000,22.389511,3600
2016-12-12,25.290001,25.389999,25.219999,25.250000,22.327610,4100
2016-12-13,25.350000,25.389999,25.309999,25.389999,22.451408,3700
2016-12-14,25.360001,25.360001,25.299999,25.299999,22.510351,800
2016-12-15,25.240000,25.600000,25.240000,25.600000,22.777279,2500
2016-12-16,25.520000,25.520000,25.340000,25.490000,22.679403,1100
2016-12-19,25.309999,25.450001,25.299999,25.299999,22.510351,1900
2016-12-20,25.510000,25.580000,25.309999,25.549999,22.732788,3700
2016-12-21,25.530001,25.530001,25.320000,25.430000,22.626024,1900
2016-12-22,25.570000,25.570000,25.469999,25.469999,22.661606,600
2016-12-23,25.410000,25.450001,25.379999,25.450001,22.643816,2800
2016-12-27,25.360001,25.389999,25.350000,25.389999,22.590429,1500
2016-12-28,25.320000,25.400000,25.320000,25.389999,22.590429,1600
2016-12-29,25.350000,25.600000,25.309999,25.600000,22.777279,2300
2016-12-30,25.639999,25.639999,25.370001,25.570000,22.750582,1100
2017-01-03,25.610001,25.610001,25.400000,25.580000,22.759480,1700
2017-01-04,25.520000,25.549999,25.360001,25.360001,22.563736,3200
2017-01-05,25.490000,25.500000,25.490000,25.500000,22.688301,700
2017-01-06,25.540001,25.540001,25.540001,25.540001,22.723892,1500
2017-01-09,25.469999,25.580000,25.469999,25.549999,22.732788,1400
2017-01-10,25.600000,25.600000,25.469999,25.520000,22.706093,900
2017-01-11,25.400000,25.400000,25.400000,25.400000,22.738325,300
2017-01-12,25.610001,25.629999,25.459999,25.500000,22.969141,2200
2017-01-13,25.440001,25.570000,25.320000,25.450001,22.924105,2100
2017-01-17,25.469999,25.469999,25.360001,25.360001,22.843035,900
2017-01-18,25.360001,25.430000,25.360001,25.420000,22.897081,4200
2017-01-19,25.360001,25.600000,25.340000,25.600000,23.059214,3300
2017-01-20,25.600000,25.600000,25.600000,25.600000,23.059214,0
2017-01-23,25.490000,25.639999,25.490000,25.639999,23.095243,1000
2017-01-24,25.320000,25.610001,25.320000,25.610001,23.068220,400
2017-01-25,25.559999,25.559999,25.520000,25.520000,22.987160,500
2017-01-26,25.420000,25.500000,25.330000,25.500000,22.969141,1700
2017-01-27,25.500000,25.500000,25.500000,25.500000,22.969141,0
2017-01-30,25.490000,25.600000,25.490000,25.600000,23.059214,800
2017-01-31,25.600000,25.600000,25.600000,25.600000,23.059214,300
2017-02-01,25.450001,25.629999,25.250000,25.500000,22.969141,6500
2017-02-02,25.500000,25.500000,25.500000,25.500000,22.969141,0
2017-02-03,25.500000,25.570000,25.280001,25.450001,22.924105,1300
2017-02-06,25.629999,25.629999,25.629999,25.629999,23.086239,200
2017-02-07,25.450001,25.639999,25.410000,25.610001,23.068220,4200
2017-02-08,25.639999,25.650000,25.600000,25.639999,23.095243,1100
2017-02-09,25.440001,25.600000,25.440001,25.580000,23.041203,1500
2017-02-10,25.360001,25.620001,25.360001,25.450001,22.924105,700
2017-02-13,25.459999,25.650000,25.459999,25.650000,23.104254,1300
2017-02-14,25.440001,25.440001,25.440001,25.440001,23.055542,200
2017-02-15,25.440001,25.650000,25.440001,25.650000,23.245861,1200
2017-02-16,25.650000,25.650000,25.650000,25.650000,23.245861,0
2017-02-17,25.650000,25.650000,25.650000,25.650000,23.245861,0
2017-02-21,25.650000,25.650000,25.650000,25.650000,23.245861,0
2017-02-22,25.379999,25.600000,25.379999,25.600000,23.200542,800
2017-02-23,25.500000,25.500000,25.430000,25.430000,23.046480,600
2017-02-24,25.650000,25.650000,25.650000,25.650000,23.245861,400
2017-02-27,25.469999,25.700001,25.469999,25.700001,23.291174,5800
2017-02-28,25.719999,25.750000,25.719999,25.750000,23.336485,900
2017-03-01,25.719999,25.719999,25.719999,25.719999,23.309292,700
2017-03-02,25.580000,25.580000,25.549999,25.549999,23.155230,1800
2017-03-03,25.549999,25.549999,25.549999,25.549999,23.155230,800
2017-03-06,25.549999,25.620001,25.549999,25.610001,23.209604,2200
2017-03-07,25.610001,25.610001,25.610001,25.610001,23.209604,0
2017-03-08,25.629999,25.629999,25.440001,25.500000,23.109917,3300
2017-03-09,25.400000,25.450001,25.260000,25.450001,23.064606,600
2017-03-10,25.260000,25.490000,25.250000,25.490000,23.100851,3100
2017-03-13,25.350000,25.469999,25.350000,25.469999,23.082724,1700
2017-03-14,25.379999,25.400000,25.350000,25.400000,23.019291,3900
2017-03-15,25.420000,25.420000,25.270000,25.320000,23.088823,5900
2017-03-16,25.299999,25.400000,25.299999,25.320000,23.088823,16200
2017-03-17,25.350000,25.350000,25.320000,25.350000,23.116179,2300
2017-03-20,25.360001,25.360001,25.360001,25.360001,23.125296,200
2017-03-21,25.350000,25.350000,25.000000,25.049999,22.842609,132700
2017-03-22,25.219999,25.410000,25.049999,25.410000,23.170891,882500
2017-03-23,25.500000,25.500000,25.500000,25.500000,23.252960,200
2017-03-24,25.160000,25.660000,25.160000,25.660000,23.398859,600
2017-03-27,25.660000,25.719999,25.330000,25.600000,23.344147,1800
2017-03-28,25.549999,25.590000,25.209999,25.590000,23.335030,3200
2017-03-29,25.250000,25.549999,25.250000,25.549999,23.298552,400
2017-03-30,25.540001,25.540001,25.209999,25.540001,23.289436,1500
2017-03-31,25.570000,25.570000,25.570000,25.570000,23.316790,200
2017-04-03,25.500000,25.500000,25.500000,25.500000,23.252960,100
2017-04-04,25.370001,25.719999,25.340000,25.719999,23.453569,4200
2017-04-05,25.719999,25.719999,25.719999,25.719999,23.453569,0
2017-04-06,25.500000,25.709999,25.469999,25.709999,23.444452,1600
2017-04-07,25.700001,25.709999,25.620001,25.709999,23.444452,1200
2017-04-10,25.709999,25.719999,25.709999,25.719999,23.453569,300
2017-04-11,25.570000,25.690001,25.570000,25.690001,23.426218,300
2017-04-12,25.690001,25.690001,25.690001,25.690001,23.569569,0
2017-04-13,25.700001,25.700001,25.690001,25.700001,23.578741,800
2017-04-17,25.690001,25.690001,25.600000,25.600000,23.486998,1400
2017-04-18,25.420000,25.719999,25.420000,25.719999,23.597092,1300
2017-04-19,25.719999,25.719999,25.480000,25.500000,23.395250,1600
2017-04-20,25.520000,25.520000,25.480000,25.480000,23.376900,800
2017-04-21,25.379999,25.389999,25.360001,25.360001,23.266808,1300
2017-04-24,25.500000,25.559999,25.500000,25.559999,23.450298,400
2017-04-25,25.610001,25.610001,25.590000,25.590000,23.477821,700
2017-04-26,25.500000,25.530001,25.350000,25.530001,23.422775,1500
2017-04-27,25.530001,25.530001,25.530001,25.530001,23.422775,500
2017-04-28,25.510000,25.590000,25.510000,25.590000,23.477821,500
2017-05-01,25.500000,25.709999,25.420000,25.600000,23.486998,2300
2017-05-02,25.549999,25.680000,25.500000,25.580000,23.468649,3200
2017-05-03,25.600000,25.610001,25.350000,25.530001,23.422775,5300
2017-05-04,25.360001,25.530001,25.360001,25.500000,23.395250,500
2017-05-05,25.459999,25.490000,25.459999,25.490000,23.386078,1000
2017-05-08,25.370001,25.480000,25.350000,25.480000,23.376900,2100
2017-05-09,25.410000,25.520000,25.410000,25.480000,23.376900,3100
2017-05-10,25.480000,25.480000,25.370001,25.480000,23.376900,4000
2017-05-11,25.549999,25.549999,25.549999,25.549999,23.441126,600
2017-05-12,25.680000,25.680000,25.610001,25.639999,23.523695,1300
2017-05-15,25.639999,25.639999,25.639999,25.639999,23.667925,0
2017-05-16,25.540001,25.540001,25.540001,25.540001,23.575623,100
2017-05-17,25.590000,25.660000,25.570000,25.660000,23.686386,800
2017-05-18,25.379999,25.670000,25.379999,25.670000,23.695623,1100
2017-05-19,25.670000,25.670000,25.670000,25.670000,23.695623,0
2017-05-22,25.660000,25.660000,25.490000,25.510000,23.547926,6100
2017-05-23,25.590000,25.590000,25.590000,25.590000,23.621773,200
2017-05-24,25.570000,25.700001,25.530001,25.530001,23.566393,2500
2017-05-25,25.610001,25.610001,25.610001,25.610001,23.640236,200
2017-05-26,25.420000,25.680000,25.420000,25.680000,23.704847,1100
2017-05-30,25.459999,25.680000,25.450001,25.580000,23.612543,1400
2017-05-31,25.469999,25.610001,25.469999,25.590000,23.621773,800
2017-06-01,25.549999,25.549999,25.500000,25.549999,23.584850,2700
2017-06-02,25.600000,25.620001,25.600000,25.600000,23.631006,2000
2017-06-05,25.600000,25.629999,25.500000,25.590000,23.621773,1500
2017-06-06,25.510000,25.540001,25.400000,25.420000,23.464851,12500
2017-06-07,25.379999,25.420000,25.299999,25.370001,23.418694,6100
2017-06-08,25.360001,25.410000,25.360001,25.400000,23.446383,2500
2017-06-09,25.370001,25.410000,25.370001,25.410000,23.455620,3600
2017-06-12,25.350000,25.500000,25.350000,25.430000,23.474083,800
2017-06-13,25.370001,25.440001,25.370001,25.440001,23.483313,4100
2017-06-14,25.350000,25.350000,25.219999,25.230000,23.433386,15000
2017-06-15,25.299999,25.299999,25.270000,25.299999,23.498404,1800
2017-06-16,25.250000,25.250000,25.190001,25.230000,23.433386,5100
2017-06-19,25.170000,25.280001,25.170000,25.280001,23.479830,15500
2017-06-20,25.299999,25.400000,25.290001,25.400000,23.591278,1400
2017-06-21,25.389999,25.389999,25.309999,25.309999,23.507690,12100
2017-06-22,25.270000,25.360001,25.270000,25.360001,23.554131,4400
2017-06-23,25.360001,25.360001,25.360001,25.360001,23.554131,0
2017-06-26,25.250000,25.360001,25.250000,25.350000,23.544844,2700
2017-06-27,25.370001,25.400000,25.320000,25.320000,23.516981,1400
2017-06-28,25.320000,25.360001,25.320000,25.360001,23.554131,400
2017-06-29,25.350000,25.389999,25.350000,25.389999,23.581997,1500
2017-06-30,25.740000,25.740000,25.379999,25.469999,23.656296,3300
2017-07-03,25.450001,25.450001,25.420000,25.430000,23.619148,4400
2017-07-05,25.450001,25.459999,25.309999,25.379999,23.572704,3600
2017-07-06,25.400000,25.490000,25.400000,25.400000,23.591278,3600
2017-07-07,25.360001,25.379999,25.360001,25.379999,23.572704,700
2017-07-10,25.410000,25.490000,25.410000,25.490000,23.674871,1200
2017-07-11,25.490000,25.490000,25.490000,25.490000,23.674871,0
2017-07-12,25.490000,25.490000,25.490000,25.490000,23.674871,600
2017-07-13,25.400000,25.400000,25.400000,25.400000,23.736784,400
2017-07-14,25.309999,25.530001,25.309999,25.500000,23.830236,2500
2017-07-17,25.430000,25.430000,25.299999,25.360001,23.699406,8600
2017-07-18,25.360001,25.450001,25.360001,25.400000,23.736784,3300
2017-07-19,25.570000,25.570000,25.350000,25.379999,23.718094,1900
2017-07-20,25.450001,25.450001,25.360001,25.360001,23.699406,4300
2017-07-21,25.370001,25.379999,25.330000,25.330000,23.671368,6100
2017-07-24,25.299999,25.410000,25.299999,25.400000,23.736784,3000
2017-07-25,25.360001,25.400000,25.360001,25.400000,23.736784,3800
2017-07-26,25.469999,25.469999,25.379999,25.440001,23.774166,1200
2017-07-27,25.480000,25.540001,25.469999,25.469999,23.802200,1200
2017-07-28,25.500000,25.530001,25.500000,25.530001,23.858274,2100
2017-07-31,25.510000,25.600000,25.410000,25.600000,23.923689,2700
2017-08-01,25.580000,25.580000,25.580000,25.580000,23.905001,100
2017-08-02,25.690001,25.690001,25.690001,25.690001,24.007797,100
2017-08-03,25.610001,25.610001,25.430000,25.430000,23.764822,800
2017-08-04,25.480000,25.480000,25.400000,25.400000,23.736784,1400
2017-08-07,25.480000,25.480000,25.400000,25.450001,23.783510,2200
2017-08-08,25.450001,25.450001,25.450001,25.450001,23.783510,800
2017-08-09,25.450001,25.450001,25.450001,25.450001,23.783510,0
2017-08-10,25.440001,25.459999,25.440001,25.459999,23.792860,1300
2017-08-11,25.459999,25.459999,25.459999,25.459999,23.792860,0
2017-08-14,25.410000,25.549999,25.410000,25.549999,23.876965,3800
2017-08-15,25.559999,25.559999,25.330000,25.330000,23.817020,1200
2017-08-16,25.379999,25.420000,25.379999,25.400000,23.882839,1100
2017-08-17,25.450001,25.459999,25.450001,25.450001,23.929853,1300
2017-08-18,25.500000,25.500000,25.500000,25.500000,23.976864,500
2017-08-21,25.370001,25.459999,25.370001,25.459999,23.939259,300
2017-08-22,25.430000,25.590000,25.430000,25.590000,24.061491,3500
2017-08-23,25.510000,25.549999,25.469999,25.549999,24.023880,1900
2017-08-24,25.530001,25.600000,25.530001,25.600000,24.070894,1900
2017-08-25,25.540001,25.540001,25.530001,25.530001,24.005075,200
2017-08-28,25.480000,25.480000,25.450001,25.469999,23.948656,1600
2017-08-29,25.580000,25.600000,25.540001,25.540001,24.014477,2500
2017-08-30,25.600000,25.740000,25.600000,25.740000,24.202534,3000
2017-08-31,25.730000,25.730000,25.450001,25.559999,24.033281,7800
2017-09-01,25.590000,25.590000,25.590000,25.590000,24.061491,200
2017-09-05,25.709999,25.709999,25.559999,25.600000,24.070894,2100
2017-09-06,25.580000,25.580000,25.580000,25.580000,24.052088,300
2017-09-07,25.590000,25.650000,25.590000,25.650000,24.117908,3500
2017-09-08,25.580000,25.580000,25.580000,25.580000,24.052088,200
2017-09-11,25.530001,25.530001,25.500000,25.500000,23.976864,2100
2017-09-12,25.500000,25.590000,25.360001,25.590000,24.061491,8400
2017-09-13,25.510000,25.559999,25.510000,25.559999,24.033281,600
2017-09-14,25.450001,25.490000,25.420000,25.420000,24.048656,2000
2017-09-15,25.500000,25.500000,25.260000,25.309999,23.944588,2500
2017-09-18,25.280001,25.350000,25.250000,25.350000,23.982431,2100
2017-09-19,25.350000,25.389999,25.280001,25.389999,24.020275,2200
2017-09-20,25.370001,25.430000,25.360001,25.400000,24.029734,2000
2017-09-21,25.360001,25.420000,25.360001,25.389999,24.020275,4100
2017-09-22,25.299999,25.400000,25.299999,25.330000,23.963511,2700
2017-09-25,25.530001,25.530001,25.350000,25.360001,23.991896,1100
2017-09-26,25.389999,25.389999,25.330000,25.330000,23.963511,3100
2017-09-27,25.350000,25.350000,25.299999,25.350000,23.982431,2100
2017-09-28,25.299999,25.299999,25.209999,25.230000,23.868906,5500
2017-09-29,25.410000,25.410000,25.250000,25.370001,24.001354,3000
2017-10-02,25.400000,25.610001,25.290001,25.610001,24.228405,4000
2017-10-03,25.410000,25.410000,25.410000,25.410000,24.039196,300
2017-10-04,25.600000,25.600000,25.410000,25.549999,24.171640,1400
2017-10-05,25.570000,25.570000,25.570000,25.570000,24.190563,200
2017-10-06,25.510000,25.510000,25.480000,25.480000,24.105417,1200
2017-10-09,25.549999,25.549999,25.540001,25.540001,24.162180,500
2017-10-10,25.559999,25.559999,25.510000,25.510000,24.133801,500
2017-10-11,25.510000,25.510000,25.510000,25.510000,24.133801,300
2017-10-12,25.600000,25.629999,25.600000,25.629999,24.247328,500
2017-10-13,25.629999,25.629999,25.629999,25.629999,24.247328,0
2017-10-16,25.629999,25.629999,25.450001,25.459999,24.234240,2400
2017-10-17,25.549999,25.549999,25.330000,25.469999,24.243755,8400
2017-10-18,25.450001,25.450001,25.250000,25.299999,24.081938,4500
2017-10-19,25.299999,25.350000,25.190001,25.190001,23.977236,3500
2017-10-20,25.250000,25.290001,25.150000,25.250000,24.034349,7700
2017-10-23,25.340000,25.340000,25.270000,25.270000,24.053385,3300
2017-10-24,25.299999,25.340000,25.290001,25.340000,24.120016,2000
2017-10-25,25.309999,25.370001,25.299999,25.370001,24.148571,6600
2017-10-26,25.379999,25.379999,25.360001,25.360001,24.139051,2600
2017-10-27,25.330000,25.400000,25.320000,25.400000,24.177126,5800
2017-10-30,25.400000,25.400000,25.330000,25.360001,24.139051,2900
2017-10-31,25.480000,25.480000,25.290001,25.370001,24.148571,7600
2017-11-01,25.370001,25.370001,25.360001,25.360001,24.139051,700
2017-11-02,25.360001,25.379999,25.360001,25.379999,24.158089,400
2017-11-03,25.350000,25.379999,25.250000,25.309999,24.091461,2800
2017-11-06,25.379999,25.379999,25.370001,25.379999,24.158089,800
2017-11-07,25.400000,25.400000,25.320000,25.400000,24.177126,1600
2017-11-08,25.400000,25.440001,25.350000,25.350000,24.129538,2100
2017-11-09,25.299999,25.389999,25.219999,25.350000,24.129538,9800
2017-11-10,25.219999,25.370001,25.200001,25.370001,24.148571,800
2017-11-13,25.299999,25.370001,25.299999,25.320000,24.100983,1600
2017-11-14,25.350000,25.370001,25.340000,25.370001,24.148571,3600
2017-11-15,25.260000,25.350000,25.209999,25.299999,24.231178,4800
2017-11-16,25.350000,25.350000,25.219999,25.320000,24.250332,5900
2017-11-17,25.299999,25.299999,25.219999,25.299999,24.231178,2200
2017-11-20,25.290001,25.350000,25.290001,25.340000,24.269489,2800
2017-11-21,25.350000,25.350000,25.250000,25.270000,24.202444,2200
2017-11-22,25.360001,25.360001,25.299999,25.299999,24.231178,400
2017-11-24,25.299999,25.299999,25.299999,25.299999,24.231178,0
2017-11-27,25.330000,25.330000,25.200001,25.290001,24.221601,10400
2017-11-28,25.360001,25.360001,25.240000,25.299999,24.231178,2500
2017-11-29,25.299999,25.299999,25.250000,25.250000,24.183289,3900
2017-11-30,25.299999,25.299999,25.139999,25.150000,24.087515,10900
2017-12-01,25.280001,25.299999,25.200001,25.280001,24.212023,6300
2017-12-04,25.270000,25.360001,25.270000,25.299999,24.231178,9800
2017-12-05,25.299999,25.330000,25.270000,25.320000,24.250332,9700
2017-12-06,25.450001,25.520000,25.350000,25.350000,24.279066,2700
2017-12-07,25.480000,25.480000,25.480000,25.480000,24.403576,400
2017-12-08,25.480000,25.480000,25.480000,25.480000,24.403576,0
2017-12-11,25.350000,25.350000,25.350000,25.350000,24.279066,1500
2017-12-12,25.370001,25.370001,25.370001,25.370001,24.298222,200
2017-12-13,25.400000,25.400000,25.400000,25.400000,24.326952,500
2017-12-14,25.350000,25.490000,25.350000,25.440001,24.516077,3400
2017-12-15,25.350000,25.379999,25.330000,25.350000,24.429344,3200
2017-12-18,25.320000,25.389999,25.250000,25.379999,24.458254,5000
2017-12-19,25.299999,25.490000,25.250000,25.299999,24.381161,7500
2017-12-20,25.290001,25.379999,25.290001,25.379999,24.458254,1100
2017-12-21,25.389999,25.389999,25.350000,25.370001,24.448618,800
2017-12-22,25.370001,25.430000,25.320000,25.370001,24.448618,11300
2017-12-26,25.330000,25.330000,25.330000,25.330000,24.410070,200
2017-12-27,25.370001,25.379999,25.370001,25.370001,24.448618,3900
2017-12-28,25.410000,25.420000,25.410000,25.420000,24.496801,200
2017-12-29,25.490000,25.490000,25.400000,25.400000,24.477528,2800
2018-01-02,25.469999,25.469999,25.469999,25.469999,24.544985,300
2018-01-03,25.330000,25.430000,25.309999,25.430000,24.506437,2600
2018-01-04,25.430000,25.430000,25.430000,25.430000,24.506437,100
2018-01-05,25.389999,25.420000,25.309999,25.309999,24.390797,1500
2018-01-08,25.450001,25.510000,25.450001,25.510000,24.583532,6200
2018-01-09,25.510000,25.510000,25.510000,25.510000,24.583532,0
2018-01-10,25.360001,25.360001,25.360001,25.360001,24.438982,1000
2018-01-11,25.400000,25.400000,25.350000,25.400000,24.629276,2700
2018-01-12,25.340000,25.400000,25.330000,25.400000,24.629276,5200
2018-01-16,25.330000,25.420000,25.330000,25.420000,24.648668,1700
2018-01-17,25.400000,25.430000,25.400000,25.400000,24.629276,5000
2018-01-18,25.540001,25.540001,25.400000,25.400000,24.629276,2900
2018-01-19,25.500000,25.500000,25.500000,25.500000,24.726242,1900
2018-01-22,25.500000,25.500000,25.500000,25.500000,24.726242,0
2018-01-23,25.400000,25.440001,25.400000,25.440001,24.668064,1100
2018-01-24,25.309999,25.400000,25.309999,25.370001,24.600185,8600
2018-01-25,25.350000,25.430000,25.350000,25.430000,24.658363,2900
2018-01-26,25.360001,25.410000,25.250000,25.299999,24.532310,14900
2018-01-29,25.350000,25.370001,25.350000,25.370001,24.600185,2000
2018-01-30,25.350000,25.360001,25.299999,25.320000,24.551702,1900
2018-01-31,25.320000,25.320000,25.320000,25.320000,24.551702,0
2018-02-01,25.370001,25.379999,25.370001,25.370001,24.600185,1100
2018-02-02,25.330000,25.330000,25.280001,25.330000,24.561399,3200
2018-02-05,25.250000,25.330000,25.170000,25.190001,24.425648,11600
2018-02-06,25.150000,25.150000,25.150000,25.150000,24.386862,1000
2018-02-07,25.209999,25.280001,25.200001,25.250000,24.483826,8400
2018-02-08,25.280001,25.350000,25.280001,25.350000,24.580793,1800
2018-02-09,25.350000,25.350000,25.350000,25.350000,24.580793,0
2018-02-12,25.350000,25.500000,25.350000,25.370001,24.600185,1200
2018-02-13,25.400000,25.400000,25.280001,25.330000,24.561399,2800
2018-02-14,25.350000,25.350000,25.209999,25.270000,24.655064,2900
2018-02-15,25.490000,25.490000,25.370001,25.469999,24.850197,800
2018-02-16,25.299999,25.299999,25.299999,25.299999,24.684334,600
2018-02-20,25.299999,25.400000,25.219999,25.299999,24.684334,2500
2018-02-21,25.430000,25.440001,25.430000,25.430000,24.811169,1600
2018-02-22,25.430000,25.430000,25.430000,25.430000,24.811169,0
2018-02-23,25.309999,25.360001,25.309999,25.360001,24.742874,1500
2018-02-26,25.410000,25.420000,25.410000,25.420000,24.801413,300
2018-02-27,25.430000,25.440001,25.430000,25.440001,24.820927,1900
2018-02-28,25.420000,25.440001,25.309999,25.440001,24.820927,1900
2018-03-01,25.389999,25.389999,25.389999,25.389999,24.772142,200
2018-03-02,25.379999,25.400000,25.379999,25.400000,24.781900,1400
2018-03-05,25.389999,25.430000,25.389999,25.389999,24.772142,5000
2018-03-06,25.420000,25.440001,25.389999,25.440001,24.820927,2500
2018-03-07,25.440001,25.440001,25.400000,25.400000,24.781900,1400
2018-03-08,25.400000,25.400000,25.400000,25.400000,24.781900,400
2018-03-09,25.379999,25.389999,25.330000,25.389999,24.772142,2700
2018-03-12,25.360001,25.370001,25.360001,25.360001,24.742874,3500
2018-03-13,25.360001,25.389999,25.340000,25.389999,24.772142,4200
2018-03-14,25.350000,25.400000,25.350000,25.350000,24.733118,800
2018-03-15,25.430000,25.430000,25.430000,25.430000,24.811169,400
2018-03-16,25.440001,25.459999,25.420000,25.459999,24.840439,900
2018-03-19,25.400000,25.459999,25.350000,25.350000,24.733118,1900
2018-03-20,25.360001,25.500000,25.360001,25.500000,24.879465,800
2018-03-21,25.320000,25.459999,25.309999,25.459999,24.993340,900
2018-03-22,25.309999,25.350000,25.230000,25.309999,24.846090,1300
2018-03-23,25.309999,25.350000,25.309999,25.350000,24.885357,800
2018-03-26,25.360001,25.360001,25.260000,25.320000,24.855907,1800
2018-03-27,25.370001,25.379999,25.280001,25.350000,24.885357,1900
2018-03-28,25.280001,25.340000,25.280001,25.340000,24.875540,1200
2018-03-29,25.379999,25.379999,25.290001,25.360001,24.895172,900
2018-04-02,25.139999,25.350000,25.139999,25.309999,24.846090,6800
2018-04-03,25.309999,25.370001,25.260000,25.370001,24.904989,2000
2018-04-04,25.379999,25.400000,25.360001,25.400000,24.934441,1900
2018-04-05,25.440001,25.450001,25.299999,25.420000,24.954073,13100
2018-04-06,25.490000,25.490000,25.459999,25.459999,24.993340,400
2018-04-09,25.450001,25.450001,25.400000,25.450001,24.983524,1400
2018-04-10,25.450001,25.450001,25.400000,25.420000,24.954073,2300
2018-04-11,25.420000,25.420000,25.350000,25.350000,24.885357,2300
2018-04-12,25.420000,25.440001,25.340000,25.440001,24.973707,4500
2018-04-13,25.440001,25.440001,25.440001,25.440001,24.973707,0
2018-04-16,25.450001,25.450001,25.400000,25.400000,24.934441,700
2018-04-17,25.379999,25.379999,25.379999,25.379999,24.914804,200
2018-04-18,25.459999,25.459999,25.309999,25.309999,24.846090,14000
2018-04-19,25.219999,25.280001,25.219999,25.260000,24.950792,5900
2018-04-20,25.290001,25.340000,25.270000,25.340000,25.029814,2000
2018-04-23,25.370001,25.370001,25.370001,25.370001,25.059446,200
2018-04-24,25.360001,25.379999,25.350000,25.379999,25.069323,3000
2018-04-25,25.370001,25.389999,25.370001,25.389999,25.079201,2100
2018-04-26,25.389999,25.389999,25.209999,25.250000,24.940916,13500
2018-04-27,25.250000,25.340000,25.200001,25.209999,24.901403,2200
2018-04-30,25.219999,25.219999,25.219999,25.219999,24.911282,200
2018-05-01,25.290001,25.340000,25.240000,25.240000,24.931038,3300
2018-05-02,25.299999,25.370001,25.260000,25.370001,25.059446,2700
2018-05-03,25.320000,25.370001,25.309999,25.330000,25.019938,1200
2018-05-04,25.360001,25.450001,25.309999,25.450001,25.138468,2800
2018-05-07,25.400000,25.450001,25.400000,25.400000,25.089079,1700
2018-05-08,25.440001,25.440001,25.400000,25.400000,25.089079,500
2018-05-09,25.469999,25.469999,25.360001,25.360001,25.049568,10400
2018-05-10,25.340000,25.370001,25.340000,25.370001,25.059446,1600
2018-05-11,25.370001,25.490000,25.360001,25.490000,25.177977,9300
2018-05-14,25.350000,25.469999,25.270000,25.469999,25.158222,6000
2018-05-15,25.480000,25.480000,25.480000,25.480000,25.168098,1100
2018-05-16,25.469999,25.469999,25.420000,25.420000,25.108833,600
2018-05-17,25.360001,25.469999,25.360001,25.420000,25.108833,1800
2018-05-18,25.430000,25.450001,25.400000,25.410000,25.098955,900
2018-05-21,25.459999,25.459999,25.400000,25.450001,25.138468,14700
2018-05-22,25.440001,25.440001,25.290001,25.340000,25.184185,3300
2018-05-23,25.340000,25.370001,25.299999,25.330000,25.174246,1300
2018-05-24,25.250000,25.370001,25.250000,25.360001,25.204062,5000
2018-05-25,25.330000,25.340000,25.320000,25.320000,25.164307,2600
2018-05-29,25.350000,25.350000,25.309999,25.309999,25.154369,1600
2018-05-30,25.360001,25.360001,25.360001,25.360001,25.204062,500
2018-05-31,25.400000,25.480000,25.379999,25.379999,25.223938,3200
2018-06-01,25.450001,25.450001,25.309999,25.410000,25.253754,600
2018-06-04,25.400000,25.450001,25.360001,25.440001,25.283569,3400
2018-06-05,25.410000,25.440001,25.309999,25.320000,25.164307,10900
2018-06-06,25.320000,25.350000,25.290001,25.309999,25.154369,13100
2018-06-07,25.350000,25.370001,25.299999,25.299999,25.144430,8900
2018-06-08,25.420000,25.420000,25.350000,25.410000,25.253754,1800
2018-06-11,25.400000,25.400000,25.309999,25.350000,25.194124,7900
2018-06-12,25.379999,25.379999,25.330000,25.350000,25.194124,15500
2018-06-13,25.350000,25.350000,25.320000,25.350000,25.194124,1800
2018-06-14,25.400000,25.420000,25.320000,25.350000,25.194124,17600
2018-06-15,25.430000,25.430000,25.350000,25.400000,25.243814,39700
2018-06-18,25.430000,25.430000,25.340000,25.340000,25.184185,15400
2018-06-19,25.370001,25.430000,25.370001,25.370001,25.214001,3000
2018-06-20,25.270000,25.400000,25.240000,25.400000,25.400000,12500
2018-06-21,25.340000,25.340000,25.340000,25.340000,25.340000,300
2018-06-22,25.350000,25.430000,25.290001,25.340000,25.340000,600
2018-06-25,25.440001,25.440001,25.230000,25.330000,25.330000,1500
2018-06-26,25.230000,25.350000,25.230000,25.350000,25.350000,2200
2018-06-27,25.350000,25.350000,25.350000,25.350000,25.350000,0
2018-06-28,25.360001,25.360001,25.320000,25.320000,25.320000,200
2018-06-29,25.430000,25.430000,25.180000,25.330000,25.330000,12500
