Date,Open,High,Low,Close,Adj Close,Volume
2018-01-16,5.670000,5.680000,5.570000,5.570000,5.240014,312500
2018-01-17,5.550000,5.600000,5.450000,5.580000,5.249421,372300
2018-01-18,5.580000,5.600000,5.520000,5.580000,5.249421,337000
2018-01-19,5.570000,5.620000,5.550000,5.610000,5.277644,255500
2018-01-22,5.600000,5.630000,5.550000,5.610000,5.277644,367000
2018-01-23,5.610000,5.640000,5.550000,5.610000,5.277644,197400
2018-01-24,5.630000,5.650000,5.570000,5.600000,5.268237,185600
2018-01-25,5.610000,5.610000,5.550000,5.580000,5.249421,223900
2018-01-26,5.600000,5.630000,5.580000,5.600000,5.268237,152800
2018-01-29,5.580000,5.650000,5.550000,5.560000,5.230606,275400
2018-01-30,5.530000,5.570000,5.530000,5.540000,5.211791,171500
2018-01-31,5.530000,5.540000,5.420000,5.470000,5.145938,445700
2018-02-01,5.460000,5.500000,5.340000,5.470000,5.145938,316600
2018-02-02,5.470000,5.500000,5.390000,5.490000,5.164753,208500
2018-02-05,5.480000,5.500000,5.150000,5.270000,4.957787,575600
2018-02-06,5.220000,5.450000,5.200000,5.430000,5.108308,328900
2018-02-07,5.450000,5.590000,5.450000,5.520000,5.192976,261900
2018-02-08,5.550000,5.580000,5.460000,5.510000,5.183569,215500
2018-02-09,5.510000,5.560000,5.450000,5.460000,5.136531,203700
2018-02-12,5.450000,5.540000,5.450000,5.520000,5.192976,205300
2018-02-13,5.470000,5.700000,5.470000,5.650000,5.315275,254500
2018-02-14,5.650000,5.680000,5.620000,5.680000,5.343497,149400
2018-02-15,5.690000,5.710000,5.680000,5.690000,5.352905,168800
2018-02-16,5.690000,5.730000,5.650000,5.660000,5.324682,175900
2018-02-20,5.640000,5.700000,5.610000,5.660000,5.324682,191000
2018-02-21,5.660000,5.730000,5.650000,5.650000,5.315275,153300
2018-02-22,5.670000,5.740000,5.670000,5.700000,5.362312,146600
2018-02-23,5.730000,5.800000,5.720000,5.790000,5.446980,207700
2018-02-26,5.800000,5.940000,5.770000,5.910000,5.559871,248200
2018-02-27,5.960000,6.130000,5.950000,6.080000,5.719800,378100
2018-02-28,6.120000,6.170000,5.970000,5.980000,5.625724,285800
2018-03-01,5.970000,6.140000,5.970000,6.100000,5.738615,231800
2018-03-02,6.100000,6.150000,5.970000,6.130000,5.766838,233800
2018-03-05,6.120000,6.250000,6.060000,6.230000,5.860913,210000
2018-03-06,6.230000,6.300000,6.180000,6.290000,5.917359,188100
2018-03-07,6.260000,6.320000,6.210000,6.280000,5.907951,179500
2018-03-08,6.280000,6.360000,6.270000,6.360000,5.983212,197900
2018-03-09,6.340000,6.440000,6.300000,6.360000,5.983212,317600
2018-03-12,6.420000,6.440000,6.230000,6.300000,5.926766,363800
2018-03-13,6.420000,6.440000,6.230000,6.240000,5.870321,388300
2018-03-14,6.250000,6.320000,6.190000,6.310000,5.936173,394900
2018-03-15,6.190000,6.190000,6.000000,6.060000,5.887596,357000
2018-03-16,6.060000,6.160000,6.000000,6.030000,5.858450,310500
2018-03-19,6.040000,6.150000,5.950000,6.130000,5.955605,354100
2018-03-20,6.150000,6.200000,6.020000,6.110000,5.936174,216900
2018-03-21,6.090000,6.120000,6.020000,6.040000,5.868165,145900
2018-03-22,6.020000,6.200000,6.020000,6.160000,5.984751,231600
2018-03-23,6.260000,6.260000,5.970000,6.200000,6.023613,149700
2018-03-26,6.140000,6.230000,6.090000,6.090000,5.916743,266000
2018-03-27,6.080000,6.110000,5.930000,6.020000,5.848734,261500
2018-03-28,6.030000,6.130000,5.970000,6.100000,5.926458,173500
2018-03-29,6.080000,6.180000,6.050000,6.110000,5.936174,229300
2018-04-02,6.130000,6.170000,6.030000,6.160000,5.984751,205800
2018-04-03,6.140000,6.230000,6.100000,6.180000,6.004182,276900
2018-04-04,6.150000,6.260000,6.120000,6.240000,6.062475,204500
2018-04-05,6.270000,6.330000,6.250000,6.260000,6.081906,372300
2018-04-06,6.250000,6.310000,6.180000,6.220000,6.043044,110000
2018-04-09,6.210000,6.270000,6.180000,6.200000,6.023613,123100
2018-04-10,6.210000,6.250000,6.070000,6.130000,5.955605,101300
2018-04-11,6.120000,6.250000,6.090000,6.160000,5.984751,106600
2018-04-12,6.150000,6.240000,6.130000,6.190000,6.013898,166000
2018-04-13,6.200000,6.200000,6.080000,6.120000,5.945889,81300
2018-04-16,6.150000,6.150000,6.080000,6.080000,5.907027,118900
2018-04-17,6.100000,6.150000,6.100000,6.140000,5.965320,105700
2018-04-18,6.140000,6.200000,6.050000,6.060000,5.887596,143100
2018-04-19,6.070000,6.100000,6.000000,6.010000,5.839019,124100
2018-04-20,5.990000,6.080000,5.970000,6.050000,5.877881,183100
2018-04-23,6.080000,6.090000,6.020000,6.050000,5.877881,102300
2018-04-24,6.070000,6.150000,6.020000,6.070000,5.897312,123700
2018-04-25,6.020000,6.080000,5.990000,5.990000,5.819587,82100
2018-04-26,5.990000,6.040000,5.910000,5.940000,5.771010,123100
2018-04-27,5.940000,6.180000,5.940000,6.140000,5.965320,149700
2018-04-30,6.150000,6.160000,6.050000,6.130000,5.955605,96900
2018-05-01,6.000000,6.390000,6.000000,6.280000,6.101337,403400
2018-05-02,6.250000,6.360000,6.250000,6.320000,6.140200,188800
2018-05-03,6.320000,6.520000,6.320000,6.500000,6.315078,279900
2018-05-04,6.500000,6.610000,6.460000,6.470000,6.285932,356700
2018-05-07,6.450000,6.600000,6.450000,6.490000,6.305363,725800
2018-05-08,6.510000,6.570000,6.450000,6.500000,6.315078,229300
2018-05-09,6.500000,6.560000,6.450000,6.510000,6.324794,265300
2018-05-10,6.540000,6.650000,6.480000,6.610000,6.421949,277500
2018-05-11,6.630000,6.720000,6.520000,6.650000,6.460811,353500
2018-05-14,6.630000,6.890000,6.620000,6.760000,6.567682,363700
2018-05-15,6.760000,6.900000,6.700000,6.870000,6.674552,215100
2018-05-16,6.850000,6.980000,6.810000,6.900000,6.703699,307800
2018-05-17,6.900000,7.080000,6.900000,7.000000,6.800854,258500
2018-05-18,7.010000,7.040000,6.940000,6.990000,6.791138,156300
2018-05-21,6.990000,7.050000,6.990000,7.010000,6.810569,125800
2018-05-22,7.030000,7.050000,6.970000,6.980000,6.781423,154700
2018-05-23,7.000000,7.000000,6.980000,7.000000,6.800854,148800
2018-05-24,6.980000,7.040000,6.980000,7.000000,6.800854,142000
2018-05-25,6.980000,7.010000,6.900000,6.970000,6.771707,189200
2018-05-29,6.970000,6.990000,6.940000,6.970000,6.771707,138700
2018-05-30,6.980000,7.140000,6.980000,7.120000,6.917439,228500
2018-05-31,7.150000,7.190000,7.030000,7.140000,6.936871,282100
2018-06-01,7.200000,7.200000,7.080000,7.140000,6.936871,251700
2018-06-04,7.120000,7.120000,7.000000,7.070000,6.868862,318600
2018-06-05,7.030000,7.110000,7.020000,7.070000,6.868862,189000
2018-06-06,7.040000,7.200000,7.040000,7.180000,6.975733,198700
2018-06-07,7.150000,7.210000,7.010000,7.020000,6.820285,320400
2018-06-08,7.000000,7.250000,7.000000,7.170000,6.966017,302900
2018-06-11,7.170000,7.230000,7.100000,7.170000,6.966017,251400
2018-06-12,7.150000,7.190000,7.100000,7.110000,6.907724,269800
2018-06-13,7.100000,7.150000,7.000000,7.030000,6.830000,327900
2018-06-14,6.850000,7.020000,6.840000,7.000000,7.000000,286200
2018-06-15,6.960000,6.990000,6.900000,6.910000,6.910000,192300
2018-06-18,6.950000,7.040000,6.900000,6.930000,6.930000,239300
2018-06-19,6.950000,6.990000,6.940000,6.990000,6.990000,164300
2018-06-20,7.000000,7.030000,6.870000,6.910000,6.910000,223300
2018-06-21,6.940000,6.960000,6.900000,6.910000,6.910000,159800
2018-06-22,6.920000,6.970000,6.760000,6.830000,6.830000,246300
2018-06-25,6.830000,6.840000,6.690000,6.700000,6.700000,234400
2018-06-26,6.650000,6.910000,6.600000,6.800000,6.800000,171500
2018-06-27,6.830000,7.010000,6.830000,6.870000,6.870000,191700
2018-06-28,6.880000,7.000000,6.820000,6.890000,6.890000,146700
2018-06-29,6.950000,6.990000,6.860000,6.900000,6.900000,271100
