Date,Open,High,Low,Close,Adj Close,Volume
2013-09-27,24.100000,24.299999,23.000000,23.270000,17.015877,10124100
2013-09-30,23.250000,23.500000,22.809999,23.400000,17.110939,791700
2013-10-01,23.469999,23.490000,23.000000,23.150000,16.928131,888500
2013-10-02,23.170000,23.260000,22.750000,23.230000,16.986624,1014100
2013-10-03,23.250000,23.260000,22.750000,23.049999,16.855007,524300
2013-10-04,23.010000,23.360001,23.000000,23.290001,17.030500,712900
2013-10-07,23.260000,23.260000,22.760000,23.000000,16.818443,135300
2013-10-08,22.900000,23.100000,22.280001,22.660000,16.569826,793400
2013-10-09,22.510000,22.709999,22.260000,22.530001,16.474764,318700
2013-10-10,22.600000,22.940001,22.400000,22.740000,16.628321,217400
2013-10-11,22.500000,22.850000,22.500000,22.709999,16.606382,195700
2013-10-14,22.520000,22.969999,22.400000,22.950001,16.781885,101500
2013-10-15,23.049999,23.049999,22.340000,22.500000,16.452827,383400
2013-10-16,22.549999,22.870001,22.500000,22.540001,16.482077,678800
2013-10-17,22.520000,22.860001,22.260000,22.490000,16.445513,122400
2013-10-18,22.719999,23.100000,22.410000,23.040001,16.847694,673200
2013-10-21,23.059999,23.639999,22.910000,23.230000,16.986624,250100
2013-10-22,23.080000,23.400000,23.000000,23.340000,17.067066,176600
2013-10-23,23.030001,23.430000,23.000000,23.170000,16.942755,184800
2013-10-24,23.000000,23.490000,22.990000,23.049999,16.855007,187200
2013-10-25,23.000000,23.200001,22.799999,23.160000,16.935440,157300
2013-10-28,23.200001,23.250000,23.000000,23.110001,16.898886,86200
2013-10-29,23.059999,23.209999,22.850000,22.980000,16.803818,157900
2013-10-30,23.000000,23.090000,22.900000,22.980000,16.803818,200100
2013-10-31,22.990000,23.049999,22.670000,22.680000,16.584448,136000
2013-11-01,22.700001,23.000000,22.559999,22.709999,16.606382,142600
2013-11-04,22.750000,23.110001,22.320000,22.600000,16.525951,358500
2013-11-05,22.610001,23.260000,22.610001,23.139999,16.920818,111700
2013-11-06,23.930000,23.950001,23.450001,23.750000,17.366875,632700
2013-11-07,23.950001,24.000000,23.080000,23.129999,16.913506,418700
2013-11-08,23.240000,23.719999,23.150000,23.540001,17.213314,447400
2013-11-11,23.990000,24.820000,23.559999,24.160000,17.666679,370500
2013-11-12,24.000000,24.850000,23.440001,24.000000,17.549681,323900
2013-11-13,23.990000,24.660000,23.770000,24.480000,17.900671,251400
2013-11-14,24.520000,24.620001,24.360001,24.520000,17.929924,278700
2013-11-15,24.650000,25.500000,24.500000,25.030001,18.302856,206000
2013-11-18,25.490000,25.490000,24.760000,24.969999,18.258978,152200
2013-11-19,24.959999,25.049999,23.780001,24.549999,17.951859,151300
2013-11-20,24.580000,25.040001,23.920000,24.670000,18.039608,76600
2013-11-21,24.650000,25.030001,24.500000,24.870001,18.185854,186600
2013-11-22,24.990000,24.990000,24.420000,24.879999,18.193171,315100
2013-11-25,24.700001,25.190001,24.600000,24.889999,18.200481,191000
2013-11-26,25.040001,25.389999,24.340000,25.010000,18.288229,297400
2013-11-27,25.049999,25.209999,24.860001,24.930000,18.229727,152100
2013-11-29,24.959999,25.170000,24.360001,24.389999,17.834864,54500
2013-12-02,24.270000,25.240000,23.500000,24.990000,18.273605,212100
2013-12-03,25.139999,25.209999,24.120001,25.139999,18.383291,296100
2013-12-04,24.980000,25.969999,24.840000,25.730000,18.814718,292100
2013-12-05,25.629999,26.250000,25.510000,25.990000,19.004845,192100
2013-12-06,26.200001,27.090000,25.840000,26.969999,19.721455,148800
2013-12-09,27.000000,27.000000,26.080000,26.290001,19.224216,189800
2013-12-10,26.309999,26.740000,25.809999,26.440001,19.333902,144100
2013-12-11,26.530001,27.010000,26.459999,26.840000,19.626392,309200
2013-12-12,26.740000,27.530001,26.740000,27.469999,20.087070,316600
2013-12-13,27.549999,27.840000,26.680000,27.280001,19.948135,226300
2013-12-16,27.309999,28.500000,27.309999,28.150000,20.584311,286500
2013-12-17,28.049999,28.510000,27.650000,27.860001,20.372253,380500
2013-12-18,27.790001,28.580000,27.670000,28.059999,20.518503,560200
2013-12-19,27.860001,28.400000,27.410000,28.250000,20.657436,407700
2013-12-20,28.139999,28.370001,27.370001,27.770000,20.306438,3410100
2013-12-23,27.910000,28.430000,27.700001,28.350000,20.730562,262500
2013-12-24,29.580000,29.660000,28.580000,28.920000,21.147367,116900
2013-12-26,28.969999,29.020000,28.530001,28.980000,21.191240,157900
2013-12-27,28.900000,29.570000,28.620001,29.480000,21.791843,340700
2013-12-30,29.790001,30.809999,29.420000,30.370001,22.449743,1332100
2013-12-31,30.370001,30.500000,30.139999,30.309999,22.405386,371500
2014-01-02,30.200001,31.780001,30.150000,31.400000,23.211126,324900
2014-01-03,31.200001,31.740000,30.639999,31.350000,23.174164,296600
2014-01-06,31.580000,31.790001,31.000000,31.420000,23.225910,395900
2014-01-07,29.510000,31.129999,29.059999,30.850000,22.804564,1015400
2014-01-08,30.850000,31.410000,30.790001,30.950001,22.878481,1021600
2014-01-09,31.389999,31.389999,30.650000,30.760000,22.738033,183100
2014-01-10,30.900000,30.930000,30.379999,30.420000,22.486702,107800
2014-01-13,30.299999,30.299999,29.100000,29.549999,21.843594,526700
2014-01-14,30.010000,31.360001,29.580000,29.700001,21.954473,365400
2014-01-15,29.620001,30.480000,29.320000,29.410000,21.740099,191900
2014-01-16,29.500000,29.830000,29.070000,29.270000,21.636614,198600
2014-01-17,29.290001,29.480000,28.830000,29.080000,21.496162,290400
2014-01-21,29.139999,29.670000,28.629999,29.000000,21.437025,260300
2014-01-22,29.090000,29.090000,28.639999,28.860001,21.333534,186000
2014-01-23,28.770000,28.879999,27.860001,28.139999,20.801308,339600
2014-01-24,28.059999,28.209999,27.700001,27.799999,20.549974,313100
2014-01-27,27.959999,28.139999,27.760000,27.910000,20.631290,186300
2014-01-28,27.850000,28.160000,27.450001,27.549999,20.365173,199900
2014-01-29,27.370001,27.790001,26.719999,27.530001,20.350393,127500
2014-01-30,27.780001,28.160000,27.320000,28.059999,20.742172,514800
2014-01-31,27.790001,28.360001,27.370001,27.889999,20.616505,281300
2014-02-03,27.959999,28.200001,27.190001,27.250000,20.143414,227600
2014-02-04,27.370001,27.660000,27.250000,27.270000,20.158199,153000
2014-02-05,27.200001,27.309999,26.760000,26.820000,19.825552,147800
2014-02-06,26.799999,27.230000,26.750000,26.850000,19.847729,204300
2014-02-07,26.830000,27.500000,26.190001,27.440001,20.283861,307800
2014-02-10,27.420000,27.780001,26.530001,26.740000,19.766417,279300
2014-02-11,26.830000,27.870001,26.760000,26.990000,19.951218,194300
2014-02-12,27.070000,27.320000,26.629999,26.860001,19.855124,136300
2014-02-13,26.709999,27.160000,26.700001,26.900000,19.884689,182800
2014-02-14,26.950001,26.950001,26.510000,26.650000,19.699888,58000
2014-02-18,26.820000,27.379999,26.500000,26.840000,19.840338,144000
2014-02-19,26.709999,27.020000,26.559999,26.719999,19.751633,222500
2014-02-20,26.799999,26.850000,25.950001,26.219999,19.382025,230500
2014-02-21,26.420000,26.930000,25.850000,26.559999,19.633362,179900
2014-02-24,26.700001,26.969999,25.830000,26.200001,19.367247,228200
2014-02-25,26.160000,27.090000,26.160000,27.010000,19.966003,119000
2014-02-26,27.000000,27.150000,26.770000,26.910000,19.892080,165400
2014-02-27,27.000000,28.709999,26.840000,28.139999,20.801308,378900
2014-02-28,28.049999,28.230000,25.820000,27.400000,20.254290,554200
2014-03-03,27.709999,28.879999,27.200001,28.260000,20.890011,439500
2014-03-04,28.709999,29.000000,28.250000,28.540001,21.096991,315500
2014-03-05,28.440001,28.910000,27.959999,28.570000,21.119165,162100
2014-03-06,28.670000,28.980000,28.160000,28.469999,21.045244,144700
2014-03-07,28.700001,28.900000,27.690001,27.900000,20.623896,123500
2014-03-10,28.209999,28.719999,27.980000,28.240000,20.875229,210200
2014-03-11,28.190001,28.420000,27.250000,27.309999,20.187765,227900
2014-03-12,27.240000,28.410000,26.840000,27.100000,20.032532,224600
2014-03-13,27.180000,27.990000,26.799999,27.930000,20.646074,141700
2014-03-14,28.110001,28.200001,27.600000,27.820000,20.564762,82200
2014-03-17,28.160000,28.209999,27.049999,27.500000,20.328217,162800
2014-03-18,27.400000,28.580000,27.260000,27.690001,20.468670,121400
2014-03-19,27.549999,27.750000,27.000000,27.049999,19.995569,106000
2014-03-20,26.980000,28.230000,26.700001,27.280001,20.165586,103100
2014-03-21,27.250000,28.000000,27.250000,27.600000,20.402136,401500
2014-03-24,27.690001,28.459999,26.750000,27.030001,19.980789,152500
2014-03-25,27.090000,27.520000,26.900000,27.080000,20.017750,131800
2014-03-26,27.320000,27.580000,26.500000,26.620001,19.677711,217500
2014-03-27,26.450001,27.110001,26.250000,26.740000,20.001213,238400
2014-03-28,26.760000,27.240000,26.620001,26.980000,20.180735,204800
2014-03-31,27.059999,27.870001,27.049999,27.129999,20.292933,141400
2014-04-01,27.080000,27.730000,26.889999,27.190001,20.337812,127900
2014-04-02,27.469999,27.620001,26.920000,26.980000,20.180735,88300
2014-04-03,27.120001,27.950001,26.670000,27.510000,20.577166,135300
2014-04-04,28.059999,28.660000,27.559999,27.980000,20.928722,244600
2014-04-07,28.000000,28.320000,27.330000,28.020000,20.958645,187100
2014-04-08,28.000000,28.799999,27.549999,27.950001,20.906282,266800
2014-04-09,28.129999,28.330000,27.700001,27.969999,20.921246,160600
2014-04-10,28.000000,29.000000,27.700001,28.719999,21.482237,392200
2014-04-11,28.520000,29.120001,28.400000,28.549999,21.355076,108200
2014-04-14,28.740000,29.400000,28.180000,28.290001,21.160603,170000
2014-04-15,28.250000,28.580000,27.910000,28.230000,21.115721,136200
2014-04-16,28.360001,28.580000,28.000000,28.299999,21.168079,298400
2014-04-17,28.230000,28.680000,28.000000,28.280001,21.153122,193200
2014-04-21,28.299999,28.299999,27.900000,28.000000,20.943680,213800
2014-04-22,28.000000,29.320000,27.809999,28.000000,20.943680,212000
2014-04-23,28.000000,28.100000,27.700001,27.809999,20.801565,183300
2014-04-24,27.940001,28.000000,27.360001,27.770000,20.771646,83700
2014-04-25,27.680000,27.799999,27.010000,27.540001,20.599611,141100
2014-04-28,27.690001,27.690001,26.790001,26.850000,20.083498,168000
2014-04-29,27.000000,27.030001,26.059999,26.129999,19.544943,209100
2014-04-30,26.000000,28.320000,25.860001,26.799999,20.046097,317300
2014-05-01,26.860001,27.160000,26.580000,26.830000,20.068539,228600
2014-05-02,26.940001,27.490000,25.320000,25.840000,19.328028,286800
2014-05-05,25.799999,26.270000,25.280001,26.020000,19.462667,293900
2014-05-06,25.299999,27.870001,24.350000,27.100000,20.270494,1350400
2014-05-07,27.230000,28.180000,26.850000,28.020000,20.958645,682400
2014-05-08,27.709999,29.139999,27.240000,28.330000,21.190521,715600
2014-05-09,28.309999,28.940001,27.750000,28.750000,21.504675,8641100
2014-05-12,28.980000,29.309999,28.549999,29.240000,21.871191,1257400
2014-05-13,29.280001,29.450001,29.100000,29.200001,21.841269,912900
2014-05-14,29.020000,29.389999,28.700001,29.280001,21.901110,722300
2014-05-15,29.299999,29.350000,28.670000,29.110001,21.773952,567900
2014-05-16,29.250000,29.410000,28.910000,29.200001,21.841269,884800
2014-05-19,29.260000,29.379999,28.950001,29.059999,21.736551,311400
2014-05-20,29.200001,29.250000,28.930000,29.150000,21.803867,549300
2014-05-21,29.209999,29.209999,28.900000,29.030001,21.714113,315800
2014-05-22,29.200001,29.500000,28.969999,29.360001,21.960947,294700
2014-05-23,29.469999,29.840000,29.320000,29.500000,22.065666,381200
2014-05-27,29.730000,29.969999,29.520000,29.860001,22.334938,323300
2014-05-28,29.799999,30.440001,29.799999,30.370001,22.716421,458900
2014-05-29,30.450001,31.190001,30.180000,31.090000,23.254963,589100
2014-05-30,31.219999,31.219999,30.309999,30.350000,22.701454,1231600
2014-06-02,30.350000,30.469999,29.910000,30.020000,22.454618,262400
2014-06-03,29.900000,30.350000,29.559999,30.010000,22.447140,372500
2014-06-04,29.990000,30.080000,29.809999,29.980000,22.424698,461700
2014-06-05,29.900000,30.790001,29.850000,30.600000,22.888454,449300
2014-06-06,30.570000,30.670000,30.260000,30.650000,22.925854,244800
2014-06-09,30.719999,30.850000,30.180000,30.430000,22.761295,300200
2014-06-10,30.410000,30.780001,30.070000,30.590000,22.880978,275500
2014-06-11,30.580000,30.900000,30.299999,30.389999,22.731375,260300
2014-06-12,30.480000,30.480000,30.000000,30.270000,22.641621,203700
2014-06-13,30.350000,31.000000,30.350000,30.910000,23.120329,372000
2014-06-16,30.820000,31.190001,30.260000,30.780001,23.023090,350700
2014-06-17,30.780001,31.370001,30.639999,30.770000,23.015612,388600
2014-06-18,30.870001,31.650000,30.469999,31.299999,23.412048,585900
2014-06-19,31.320000,31.540001,31.049999,31.370001,23.464407,207700
2014-06-20,31.459999,32.400002,31.389999,32.299999,24.160032,973900
2014-06-23,32.500000,33.189999,32.110001,32.689999,24.451750,744900
2014-06-24,32.410000,33.000000,32.340000,32.529999,24.332071,555800
2014-06-25,32.560001,32.750000,32.009998,32.160000,24.055315,463700
2014-06-26,31.959999,32.299999,31.760000,32.279999,24.389269,274600
2014-06-27,32.060001,33.000000,31.920000,32.340000,24.434601,3542600
2014-06-30,32.220001,33.299999,32.009998,33.110001,25.016378,616100
2014-07-01,33.480000,34.150002,33.209999,33.959999,25.658596,621200
2014-07-02,34.000000,34.150002,33.250000,33.360001,25.205265,431800
2014-07-03,33.320000,33.750000,32.830002,33.020000,24.948383,262600
2014-07-07,33.230000,33.680000,32.880001,33.639999,25.416824,442300
2014-07-08,33.730000,34.060001,33.400002,33.430000,25.258158,557200
2014-07-09,32.919998,33.610001,32.799999,33.259998,25.129715,531400
2014-07-10,33.000000,33.270000,32.840000,32.959999,24.903049,234900
2014-07-11,32.959999,33.360001,32.840000,33.160000,25.054159,240800
2014-07-14,33.389999,33.639999,33.090000,33.200001,25.084381,170200
2014-07-15,33.250000,33.270000,33.009998,33.209999,25.091938,124400
2014-07-16,33.450001,33.900002,33.060001,33.160000,25.054159,216800
2014-07-17,33.060001,33.330002,33.000000,33.009998,24.940823,165900
2014-07-18,32.900002,33.700001,32.840000,33.700001,25.462160,215900
2014-07-21,33.500000,34.180000,33.490002,33.869999,25.590603,383900
2014-07-22,34.029999,34.509998,33.900002,34.189999,25.832378,209600
2014-07-23,34.160000,34.270000,33.130001,33.669998,25.439491,336100
2014-07-24,33.419998,33.630001,32.959999,32.959999,24.903049,283500
2014-07-25,32.750000,33.009998,31.660000,31.860001,24.071936,552900
2014-07-28,31.770000,32.369999,31.420000,31.959999,24.147491,252900
2014-07-29,31.959999,32.340000,31.309999,31.730000,23.973717,504400
2014-07-30,31.889999,32.299999,31.150000,31.430000,23.747051,419500
2014-07-31,31.200001,31.540001,30.840000,30.990000,23.414608,430200
2014-08-01,31.139999,31.350000,30.490000,30.670000,23.172831,503600
2014-08-04,30.670000,31.860001,30.309999,31.580000,23.860384,480300
2014-08-05,31.370001,32.040001,31.000000,31.700001,23.951050,709300
2014-08-06,30.590000,31.370001,30.320000,30.700001,23.195494,710700
2014-08-07,30.690001,30.990000,30.010000,30.090000,22.734610,420600
2014-08-08,29.980000,30.430000,29.610001,30.350000,22.931051,349300
2014-08-11,30.360001,30.650000,30.150000,30.379999,22.953716,240500
2014-08-12,30.209999,30.250000,29.940001,29.950001,22.628834,264800
2014-08-13,29.969999,30.900000,29.920000,30.500000,23.044384,463700
2014-08-14,30.379999,30.830000,30.290001,30.770000,23.248388,199200
2014-08-15,30.750000,30.900000,30.400000,30.840000,23.301275,315100
2014-08-18,30.969999,31.250000,30.940001,31.180000,23.558163,243000
2014-08-19,31.330000,31.500000,30.780001,30.990000,23.414608,380500
2014-08-20,30.900000,31.260000,30.740000,31.219999,23.588381,223500
2014-08-21,31.190001,31.520000,30.950001,31.170000,23.550606,211300
2014-08-22,31.180000,31.510000,31.059999,31.240000,23.603495,111400
2014-08-25,31.459999,31.459999,30.920000,31.049999,23.459942,484300
2014-08-26,31.190001,31.420000,30.879999,31.270000,23.626162,267400
2014-08-27,31.420000,31.860001,31.110001,31.700001,23.951050,214500
2014-08-28,31.639999,31.990000,31.309999,31.850000,24.064384,151200
2014-08-29,31.889999,32.330002,31.580000,32.240002,24.359053,217500
2014-09-02,32.230000,33.150002,31.610001,31.709999,23.958605,358300
2014-09-03,31.709999,32.009998,31.700001,31.850000,24.064384,128400
2014-09-04,31.889999,32.230000,31.570000,31.690001,23.943497,255500
2014-09-05,31.570000,32.650002,31.559999,32.360001,24.449718,419600
2014-09-08,32.410000,33.099998,32.400002,32.750000,24.744381,855900
2014-09-09,32.720001,32.990002,32.270000,32.590000,24.623491,355400
2014-09-10,32.540001,32.799999,32.080002,32.150002,24.291048,278500
2014-09-11,32.020000,32.419998,31.610001,32.259998,24.374159,154500
2014-09-12,32.070000,32.419998,30.500000,31.299999,23.648832,372400
2014-09-15,31.370001,31.809999,30.860001,30.920000,23.361721,351400
2014-09-16,30.900000,31.270000,30.850000,30.950001,23.384386,196900
2014-09-17,30.910000,31.299999,30.830000,30.879999,23.331497,323900
2014-09-18,30.840000,31.030001,30.500000,30.809999,23.278608,257600
2014-09-19,30.840000,31.150000,30.559999,30.910000,23.354162,455000
2014-09-22,30.790001,30.950001,30.280001,30.350000,22.931051,708700
2014-09-23,30.260000,30.600000,30.110001,30.559999,23.089722,460900
2014-09-24,30.639999,30.850000,30.120001,30.719999,23.210608,284000
2014-09-25,30.580000,30.750000,30.450001,30.680000,23.180384,272700
2014-09-26,30.219999,30.670000,30.020000,30.530001,23.316332,209600
2014-09-29,30.320000,30.770000,30.059999,30.760000,23.491983,272700
2014-09-30,31.620001,32.110001,30.620001,30.920000,23.614176,780500
2014-10-01,31.010000,32.029999,30.500000,31.610001,24.141144,632000
2014-10-02,31.520000,31.740000,30.700001,30.870001,23.575993,397100
2014-10-03,31.200001,31.690001,31.010000,31.680000,24.194607,188600
2014-10-06,31.700001,31.910000,30.940001,30.990000,23.667635,172000
2014-10-07,30.920000,31.590000,30.670000,30.980000,23.660004,301900
2014-10-08,31.000000,31.240000,30.219999,30.510000,23.301052,333200
2014-10-09,30.680000,31.219999,28.740000,29.010000,22.155474,498700
2014-10-10,28.780001,29.459999,28.680000,28.790001,21.987457,365300
2014-10-13,28.700001,28.950001,27.840000,27.969999,21.361204,284200
2014-10-14,28.049999,28.350000,25.600000,26.680000,20.376007,803200
2014-10-15,26.270000,26.639999,25.320000,26.170000,19.986513,925900
2014-10-16,25.830000,27.799999,25.809999,27.209999,20.780783,593700
2014-10-17,27.660000,28.870001,27.299999,28.570000,21.819439,1018300
2014-10-20,28.490000,28.870001,27.520000,28.190001,21.529230,280200
2014-10-21,28.320000,28.790001,28.090000,28.700001,21.918720,244200
2014-10-22,26.959999,28.740000,26.959999,28.290001,21.605597,362400
2014-10-23,28.540001,29.000000,28.110001,28.150000,21.498676,209800
2014-10-24,28.200001,28.860001,28.010000,28.250000,21.575048,338500
2014-10-27,28.340000,28.340000,27.530001,27.980000,21.368849,164000
2014-10-28,28.139999,28.540001,27.809999,28.530001,21.788889,269700
2014-10-29,28.709999,29.000000,28.260000,28.580000,21.827078,226400
2014-10-30,28.580000,29.410000,28.240000,29.120001,22.239485,254000
2014-10-31,30.570000,31.110001,28.150000,28.780001,21.979820,337500
2014-11-03,28.650000,29.020000,28.010000,28.740000,21.949268,294800
2014-11-04,28.709999,28.990000,27.020000,27.129999,20.719685,312200
2014-11-05,27.260000,27.870001,26.660000,26.980000,20.605127,550900
2014-11-06,27.010000,27.280001,26.650000,26.750000,20.429468,496800
2014-11-07,26.709999,28.190001,26.680000,28.170000,21.513952,537000
2014-11-10,28.090000,28.660000,27.350000,27.650000,21.116814,160700
2014-11-11,28.400000,28.950001,27.580000,28.120001,21.475765,225400
2014-11-12,27.889999,28.840000,27.760000,28.760000,21.964548,234200
2014-11-13,28.760000,28.930000,27.930000,28.070000,21.437580,267300
2014-11-14,28.010000,28.160000,26.900000,27.209999,20.780783,246200
2014-11-17,27.160000,27.850000,26.400000,26.420000,20.177443,287300
2014-11-18,26.530001,27.190001,26.510000,26.799999,20.467655,415800
2014-11-19,26.879999,27.129999,25.670000,25.780001,19.688663,546800
2014-11-20,25.780001,26.010000,25.410000,25.969999,19.833771,304800
2014-11-21,26.430000,26.490000,25.740000,25.870001,19.757401,460700
2014-11-24,26.090000,26.450001,25.570000,25.830000,19.726847,388100
2014-11-25,25.980000,26.860001,25.900000,26.860001,20.513481,502100
2014-11-26,26.959999,27.270000,26.610001,26.930000,20.566942,251400
2014-11-28,26.870001,26.920000,26.219999,26.530001,20.261452,162500
2014-12-01,26.600000,26.600000,25.330000,25.600000,19.551197,618000
2014-12-02,25.600000,26.740000,25.320000,26.469999,20.215630,714000
2014-12-03,26.379999,27.280001,26.250000,26.430000,20.185081,527600
2014-12-04,26.330000,26.930000,25.500000,25.639999,19.581743,429300
2014-12-05,25.580000,25.850000,25.320000,25.790001,19.696302,357500
2014-12-08,25.799999,26.639999,23.879999,24.330000,18.581272,561800
2014-12-09,24.200001,24.760000,23.879999,24.500000,18.711103,961100
2014-12-10,24.450001,25.250000,23.670000,23.760000,18.145950,568100
2014-12-11,23.930000,25.010000,23.830000,24.350000,18.596546,461500
2014-12-12,24.180000,24.740000,23.620001,23.740000,18.130678,540900
2014-12-15,23.930000,24.670000,22.680000,23.469999,17.924473,941700
2014-12-16,23.480000,24.629999,23.459999,23.959999,18.298697,614400
2014-12-17,23.959999,24.910000,23.760000,24.570000,18.764566,508200
2014-12-18,25.400000,26.120001,24.570000,25.110001,19.176975,436500
2014-12-19,25.250000,26.080000,25.010000,25.170000,19.222797,1073100
2014-12-22,25.250000,25.840000,24.700001,25.260000,19.291533,300300
2014-12-23,25.540001,25.940001,24.920000,25.760000,19.673389,240400
2014-12-24,25.840000,25.860001,25.230000,25.230000,19.268620,202900
2014-12-26,25.230000,25.299999,25.049999,25.160000,19.215157,290900
2014-12-29,24.940001,25.440001,24.750000,24.879999,19.257729,355300
2014-12-30,24.670000,24.990000,24.389999,24.540001,18.994560,485300
2014-12-31,24.680000,25.120001,24.129999,24.660000,19.087444,471100
2015-01-02,25.010000,26.110001,24.129999,25.969999,20.101418,670800
2015-01-05,26.430000,26.860001,24.830000,25.320000,19.598299,846900
2015-01-06,25.530001,26.100000,25.240000,25.780001,19.954355,869800
2015-01-07,26.510000,28.049999,26.150000,27.330000,21.154091,982800
2015-01-08,27.360001,27.740000,27.120001,27.260000,21.099905,543900
2015-01-09,27.389999,27.850000,26.940001,27.530001,21.308893,454500
2015-01-12,27.680000,28.330000,26.900000,28.200001,21.827496,599900
2015-01-13,28.260000,28.510000,27.750000,28.430000,22.005516,679100
2015-01-14,28.160000,28.750000,27.969999,28.490000,22.051960,382500
2015-01-15,28.620001,28.650000,27.200001,27.549999,21.324375,727400
2015-01-16,27.680000,28.190001,27.459999,28.160000,21.796532,399000
2015-01-20,28.330000,28.330000,27.070000,27.629999,21.386295,371800
2015-01-21,27.639999,28.040001,27.209999,27.620001,21.378555,384500
2015-01-22,27.860001,28.750000,27.430000,28.750000,22.253202,379600
2015-01-23,28.830000,30.000000,28.260000,29.860001,23.112371,647100
2015-01-26,29.660000,30.850000,28.889999,30.780001,23.824474,584100
2015-01-27,30.520000,30.629999,29.290001,29.790001,23.058193,445000
2015-01-28,29.840000,30.270000,28.940001,29.219999,22.616997,456300
2015-01-29,29.420000,30.250000,28.600000,30.230000,23.398764,429300
2015-01-30,30.100000,30.219999,29.180000,29.219999,22.616997,281500
2015-02-02,29.420000,30.530001,29.030001,30.090000,23.290400,422300
2015-02-03,29.830000,31.200001,29.620001,30.010000,23.228477,908500
2015-02-04,29.030001,29.209999,28.490000,29.120001,22.539595,6099000
2015-02-05,29.200001,29.379999,29.000000,29.100000,22.524113,910800
2015-02-06,29.020000,29.100000,28.309999,28.559999,22.106140,1301300
2015-02-09,28.600000,28.950001,28.059999,28.209999,21.835230,733900
2015-02-10,28.040001,28.430000,27.910000,28.309999,21.912636,662400
2015-02-11,28.120001,28.120001,27.420000,27.760000,21.486919,587100
2015-02-12,27.980000,28.260000,26.820000,27.469999,21.262453,734300
2015-02-13,27.570000,28.129999,27.290001,27.809999,21.525623,741000
2015-02-17,28.200001,28.250000,27.200001,27.760000,21.486919,549400
2015-02-18,27.790001,28.129999,27.590000,27.770000,21.494661,334600
2015-02-19,27.799999,28.900000,27.799999,28.450001,22.020998,512100
2015-02-20,28.500000,28.990000,28.100000,28.260000,21.873930,394300
2015-02-23,28.250000,28.559999,27.910000,28.340000,21.935854,286100
2015-02-24,28.379999,28.600000,28.030001,28.200001,21.827496,465300
2015-02-25,28.230000,28.400000,27.840000,27.980000,21.657206,495800
2015-02-26,28.180000,28.420000,27.889999,28.120001,21.765572,608400
2015-02-27,28.370001,28.389999,27.420000,27.820000,21.533361,1240100
2015-03-02,28.219999,28.219999,27.350000,27.850000,21.556581,903700
2015-03-03,27.620001,28.180000,27.299999,27.600000,21.363079,646200
2015-03-04,27.610001,27.870001,27.160000,27.580000,21.347593,487100
2015-03-05,27.540001,28.510000,27.389999,27.980000,21.657206,348900
2015-03-06,27.889999,28.000000,27.110001,27.240000,21.084427,443700
2015-03-09,27.459999,27.690001,26.559999,26.980000,20.883181,507000
2015-03-10,26.860001,27.280001,26.340000,26.510000,20.519386,510600
2015-03-11,26.500000,26.900000,25.900000,26.379999,20.418768,1686800
2015-03-12,26.660000,27.190001,26.450001,26.700001,20.666452,459100
2015-03-13,26.740000,27.219999,26.219999,26.670000,20.643232,469700
2015-03-16,26.879999,27.230000,26.450001,26.910000,20.829000,479200
2015-03-17,26.870001,27.610001,26.490000,27.540001,21.316635,422000
2015-03-18,27.450001,28.430000,27.049999,28.080000,21.734608,474600
2015-03-19,28.000000,28.379999,27.830000,27.879999,21.579803,404100
2015-03-20,28.129999,28.670000,28.129999,28.469999,22.036478,455300
2015-03-23,28.500000,28.900000,28.260000,28.520000,22.075178,417300
2015-03-24,28.450001,28.990000,28.139999,28.559999,22.106140,296700
2015-03-25,28.559999,28.889999,28.129999,28.190001,21.819752,440700
2015-03-26,28.139999,28.360001,27.559999,28.139999,21.781052,373100
2015-03-27,27.940001,28.389999,27.889999,28.290001,22.166553,281800
2015-03-30,28.480000,28.780001,28.280001,28.440001,22.284084,245800
2015-03-31,27.809999,28.600000,27.770000,28.320000,22.190060,449500
2015-04-01,28.260000,29.370001,28.110001,29.290001,22.950102,628900
2015-04-02,29.370001,29.389999,28.980000,29.090000,22.793390,488700
2015-04-06,29.160000,31.070000,28.900000,30.049999,23.545599,836700
2015-04-07,30.650000,30.650000,29.760000,30.340000,23.772827,474700
2015-04-08,30.469999,30.650000,29.510000,29.870001,23.404560,537700
2015-04-09,30.150000,30.160000,29.219999,29.950001,23.467243,624500
2015-04-10,30.129999,30.280001,29.500000,29.580000,23.177330,294000
2015-04-13,29.639999,29.969999,29.350000,29.559999,23.161659,504000
2015-04-14,30.020000,30.100000,29.010000,29.400000,23.036293,447700
2015-04-15,29.650000,30.580000,29.270000,30.500000,23.898193,558300
2015-04-16,30.790001,30.969999,29.969999,29.980000,23.490749,485000
2015-04-17,29.860001,30.309999,29.450001,30.059999,23.553436,360200
2015-04-20,30.100000,30.730000,29.900000,30.290001,23.733650,388700
2015-04-21,30.330000,30.740000,29.580000,29.740000,23.302702,416700
2015-04-22,29.820000,30.000000,29.200001,29.820000,23.365383,515300
2015-04-23,29.879999,30.790001,29.840000,30.660000,24.023561,400800
2015-04-24,30.809999,30.850000,30.370001,30.520000,23.913868,263300
2015-04-27,30.600000,30.840000,29.910000,30.129999,23.608282,385000
2015-04-28,30.100000,30.540001,29.900000,30.290001,23.733650,470100
2015-04-29,30.240000,30.320000,29.879999,29.959999,23.475079,389200
2015-04-30,29.900000,30.200001,28.920000,28.980000,22.707201,628600
2015-05-01,28.900000,29.299999,28.370001,28.490000,22.323263,611100
2015-05-04,28.750000,30.080000,28.540001,29.490000,23.106812,888100
2015-05-05,29.500000,29.570000,28.459999,28.590000,22.401619,508100
2015-05-06,28.600000,28.959999,27.930000,28.230000,22.119541,594600
2015-05-07,27.400000,28.480000,27.129999,27.620001,21.641577,646700
2015-05-08,28.430000,28.940001,27.750000,28.459999,22.299759,390400
2015-05-11,28.379999,28.809999,28.080000,28.150000,22.056854,379700
2015-05-12,28.139999,28.400000,27.540001,27.660000,21.672916,519400
2015-05-13,27.870001,27.889999,27.250000,27.490000,21.539717,394500
2015-05-14,27.700001,27.809999,27.350000,27.459999,21.516209,292500
2015-05-15,27.420000,28.360001,27.389999,28.110001,22.025517,431200
2015-05-18,27.969999,28.670000,27.920000,28.420000,22.268417,312900
2015-05-19,28.389999,28.850000,28.219999,28.750000,22.526987,346400
2015-05-20,28.709999,28.840000,28.040001,28.520000,22.346769,354900
2015-05-21,28.379999,28.889999,28.200001,28.350000,22.213568,350400
2015-05-22,28.379999,28.469999,27.760000,28.370001,22.229239,281400
2015-05-26,28.180000,28.500000,28.010000,28.170000,22.072529,302500
2015-05-27,28.200001,28.580000,27.900000,28.480000,22.315428,393600
2015-05-28,28.309999,28.930000,28.000000,28.620001,22.425125,286800
2015-05-29,28.490000,28.790001,28.270000,28.440001,22.284084,573900
2015-06-01,28.680000,29.350000,28.250000,29.270000,22.934431,579200
2015-06-02,29.270000,30.070000,28.809999,29.850000,23.388887,1255800
2015-06-03,29.799999,30.320000,29.080000,29.400000,23.036293,1412100
2015-06-04,29.290001,29.760000,28.780001,29.090000,22.793390,1090200
2015-06-05,28.990000,29.040001,28.540001,28.860001,22.613174,391800
2015-06-08,28.730000,29.059999,28.670000,28.969999,22.699366,543300
2015-06-09,29.000000,29.139999,28.070000,28.330000,22.197895,422800
2015-06-10,28.389999,29.219999,28.240000,28.520000,22.346769,656700
2015-06-11,28.520000,28.799999,28.000000,28.490000,22.323263,419700
2015-06-12,28.260000,28.889999,28.100000,28.620001,22.425125,402200
2015-06-15,28.840000,29.370001,28.290001,29.000000,22.722874,960400
2015-06-16,29.030001,29.040001,28.490000,28.730000,22.511316,614700
2015-06-17,28.750000,29.219999,28.660000,29.190001,22.871746,568200
2015-06-18,29.530001,30.379999,29.030001,30.129999,23.608282,1282300
2015-06-19,30.250000,30.370001,29.490000,29.950001,23.467243,3416100
2015-06-22,30.240000,32.000000,29.830000,30.930000,24.235119,1615300
2015-06-23,31.049999,31.160000,30.389999,30.430000,23.843346,1256900
2015-06-24,30.639999,31.540001,30.250000,30.799999,24.133259,1647200
2015-06-25,30.969999,31.230000,30.400000,30.600000,23.976547,939800
2015-06-26,30.389999,30.820000,29.980000,30.100000,23.859234,2765700
2015-06-29,30.190001,30.190001,28.930000,29.010000,22.995230,893700
2015-06-30,29.020000,29.330000,28.340000,28.379999,22.495850,1002400
2015-07-01,28.590000,28.889999,28.129999,28.290001,22.424509,718400
2015-07-02,28.309999,28.809999,28.090000,28.760000,22.797062,555000
2015-07-06,28.450001,28.870001,28.320000,28.709999,22.757431,658500
2015-07-07,28.770000,29.430000,28.600000,29.250000,23.185467,733500
2015-07-08,28.959999,29.270000,28.850000,29.230000,23.169617,796600
2015-07-09,29.510000,29.809999,28.900000,28.910000,22.915962,570600
2015-07-10,28.940001,29.549999,28.860001,29.200001,23.145836,413200
2015-07-13,29.200001,29.510000,29.010000,29.209999,23.153763,253600
2015-07-14,29.290001,29.400000,28.430000,28.549999,22.630604,647400
2015-07-15,28.350000,28.440001,27.299999,27.549999,21.837938,918300
2015-07-16,27.639999,27.930000,27.200001,27.520000,21.814157,726500
2015-07-17,27.620001,27.760000,26.320000,26.459999,20.973930,1074700
2015-07-20,26.590000,26.850000,26.160000,26.320000,20.862959,879000
2015-07-21,26.230000,26.480000,25.620001,25.740000,20.403215,686100
2015-07-22,24.600000,24.879999,23.170000,23.700001,18.786177,6786300
2015-07-23,23.950001,24.820000,23.910000,24.670000,19.555058,7616100
2015-07-24,24.540001,24.790001,23.969999,24.230000,19.206284,1933000
2015-07-27,24.250000,25.010000,24.000000,24.870001,19.713594,1563100
2015-07-28,24.770000,25.049999,24.549999,24.629999,19.523352,1306800
2015-07-29,24.450001,24.709999,24.209999,24.309999,19.269699,1074100
2015-07-30,24.309999,24.680000,24.070000,24.330000,19.285555,1063800
2015-07-31,24.320000,25.000000,24.260000,24.430000,19.364820,2023200
2015-08-03,24.440001,24.650000,23.469999,23.549999,18.667276,1087900
2015-08-04,23.320000,23.980000,22.580000,22.719999,18.009363,1831900
2015-08-05,22.740000,23.209999,22.740000,23.209999,18.397764,1118100
2015-08-06,23.299999,23.330000,21.889999,21.950001,17.399014,2101800
2015-08-07,21.580000,22.320000,21.209999,21.889999,17.351450,1710200
2015-08-10,22.969999,23.719999,21.450001,22.059999,17.486204,1305300
2015-08-11,21.379999,22.150000,21.040001,21.490000,17.034384,1825600
2015-08-12,21.690001,23.200001,21.150000,23.020000,18.247162,2248500
2015-08-13,22.530001,23.730000,22.530001,23.090000,18.302649,2156500
2015-08-14,22.969999,23.700001,22.660000,22.830000,18.096558,820700
2015-08-17,22.709999,23.379999,22.629999,23.320000,18.484962,993400
2015-08-18,23.670000,23.719999,23.110001,23.190001,18.381916,792700
2015-08-19,23.040001,23.270000,22.740000,22.870001,18.128262,1017000
2015-08-20,22.760000,23.059999,22.370001,22.389999,17.747782,738800
2015-08-21,21.930000,22.559999,21.930000,22.209999,17.605104,999300
2015-08-24,19.940001,22.450001,19.750000,21.639999,17.153282,1289400
2015-08-25,22.170000,22.270000,21.570000,21.670000,17.177063,552300
2015-08-26,22.040001,22.040001,20.440001,21.389999,16.955120,1457600
2015-08-27,21.580000,22.709999,21.410000,22.290001,17.668516,872400
2015-08-28,22.180000,22.809999,22.100000,22.740000,18.025215,680600
2015-08-31,22.230000,23.120001,22.160000,22.670000,17.969728,830000
2015-09-01,22.420000,22.500000,21.660000,21.900000,17.359375,842600
2015-09-02,22.080000,22.250000,21.540001,21.959999,17.406937,786900
2015-09-03,21.930000,22.760000,21.780001,22.629999,17.938021,705800
2015-09-04,22.250000,22.350000,21.809999,21.850000,17.319742,514200
2015-09-08,22.100000,22.459999,21.639999,21.750000,17.240479,763900
2015-09-09,21.900000,21.990000,21.330000,21.520000,17.058165,710500
2015-09-10,21.510000,21.660000,20.520000,20.590000,16.320982,1144300
2015-09-11,20.799999,21.379999,20.120001,20.610001,16.336838,645400
2015-09-14,20.750000,21.480000,20.620001,21.459999,17.010605,894400
2015-09-15,21.469999,22.209999,21.410000,22.139999,17.549614,1020100
2015-09-16,22.059999,23.100000,22.030001,22.860001,18.120335,1225100
2015-09-17,22.990000,23.950001,22.969999,23.200001,18.389841,889700
2015-09-18,22.959999,23.870001,22.959999,23.330000,18.492887,1543400
2015-09-21,23.389999,23.580000,22.250000,22.330000,17.700222,763900
2015-09-22,22.230000,22.299999,21.700001,21.959999,17.406937,1033400
2015-09-23,22.059999,22.400000,21.190001,21.230000,16.828289,585500
2015-09-24,21.209999,21.459999,20.370001,21.070000,16.701464,1266200
2015-09-25,21.309999,21.410000,20.299999,20.410000,16.178307,989300
2015-09-28,20.020000,20.440001,18.920000,18.940001,15.284938,1138200
2015-09-29,19.010000,19.280001,18.180000,18.260000,14.736163,1038900
2015-09-30,18.440001,19.170000,18.309999,19.090000,15.405990,916900
2015-10-01,19.160000,19.959999,18.910000,19.059999,15.381779,1060700
2015-10-02,18.930000,20.180000,18.799999,20.170000,16.277571,1059900
2015-10-05,20.290001,21.450001,20.250000,21.129999,17.052305,989600
2015-10-06,21.000000,21.360001,20.230000,21.250000,17.149151,580300
2015-10-07,21.450001,22.080000,21.340000,22.010000,17.762486,867900
2015-10-08,21.889999,22.610001,21.809999,22.500000,18.157923,536000
2015-10-09,22.629999,22.790001,22.340000,22.520000,18.174061,691400
2015-10-12,22.459999,22.650000,22.049999,22.139999,17.867393,427000
2015-10-13,22.000000,22.389999,20.520000,22.010000,17.762486,580700
2015-10-14,22.080000,22.440001,21.730000,21.850000,17.633360,603000
2015-10-15,21.820000,23.049999,21.809999,22.850000,18.440380,516500
2015-10-16,22.900000,23.209999,22.590000,22.870001,18.456518,672400
2015-10-19,22.940001,23.299999,22.780001,23.290001,18.795471,762500
2015-10-20,23.090000,23.330000,22.910000,23.209999,18.730902,522300
2015-10-21,23.180000,23.389999,22.559999,22.740000,18.351606,526800
2015-10-22,23.020000,23.480000,22.760000,22.990000,18.553362,478700
2015-10-23,23.280001,23.540001,22.500000,23.160000,18.690556,695300
2015-10-26,22.920000,22.920000,22.000000,22.469999,18.133713,815800
2015-10-27,22.230000,22.430000,20.990000,21.240000,17.141077,1014600
2015-10-28,21.260000,22.559999,20.980000,22.469999,18.133713,799500
2015-10-29,22.959999,23.450001,22.809999,23.270000,18.779324,772500
2015-10-30,23.170000,23.469999,22.809999,23.389999,18.876169,702800
2015-11-02,23.320000,23.570000,22.480000,23.559999,19.013363,693000
2015-11-03,23.520000,24.000000,23.059999,23.620001,19.061785,921300
2015-11-04,23.770000,24.090000,23.610001,23.740000,19.158625,804800
2015-11-05,23.700001,23.820000,21.930000,21.990000,17.746344,1254200
2015-11-06,21.650000,22.590000,20.980000,22.090000,17.827045,1872200
2015-11-09,22.000000,22.070000,21.379999,21.500000,17.350903,800800
2015-11-10,21.350000,21.610001,20.379999,20.740000,16.737574,1072400
2015-11-11,20.740000,21.400000,19.740000,19.980000,16.124233,1074000
2015-11-12,19.770000,20.170000,19.230000,19.250000,15.535112,896900
2015-11-13,19.150000,19.510000,18.850000,19.230000,15.518971,818200
2015-11-16,19.150000,19.400000,18.799999,19.139999,15.446337,759600
2015-11-17,19.240000,19.410000,18.120001,18.150000,14.647390,1528200
2015-11-18,18.459999,19.059999,18.180000,19.010000,15.341428,1895500
2015-11-19,19.070000,20.330000,18.360001,18.510000,14.937920,955900
2015-11-20,18.500000,18.570000,18.120001,18.200001,14.687740,764000
2015-11-23,18.230000,18.690001,18.090000,18.219999,14.703882,1115300
2015-11-24,18.209999,18.629999,18.059999,18.559999,14.978268,958600
2015-11-25,18.420000,18.690001,18.100000,18.299999,14.768444,899600
2015-11-27,18.230000,18.490000,18.049999,18.230000,14.711952,538700
2015-11-30,18.180000,18.500000,17.820000,17.910000,14.453704,660600
2015-12-01,17.860001,18.520000,17.730000,18.520000,14.945989,1002400
2015-12-02,18.549999,18.549999,17.840000,17.940001,14.477917,879200
2015-12-03,17.980000,18.900000,17.400000,17.469999,14.098618,882400
2015-12-04,17.559999,17.680000,17.280001,17.430000,14.066337,927100
2015-12-07,17.370001,17.580000,16.959999,17.150000,13.840371,1362900
2015-12-08,17.080000,18.280001,17.049999,18.219999,14.703882,1205000
2015-12-09,18.100000,19.670000,18.020000,18.900000,15.252654,1454800
2015-12-10,18.920000,19.309999,18.629999,18.709999,15.099321,842100
2015-12-11,18.430000,19.170000,18.290001,18.969999,15.309146,1028600
2015-12-14,18.879999,18.940001,18.350000,18.610001,15.018619,1118100
2015-12-15,18.879999,19.639999,18.879999,19.360001,15.623885,1042600
2015-12-16,19.650000,21.820000,19.400000,21.680000,17.496170,2717200
2015-12-17,21.719999,21.930000,20.510000,20.590000,16.616514,2022600
2015-12-18,20.540001,21.280001,20.350000,20.969999,16.923183,1923600
2015-12-21,21.000000,21.799999,20.500000,21.559999,17.399324,1335200
2015-12-22,21.500000,22.080000,21.070000,21.629999,17.455814,1355500
2015-12-23,21.780001,22.070000,21.620001,21.990000,17.746344,905900
2015-12-24,22.000000,22.230000,21.590000,22.160000,17.883537,699700
2015-12-28,22.010000,22.190001,21.400000,21.799999,17.593010,825400
2015-12-29,21.430000,21.700001,20.950001,20.990000,17.233398,620100
2015-12-30,20.900000,21.340000,20.690001,20.830000,17.102034,642200
2015-12-31,20.790001,21.129999,20.400000,20.910000,17.167721,709700
2016-01-04,20.410000,21.010000,19.910000,20.290001,16.658680,1278600
2016-01-05,20.270000,20.730000,19.940001,20.090000,16.494476,1001600
2016-01-06,19.790001,20.250000,19.750000,20.170000,16.560158,730200
2016-01-07,19.620001,20.000000,19.160000,19.260000,15.813019,793900
2016-01-08,19.430000,19.830000,19.170000,19.230000,15.788387,807000
2016-01-11,19.420000,19.700001,18.969999,19.080000,15.665236,783100
2016-01-12,19.350000,20.290001,18.459999,18.760000,15.402504,1184300
2016-01-13,18.870001,19.100000,17.700001,17.870001,14.671789,1378900
2016-01-14,18.049999,18.450001,17.500000,18.110001,14.868836,1637900
2016-01-15,17.570000,17.809999,16.709999,17.530001,14.392640,2187000
2016-01-19,17.879999,17.879999,16.570000,16.790001,13.785077,1718600
2016-01-20,16.559999,17.090000,15.730000,17.020000,13.973913,1699300
2016-01-21,17.110001,17.540001,16.620001,17.250000,14.162749,1613000
2016-01-22,17.570000,18.330000,17.379999,18.170000,14.918099,1437600
2016-01-25,17.920000,18.330000,17.320000,17.360001,14.253063,695700
2016-01-26,17.270000,17.820000,17.020000,17.590000,14.441900,435300
2016-01-27,17.540001,18.469999,17.410000,18.139999,14.893467,754400
2016-01-28,18.389999,19.340000,18.200001,19.100000,15.681655,1296800
2016-01-29,19.250000,19.740000,18.770000,18.950001,15.558499,919500
2016-02-01,18.840000,18.969999,18.389999,18.559999,15.238297,621600
2016-02-02,18.240000,18.400000,17.580000,17.750000,14.573262,594200
2016-02-03,17.760000,17.930000,17.110001,17.540001,14.400849,1146900
2016-02-04,17.549999,18.260000,17.080000,17.480000,14.351584,830100
2016-02-05,17.270000,18.120001,17.059999,17.549999,14.409057,964700
2016-02-08,17.330000,17.559999,16.520000,16.750000,13.752235,871600
2016-02-09,16.500000,16.650000,15.900000,16.110001,13.226778,1005500
2016-02-10,16.209999,16.469999,15.440000,15.510000,12.734159,921000
2016-02-11,15.200000,15.730000,15.050000,15.470000,12.701318,934300
2016-02-12,15.600000,15.980000,15.330000,15.900000,13.054361,825900
2016-02-16,16.129999,16.910000,15.830000,16.650000,13.670132,795400
2016-02-17,16.809999,17.610001,16.650000,17.080000,14.023175,1006100
2016-02-18,17.219999,17.400000,16.480000,16.860001,13.842548,893800
2016-02-19,16.690001,16.900000,16.309999,16.430000,13.489506,745300
2016-02-22,16.610001,17.150000,16.520000,16.809999,13.801496,598300
2016-02-23,16.650000,16.820000,16.129999,16.459999,13.514136,1139600
2016-02-24,16.209999,16.459999,15.710000,16.400000,13.464874,776600
2016-02-25,16.410000,16.490000,15.840000,16.040001,13.169307,834200
2016-02-26,16.230000,16.299999,15.740000,16.180000,13.284250,1176300
2016-02-29,16.629999,17.430000,14.560000,16.980000,13.941072,2170800
2016-03-01,16.950001,17.700001,16.280001,17.610001,14.458320,923300
2016-03-02,17.559999,18.389999,17.389999,18.330000,15.049462,1187600
2016-03-03,18.250000,18.670000,17.389999,17.570000,14.425480,1070700
2016-03-04,17.520000,18.500000,17.270000,17.889999,14.688208,1101100
2016-03-07,17.590000,19.020000,17.540001,18.760000,15.402504,883700
2016-03-08,18.700001,18.780001,18.040001,18.049999,14.819575,799800
2016-03-09,18.100000,18.980000,18.020000,18.620001,15.287561,506300
2016-03-10,18.650000,18.860001,18.400000,18.750000,15.394298,536700
2016-03-11,18.920000,19.330000,18.320000,19.150000,15.722704,611800
2016-03-14,18.930000,19.150000,18.420000,18.590000,15.262929,798100
2016-03-15,18.370001,18.760000,18.030001,18.760000,15.402504,553300
2016-03-16,18.830000,19.139999,18.520000,18.930000,15.542080,656500
2016-03-17,18.959999,19.160000,18.650000,19.080000,15.665236,959100
2016-03-18,19.100000,19.299999,18.650000,19.100000,15.681655,851900
2016-03-21,19.090000,19.270000,18.670000,19.040001,15.632395,449800
2016-03-22,18.900000,19.110001,18.750000,19.030001,15.624182,603300
2016-03-23,18.870001,19.000000,18.510000,18.510000,15.197248,616700
2016-03-24,18.320000,18.860001,18.100000,18.840000,15.468185,657800
2016-03-28,19.000000,19.110001,18.719999,18.879999,15.501029,573600
2016-03-29,18.430000,19.250000,18.100000,19.170000,16.063286,601400
2016-03-30,19.270000,19.500000,19.100000,19.309999,16.180595,690800
2016-03-31,19.360001,19.600000,18.860001,19.070000,15.979490,1047800
2016-04-01,18.700001,19.110001,18.280001,18.510000,15.510246,883900
2016-04-04,18.219999,19.320000,18.219999,18.969999,15.895697,1015300
2016-04-05,18.400000,18.680000,17.700001,18.260000,15.300761,1337100
2016-04-06,18.340000,18.639999,18.170000,18.490000,15.493484,946600
2016-04-07,18.330000,18.930000,18.040001,18.150000,15.208588,1043700
2016-04-08,18.030001,18.799999,18.030001,18.330000,15.359418,557100
2016-04-11,18.450001,18.719999,18.010000,18.070000,15.141553,472600
2016-04-12,18.049999,19.260000,18.049999,19.200001,16.088423,653800
2016-04-13,19.459999,19.700001,18.770000,19.559999,16.390083,1391800
2016-04-14,19.559999,19.680000,19.290001,19.490000,16.331427,780300
2016-04-15,19.580000,20.309999,19.330000,20.180000,16.909603,1467400
2016-04-18,19.850000,20.549999,19.750000,20.410000,17.102327,1163700
2016-04-19,20.469999,20.610001,20.129999,20.400000,17.093950,622200
2016-04-20,20.299999,20.620001,20.150000,20.400000,17.093950,463800
2016-04-21,20.490000,20.760000,20.379999,20.719999,17.362089,917500
2016-04-22,20.620001,21.309999,20.620001,21.270000,17.822958,1080900
2016-04-25,21.230000,21.250000,20.559999,20.590000,17.253159,702000
2016-04-26,20.790001,21.500000,20.770000,21.440001,17.965406,1130600
2016-04-27,21.430000,22.049999,21.200001,21.920000,18.367615,1352200
2016-04-28,21.719999,22.030001,21.270000,21.480000,17.998924,976400
2016-04-29,21.570000,22.070000,20.790001,21.000000,17.596712,747200
2016-05-02,20.969999,21.209999,20.830000,21.059999,17.646986,650000
2016-05-03,20.889999,21.110001,20.139999,20.469999,17.152605,735800
2016-05-04,20.420000,20.700001,20.160000,20.430000,17.119087,639500
2016-05-05,20.520000,20.850000,20.120001,20.250000,16.968258,667100
2016-05-06,20.219999,20.629999,20.090000,20.299999,17.010157,828700
2016-05-09,20.430000,21.240000,19.350000,20.400000,17.093950,1046100
2016-05-10,20.320000,20.809999,19.500000,20.430000,17.119087,984800
2016-05-11,20.400000,20.610001,19.950001,20.000000,16.758778,611900
2016-05-12,20.090000,20.170000,19.570000,19.660000,16.473877,936200
2016-05-13,19.650000,20.459999,19.400000,20.309999,17.018534,887200
2016-05-16,20.350000,20.730000,20.180000,20.260000,16.976639,798600
2016-05-17,20.260000,20.700001,19.900000,20.490000,17.169363,573000
2016-05-18,20.400000,20.570000,20.090000,20.299999,17.010157,802800
2016-05-19,20.080000,20.680000,19.780001,20.610001,17.269917,581400
2016-05-20,20.660000,20.930000,20.290001,20.760000,17.395607,382900
2016-05-23,20.809999,20.830000,20.650000,20.650000,17.303432,356300
2016-05-24,20.770000,20.990000,20.650000,20.879999,17.496159,557000
2016-05-25,20.910000,21.230000,20.650000,21.160000,17.730780,641500
2016-05-26,21.129999,21.360001,20.900000,21.120001,17.697266,678100
2016-05-27,21.150000,21.559999,21.030001,21.400000,17.931889,575400
2016-05-31,21.469999,21.860001,21.320000,21.780001,18.250305,663000
2016-06-01,21.709999,21.850000,21.520000,21.549999,18.057579,665300
2016-06-02,21.469999,21.860001,21.400000,21.740000,18.216787,506700
2016-06-03,21.799999,22.030001,21.700001,22.010000,18.443033,543400
2016-06-06,22.010000,22.250000,21.950001,22.230000,18.627378,521000
2016-06-07,22.240000,22.540001,22.010000,22.230000,18.627378,423700
2016-06-08,22.290001,22.559999,21.709999,22.280001,18.669275,338700
2016-06-09,22.139999,22.270000,21.620001,22.190001,18.593857,777900
2016-06-10,22.000000,22.209999,21.090000,21.160000,17.730780,1204300
2016-06-13,20.930000,21.120001,20.500000,20.840000,17.462643,1257900
2016-06-14,20.780001,21.070000,20.660000,20.950001,17.554815,1062800
2016-06-15,20.969999,21.250000,20.660000,20.980000,17.579956,982200
2016-06-16,20.770000,20.959999,20.600000,20.900000,17.512918,599500
2016-06-17,20.969999,21.330000,20.610001,21.090000,17.672129,3139900
2016-06-20,21.430000,22.000000,21.299999,21.559999,18.065960,782000
2016-06-21,21.480000,22.290001,21.299999,22.090000,18.510067,638800
2016-06-22,22.209999,22.629999,22.049999,22.160000,18.568720,812700
2016-06-23,22.440001,22.870001,22.000000,22.840000,19.138519,1001200
2016-06-24,21.750000,22.129999,21.540001,22.020000,18.451410,2578700
2016-06-27,21.670000,21.950001,21.299999,21.430000,17.957027,971800
2016-06-28,21.139999,21.809999,21.070000,21.799999,18.605663,575600
2016-06-29,21.990000,22.730000,21.680000,22.520000,19.220163,963400
2016-06-30,22.530001,23.020000,22.340000,22.969999,19.604225,987900
2016-07-01,23.160000,23.750000,23.160000,23.590000,20.133377,831900
2016-07-05,23.450001,23.639999,23.230000,23.480000,20.039495,1067900
2016-07-06,23.500000,23.799999,23.250000,23.740000,20.261393,1237300
2016-07-07,23.840000,23.959999,23.250000,23.430000,19.996822,1780500
2016-07-08,23.590000,23.780001,23.260000,23.760000,20.278469,845100
2016-07-11,23.959999,24.260000,23.370001,24.070000,20.543041,711200
2016-07-12,24.139999,24.410000,23.879999,23.889999,20.389418,1036600
2016-07-13,24.010000,24.139999,23.530001,23.750000,20.269934,795300
2016-07-14,23.799999,23.990000,23.350000,23.740000,20.261393,817000
2016-07-15,23.790001,23.820000,23.580000,23.750000,20.269934,944900
2016-07-18,23.700001,24.030001,23.500000,23.930000,20.423555,626000
2016-07-19,23.920000,24.170000,23.639999,23.750000,20.269934,499700
2016-07-20,23.719999,24.110001,23.530001,23.889999,20.389418,497900
2016-07-21,23.860001,24.330000,23.860001,24.180000,20.636923,520100
2016-07-22,24.260000,24.280001,23.959999,24.110001,20.577183,728600
2016-07-25,24.129999,24.270000,23.940001,24.250000,20.696667,572900
2016-07-26,24.270000,24.660000,24.240000,24.610001,21.003920,734000
2016-07-27,24.709999,24.709999,24.040001,24.059999,20.534508,813700
2016-07-28,24.180000,24.400000,24.000000,24.290001,20.730806,630500
2016-07-29,24.379999,24.600000,24.100000,24.370001,20.799082,613800
2016-08-01,24.299999,24.420000,23.639999,23.740000,20.261393,689700
2016-08-02,23.680000,24.219999,23.490000,23.820000,20.329674,1185500
2016-08-03,23.730000,24.330000,23.389999,24.309999,20.747877,615300
2016-08-04,24.330000,24.379999,23.860001,24.049999,20.525972,565500
2016-08-05,24.700001,24.879999,23.820000,24.510000,20.918570,804300
2016-08-08,24.709999,25.129999,24.610001,24.770000,21.140472,854500
2016-08-09,23.799999,23.959999,23.590000,23.830000,20.338209,7141500
2016-08-10,23.969999,23.969999,23.690001,23.830000,20.338209,2017600
2016-08-11,23.870001,23.920000,23.770000,23.910000,20.406488,1317500
2016-08-12,23.910000,23.990000,23.770000,23.809999,20.321140,1319800
2016-08-15,23.780001,24.040001,23.690001,23.719999,20.244328,972300
2016-08-16,23.730000,23.730000,22.920000,23.020000,19.646896,1647200
2016-08-17,23.150000,23.629999,23.000000,23.590000,20.133377,887500
2016-08-18,23.459999,23.950001,23.459999,23.770000,20.287001,627000
2016-08-19,23.740000,23.850000,23.459999,23.709999,20.235792,984800
2016-08-22,23.690001,23.870001,23.309999,23.680000,20.210190,403400
2016-08-23,23.790001,24.049999,23.639999,23.879999,20.380880,705200
2016-08-24,23.809999,23.969999,23.459999,23.510000,20.065102,569700
2016-08-25,23.500000,23.750000,23.430000,23.590000,20.133377,579700
2016-08-26,23.719999,24.240000,23.530001,23.580000,20.124840,828400
2016-08-29,23.629999,24.100000,23.629999,23.959999,20.449158,758000
2016-08-30,24.000000,24.170000,23.910000,23.959999,20.449158,441100
2016-08-31,23.840000,24.030001,23.240000,23.799999,20.312607,1522900
2016-09-01,23.799999,24.120001,23.400000,23.870001,20.372351,727800
2016-09-02,23.950001,24.600000,23.940001,24.270000,20.713737,797600
2016-09-06,24.389999,24.820000,24.330000,24.510000,20.918570,879300
2016-09-07,24.490000,24.930000,24.389999,24.910000,21.259958,788900
2016-09-08,25.000000,25.129999,24.760000,24.969999,21.311165,893500
2016-09-09,24.750000,24.770000,23.730000,23.850000,20.355278,877300
2016-09-12,23.770000,24.209999,23.660000,24.209999,20.662527,719100
2016-09-13,23.990000,24.000000,23.010000,23.200001,19.800526,917600
2016-09-14,23.250000,23.480000,22.990000,23.129999,19.740778,760300
2016-09-15,23.129999,23.340000,22.900000,23.200001,19.800526,568300
2016-09-16,23.120001,23.270000,22.860001,23.090000,19.706640,888700
2016-09-19,23.440001,23.790001,23.160000,23.540001,20.090704,701300
2016-09-20,23.590000,23.700001,23.240000,23.480000,20.039495,950800
2016-09-21,23.559999,23.840000,23.320000,23.830000,20.338209,823000
2016-09-22,23.950001,24.209999,23.670000,24.120001,20.585718,1208000
2016-09-23,24.100000,24.250000,23.680000,23.820000,20.329674,598600
2016-09-26,23.700001,24.020000,23.280001,23.340000,19.920006,453100
2016-09-27,23.139999,23.600000,22.730000,23.000000,19.629829,766800
2016-09-28,22.570000,22.930000,22.440001,22.889999,19.881718,608200
2016-09-29,22.889999,23.000000,22.650000,22.690001,19.708000,435500
2016-09-30,22.830000,22.830000,22.270000,22.490000,19.534286,741500
2016-10-03,22.500000,22.559999,21.930000,22.000000,19.108683,624400
2016-10-04,22.100000,22.150000,21.360001,21.629999,18.787312,794900
2016-10-05,21.770000,22.170000,21.459999,22.120001,19.212914,1258100
2016-10-06,22.080000,22.080000,21.670000,21.750000,18.891541,634500
2016-10-07,21.809999,22.030001,21.670000,21.730000,18.874166,549900
2016-10-10,21.830000,22.160000,21.740000,21.900000,19.021824,379200
2016-10-11,21.870001,22.059999,21.770000,21.940001,19.056570,1075000
2016-10-12,21.969999,22.139999,21.639999,21.740000,18.882854,432900
2016-10-13,21.620001,21.820000,21.530001,21.590000,18.752567,441600
2016-10-14,21.680000,21.950001,21.580000,21.830000,18.961023,584300
2016-10-17,21.879999,22.070000,21.830000,21.950001,19.065254,463500
2016-10-18,22.160000,22.559999,22.049999,22.379999,19.438740,434800
2016-10-19,22.459999,22.820000,22.240000,22.549999,19.586399,566700
2016-10-20,22.469999,22.660000,22.160000,22.520000,19.560343,454200
2016-10-21,22.469999,22.870001,22.340000,22.840000,19.838287,504400
2016-10-24,22.809999,23.000000,22.580000,22.830000,19.829603,886900
2016-10-25,22.879999,22.969999,22.520000,22.660000,19.681946,418400
2016-10-26,22.610001,22.700001,22.379999,22.480000,19.525599,375800
2016-10-27,22.540001,22.559999,22.090000,22.240000,19.317141,491200
2016-10-28,22.260000,22.370001,22.000000,22.129999,19.221600,446600
2016-10-31,22.250000,22.440001,22.059999,22.350000,19.412685,485300
2016-11-01,22.469999,22.559999,21.809999,21.889999,19.013140,699600
2016-11-02,21.780001,21.780001,21.030001,21.320000,18.518051,691000
2016-11-03,21.320000,21.530001,21.139999,21.299999,18.500677,593200
2016-11-04,21.320000,22.180000,21.160000,21.620001,18.778627,881100
2016-11-07,23.010000,23.010000,20.660000,20.860001,18.118507,2241000
2016-11-08,20.639999,21.270000,20.600000,21.080000,18.309593,912400
2016-11-09,20.000000,20.320000,18.990000,19.049999,16.546383,3321500
2016-11-10,19.200001,19.930000,18.700001,19.320000,16.780899,2025200
2016-11-11,19.330000,19.830000,18.969999,19.340000,16.798269,1135100
2016-11-14,19.299999,19.480000,19.070000,19.389999,16.841698,1343300
2016-11-15,19.440001,19.750000,19.400000,19.500000,16.937243,785100
2016-11-16,19.440001,19.600000,19.250000,19.299999,16.763529,628400
2016-11-17,19.379999,19.490000,19.150000,19.190001,16.667986,645400
2016-11-18,19.120001,19.500000,18.780001,18.980000,16.485580,1134300
2016-11-21,19.090000,19.240000,18.889999,19.180000,16.659298,1058400
2016-11-22,19.250000,19.879999,19.230000,19.870001,17.258615,1105500
2016-11-23,19.750000,20.360001,19.660000,20.180000,17.527874,757300
2016-11-25,20.150000,20.459999,20.110001,20.350000,17.675531,210600
2016-11-28,20.370001,20.530001,20.090000,20.410000,17.727646,598600
2016-11-29,20.370001,20.410000,19.959999,20.030001,17.397587,427400
2016-11-30,20.160000,20.160000,19.570000,19.629999,17.050154,822100
2016-12-01,19.650000,19.930000,19.200001,19.430000,16.876444,716600
2016-12-02,19.360001,19.709999,19.309999,19.500000,16.937243,700500
2016-12-05,19.510000,19.740000,19.320000,19.450001,16.893812,1006100
2016-12-06,19.459999,19.510000,19.150000,19.250000,16.720098,1077900
2016-12-07,19.309999,19.480000,19.120001,19.320000,16.780899,1413200
2016-12-08,19.299999,19.450001,19.160000,19.340000,16.798269,1234400
2016-12-09,19.330000,20.129999,19.290001,19.840000,17.232561,1659000
2016-12-12,19.889999,20.160000,19.850000,19.950001,17.328102,842700
2016-12-13,20.030001,20.209999,19.840000,20.160000,17.510502,819800
2016-12-14,20.139999,20.309999,19.540001,19.559999,16.989355,844900
2016-12-15,19.549999,19.889999,19.410000,19.860001,17.249928,645900
2016-12-16,19.730000,20.080000,19.049999,19.490000,16.928556,2022100
2016-12-19,19.459999,19.530001,19.209999,19.459999,16.902498,796600
2016-12-20,19.530001,19.650000,19.320000,19.400000,16.850382,1056800
2016-12-21,19.459999,19.580000,19.290001,19.330000,16.789581,581500
2016-12-22,19.270000,19.330000,19.100000,19.190001,16.667986,400700
2016-12-23,19.100000,19.230000,19.030001,19.209999,16.685352,360600
2016-12-27,19.320000,19.379999,19.139999,19.320000,16.780899,564900
2016-12-28,18.969999,19.070000,18.760000,18.790001,16.672647,437000
2016-12-29,18.680000,19.290001,18.680000,19.010000,16.867855,674900
2016-12-30,19.090000,19.129999,18.850000,18.990000,16.850109,1117900
2017-01-03,19.139999,19.250000,18.830000,18.910000,16.779123,771100
2017-01-04,18.879999,19.370001,18.850000,19.160000,17.000950,732700
2017-01-05,19.230000,19.430000,19.190001,19.320000,17.142920,669700
2017-01-06,19.350000,19.660000,19.299999,19.549999,17.347004,834600
2017-01-09,19.540001,19.600000,19.200001,19.230000,17.063063,563000
2017-01-10,19.270000,19.420000,19.150000,19.320000,17.142920,538000
2017-01-11,19.379999,19.480000,19.190001,19.370001,17.187288,414200
2017-01-12,19.520000,19.570000,19.139999,19.379999,17.196161,314300
2017-01-13,19.500000,19.639999,19.480000,19.530001,17.329258,359900
2017-01-17,19.559999,19.950001,19.510000,19.799999,17.568834,633400
2017-01-18,19.809999,19.910000,19.680000,19.900000,17.657564,526900
2017-01-19,19.870001,19.950001,19.629999,19.639999,17.426861,395800
2017-01-20,19.600000,19.850000,19.510000,19.709999,17.488976,340900
2017-01-23,19.650000,19.820000,19.389999,19.410000,17.222782,553400
2017-01-24,19.430000,19.889999,19.410000,19.629999,17.417988,784000
2017-01-25,19.559999,19.840000,19.549999,19.709999,17.488976,528400
2017-01-26,19.780001,19.860001,19.660000,19.750000,17.524469,398100
2017-01-27,19.820000,19.860001,19.620001,19.760000,17.533340,418600
2017-01-30,19.690001,19.750000,19.260000,19.440001,17.249401,460000
2017-01-31,19.450001,19.910000,19.280001,19.740000,17.515593,1059500
2017-02-01,19.930000,19.980000,19.600000,19.670000,17.453484,840900
2017-02-02,19.700001,19.830000,19.540001,19.700001,17.480104,493900
2017-02-03,19.770000,20.129999,19.770000,19.940001,17.693058,753900
2017-02-06,20.040001,20.100000,19.840000,19.980000,17.728548,1648900
2017-02-07,20.070000,20.070000,19.510000,19.680000,17.462357,1100200
2017-02-08,19.750000,19.980000,19.580000,19.900000,17.657564,806900
2017-02-09,19.870001,20.020000,19.809999,19.889999,17.648689,556600
2017-02-10,19.889999,19.969999,19.760000,19.830000,17.595453,927500
2017-02-13,19.940001,20.330000,19.860001,20.320000,18.030237,1022600
2017-02-14,20.400000,20.440001,20.160000,20.389999,18.092348,566000
2017-02-15,20.330000,20.559999,20.219999,20.500000,18.189953,415400
2017-02-16,20.549999,20.650000,20.450001,20.590000,18.269814,493800
2017-02-17,20.620001,20.629999,20.280001,20.590000,18.269814,775800
2017-02-21,20.889999,21.100000,20.650000,21.030001,18.660231,733000
2017-02-22,21.049999,21.280001,20.660000,20.790001,18.447275,532500
2017-02-23,20.799999,20.910000,20.670000,20.889999,18.536007,689100
2017-02-24,20.790001,21.120001,20.790001,21.090000,18.713470,689200
2017-02-27,21.120001,21.150000,20.920000,21.080000,18.704597,562900
2017-02-28,21.129999,21.139999,20.700001,20.790001,18.447275,889900
2017-03-01,20.790001,21.190001,19.629999,19.920000,17.675310,3041400
2017-03-02,19.910000,20.120001,19.639999,19.920000,17.675310,1491800
2017-03-03,19.980000,20.139999,19.900000,20.100000,17.835028,956400
2017-03-06,20.129999,20.160000,19.900000,20.020000,17.764046,1006500
2017-03-07,20.000000,20.049999,19.889999,19.910000,17.666437,647500
2017-03-08,19.889999,20.020000,19.709999,19.950001,17.701931,976300
2017-03-09,19.910000,20.049999,19.740000,19.850000,17.613201,599300
2017-03-10,19.850000,19.990000,19.719999,19.730000,17.506721,631500
2017-03-13,19.799999,19.910000,19.620001,19.730000,17.506721,550900
2017-03-14,19.830000,19.990000,19.510000,19.590000,17.382498,961100
2017-03-15,19.600000,20.200001,19.520000,20.059999,17.799536,860600
2017-03-16,20.129999,20.520000,20.129999,20.250000,17.968124,1039100
2017-03-17,20.209999,20.510000,20.209999,20.410000,18.110096,912100
2017-03-20,20.410000,20.500000,20.250000,20.299999,18.012491,439800
2017-03-21,20.340000,20.469999,20.170000,20.350000,18.056858,586000
2017-03-22,20.280001,20.490000,20.059999,20.299999,18.012491,537200
2017-03-23,20.010000,20.360001,20.000000,20.209999,17.932631,801800
2017-03-24,20.450001,20.520000,20.230000,20.410000,18.110096,800000
2017-03-27,20.410000,20.420000,20.049999,20.299999,18.012491,653600
2017-03-28,20.290001,20.309999,20.139999,20.270000,17.985872,901100
2017-03-29,20.010000,20.200001,19.809999,20.090000,18.197603,738300
2017-03-30,20.030001,20.090000,19.840000,20.000000,18.116081,778700
2017-03-31,20.049999,20.250000,19.959999,20.129999,18.233833,428600
2017-04-03,20.160000,20.209999,19.820000,19.990000,18.107023,686000
2017-04-04,19.930000,20.209999,19.850000,20.170000,18.270067,591700
2017-04-05,20.150000,20.500000,20.150000,20.389999,18.469343,921900
2017-04-06,20.370001,20.459999,20.139999,20.420000,18.496521,1198100
2017-04-07,20.500000,20.790001,20.379999,20.620001,18.677683,614700
2017-04-10,20.639999,21.000000,20.600000,20.870001,18.904131,892600
2017-04-11,20.940001,21.150000,20.850000,21.059999,19.076231,645800
2017-04-12,21.100000,21.360001,21.049999,21.290001,19.284569,462900
2017-04-13,21.260000,21.389999,21.110001,21.150000,19.157755,602200
2017-04-17,21.180000,21.490000,21.180000,21.480000,19.456669,623800
2017-04-18,21.459999,21.740000,21.410000,21.719999,19.674063,844800
2017-04-19,21.770000,22.010000,21.320000,21.370001,19.357033,849500
2017-04-20,21.360001,21.549999,21.299999,21.400000,19.384209,404000
2017-04-21,21.410000,21.549999,21.320000,21.430000,19.411383,553700
2017-04-24,21.500000,21.900000,21.389999,21.809999,19.755585,1160300
2017-04-25,21.730000,22.250000,21.709999,22.160000,20.072618,813700
2017-04-26,22.190001,22.340000,22.129999,22.240000,20.145082,680900
2017-04-27,22.450001,22.450001,22.120001,22.150000,20.063560,742200
2017-04-28,22.209999,22.250000,21.809999,22.020000,19.945803,1606900
2017-05-01,22.100000,22.129999,21.879999,21.980000,19.909573,623900
2017-05-02,21.980000,22.200001,21.910000,22.049999,19.972979,1132000
2017-05-03,22.000000,22.000000,21.730000,21.860001,19.800877,517100
2017-05-04,21.879999,21.879999,21.570000,21.620001,19.583485,942000
2017-05-05,21.670000,21.990000,21.650000,21.889999,19.828053,1228500
2017-05-08,21.980000,22.030001,21.700001,21.809999,19.755585,976900
2017-05-09,22.000000,22.400000,21.400000,21.430000,19.411383,1165700
2017-05-10,21.480000,21.790001,21.420000,21.540001,19.511021,713900
2017-05-11,21.549999,21.840000,21.500000,21.770000,19.719355,822600
2017-05-12,21.780001,22.010000,21.660000,21.799999,19.746529,671000
2017-05-15,21.730000,22.160000,21.730000,22.120001,20.036386,920300
2017-05-16,22.230000,22.309999,22.070000,22.219999,20.126965,844600
2017-05-17,22.120001,22.139999,21.760000,21.860001,19.800877,696900
2017-05-18,22.000000,22.010000,21.700001,21.910000,19.846167,549700
2017-05-19,21.990000,22.030001,21.910000,22.000000,19.927691,721800
2017-05-22,22.020000,22.219999,21.920000,22.209999,20.117908,487600
2017-05-23,22.320000,22.440001,22.250000,22.299999,20.199432,906000
2017-05-24,22.299999,22.870001,22.299999,22.830000,20.679506,612200
2017-05-25,22.910000,23.059999,22.840000,22.889999,20.733852,563700
2017-05-26,22.990000,23.049999,22.770000,22.860001,20.706680,343200
2017-05-30,22.770000,22.889999,22.660000,22.660000,20.525522,569000
2017-05-31,22.690001,22.920000,22.490000,22.559999,20.434938,1013700
2017-06-01,22.590000,22.980000,22.440001,22.950001,20.788204,614900
2017-06-02,22.990000,23.120001,22.790001,22.870001,20.715742,687400
2017-06-05,22.820000,23.110001,22.709999,22.870001,20.715742,465800
2017-06-06,22.830000,22.959999,22.740000,22.840000,20.688564,492600
2017-06-07,22.920000,23.129999,22.540001,22.700001,20.561752,559500
2017-06-08,22.719999,23.030001,22.520000,23.000000,20.833494,556000
2017-06-09,22.990000,23.250000,22.930000,23.070000,20.896900,475600
2017-06-12,23.059999,23.250000,23.010000,23.049999,20.878784,522500
2017-06-13,23.000000,23.219999,22.730000,23.209999,21.023712,812100
2017-06-14,23.250000,23.459999,22.820000,23.030001,20.860668,1181800
2017-06-15,23.020000,23.240000,22.930000,23.240000,21.050886,543200
2017-06-16,23.200001,23.709999,23.139999,23.690001,21.458500,971200
2017-06-19,23.750000,24.990000,23.719999,24.320000,22.029156,1611300
2017-06-20,24.469999,24.469999,24.010000,24.260000,21.974806,946700
2017-06-21,24.370001,24.520000,24.150000,24.240000,21.956690,650300
2017-06-22,24.370001,24.920000,24.340000,24.799999,22.463940,878300
2017-06-23,24.850000,24.990000,24.719999,24.910000,22.563581,2382600
2017-06-26,24.990000,25.379999,24.820000,25.180000,22.808144,644600
2017-06-27,25.170000,25.420000,25.049999,25.070000,22.708508,715700
2017-06-28,24.840000,25.100000,24.709999,24.730000,22.780359,734400
2017-06-29,24.730000,24.730000,23.650000,23.920000,22.034218,1052900
2017-06-30,24.080000,24.110001,23.799999,23.840000,21.960522,759500
2017-07-03,23.900000,24.120001,23.820000,23.850000,21.969734,355300
2017-07-05,23.870001,23.870001,23.510000,23.709999,21.840773,667900
2017-07-06,23.590000,23.850000,23.230000,23.480000,21.628906,769100
2017-07-07,23.469999,23.620001,23.400000,23.520000,21.665752,456300
2017-07-10,23.549999,24.110001,23.500000,23.879999,21.997370,713300
2017-07-11,23.910000,24.160000,23.469999,23.830000,21.951311,628100
2017-07-12,24.040001,24.219999,23.930000,24.150000,22.246084,503100
2017-07-13,24.160000,24.330000,23.709999,23.780001,21.905252,514000
2017-07-14,23.820000,24.070000,23.740000,23.940001,22.052639,380900
2017-07-17,23.969999,24.299999,23.950001,24.250000,22.338202,649000
2017-07-18,24.219999,24.580000,24.100000,24.320000,22.402683,746600
2017-07-19,24.360001,24.680000,24.240000,24.639999,22.697453,867500
2017-07-20,24.680000,24.879999,24.639999,24.660000,22.715878,523300
2017-07-21,24.809999,24.879999,24.620001,24.750000,22.798780,577600
2017-07-24,24.750000,25.020000,24.700001,24.940001,22.973804,485500
2017-07-25,24.940001,25.059999,24.830000,24.940001,22.973804,504600
2017-07-26,25.129999,25.170000,24.950001,25.120001,23.139614,596500
2017-07-27,25.170000,25.240000,24.969999,25.129999,23.148825,693000
2017-07-28,25.040001,25.250000,24.980000,25.180000,23.194881,431300
2017-07-31,25.250000,25.299999,24.900000,25.100000,23.121189,358500
2017-08-01,25.180000,25.290001,25.000000,25.219999,23.231730,426400
2017-08-02,25.230000,25.230000,24.910000,25.100000,23.121189,273400
2017-08-03,25.090000,25.170000,24.910000,25.059999,23.084341,410000
2017-08-04,25.080000,25.240000,24.920000,25.200001,23.213306,525700
2017-08-07,25.200001,25.209999,24.760000,24.790001,22.835630,624900
2017-08-08,24.850000,24.889999,22.870001,24.020000,22.126333,2065500
2017-08-09,23.860001,24.230000,23.320000,23.410000,21.564425,1064700
2017-08-10,23.350000,23.770000,23.230000,23.580000,21.721022,910500
2017-08-11,23.690001,23.900000,23.430000,23.860001,21.978947,579800
2017-08-14,23.930000,24.389999,23.870001,24.129999,22.227661,740100
2017-08-15,24.150000,24.270000,24.049999,24.139999,22.236872,633800
2017-08-16,24.100000,24.270000,24.020000,24.120001,22.218451,443800
2017-08-17,24.030001,24.219999,23.750000,23.760000,21.886831,475800
2017-08-18,23.760000,24.459999,23.750000,24.450001,22.522432,885500
2017-08-21,24.480000,24.610001,24.389999,24.530001,22.596127,539100
2017-08-22,24.639999,24.920000,24.549999,24.799999,22.844841,859800
2017-08-23,24.790001,24.969999,24.670000,24.889999,22.927746,980000
2017-08-24,24.940001,24.940001,24.730000,24.900000,22.936956,539100
2017-08-25,24.889999,24.959999,24.629999,24.650000,22.706665,330800
2017-08-28,24.660000,24.850000,24.540001,24.700001,22.752726,342900
2017-08-29,24.580000,24.990000,24.450001,24.959999,22.992226,555400
2017-08-30,25.010000,25.170000,24.760000,24.840000,22.881687,722100
2017-08-31,24.910000,25.290001,24.860001,25.120001,23.139614,403100
2017-09-01,25.100000,25.250000,24.940001,25.080000,23.102764,370800
2017-09-05,25.139999,25.350000,25.090000,25.250000,23.259363,514200
2017-09-06,25.350000,25.600000,25.200001,25.299999,23.305422,399700
2017-09-07,25.410000,25.490000,25.240000,25.360001,23.360693,904400
2017-09-08,25.430000,25.480000,25.059999,25.430000,23.425173,505200
2017-09-11,25.500000,25.700001,25.379999,25.700001,23.673887,473700
2017-09-12,25.790001,25.799999,25.530001,25.690001,23.664677,681900
2017-09-13,25.650000,26.000000,25.650000,25.889999,23.848907,930200
2017-09-14,25.860001,26.240000,25.799999,26.150000,24.088411,1053700
2017-09-15,26.290001,26.500000,26.129999,26.299999,24.226583,842600
2017-09-18,26.299999,26.420000,26.100000,26.290001,24.217373,585400
2017-09-19,26.330000,26.420000,26.180000,26.299999,24.226583,529400
2017-09-20,26.350000,26.559999,26.200001,26.280001,24.208160,539100
2017-09-21,26.309999,26.549999,26.190001,26.320000,24.245007,590700
2017-09-22,25.959999,26.260000,25.400000,25.900000,23.858118,1141400
2017-09-25,25.990000,25.990000,25.459999,25.530001,23.517292,673700
2017-09-26,25.639999,25.940001,25.570000,25.719999,23.692310,702100
2017-09-27,25.799999,25.879999,25.340000,25.440001,23.434387,890800
2017-09-28,25.030001,25.150000,24.889999,25.129999,23.537413,1759400
2017-09-29,25.059999,25.150000,24.000000,24.100000,22.572689,1468900
2017-10-02,24.120001,24.389999,23.740000,24.379999,22.834942,1029500
2017-10-03,24.350000,24.450001,24.170000,24.320000,22.778746,702700
2017-10-04,24.290001,24.360001,24.090000,24.139999,22.610151,382900
2017-10-05,24.150000,24.200001,23.980000,24.110001,22.582054,438200
2017-10-06,24.100000,24.260000,23.889999,24.180000,22.647619,476100
2017-10-09,24.209999,24.500000,24.180000,24.219999,22.685083,407400
2017-10-10,24.350000,24.910000,24.280001,24.620001,23.059734,645900
2017-10-11,24.570000,24.719999,24.100000,24.230000,22.694450,763300
2017-10-12,24.219999,24.480000,24.059999,24.430000,22.881775,547000
2017-10-13,24.540001,24.790001,24.490000,24.700001,23.134665,636200
2017-10-16,24.900000,24.940001,24.209999,24.250000,22.713182,733600
2017-10-17,24.190001,24.660000,24.100000,24.530001,22.975439,582100
2017-10-18,24.530001,24.770000,24.400000,24.530001,22.975439,551500
2017-10-19,23.420000,24.040001,23.290001,23.680000,22.179306,4949900
2017-10-20,23.830000,23.889999,23.520000,23.709999,22.207403,1388600
2017-10-23,23.750000,23.820000,22.870001,23.030001,21.570498,1871700
2017-10-24,22.940001,23.549999,22.680000,23.420000,21.935781,1158000
2017-10-25,23.480000,23.480000,22.520000,22.670000,21.233313,1216400
2017-10-26,22.730000,22.910000,22.600000,22.770000,21.326977,748700
2017-10-27,22.860001,23.160000,22.650000,23.040001,21.579866,1386100
2017-10-30,22.990000,23.270000,22.730000,22.879999,21.430004,641400
2017-10-31,22.959999,23.139999,22.709999,23.070000,21.607964,736900
2017-11-01,23.090000,23.230000,22.900000,23.059999,21.598597,469500
2017-11-02,23.160000,23.389999,22.090000,22.139999,20.736900,1698300
2017-11-03,22.209999,22.799999,22.209999,22.709999,21.270777,1395600
2017-11-06,22.830000,23.030001,22.570000,22.629999,21.195847,492500
2017-11-07,22.629999,22.670000,22.299999,22.309999,20.896126,961400
2017-11-08,22.250000,22.389999,22.139999,22.290001,20.877396,1015000
2017-11-09,21.860001,22.070000,20.580000,21.570000,20.203026,2365200
2017-11-10,21.320000,21.660000,20.879999,20.910000,19.584850,1449700
2017-11-13,20.799999,20.900000,20.600000,20.799999,19.481821,1204400
2017-11-14,20.750000,21.379999,20.600000,21.100000,19.762810,1130600
2017-11-15,21.049999,21.570000,20.900000,21.440001,20.081263,996200
2017-11-16,21.430000,21.990000,21.420000,21.990000,20.596407,1234000
2017-11-17,21.990000,22.219999,21.830000,22.129999,20.727535,1154700
2017-11-20,22.110001,22.260000,21.750000,21.760000,20.380983,817100
2017-11-21,21.799999,21.940001,21.650000,21.740000,20.362251,687700
2017-11-22,21.750000,22.180000,21.740000,21.760000,20.380983,830800
2017-11-24,21.980000,22.180000,21.920000,22.010000,20.615139,408000
2017-11-27,22.200001,22.400000,21.950001,22.000000,20.605772,529700
2017-11-28,22.010000,22.629999,22.010000,22.490000,21.064720,913600
2017-11-29,22.500000,22.790001,22.230000,22.309999,20.896126,864900
2017-11-30,22.430000,22.650000,22.370001,22.540001,21.111553,1164000
2017-12-01,22.600000,22.660000,21.770000,21.920000,20.530844,1265000
2017-12-04,22.110001,22.260000,21.070000,21.110001,19.772177,1272800
2017-12-05,21.110001,21.340000,21.010000,21.139999,19.800274,1054400
2017-12-06,21.620001,21.809999,21.000000,21.040001,19.706614,1263100
2017-12-07,21.120001,21.330000,21.000000,21.330000,19.978233,760300
2017-12-08,21.500000,21.600000,21.290001,21.410000,20.053164,925600
2017-12-11,21.480000,21.670000,21.280001,21.410000,20.053164,639400
2017-12-12,21.209999,21.350000,21.030001,21.059999,19.725346,1561800
2017-12-13,21.150000,21.459999,21.000000,21.410000,20.053164,1349500
2017-12-14,21.540001,22.100000,21.540001,21.850000,20.465281,1364000
2017-12-15,21.910000,22.100000,21.100000,21.559999,20.193657,2789100
2017-12-18,21.590000,21.790001,21.500000,21.500000,20.137459,985000
2017-12-19,21.490000,22.030001,21.480000,21.580000,20.212391,1332400
2017-12-20,21.600000,21.860001,21.559999,21.750000,20.371616,934600
2017-12-21,21.820000,21.910000,21.580000,21.600000,20.231123,676900
2017-12-22,21.600000,21.910000,21.600000,21.790001,20.409084,1015300
2017-12-26,21.719999,21.900000,21.510000,21.780001,20.399715,789400
2017-12-27,21.780001,22.180000,21.750000,22.049999,20.652603,847200
2017-12-28,21.700001,21.850000,21.170000,21.580000,20.606770,1107400
2017-12-29,21.670000,21.820000,21.459999,21.490000,20.520828,778300
2018-01-02,21.690001,21.790001,21.450001,21.790001,20.807299,746900
2018-01-03,21.840000,21.969999,21.480000,21.540001,20.568575,714000
2018-01-04,21.670000,21.840000,21.510000,21.549999,20.578121,874600
2018-01-05,21.670000,21.760000,21.330000,21.440001,20.473083,622700
2018-01-08,21.510000,21.740000,21.250000,21.629999,20.654514,622200
2018-01-09,21.650000,21.650000,21.340000,21.450001,20.482634,542800
2018-01-10,21.490000,21.690001,21.299999,21.340000,20.377594,724800
2018-01-11,21.330000,21.600000,21.320000,21.410000,20.444437,587200
2018-01-12,21.420000,21.549999,21.150000,21.500000,20.530378,654900
2018-01-16,21.809999,21.809999,21.000000,21.150000,20.196161,906700
2018-01-17,21.209999,21.350000,21.080000,21.129999,20.177063,734400
2018-01-18,21.090000,21.420000,21.000000,21.170000,20.215261,779300
2018-01-19,21.230000,21.450001,21.170000,21.379999,20.415789,721400
2018-01-22,21.370001,21.650000,21.250000,21.629999,20.654514,735400
2018-01-23,21.750000,21.940001,21.639999,21.889999,20.902788,839200
2018-01-24,21.889999,21.900000,21.490000,21.580000,20.606770,767300
2018-01-25,21.530001,21.709999,21.490000,21.650000,20.673613,468400
2018-01-26,21.670000,21.670000,21.360001,21.420000,20.453987,481400
2018-01-29,21.450001,21.450001,20.950001,20.969999,20.024279,970800
2018-01-30,20.830000,20.910000,20.450001,20.629999,19.699612,945900
2018-01-31,20.740000,20.840000,20.500000,20.620001,19.690063,906200
2018-02-01,20.580000,20.610001,20.120001,20.469999,19.546827,1141500
2018-02-02,20.469999,20.610001,20.150000,20.400000,19.479986,773800
2018-02-05,20.340000,20.350000,19.500000,19.520000,18.639673,1192600
2018-02-06,19.290001,19.480000,18.520000,19.040001,18.181322,2117800
2018-02-07,19.000000,19.320000,18.700001,18.709999,17.866203,1170700
2018-02-08,18.719999,18.990000,18.400000,18.410000,17.579733,953700
2018-02-09,18.469999,18.850000,18.200001,18.740000,17.894850,1025200
2018-02-12,18.770000,19.290001,18.660000,19.030001,18.171772,1126400
2018-02-13,18.940001,19.070000,18.230000,18.480000,17.646576,2784800
2018-02-14,18.330000,18.660000,18.150000,18.570000,17.732517,916500
2018-02-15,18.700001,19.180000,18.570000,19.110001,18.248165,810900
2018-02-16,19.100000,19.459999,19.100000,19.280001,18.410498,728700
2018-02-20,19.280001,19.379999,18.719999,18.830000,17.980791,720100
2018-02-21,18.790001,19.139999,18.750000,18.790001,17.942596,663400
2018-02-22,18.799999,19.110001,18.770000,18.830000,17.980791,676000
2018-02-23,18.920000,19.150000,18.770000,18.910000,18.057182,880500
2018-02-26,18.950001,19.000000,18.610001,18.840000,17.990339,1215300
2018-02-27,18.950001,19.389999,18.850000,19.059999,18.200418,1358800
2018-02-28,19.090000,19.120001,18.570000,18.570000,17.732517,1258300
2018-03-01,18.150000,18.290001,17.040001,17.040001,16.271519,2604200
2018-03-02,17.190001,17.190001,16.580000,16.950001,16.185577,1975300
2018-03-05,17.000000,17.250000,16.860001,17.190001,16.414753,1459300
2018-03-06,17.219999,17.490000,16.950001,17.049999,16.281065,1059000
2018-03-07,17.040001,17.459999,17.010000,17.440001,16.653479,1538000
2018-03-08,17.590000,17.830000,17.469999,17.690001,16.892204,1711800
2018-03-09,17.799999,17.959999,17.639999,17.940001,17.130930,748900
2018-03-12,18.000000,18.590000,18.000000,18.370001,17.541538,1112000
2018-03-13,18.430000,18.820000,18.340000,18.480000,17.646576,1212500
2018-03-14,18.500000,18.709999,18.320000,18.549999,17.713419,742400
2018-03-15,18.600000,18.840000,18.219999,18.290001,17.465145,997500
2018-03-16,18.240000,18.389999,17.930000,18.200001,17.379204,1282800
2018-03-19,18.209999,18.410000,18.180000,18.299999,17.474693,1453100
2018-03-20,18.260000,18.400000,18.110001,18.260000,17.436497,1099100
2018-03-21,18.290001,18.420000,18.139999,18.200001,17.379204,1292800
2018-03-22,18.160000,18.530001,18.120001,18.150000,17.331459,1463400
2018-03-23,18.150000,18.690001,17.959999,17.969999,17.159576,1405400
2018-03-26,18.139999,18.290001,18.020000,18.270000,17.446047,1208600
2018-03-27,18.350000,18.350000,17.969999,18.010000,17.197771,1311000
2018-03-28,17.639999,17.719999,17.350000,17.480000,17.092167,1079000
2018-03-29,17.480000,17.650000,17.250000,17.290001,16.906385,960100
2018-04-02,17.290001,17.520000,16.980000,17.120001,16.740156,926900
2018-04-03,17.209999,17.400000,16.780001,17.080000,16.701042,1284200
2018-04-04,16.980000,17.520000,16.879999,17.370001,16.984610,969400
2018-04-05,17.410000,17.750000,17.219999,17.570000,17.180172,826400
2018-04-06,17.559999,17.750000,17.080000,17.160000,16.779268,859300
2018-04-09,17.299999,17.760000,17.180000,17.650000,17.258396,914800
2018-04-10,17.830000,17.870001,17.530001,17.690001,17.297510,695100
2018-04-11,17.660000,17.850000,17.639999,17.730000,17.336620,461600
2018-04-12,17.799999,17.930000,17.530001,17.570000,17.180172,576500
2018-04-13,17.629999,17.740000,17.360001,17.410000,17.023722,887200
2018-04-16,17.540001,17.610001,17.400000,17.590000,17.199728,1040300
2018-04-17,17.620001,17.870001,17.559999,17.780001,17.385513,647400
2018-04-18,17.780001,18.070000,17.780001,17.809999,17.414846,589000
2018-04-19,17.750000,17.910000,17.650000,17.730000,17.336620,939600
2018-04-20,17.760000,17.930000,17.580000,17.900000,17.502850,835500
2018-04-23,17.959999,17.969999,17.660000,17.889999,17.493071,687300
2018-04-24,17.950001,17.950001,17.740000,17.870001,17.473516,739200
2018-04-25,17.709999,17.969999,17.700001,17.910000,17.512627,523800
2018-04-26,18.000000,18.260000,17.900000,18.230000,17.825527,680100
2018-04-27,18.320000,18.330000,18.100000,18.170000,17.766859,661500
2018-04-30,18.200001,18.290001,17.920000,18.180000,17.776638,811900
2018-05-01,18.139999,18.330000,17.920000,18.139999,17.737524,627400
2018-05-02,18.080000,18.340000,18.030001,18.219999,17.815748,498100
2018-05-03,18.160000,18.240000,17.760000,17.860001,17.463737,881400
2018-05-04,17.860001,18.280001,17.860001,17.930000,17.532185,731800
2018-05-07,18.010000,18.280001,18.000000,18.170000,17.766859,596700
2018-05-08,18.190001,18.209999,17.910000,17.980000,17.581074,612300
2018-05-09,18.030001,18.129999,17.889999,17.889999,17.493071,925400
2018-05-10,18.240000,19.049999,18.040001,18.590000,18.177540,2717000
2018-05-11,18.620001,18.709999,18.110001,18.260000,17.854862,921700
2018-05-14,18.260000,18.530001,18.209999,18.240000,17.835306,721000
2018-05-15,18.240000,18.240000,17.780001,18.209999,17.805971,867500
2018-05-16,18.240000,18.400000,18.049999,18.120001,17.717970,592300
2018-05-17,18.070000,18.100000,17.389999,17.450001,17.062834,1453100
2018-05-18,17.530001,17.629999,17.360001,17.590000,17.199728,755500
2018-05-21,17.700001,17.790001,17.500000,17.650000,17.258396,2192300
2018-05-22,17.709999,18.059999,17.700001,17.860001,17.463737,769700
2018-05-23,17.809999,18.080000,17.809999,18.080000,17.678856,650400
2018-05-24,18.080000,18.340000,18.059999,18.150000,17.747303,676200
2018-05-25,18.110001,18.540001,18.049999,18.400000,17.991756,785700
2018-05-29,18.150000,18.610001,18.110001,18.540001,18.128651,796000
2018-05-30,18.540001,18.790001,18.480000,18.600000,18.187319,678100
2018-05-31,18.600000,18.709999,18.520000,18.580000,18.167763,588300
2018-06-01,18.639999,18.700001,18.400000,18.440001,18.030869,678900
2018-06-04,18.459999,18.680000,18.330000,18.510000,18.099316,653600
2018-06-05,18.580000,18.700001,18.420000,18.459999,18.050425,938200
2018-06-06,18.500000,18.500000,18.010000,18.139999,17.737524,1052900
2018-06-07,18.200001,18.480000,18.070000,18.350000,17.942865,729000
2018-06-08,18.360001,18.450001,18.170000,18.260000,17.854862,584500
2018-06-11,18.350000,18.389999,17.990000,18.080000,17.678856,726800
2018-06-12,18.139999,18.700001,18.139999,18.700001,18.285101,770600
2018-06-13,18.700001,18.870001,18.520000,18.780001,18.363325,853000
2018-06-14,18.840000,19.049999,18.820000,19.040001,18.617558,1004800
2018-06-15,19.040001,19.360001,18.900000,19.350000,18.920679,1279000
2018-06-18,19.340000,19.600000,19.049999,19.190001,18.764229,959400
2018-06-19,19.040001,19.469999,19.040001,19.469999,19.038015,988300
2018-06-20,19.510000,19.510000,19.129999,19.139999,18.715338,641600
2018-06-21,19.139999,19.250000,18.770000,18.820000,18.402437,756500
2018-06-22,18.920000,19.150000,18.870001,19.040001,18.617558,1472600
2018-06-25,19.049999,19.440001,18.959999,19.389999,18.959789,695000
2018-06-26,19.500000,19.500000,19.150000,19.209999,18.783783,995100
2018-06-27,19.200001,19.250000,18.959999,19.020000,18.598000,698500
2018-06-28,18.690001,18.780001,18.350000,18.559999,18.559999,813100
2018-06-29,18.660000,18.889999,18.530001,18.750000,18.750000,637100
