Date,Open,High,Low,Close,Adj Close,Volume
2017-09-21,6.750000,7.430000,6.020000,6.410000,6.410000,237700
2017-09-22,6.800000,13.500000,6.710000,12.750000,12.750000,675600
2017-09-25,11.780000,11.900000,9.230000,10.450000,10.450000,344800
2017-09-26,10.380000,11.800000,9.210000,10.300000,10.300000,268400
2017-09-27,10.090000,10.870000,9.530000,10.870000,10.870000,93400
2017-09-28,10.460000,13.100000,10.200000,12.610000,12.610000,140900
2017-09-29,12.900000,16.799999,11.561000,16.799999,16.799999,86300
2017-10-02,15.780000,24.400000,13.500000,22.820000,22.820000,156300
2017-10-03,23.049999,31.750000,22.500000,28.490000,28.490000,288100
2017-10-04,29.000000,30.549999,21.129999,23.000000,23.000000,97900
2017-10-05,21.879999,28.090000,19.490000,25.480000,25.480000,95500
2017-10-06,25.580000,27.499001,22.198000,23.500000,23.500000,50100
2017-10-09,23.980000,24.781000,21.410000,24.469999,24.469999,97000
2017-10-10,24.469999,24.990000,22.490000,23.139999,23.139999,82500
2017-10-11,22.299999,26.150000,22.035999,24.219999,24.219999,84900
2017-10-12,24.639999,25.780001,22.900000,24.170000,24.170000,109800
2017-10-13,23.860001,25.180000,22.965000,24.770000,24.770000,111700
2017-10-16,25.780001,30.980000,25.500000,29.219999,29.219999,91000
2017-10-17,28.660000,29.360001,24.600000,24.600000,24.600000,50600
2017-10-18,24.370001,27.000000,24.350000,24.400000,24.400000,44200
2017-10-19,24.400000,25.270000,23.549999,24.760000,24.760000,32200
2017-10-20,25.490000,26.940001,23.799999,23.799999,23.799999,238800
2017-10-23,24.219999,26.430000,24.000000,25.000000,25.000000,131000
2017-10-24,24.889999,25.980000,24.299999,25.010000,25.010000,146600
2017-10-25,25.100000,28.270000,24.670000,27.459999,27.459999,295800
2017-10-26,27.940001,28.879999,27.750000,28.059999,28.059999,184700
2017-10-27,27.549999,30.389999,15.700000,15.700000,15.700000,544900
2017-10-30,15.750000,18.000000,13.600000,14.990000,14.990000,167400
2017-10-31,15.100000,16.716999,13.000000,16.164000,16.164000,326400
2017-11-01,16.020000,18.879999,15.390000,18.430000,18.430000,180200
2017-11-02,18.620001,21.830000,18.620001,20.500000,20.500000,83100
2017-11-03,20.459000,22.100000,20.459000,21.740000,21.740000,27900
2017-11-06,22.070000,25.910000,21.990000,25.320000,25.320000,65500
2017-11-07,23.040001,27.770000,23.000000,26.500000,26.500000,158300
2017-11-08,26.500000,28.799999,22.160000,23.000000,23.000000,330400
2017-11-09,22.469999,24.330000,21.368000,21.799999,21.799999,160400
2017-11-10,22.010000,22.916000,20.000000,20.190001,20.190001,292800
2017-11-13,20.400000,21.069000,15.850000,15.890000,15.890000,308400
2017-11-14,16.160000,16.730000,15.000000,16.020000,16.020000,118100
2017-11-15,15.270000,16.989000,14.800000,15.140000,15.140000,106100
2017-11-16,15.170000,15.549000,13.110000,13.620000,13.620000,131700
2017-11-17,13.410000,14.410000,12.000000,12.010000,12.010000,286700
2017-11-20,12.170000,12.723000,9.735000,9.780000,9.780000,259500
2017-11-21,9.740000,10.900000,9.000000,9.220000,9.220000,404100
2017-11-22,9.300000,9.910000,9.070000,9.280000,9.280000,238100
2017-11-24,9.220000,9.700000,7.911000,9.120000,9.120000,340600
2017-11-27,9.060000,9.660000,8.560000,8.610000,8.610000,439600
2017-11-28,8.610000,9.070000,8.010000,8.130000,8.130000,346800
2017-11-29,8.180000,8.440000,7.140000,7.200000,7.200000,210500
2017-11-30,7.230000,7.580000,5.860000,6.260000,6.260000,572100
2017-12-01,6.360000,6.890000,6.140000,6.520000,6.520000,293000
2017-12-04,6.500000,7.550000,6.430000,7.440000,7.440000,680300
2017-12-05,7.520000,8.853000,7.520000,7.830000,7.830000,769300
2017-12-06,7.880000,8.473000,6.590000,6.750000,6.750000,432200
2017-12-07,6.800000,7.080000,6.220000,6.410000,6.410000,209600
2017-12-08,6.400000,6.948000,6.280000,6.690000,6.690000,315500
2017-12-11,6.750000,7.304000,6.750000,7.000000,7.000000,191500
2017-12-12,7.060000,7.240000,6.810000,6.990000,6.990000,84800
2017-12-13,7.250000,8.116000,6.900000,7.730000,7.730000,412200
2017-12-14,7.780000,8.220000,7.010000,7.500000,7.500000,391300
2017-12-15,7.470000,8.010000,6.980000,7.000000,7.000000,537400
2017-12-18,6.960000,7.220000,6.730000,6.840000,6.840000,239600
2017-12-19,6.800000,7.000000,6.700000,6.830000,6.830000,125500
2017-12-20,6.780000,6.920000,6.460000,6.560000,6.560000,105400
2017-12-21,6.570000,7.180000,6.523000,6.850000,6.850000,218500
2017-12-22,7.900000,11.110000,5.100000,5.640000,5.640000,3324000
2017-12-26,5.640000,5.900000,5.410000,5.550000,5.550000,378900
2017-12-27,5.580000,6.150000,5.550000,5.950000,5.950000,382300
2017-12-28,6.020000,6.285000,5.720000,5.870000,5.870000,264800
2017-12-29,5.830000,5.940000,5.510000,5.640000,5.640000,173800
2018-01-02,5.690000,5.931000,5.600000,5.760000,5.760000,117800
2018-01-03,5.670000,5.840000,5.548000,5.650000,5.650000,107000
2018-01-04,5.630000,5.680000,5.480000,5.610000,5.610000,75700
2018-01-05,5.600000,5.600000,5.261000,5.410000,5.410000,187800
2018-01-08,5.560000,5.790000,5.430000,5.540000,5.540000,187300
2018-01-09,5.690000,5.690000,5.430000,5.560000,5.560000,124200
2018-01-10,5.562000,5.600000,5.310000,5.310000,5.310000,108300
2018-01-11,5.330000,5.560000,5.100000,5.410000,5.410000,183200
2018-01-12,5.420000,5.730000,5.420000,5.510000,5.510000,106100
2018-01-16,5.520000,5.680000,5.400000,5.510000,5.510000,56300
2018-01-17,5.510000,5.640000,5.419000,5.580000,5.580000,64100
2018-01-18,5.560000,6.230000,5.510000,6.130000,6.130000,239400
2018-01-19,6.060000,6.280000,5.690000,5.740000,5.740000,165300
2018-01-22,5.880000,5.880000,5.433000,5.600000,5.600000,73200
2018-01-23,5.640000,5.710000,5.370000,5.500000,5.500000,41600
2018-01-24,5.450000,5.545000,5.350000,5.370000,5.370000,63400
2018-01-25,5.400000,5.640000,5.400000,5.420000,5.420000,46300
2018-01-26,5.311000,5.670000,5.300000,5.480000,5.480000,106800
2018-01-29,5.410000,5.510000,5.280000,5.340000,5.340000,68500
2018-01-30,5.310000,5.310000,5.190000,5.200000,5.200000,93300
2018-01-31,5.160000,5.390000,4.640000,4.910000,4.910000,150000
2018-02-01,4.920000,5.060000,4.800000,4.900000,4.900000,36400
2018-02-02,4.860000,4.860000,4.290000,4.390000,4.390000,93100
2018-02-05,4.400000,4.740000,4.059000,4.460000,4.460000,79900
2018-02-06,4.360000,4.560000,4.168000,4.330000,4.330000,42000
2018-02-07,4.381000,4.490000,4.100000,4.430000,4.430000,42300
2018-02-08,4.111000,4.550000,4.111000,4.430000,4.430000,47500
2018-02-09,4.450000,4.450000,3.861000,4.250000,4.250000,77500
2018-02-12,4.250000,4.710000,4.100000,4.250000,4.250000,79500
2018-02-13,4.432000,4.470000,4.090000,4.305000,4.305000,95200
2018-02-14,4.350000,4.410000,3.904000,4.380000,4.380000,144200
2018-02-15,4.130000,4.384000,4.110000,4.380000,4.380000,80100
2018-02-16,4.480000,4.650000,4.210000,4.270000,4.270000,91400
2018-02-20,4.260000,4.380000,4.100000,4.255000,4.255000,44600
2018-02-21,4.263000,4.390000,4.190000,4.270000,4.270000,64700
2018-02-22,4.310000,4.310000,4.170000,4.250000,4.250000,24600
2018-02-23,4.280000,4.420000,4.200000,4.250000,4.250000,47000
2018-02-26,4.300000,4.401000,4.150000,4.200000,4.200000,35700
2018-02-27,4.230000,4.400000,4.185000,4.270000,4.270000,39500
2018-02-28,4.250000,4.319000,4.111000,4.250000,4.250000,68300
2018-03-01,4.250000,4.350000,4.180000,4.260000,4.260000,45600
2018-03-02,4.300000,4.350000,4.200000,4.200000,4.200000,39500
2018-03-05,4.250000,4.490000,4.220000,4.250000,4.250000,41400
2018-03-06,4.260000,4.297000,4.210000,4.250000,4.250000,10400
2018-03-07,4.300000,4.300000,4.200000,4.210000,4.210000,20300
2018-03-08,4.260000,4.389000,4.150000,4.290000,4.290000,48600
2018-03-09,4.310000,5.190000,4.270000,5.000000,5.000000,431900
2018-03-12,4.950000,5.000000,4.620000,4.790000,4.790000,105700
2018-03-13,4.810000,4.810000,4.390000,4.430000,4.430000,67200
2018-03-14,4.450000,4.671000,4.350000,4.430000,4.430000,51300
2018-03-15,4.430000,4.600000,4.380000,4.430000,4.430000,39800
2018-03-16,4.423000,4.700000,4.402000,4.610000,4.610000,62400
2018-03-19,4.600000,4.740000,4.420000,4.550000,4.550000,39500
2018-03-20,4.610000,4.800000,4.420000,4.580000,4.580000,41000
2018-03-21,4.570000,4.570000,4.380000,4.410000,4.410000,42400
2018-03-22,4.400000,4.600000,4.390000,4.460000,4.460000,18800
2018-03-23,4.460000,4.460000,4.250000,4.270000,4.270000,51700
2018-03-26,4.340000,4.400000,4.250000,4.280000,4.280000,51500
2018-03-27,4.270000,4.300000,4.250000,4.260000,4.260000,35100
2018-03-28,4.280000,4.480000,4.150000,4.410000,4.410000,15400
2018-03-29,4.284000,4.490000,4.200000,4.200000,4.200000,43800
2018-04-02,4.220000,4.320000,4.100000,4.260000,4.260000,12200
2018-04-03,4.020000,4.320000,4.020000,4.250000,4.250000,68200
2018-04-04,4.170000,4.420000,4.000000,4.270000,4.270000,136300
2018-04-05,4.290000,4.390000,4.156000,4.260000,4.260000,30800
2018-04-06,4.270000,4.300000,4.110000,4.250000,4.250000,7100
2018-04-09,4.312000,4.312000,4.180000,4.250000,4.250000,5000
2018-04-10,4.210000,4.300000,4.150000,4.260000,4.260000,18200
2018-04-11,4.260000,4.290000,4.160000,4.270000,4.270000,6600
2018-04-12,4.240000,4.270000,4.120000,4.260000,4.260000,40500
2018-04-13,4.205000,4.460000,4.120000,4.460000,4.460000,47200
2018-04-16,4.440000,4.454000,4.140000,4.270000,4.270000,32400
2018-04-17,4.288000,4.398000,4.248000,4.260000,4.260000,23300
2018-04-18,4.100000,4.330000,4.100000,4.330000,4.330000,70200
2018-04-19,4.260000,4.573000,4.170000,4.500000,4.500000,131400
2018-04-20,4.500000,4.500000,4.340000,4.400000,4.400000,7600
2018-04-23,4.200000,4.470000,4.200000,4.470000,4.470000,28100
2018-04-24,4.330000,4.480000,4.264000,4.340000,4.340000,48300
2018-04-25,4.315000,4.600000,4.310000,4.510000,4.510000,37900
2018-04-26,4.590000,4.600000,4.480000,4.540000,4.540000,9300
2018-04-27,4.520000,5.080000,4.463000,4.500000,4.500000,180200
2018-04-30,4.625000,4.670000,4.250000,4.670000,4.670000,48900
2018-05-01,4.370000,4.502000,3.170000,3.960000,3.960000,378200
2018-05-02,3.560000,4.350000,3.560000,3.860000,3.860000,185900
2018-05-03,3.880000,4.070000,3.800000,4.000000,4.000000,60300
2018-05-04,3.970000,4.190000,3.590000,3.670000,3.670000,102100
2018-05-07,3.550000,3.950000,3.500000,3.720000,3.720000,86100
2018-05-08,3.823000,3.823000,3.500000,3.650000,3.650000,81400
2018-05-09,3.500000,3.950000,3.500000,3.750000,3.750000,67700
2018-05-10,3.650000,3.840000,3.592000,3.790000,3.790000,94000
2018-05-11,3.790000,3.790000,3.570000,3.670000,3.670000,34800
2018-05-14,3.660000,3.740000,3.550000,3.650000,3.650000,46100
2018-05-15,3.620000,3.700000,3.590000,3.680000,3.680000,39600
2018-05-16,3.739000,3.750000,3.620000,3.700000,3.700000,19200
2018-05-17,3.620000,3.790000,3.570000,3.790000,3.790000,12500
2018-05-18,3.650000,3.850000,3.610000,3.780000,3.780000,37200
2018-05-21,3.690000,4.000000,3.660000,3.990000,3.990000,45400
2018-05-22,4.040000,4.040000,3.810000,3.970000,3.970000,46100
2018-05-23,3.960000,3.960000,3.800000,3.900000,3.900000,46900
2018-05-24,3.780000,3.950000,3.740000,3.932000,3.932000,11400
2018-05-25,3.770000,4.185000,3.770000,4.110000,4.110000,39300
2018-05-29,3.970000,4.290000,3.970000,4.290000,4.290000,38700
2018-05-30,4.242000,4.242000,4.100000,4.200000,4.200000,28200
2018-05-31,4.090000,4.160000,4.030000,4.160000,4.160000,7400
2018-06-01,4.160000,4.290000,4.144000,4.220000,4.220000,16000
2018-06-04,4.300000,4.360000,4.070000,4.280000,4.280000,20300
2018-06-05,4.350000,4.700000,4.150000,4.150000,4.150000,114900
2018-06-06,4.070000,4.190000,4.000000,4.010000,4.010000,66400
2018-06-07,3.980000,4.100000,3.860000,3.910000,3.910000,76300
2018-06-08,3.810000,4.002000,3.800000,3.970000,3.970000,57200
2018-06-11,3.960000,4.400000,3.880000,4.270000,4.270000,83300
2018-06-12,4.250000,4.250000,4.090000,4.230000,4.230000,27500
2018-06-13,4.200000,4.400000,4.020000,4.250000,4.250000,156600
2018-06-14,4.250000,4.300000,4.193000,4.280000,4.280000,52700
2018-06-15,4.287000,4.900000,4.270000,4.620000,4.620000,211800
2018-06-18,4.640000,5.590000,4.640000,5.590000,5.590000,130100
2018-06-19,5.530000,5.680000,4.891000,5.120000,5.120000,125300
2018-06-20,5.200000,5.309000,4.470000,4.510000,4.510000,54400
2018-06-21,4.480000,4.500000,4.400000,4.430000,4.430000,39300
2018-06-22,4.550000,4.660000,4.380000,4.610000,4.610000,35700
2018-06-25,4.580000,5.150000,4.450000,4.980000,4.980000,117700
2018-06-26,4.940000,4.990000,4.642000,4.810000,4.810000,110900
2018-06-27,4.760000,4.885000,4.590000,4.730000,4.730000,72500
2018-06-28,4.700000,4.800000,4.660000,4.710000,4.710000,96000
2018-06-29,4.800000,4.902000,4.650000,4.720000,4.720000,47600
