Date,Open,High,Low,Close,Adj Close,Volume
2013-01-02,38.000000,38.919998,37.380001,38.500000,30.284813,14800
2013-01-03,38.549999,39.000000,38.270000,38.799999,30.520790,3400
2013-01-04,38.990002,40.110001,38.700001,39.990002,31.456873,12100
2013-01-07,39.810001,39.810001,38.209999,39.570000,31.126486,5700
2013-01-08,39.610001,39.730000,38.060001,39.400002,30.992762,4500
2013-01-09,39.299999,39.889999,39.029999,39.889999,31.378199,2700
2013-01-10,39.900002,39.900002,39.430000,39.639999,31.181547,4600
2013-01-11,39.799999,39.799999,38.700001,39.480000,31.055696,3300
2013-01-14,39.389999,39.779999,39.389999,39.599998,31.150091,1500
2013-01-15,39.209999,39.820000,39.209999,39.820000,31.323149,2500
2013-01-16,39.900002,39.900002,39.320000,39.650002,31.189423,6900
2013-01-17,39.900002,39.900002,39.450001,39.820000,31.323149,4900
2013-01-18,39.639999,39.900002,39.299999,39.700001,31.228752,9100
2013-01-22,39.849998,39.910000,39.340000,39.910000,31.393934,5000
2013-01-23,39.799999,40.020000,39.700001,39.700001,31.228752,3800
2013-01-24,40.000000,41.320000,39.750000,40.830002,32.117626,13100
2013-01-25,41.310001,41.310001,40.750000,41.200001,32.408680,5400
2013-01-28,41.200001,41.320000,41.099998,41.099998,32.330009,4000
2013-01-29,40.939999,41.630001,40.759998,41.200001,32.408680,10000
2013-01-30,41.020000,41.020000,40.549999,40.560001,31.905237,2100
2013-01-31,40.599998,40.700001,40.090000,40.090000,31.535534,5500
2013-02-01,40.009998,41.180000,40.009998,41.070000,32.306416,1400
2013-02-04,40.790001,40.790001,39.509998,39.599998,31.150091,7000
2013-02-05,39.750000,39.980000,39.599998,39.790001,31.299547,3200
2013-02-06,39.500000,40.259998,39.500000,39.810001,31.315277,5200
2013-02-07,40.029999,40.189999,39.560001,40.000000,31.464737,1100
2013-02-08,40.000000,40.419998,40.000000,40.419998,31.795120,1700
2013-02-11,40.240002,40.240002,40.150002,40.150002,31.582733,400
2013-02-12,39.700001,40.349998,39.689999,40.349998,31.740053,2400
2013-02-13,40.000000,40.610001,40.000000,40.060001,31.511934,1700
2013-02-14,40.650002,40.650002,40.200001,40.459999,31.826576,3000
2013-02-15,40.500000,40.660000,39.790001,40.279999,31.684990,7400
2013-02-19,40.200001,41.169998,40.000000,40.759998,32.062557,4500
2013-02-20,40.660000,40.990002,40.630001,40.650002,31.976038,5000
2013-02-21,40.259998,40.369999,40.259998,40.369999,31.755787,600
2013-02-22,40.529999,41.189999,40.529999,41.189999,32.400806,2200
2013-02-25,41.230000,41.230000,40.279999,40.279999,31.684990,3700
2013-02-26,40.500000,40.950001,40.340000,40.490002,31.850182,5700
2013-02-27,40.619999,41.320000,40.000000,40.509998,31.865908,13200
2013-02-28,40.450001,40.950001,40.040001,40.470001,31.834436,4600
2013-03-01,40.060001,40.610001,40.060001,40.610001,31.944571,7200
2013-03-04,40.500000,40.650002,40.299999,40.580002,31.920975,7300
2013-03-05,40.900002,41.200001,40.560001,40.889999,32.164825,6700
2013-03-06,41.049999,41.639999,40.990002,41.450001,32.605335,800
2013-03-07,41.439999,41.439999,40.840000,41.310001,32.867889,3800
2013-03-08,41.790001,41.790001,40.360001,40.360001,32.112034,5900
2013-03-11,40.450001,40.450001,39.610001,40.090000,31.897217,4700
2013-03-12,40.119999,40.119999,39.770000,39.770000,31.642603,1800
2013-03-13,40.000000,40.169998,39.750000,40.169998,31.960867,6200
2013-03-14,40.470001,40.480000,40.060001,40.250000,32.024513,5900
2013-03-15,40.230000,40.250000,39.520000,40.130001,31.929033,14100
2013-03-18,39.580002,40.110001,39.349998,40.009998,31.833561,4600
2013-03-19,40.000000,40.009998,39.700001,39.930000,31.769913,2800
2013-03-20,40.689999,40.689999,39.750000,40.049999,31.865387,6300
2013-03-21,39.700001,40.880001,39.700001,39.930000,31.769913,7000
2013-03-22,40.209999,40.700001,40.200001,40.630001,32.530525,9600
2013-03-25,41.000000,41.099998,40.459999,41.049999,32.866802,17100
2013-03-26,41.040001,41.049999,40.500000,41.040001,32.858791,1000
2013-03-27,40.750000,40.970001,40.220001,40.480000,32.410435,1600
2013-03-28,40.820000,41.240002,40.820000,40.970001,32.802757,4800
2013-04-01,40.509998,40.520000,40.200001,40.209999,32.194248,4100
2013-04-02,40.480000,40.619999,40.000000,40.020000,32.042126,8500
2013-04-03,39.990002,40.389999,39.389999,40.090000,32.098167,5300
2013-04-04,40.279999,40.279999,39.959999,40.000000,32.026115,2400
2013-04-05,39.369999,39.970001,39.340000,39.439999,31.577757,2600
2013-04-08,39.680000,39.680000,39.380001,39.650002,31.745888,1800
2013-04-09,39.840000,40.889999,39.840000,40.459999,32.394417,15300
2013-04-10,40.610001,40.830002,40.349998,40.830002,32.690662,3700
2013-04-11,40.570000,40.730000,39.799999,39.919998,31.962067,10200
2013-04-12,40.150002,40.740002,40.049999,40.730000,32.610596,5700
2013-04-15,40.700001,40.700001,39.360001,39.450001,31.585760,17100
2013-04-16,39.799999,40.599998,39.799999,40.549999,32.466473,8000
2013-04-17,40.060001,40.150002,39.259998,39.619999,31.721867,6200
2013-04-18,39.619999,40.380001,39.619999,40.009998,32.034115,9800
2013-04-19,40.310001,40.880001,39.720001,40.880001,32.730694,3600
2013-04-22,41.000000,41.000000,40.139999,40.480000,32.410435,4800
2013-04-23,40.590000,40.599998,39.799999,40.340000,32.298336,4100
2013-04-24,40.299999,40.950001,40.220001,40.349998,32.306351,15600
2013-04-25,40.240002,41.139999,39.900002,40.500000,32.426434,36200
2013-04-26,40.450001,40.520000,39.849998,40.070000,32.082165,5900
2013-04-29,40.169998,40.580002,39.470001,40.400002,32.346382,6900
2013-04-30,39.810001,40.919998,39.680000,40.919998,32.762714,6000
2013-05-01,40.529999,40.889999,39.840000,40.070000,32.082165,24900
2013-05-02,40.419998,40.849998,39.919998,40.279999,32.250305,6000
2013-05-03,40.439999,40.490002,39.860001,40.299999,32.266315,9700
2013-05-06,40.400002,40.700001,40.009998,40.700001,32.586578,2200
2013-05-07,40.630001,41.410000,40.439999,41.000000,32.826775,18300
2013-05-08,40.340000,40.759998,40.340000,40.599998,32.506508,1500
2013-05-09,40.669998,40.669998,40.400002,40.529999,32.450455,1800
2013-05-10,40.500000,40.959999,40.480000,40.889999,32.738697,7800
2013-05-13,40.720001,40.779999,40.459999,40.650002,32.546543,4100
2013-05-14,41.090000,41.090000,40.470001,40.709999,32.594582,3800
2013-05-15,40.680000,40.790001,40.439999,40.759998,32.634617,5100
2013-05-16,40.849998,40.880001,40.509998,40.540001,32.458469,2200
2013-05-17,40.619999,40.750000,40.450001,40.680000,32.570560,4000
2013-05-20,40.700001,40.750000,40.549999,40.750000,32.626610,1700
2013-05-21,40.750000,40.959999,40.459999,40.770000,32.642616,5900
2013-05-22,40.799999,40.900002,40.560001,40.560001,32.474491,4900
2013-05-23,40.590000,41.000000,40.590000,40.669998,32.562553,4300
2013-05-24,40.639999,40.900002,40.639999,40.779999,32.650620,1300
2013-05-28,40.970001,41.000000,40.630001,40.950001,32.786736,7700
2013-05-29,40.650002,40.860001,40.599998,40.599998,32.506508,900
2013-05-30,40.880001,40.950001,40.610001,40.950001,32.786736,1400
2013-05-31,40.650002,40.689999,40.500000,40.590000,32.498501,3000
2013-06-03,40.590000,41.849998,40.590000,41.320000,33.082977,10000
2013-06-04,41.200001,41.950001,40.709999,41.200001,32.986897,26100
2013-06-05,41.060001,41.430000,40.820000,40.820000,32.682648,21200
2013-06-06,41.220001,41.740002,40.700001,41.299999,33.066963,20800
2013-06-07,41.009998,41.290001,40.750000,40.980000,33.188446,8400
2013-06-10,40.910000,40.930000,40.700001,40.919998,33.139851,6100
2013-06-11,40.709999,41.200001,40.419998,40.680000,32.945488,22600
2013-06-12,40.840000,41.049999,40.750000,40.750000,33.002174,6600
2013-06-13,40.900002,40.970001,40.279999,40.950001,33.164146,15800
2013-06-14,40.639999,40.939999,40.330002,40.689999,32.953575,14700
2013-06-17,40.330002,40.509998,40.330002,40.509998,32.807812,1100
2013-06-18,40.500000,40.980000,40.500000,40.849998,33.083160,7700
2013-06-19,40.840000,40.840000,40.259998,40.459999,32.767319,5300
2013-06-20,40.299999,41.000000,40.250000,40.279999,32.621540,11500
2013-06-21,40.580002,40.959999,40.340000,40.639999,32.913082,14900
2013-06-24,40.320000,40.880001,40.320000,40.700001,32.961678,5700
2013-06-25,41.000000,41.570000,40.500000,41.299999,33.447605,19800
2013-06-26,41.340000,41.349998,40.759998,41.139999,33.318027,12600
2013-06-27,40.959999,41.900002,40.959999,41.590000,33.682461,29600
2013-06-28,41.310001,42.000000,41.240002,41.860001,33.901127,44300
2013-07-01,41.799999,43.369999,41.500000,42.759998,34.630009,52800
2013-07-02,43.349998,44.700001,42.980000,44.270000,35.852909,40200
2013-07-03,43.820000,44.500000,42.040001,43.799999,35.472275,21300
2013-07-05,44.410000,44.840000,43.490002,44.619999,36.136368,37100
2013-07-08,44.480000,45.220001,44.110001,45.150002,36.565605,13800
2013-07-09,44.900002,45.470001,43.599998,45.180000,36.589893,12400
2013-07-10,45.009998,45.450001,44.369999,44.650002,36.160667,36700
2013-07-11,44.660000,45.790001,44.660000,45.430000,36.792366,47300
2013-07-12,45.389999,45.700001,44.680000,45.029999,36.468414,24400
2013-07-15,45.070000,46.580002,45.070000,46.290001,37.488853,39400
2013-07-16,46.310001,46.630001,45.880001,46.139999,37.367371,20600
2013-07-17,46.299999,47.169998,45.900002,46.599998,37.739910,44600
2013-07-18,46.599998,46.799999,45.930000,46.090000,37.326885,10200
2013-07-19,45.790001,46.090000,45.730000,46.040001,37.286381,6800
2013-07-22,45.750000,46.240002,45.639999,46.049999,37.294476,4700
2013-07-23,46.240002,46.660000,46.000000,46.150002,37.375465,5600
2013-07-24,46.279999,46.720001,45.980000,46.700001,37.820900,12600
2013-07-25,46.349998,46.750000,46.049999,46.740002,37.853291,7800
2013-07-26,46.410000,46.500000,45.810001,45.910000,37.181103,4300
2013-07-29,45.990002,45.990002,45.259998,45.430000,36.792366,2200
2013-07-30,45.740002,46.279999,45.650002,46.099998,37.334976,5000
2013-07-31,46.389999,46.389999,45.599998,45.939999,37.205402,14600
2013-08-01,46.430000,46.689999,45.560001,45.959999,37.221596,7100
2013-08-02,45.720001,46.439999,45.259998,46.290001,37.488853,8700
2013-08-05,46.250000,46.400002,45.299999,45.770000,37.067719,11600
2013-08-06,45.770000,45.840000,45.000000,45.369999,36.743771,23100
2013-08-07,45.700001,46.119999,45.259998,45.939999,37.205402,13200
2013-08-08,46.459999,46.459999,45.660000,46.110001,37.343075,8800
2013-08-09,46.250000,46.590000,45.770000,45.840000,37.124413,8800
2013-08-12,45.869999,46.200001,44.480000,45.200001,36.606091,26600
2013-08-13,45.270000,45.290001,42.779999,43.759998,35.439884,16000
2013-08-14,43.779999,44.630001,43.230000,43.759998,35.439884,23600
2013-08-15,43.900002,43.900002,43.060001,43.180000,34.970161,8300
2013-08-16,43.110001,43.639999,42.630001,43.029999,34.848682,5900
2013-08-19,42.799999,44.540001,42.799999,43.060001,34.872971,4800
2013-08-20,43.310001,44.320000,43.299999,44.189999,35.788120,8900
2013-08-21,44.000000,46.209999,44.000000,45.910000,37.181103,24900
2013-08-22,46.009998,46.119999,45.500000,45.630001,36.954342,2700
2013-08-23,45.630001,47.450001,45.630001,47.299999,38.306820,40600
2013-08-26,47.439999,47.689999,46.730000,46.910000,37.990978,10200
2013-08-27,46.639999,47.009998,45.919998,46.020000,37.270184,5500
2013-08-28,46.160000,46.990002,46.040001,46.630001,37.764214,4600
2013-08-29,46.580002,49.189999,46.580002,49.150002,39.805077,15600
2013-08-30,48.869999,49.250000,46.860001,47.189999,38.217731,85800
2013-09-03,47.750000,48.299999,46.660000,47.209999,38.233936,36400
2013-09-04,47.400002,47.970001,46.009998,46.459999,37.626530,12800
2013-09-05,46.290001,46.430000,45.500000,45.950001,37.213501,15900
2013-09-06,45.529999,46.029999,45.500000,45.770000,37.450790,10300
2013-09-09,45.759998,46.750000,45.540001,46.130001,37.745346,13200
2013-09-10,45.799999,46.790001,45.799999,46.259998,37.851727,5000
2013-09-11,47.230000,47.230000,45.700001,46.669998,38.187195,12200
2013-09-12,46.570000,46.919998,46.029999,46.380001,37.949909,6100
2013-09-13,46.580002,47.259998,46.000000,46.230000,37.827179,5600
2013-09-16,46.040001,47.380001,46.000000,46.169998,37.778084,8600
2013-09-17,46.330002,46.459999,46.049999,46.279999,37.868084,6500
2013-09-18,46.400002,47.200001,45.919998,47.020000,38.473583,7800
2013-09-19,47.270000,47.270000,46.040001,46.849998,38.334480,5700
2013-09-20,46.840000,47.290001,46.119999,46.119999,37.737171,17600
2013-09-23,46.000000,47.700001,46.000000,47.680000,39.013622,6400
2013-09-24,47.759998,50.520000,47.470001,49.410000,40.429173,13300
2013-09-25,49.200001,50.029999,48.599998,49.500000,40.502811,6700
2013-09-26,50.220001,50.380001,48.750000,49.070000,40.150974,5200
2013-09-27,48.750000,50.669998,48.750000,49.889999,40.821934,12500
2013-09-30,49.299999,50.040001,49.250000,49.820000,40.764656,22200
2013-10-01,49.779999,49.779999,48.430000,49.169998,40.232803,3500
2013-10-02,49.150002,49.500000,48.759998,48.970001,40.069149,12000
2013-10-03,48.799999,48.799999,47.250000,47.310001,38.710876,8000
2013-10-04,47.470001,48.299999,47.020000,47.830002,39.136364,6100
2013-10-07,47.619999,48.389999,47.000000,47.349998,38.743603,9100
2013-10-08,47.490002,47.759998,47.020000,47.029999,38.481758,9000
2013-10-09,47.040001,48.139999,47.029999,47.549999,38.907246,14500
2013-10-10,47.610001,47.900002,47.060001,47.889999,39.185452,3200
2013-10-11,47.490002,49.740002,47.459999,49.680000,40.650097,4400
2013-10-14,49.349998,51.169998,49.180000,50.700001,41.484699,23400
2013-10-15,50.700001,50.750000,48.250000,48.799999,39.930042,8300
2013-10-16,49.060001,50.549999,48.770000,48.990002,40.085514,18200
2013-10-17,49.070000,50.139999,49.070000,49.360001,40.388260,13900
2013-10-18,49.980000,51.180000,49.500000,50.130001,41.018303,10000
2013-10-21,49.490002,50.169998,49.490002,49.570000,40.560093,3500
2013-10-22,49.919998,50.750000,49.459999,50.450001,41.280132,10700
2013-10-23,50.169998,50.459999,49.029999,49.790001,40.740101,8300
2013-10-24,49.840000,50.750000,49.840000,50.419998,41.255592,2200
2013-10-25,50.700001,50.700001,50.060001,50.599998,41.402882,8300
2013-10-28,50.520000,51.130001,49.799999,50.540001,41.353783,5300
2013-10-29,50.779999,51.200001,50.380001,51.180000,41.877460,6300
2013-10-30,51.049999,51.049999,50.450001,50.500000,41.321060,6300
2013-10-31,50.360001,51.900002,50.080002,51.200001,41.893822,16800
2013-11-01,51.139999,51.750000,49.520000,50.900002,41.648350,32600
2013-11-04,50.369999,51.799999,49.169998,51.099998,41.812004,22700
2013-11-05,51.099998,51.099998,49.849998,50.130001,41.018303,7000
2013-11-06,50.250000,50.349998,49.500000,49.700001,40.666462,11900
2013-11-07,49.950001,50.500000,49.360001,49.400002,40.420994,12200
2013-11-08,49.369999,51.150002,49.369999,50.959999,41.697445,13600
2013-11-11,50.549999,51.889999,50.490002,51.299999,41.975643,8900
2013-11-12,51.320000,51.400002,50.459999,50.970001,41.705631,2400
2013-11-13,51.049999,51.139999,50.830002,51.139999,41.844730,3000
2013-11-14,50.959999,51.160000,50.759998,50.889999,41.640175,2300
2013-11-15,50.770000,51.400002,50.299999,51.349998,42.016560,13300
2013-11-18,51.340000,52.349998,51.119999,51.750000,42.343857,18700
2013-11-19,52.000000,52.200001,50.599998,51.099998,41.812004,15300
2013-11-20,51.150002,51.980000,50.730000,51.299999,41.975643,34900
2013-11-21,51.049999,51.099998,50.000000,50.650002,41.443790,16300
2013-11-22,50.549999,51.540001,50.549999,50.849998,41.607433,16800
2013-11-25,51.150002,51.250000,50.970001,51.250000,41.934731,3800
2013-11-26,51.240002,51.330002,50.080002,51.330002,42.000187,6600
2013-11-27,51.180000,52.040001,51.000000,52.040001,42.581139,16100
2013-11-29,52.369999,52.709999,51.369999,51.939999,42.499321,9700
2013-12-02,52.000000,52.000000,51.099998,51.639999,42.253845,16000
2013-12-03,51.000000,51.599998,51.000000,51.099998,41.812004,4300
2013-12-04,51.099998,51.560001,50.820000,50.990002,41.721989,3100
2013-12-05,51.000000,51.029999,49.799999,50.930000,41.672890,22400
2013-12-06,50.950001,50.959999,49.700001,50.959999,42.085827,18200
2013-12-09,50.549999,50.959999,50.299999,50.680000,41.854584,9300
2013-12-10,50.470001,50.470001,49.730000,49.799999,41.127834,6300
2013-12-11,50.009998,50.270000,48.209999,48.299999,39.889038,7300
2013-12-12,48.230000,48.540001,48.049999,48.349998,39.930332,6400
2013-12-13,48.330002,49.799999,48.330002,49.270000,40.690121,15700
2013-12-16,48.090000,50.490002,48.090000,50.279999,41.524242,10000
2013-12-17,50.509998,50.509998,49.459999,49.610001,40.970909,4000
2013-12-18,49.810001,50.990002,49.000000,50.900002,42.036274,10800
2013-12-19,50.500000,50.500000,50.000000,50.000000,41.293003,3700
2013-12-20,50.240002,52.990002,50.240002,52.490002,43.349400,51500
2013-12-23,52.380001,54.220001,52.380001,53.990002,44.588184,9800
2013-12-24,53.849998,53.889999,53.150002,53.799999,44.431267,2300
2013-12-26,53.790001,54.000000,52.700001,53.000000,43.770584,19000
2013-12-27,53.230000,53.330002,51.970001,52.549999,43.398945,6800
2013-12-30,52.230000,53.259998,51.930000,52.150002,43.068596,18100
2013-12-31,51.950001,51.990002,50.369999,51.000000,42.118862,5600
2014-01-02,50.580002,51.799999,50.439999,50.900002,42.036274,23400
2014-01-03,51.180000,51.880001,50.750000,50.950001,42.077564,6400
2014-01-06,50.799999,50.799999,50.189999,50.189999,41.449913,5100
2014-01-07,50.590000,50.830002,50.000000,50.509998,41.714191,5800
2014-01-08,50.330002,50.980000,50.060001,50.060001,41.342552,4100
2014-01-09,50.060001,50.230000,48.980000,49.299999,40.714893,16600
2014-01-10,49.389999,50.099998,49.290001,49.650002,41.003952,28900
2014-01-13,49.000000,49.720001,47.529999,48.490002,40.045956,16900
2014-01-14,48.490002,49.000000,47.810001,48.040001,39.674324,8000
2014-01-15,48.299999,49.250000,47.990002,49.189999,40.624050,25000
2014-01-16,49.020000,49.630001,48.450001,48.900002,40.384563,18100
2014-01-17,48.980000,49.349998,48.360001,48.400002,39.971626,5600
2014-01-21,48.570000,48.790001,48.200001,48.599998,40.136791,2700
2014-01-22,48.389999,48.500000,47.610001,48.200001,39.806458,27200
2014-01-23,47.779999,48.570000,47.750000,48.230000,39.831226,5100
2014-01-24,48.200001,48.950001,47.709999,47.770000,39.451328,8300
2014-01-27,48.419998,48.790001,47.529999,47.560001,39.277912,11900
2014-01-28,47.740002,47.740002,46.700001,47.450001,39.187054,9900
2014-01-29,46.840000,47.250000,45.599998,45.900002,37.906975,10600
2014-01-30,46.389999,47.220001,45.770000,46.230000,38.179512,25600
2014-01-31,45.360001,46.360001,45.200001,45.200001,37.328869,21900
2014-02-03,45.310001,45.950001,43.400002,44.430000,36.692959,15300
2014-02-04,45.900002,46.049999,45.000000,45.970001,37.964783,12200
2014-02-05,45.680000,45.930000,44.740002,44.740002,36.948982,4800
2014-02-06,44.759998,45.480000,43.369999,43.860001,36.222218,12100
2014-02-07,43.959999,45.790001,43.419998,43.950001,36.296539,12300
2014-02-10,43.919998,44.209999,42.310001,43.189999,35.668896,12700
2014-02-11,43.020000,44.919998,43.000000,44.160000,36.469986,19400
2014-02-12,44.330002,44.470001,43.799999,44.040001,36.370869,5600
2014-02-13,43.860001,45.380001,43.799999,45.290001,37.403198,6900
2014-02-14,45.310001,45.759998,44.889999,45.180000,37.312351,8200
2014-02-18,45.500000,46.599998,45.500000,45.950001,37.948273,6700
2014-02-19,46.599998,46.599998,44.700001,44.700001,36.915943,4100
2014-02-20,44.779999,45.919998,44.779999,45.580002,37.642704,3900
2014-02-21,45.820000,47.279999,45.820000,46.099998,38.072147,11200
2014-02-24,46.060001,47.480000,46.060001,46.369999,38.295128,2900
2014-02-25,46.180000,46.820000,46.110001,46.110001,38.080406,3700
2014-02-26,46.340000,46.349998,46.000000,46.299999,38.237328,3100
2014-02-27,46.070000,46.810001,46.070000,46.430000,38.344681,2200
2014-02-28,46.439999,47.000000,45.810001,45.810001,37.832645,11900
2014-03-03,45.500000,45.849998,44.500000,45.849998,37.865692,5400
2014-03-04,46.060001,49.330002,45.650002,47.849998,39.517399,23200
2014-03-05,48.330002,48.950001,47.750000,48.470001,40.029434,9100
2014-03-06,48.810001,49.139999,47.570000,48.970001,40.442375,12000
2014-03-07,48.779999,48.950001,47.310001,48.500000,40.442368,12700
2014-03-10,47.480000,48.840000,47.299999,48.500000,40.442368,4800
2014-03-11,48.459999,48.459999,47.799999,48.020000,40.042103,11700
2014-03-12,48.000000,48.389999,47.709999,48.389999,40.350636,5200
2014-03-13,48.419998,48.869999,48.080002,48.439999,40.392338,5800
2014-03-14,48.049999,49.930000,48.049999,49.580002,41.342937,10200
2014-03-17,49.750000,49.750000,48.860001,49.689999,41.434658,5100
2014-03-18,49.750000,51.150002,49.750000,50.459999,42.076740,22900
2014-03-19,49.900002,49.900002,48.020000,49.439999,41.226200,12400
2014-03-20,49.630001,49.900002,48.580002,49.700001,41.443005,10500
2014-03-21,49.950001,50.000000,48.430000,48.950001,40.817604,21800
2014-03-24,48.869999,49.529999,48.540001,49.320000,41.126137,7200
2014-03-25,49.770000,50.299999,48.509998,49.439999,41.226200,13400
2014-03-26,49.610001,49.700001,48.450001,48.619999,40.542427,15700
2014-03-27,48.840000,49.150002,47.549999,48.490002,40.434029,13900
2014-03-28,48.349998,48.360001,47.700001,47.790001,39.850323,2800
2014-03-31,48.049999,49.020000,47.189999,48.779999,40.675842,17700
2014-04-01,48.869999,48.869999,47.660000,48.369999,40.333969,14700
2014-04-02,48.250000,48.599998,47.849998,48.169998,40.167194,5200
2014-04-03,48.200001,48.320000,47.799999,47.810001,39.867001,2600
2014-04-04,48.290001,48.290001,47.000000,47.430000,39.550133,20600
2014-04-07,47.380001,47.380001,45.529999,45.910000,38.282661,22900
2014-04-08,45.799999,47.599998,45.689999,46.509998,38.782978,16500
2014-04-09,46.869999,47.430000,46.009998,46.630001,38.883041,12500
2014-04-10,45.709999,46.680000,45.009998,45.439999,37.890739,10000
2014-04-11,44.980000,45.730000,44.750000,44.810001,37.365410,12700
2014-04-14,45.470001,46.779999,44.750000,45.049999,37.565544,16600
2014-04-15,45.700001,45.750000,44.950001,45.349998,37.815693,12200
2014-04-16,46.020000,46.240002,45.389999,45.740002,38.140900,8000
2014-04-17,45.509998,46.040001,45.389999,45.740002,38.140900,2600
2014-04-21,47.970001,47.970001,45.900002,46.070000,38.416084,4200
2014-04-22,46.330002,46.349998,45.410000,45.630001,38.049179,7500
2014-04-23,46.060001,46.060001,45.380001,45.599998,38.024162,4900
2014-04-24,45.150002,45.150002,44.330002,44.599998,37.190300,2100
2014-04-25,44.560001,45.369999,44.000000,44.029999,36.715000,10600
2014-04-28,44.500000,45.599998,44.200001,44.529999,37.131924,14500
2014-04-29,44.959999,44.959999,44.020000,44.169998,36.831738,6800
2014-04-30,44.150002,44.540001,44.000000,44.000000,36.689976,9300
2014-05-01,44.000000,44.040001,43.000000,43.389999,36.181328,22300
2014-05-02,43.279999,44.080002,43.000000,43.570000,36.331417,9700
2014-05-05,43.279999,44.430000,43.009998,43.240002,36.056248,6700
2014-05-06,43.270000,44.770000,43.200001,43.209999,36.031223,12800
2014-05-07,43.490002,44.049999,43.490002,43.790001,36.514870,7700
2014-05-08,43.880001,44.520000,43.799999,44.009998,36.698318,5800
2014-05-09,43.689999,44.470001,43.689999,44.180000,36.840076,13100
2014-05-12,44.639999,46.000000,44.310001,45.900002,38.274315,15500
2014-05-13,46.459999,46.459999,45.720001,45.720001,38.124229,10100
2014-05-14,46.000000,46.000000,44.000000,44.009998,36.698318,8500
2014-05-15,44.000000,44.000000,43.000000,43.630001,36.381454,17600
2014-05-16,43.810001,45.250000,43.810001,44.779999,37.340401,15800
2014-05-19,44.419998,45.200001,44.419998,44.820000,37.373745,3200
2014-05-20,44.900002,44.900002,43.500000,44.380001,37.006851,28600
2014-05-21,44.410000,45.200001,44.080002,44.330002,36.965157,15200
2014-05-22,44.250000,45.520000,44.020000,44.610001,37.198639,18200
2014-05-23,44.750000,45.480000,44.750000,45.389999,37.849045,2800
2014-05-27,45.500000,45.610001,44.900002,45.459999,37.907421,23900
2014-05-28,45.099998,46.779999,44.250000,45.980000,38.341030,28200
2014-05-29,45.639999,46.700001,45.599998,46.360001,38.657894,13200
2014-05-30,46.529999,47.180000,45.869999,46.070000,38.416084,9300
2014-06-02,45.049999,46.200001,45.000000,45.020000,37.540520,7600
2014-06-03,45.000000,46.169998,44.000000,44.139999,36.806725,16900
2014-06-04,44.139999,44.369999,43.750000,43.820000,36.539886,9200
2014-06-05,44.119999,45.270000,44.119999,44.970001,37.498837,6400
2014-06-06,44.790001,45.849998,44.790001,45.639999,38.459476,8300
2014-06-09,45.400002,46.330002,44.910000,46.119999,38.863953,12500
2014-06-10,45.660000,46.119999,45.410000,46.110001,38.855526,2600
2014-06-11,45.900002,46.939999,45.610001,45.799999,38.594299,16000
2014-06-12,45.930000,45.930000,45.419998,45.419998,38.274082,2300
2014-06-13,45.770000,46.169998,45.250000,45.470001,38.316219,6300
2014-06-16,45.250000,45.349998,44.750000,44.939999,37.869606,4900
2014-06-17,45.400002,45.400002,44.750000,45.290001,38.164539,4300
2014-06-18,45.060001,45.570000,44.750000,45.430000,38.282516,6400
2014-06-19,45.750000,45.750000,44.380001,44.880001,37.819042,9000
2014-06-20,45.240002,45.639999,44.250000,45.459999,38.307800,17800
2014-06-23,44.500000,45.400002,44.500000,45.000000,37.920166,7500
2014-06-24,45.150002,46.650002,44.700001,45.180000,38.071850,21400
2014-06-25,45.189999,45.660000,44.750000,45.639999,38.459476,5900
2014-06-26,44.779999,46.209999,44.779999,45.740002,38.543743,11000
2014-06-27,45.369999,47.000000,45.369999,46.990002,39.597076,40900
2014-06-30,46.740002,47.500000,45.770000,47.099998,39.689770,18300
2014-07-01,47.500000,49.000000,46.730000,48.709999,41.046471,19800
2014-07-02,48.770000,48.770000,48.459999,48.560001,40.920067,6400
2014-07-03,48.900002,48.990002,48.790001,48.790001,41.113884,1600
2014-07-07,48.009998,48.240002,47.990002,48.070000,40.507160,5200
2014-07-08,48.189999,48.189999,47.020000,47.480000,40.009987,13200
2014-07-09,47.000000,47.480000,46.919998,47.270000,39.833031,2500
2014-07-10,46.520000,47.009998,46.119999,46.970001,39.580223,2800
2014-07-11,46.799999,46.799999,46.259998,46.770000,39.411694,3200
2014-07-14,47.090000,47.180000,45.930000,46.900002,39.521236,5300
2014-07-15,46.910000,46.910000,45.770000,45.980000,38.745979,4200
2014-07-16,46.000000,46.000000,44.849998,45.250000,38.130833,5200
2014-07-17,45.500000,45.500000,44.000000,44.139999,37.195469,19400
2014-07-18,43.810001,45.320000,43.810001,44.720001,37.684219,8700
2014-07-21,44.520000,45.290001,43.540001,43.750000,36.866829,15700
2014-07-22,43.750000,43.970001,42.459999,43.459999,36.622444,20600
2014-07-23,43.540001,44.220001,42.990002,43.360001,36.538185,5700
2014-07-24,43.529999,43.549999,43.009998,43.099998,36.319088,4000
2014-07-25,43.099998,43.320000,42.900002,42.910000,36.158989,14600
2014-07-28,43.060001,43.490002,42.560001,42.669998,35.956738,6600
2014-07-29,42.590000,43.000000,42.009998,42.580002,35.880898,6400
2014-07-30,42.330002,43.070000,42.330002,43.070000,36.293808,4400
2014-07-31,42.900002,43.000000,42.270000,42.910000,36.158989,10600
2014-08-01,43.090000,43.500000,42.900002,43.060001,36.285378,8000
2014-08-04,43.419998,43.599998,42.919998,43.369999,36.546608,7200
2014-08-05,43.200001,43.500000,42.750000,42.910000,36.158989,4800
2014-08-06,43.150002,44.310001,42.500000,43.080002,36.302238,11900
2014-08-07,43.009998,43.110001,42.610001,42.810001,36.074715,2900
2014-08-08,42.779999,43.349998,42.610001,43.099998,36.319088,6100
2014-08-11,43.480000,44.639999,42.610001,43.750000,36.866829,11700
2014-08-12,43.360001,43.980000,43.320000,43.660000,36.790985,7200
2014-08-13,44.250000,44.470001,43.700001,43.799999,36.908958,3200
2014-08-14,44.169998,44.410000,43.880001,44.110001,37.170193,2800
2014-08-15,44.540001,45.150002,43.650002,43.779999,36.892113,17000
2014-08-18,44.369999,44.990002,43.810001,44.000000,37.077496,6200
2014-08-19,43.830002,44.799999,43.830002,44.150002,37.203896,4400
2014-08-20,43.759998,44.419998,43.759998,44.000000,37.077496,2700
2014-08-21,43.830002,45.160000,43.830002,44.369999,37.389286,11900
2014-08-22,44.799999,44.930000,43.799999,44.700001,37.667370,7800
2014-08-25,44.790001,45.790001,44.250000,45.180000,38.071850,7200
2014-08-26,45.220001,45.580002,44.889999,45.580002,38.408909,7800
2014-08-27,45.369999,45.540001,44.450001,45.000000,37.920166,12600
2014-08-28,45.310001,45.540001,44.709999,45.060001,37.970730,4900
2014-08-29,45.070000,45.509998,44.599998,45.480000,38.324654,4000
2014-09-02,45.610001,45.610001,44.599998,45.290001,38.164539,3600
2014-09-03,44.970001,45.400002,44.970001,44.970001,37.894890,5000
2014-09-04,45.270000,45.689999,45.200001,45.320000,38.189819,6100
2014-09-05,44.689999,45.380001,44.110001,44.720001,38.079124,7500
2014-09-08,44.759998,45.419998,44.049999,44.799999,38.147243,18500
2014-09-09,44.520000,45.000000,44.279999,44.840000,38.181293,11800
2014-09-10,45.049999,45.980000,44.849998,45.619999,38.845474,12500
2014-09-11,45.980000,46.209999,45.400002,45.950001,39.126472,5400
2014-09-12,46.160000,46.160000,45.520000,45.779999,38.981709,5800
2014-09-15,45.799999,46.029999,44.939999,45.590000,38.819927,15100
2014-09-16,46.279999,46.279999,45.240002,46.070000,39.228653,4400
2014-09-17,46.860001,46.860001,45.349998,45.689999,38.905071,6700
2014-09-18,46.000000,46.209999,45.500000,45.939999,39.117958,7500
2014-09-19,45.930000,46.660000,44.639999,44.650002,38.019524,16400
2014-09-22,44.619999,44.619999,43.259998,43.400002,36.955154,18600
2014-09-23,43.610001,44.000000,43.060001,43.189999,36.776325,21400
2014-09-24,43.770000,43.770000,43.070000,43.070000,36.674141,4600
2014-09-25,43.180000,43.470001,42.759998,43.040001,36.648602,11300
2014-09-26,43.009998,43.689999,42.639999,43.389999,36.946629,7500
2014-09-29,43.500000,43.770000,42.529999,43.459999,37.006229,8000
2014-09-30,42.869999,43.250000,42.250000,42.250000,35.975914,14200
2014-10-01,42.400002,42.599998,42.009998,42.180000,35.916313,12300
2014-10-02,42.400002,43.990002,42.400002,43.230000,36.810375,7800
2014-10-03,43.639999,43.799999,43.009998,43.520000,37.057320,7900
2014-10-06,43.529999,44.680000,43.130001,43.500000,37.040291,4200
2014-10-07,43.490002,44.070000,42.669998,42.669998,36.333542,18500
2014-10-08,42.950001,43.500000,42.500000,43.230000,36.810375,6900
2014-10-09,43.259998,43.400002,42.599998,42.880001,36.512360,10900
2014-10-10,42.709999,43.799999,42.549999,42.840000,36.478302,18300
2014-10-13,43.150002,43.970001,43.150002,43.509998,37.048805,6200
2014-10-14,43.669998,45.000000,43.599998,44.840000,38.181293,33000
2014-10-15,44.520000,45.189999,43.919998,44.980000,38.300507,14300
2014-10-16,44.480000,46.209999,43.680000,44.180000,37.619320,22900
2014-10-17,45.340000,45.480000,44.549999,44.549999,37.934372,5100
2014-10-20,44.730000,46.439999,43.070000,44.570000,37.951397,8800
2014-10-21,44.139999,45.900002,43.970001,45.209999,38.496353,7500
2014-10-22,45.419998,45.419998,43.299999,44.990002,38.309021,3400
2014-10-23,45.310001,45.459999,44.220001,44.849998,38.189819,12800
2014-10-24,44.660000,44.820000,44.509998,44.590000,37.968430,3000
2014-10-27,44.279999,45.619999,44.220001,45.279999,38.555962,34400
2014-10-28,45.540001,46.799999,44.840000,46.799999,39.850250,5300
2014-10-29,46.540001,47.290001,45.849998,46.810001,39.858761,13800
2014-10-30,46.869999,49.000000,45.410000,48.669998,41.442547,24900
2014-10-31,48.349998,49.470001,47.680000,48.529999,41.323345,39800
2014-11-03,48.560001,48.939999,47.330002,48.549999,41.340374,11200
2014-11-04,48.360001,48.360001,47.680000,47.790001,40.693230,5800
2014-11-05,45.700001,48.459999,45.700001,48.299999,41.127491,20600
2014-11-06,48.049999,48.099998,47.020000,48.020000,40.889069,10600
2014-11-07,48.099998,48.400002,47.810001,47.970001,40.846504,4200
2014-11-10,48.189999,48.259998,47.380001,48.250000,41.084911,6000
2014-11-11,47.950001,48.849998,47.500000,48.540001,41.331867,24700
2014-11-12,48.459999,48.590000,48.000000,48.340000,41.161549,11900
2014-11-13,48.599998,48.599998,48.000000,48.189999,41.033829,2700
2014-11-14,48.470001,48.630001,47.500000,47.560001,40.497391,3400
2014-11-17,47.529999,47.919998,46.799999,46.970001,39.995003,9100
2014-11-18,46.950001,46.950001,46.919998,46.919998,39.952431,2000
2014-11-19,46.470001,46.470001,44.799999,45.189999,38.479324,14900
2014-11-20,45.209999,46.119999,44.650002,44.910000,38.240906,17500
2014-11-21,45.430000,45.590000,44.509998,45.279999,38.555962,16800
2014-11-24,45.110001,45.750000,45.000000,45.500000,38.743301,19400
2014-11-25,45.500000,46.209999,45.080002,45.340000,38.607056,2100
2014-11-26,45.950001,46.110001,44.500000,45.799999,38.998745,22700
2014-11-28,45.549999,45.549999,44.400002,44.400002,37.806641,7400
2014-12-01,44.490002,45.250000,44.250000,44.259998,37.687431,22500
2014-12-02,44.560001,45.200001,44.490002,44.810001,38.155758,3900
2014-12-03,45.369999,45.369999,44.000000,44.119999,37.568222,12900
2014-12-04,44.299999,44.980000,43.950001,44.020000,37.483078,18100
2014-12-05,43.900002,45.250000,43.900002,44.759998,38.524502,19800
2014-12-08,44.000000,45.160000,44.000000,44.340000,38.163021,5100
2014-12-09,44.330002,45.689999,44.000000,45.689999,39.324947,6000
2014-12-10,45.270000,45.270000,44.080002,44.230000,38.068344,11200
2014-12-11,44.220001,45.200001,43.900002,45.049999,38.774113,10800
2014-12-12,44.549999,44.730000,44.169998,44.220001,38.059734,4500
2014-12-15,44.189999,44.630001,43.959999,44.070000,37.930630,5200
2014-12-16,44.240002,45.209999,44.240002,44.400002,38.214661,13300
2014-12-17,44.240002,46.930000,44.240002,46.919998,40.383606,33800
2014-12-18,47.230000,47.970001,46.400002,47.720001,41.072155,36100
2014-12-19,47.590000,48.840000,47.490002,48.189999,41.476681,27200
2014-12-22,48.500000,48.500000,46.020000,48.060001,41.364792,28900
2014-12-23,48.110001,48.529999,46.540001,47.430000,40.822556,16100
2014-12-24,47.599998,49.099998,47.310001,48.599998,41.829556,28700
2014-12-26,48.590000,48.970001,47.849998,48.250000,41.528313,27700
2014-12-29,48.110001,48.950001,47.650002,48.779999,41.984478,18600
2014-12-30,48.220001,48.939999,47.500000,48.709999,41.924232,7200
2014-12-31,48.540001,49.730000,48.099998,49.259998,42.397614,13400
2015-01-02,49.169998,49.169998,47.349998,47.669998,41.029118,5700
2015-01-05,48.299999,48.299999,47.000000,47.000000,40.452454,4500
2015-01-06,47.290001,47.610001,46.070000,46.330002,39.875797,4600
2015-01-07,46.200001,47.299999,45.070000,46.930000,40.392212,27500
2015-01-08,47.540001,47.549999,46.029999,47.490002,40.874191,15400
2015-01-09,47.259998,47.930000,46.700001,46.790001,40.271709,6100
2015-01-12,46.709999,47.689999,46.020000,47.320000,40.727871,24100
2015-01-13,47.509998,47.549999,46.029999,46.160000,39.729469,6000
2015-01-14,45.980000,46.439999,45.900002,46.439999,39.970474,2900
2015-01-15,47.189999,47.189999,45.049999,45.070000,38.791321,4700
2015-01-16,45.000000,47.270000,45.000000,46.740002,40.228672,3200
2015-01-20,45.130001,46.259998,45.130001,45.930000,39.531517,2900
2015-01-21,45.430000,45.930000,45.430000,45.470001,39.135597,3200
2015-01-22,45.509998,46.470001,45.509998,46.250000,39.806931,7300
2015-01-23,45.990002,46.360001,45.840000,46.279999,39.832760,5500
2015-01-26,46.070000,46.560001,45.560001,46.110001,39.686443,14700
2015-01-27,45.590000,46.840000,45.590000,46.200001,39.763897,4200
2015-01-28,46.220001,46.220001,45.110001,45.160000,38.868786,5100
2015-01-29,45.110001,45.500000,45.110001,45.389999,39.066738,7900
2015-01-30,45.110001,45.770000,44.410000,44.410000,38.223267,16700
2015-02-02,45.009998,46.439999,44.009998,46.049999,39.634792,23600
2015-02-03,46.150002,46.509998,45.160000,46.509998,40.030716,5000
2015-02-04,46.480000,46.650002,45.180000,46.169998,39.738083,33000
2015-02-05,46.310001,47.360001,45.810001,47.250000,40.667633,15900
2015-02-06,47.180000,47.480000,46.950001,46.970001,40.426640,5000
2015-02-09,46.610001,47.970001,46.490002,46.990002,40.443851,3400
2015-02-10,46.689999,47.639999,46.689999,47.020000,40.469662,2900
2015-02-11,46.880001,47.369999,45.820000,45.840000,39.454056,4400
2015-02-12,46.459999,47.669998,46.259998,46.889999,40.357780,7100
2015-02-13,47.580002,47.580002,46.700001,46.700001,40.194256,3100
2015-02-17,46.590000,46.990002,46.590000,46.900002,40.366383,3500
2015-02-18,47.200001,47.490002,46.919998,46.919998,40.383606,800
2015-02-19,46.779999,47.689999,46.779999,47.150002,40.581566,2000
2015-02-20,47.340000,47.520000,46.310001,46.509998,40.030716,4500
2015-02-23,46.509998,46.509998,45.439999,46.209999,39.772514,1400
2015-02-24,46.959999,47.740002,46.299999,46.580002,40.090965,2500
2015-02-25,45.990002,46.599998,45.990002,46.040001,39.626190,1100
2015-02-26,45.810001,46.060001,45.810001,46.060001,39.643398,1600
2015-02-27,46.099998,47.290001,46.099998,46.240002,39.798328,3800
2015-03-02,46.330002,46.330002,45.820000,46.130001,39.703648,2900
2015-03-03,45.869999,46.410000,45.849998,45.849998,39.462666,1900
2015-03-04,45.840000,45.840000,45.470001,45.590000,39.238880,1700
2015-03-05,45.709999,45.950001,45.500000,45.910000,39.514301,4200
2015-03-06,44.970001,45.880001,44.970001,45.000000,39.131683,3000
2015-03-09,45.950001,45.950001,45.349998,45.349998,39.436031,2400
2015-03-10,45.020000,45.630001,45.020000,45.240002,39.340385,3100
2015-03-11,45.200001,45.799999,45.200001,45.450001,39.523003,3400
2015-03-12,45.790001,46.459999,45.590000,46.459999,40.401287,4900
2015-03-13,46.070000,46.500000,45.270000,46.389999,40.340412,3400
2015-03-16,46.509998,46.509998,45.970001,45.970001,39.975193,2400
2015-03-17,46.680000,46.939999,46.419998,46.669998,40.583897,4100
2015-03-18,47.439999,47.439999,46.299999,46.980000,40.853477,4200
2015-03-19,47.130001,47.520000,46.310001,47.389999,41.210003,2500
2015-03-20,47.680000,47.939999,47.139999,47.939999,41.688282,12400
2015-03-23,47.810001,48.099998,47.810001,47.939999,41.688282,8000
2015-03-24,48.099998,48.900002,47.959999,48.320000,42.018726,36600
2015-03-25,48.480000,48.480000,46.049999,47.310001,41.140442,3400
2015-03-26,48.200001,48.200001,47.650002,47.650002,41.436100,2500
2015-03-27,47.700001,47.700001,47.500000,47.500000,41.305660,2600
2015-03-30,47.500000,47.990002,47.000000,47.730000,41.505669,3100
2015-03-31,48.700001,48.910000,47.529999,48.910000,42.531792,1700
2015-04-01,47.200001,47.900002,47.200001,47.599998,41.392624,9800
2015-04-02,47.689999,48.619999,47.349998,48.279999,41.983948,6400
2015-04-06,47.720001,47.740002,47.240002,47.240002,41.079575,3500
2015-04-07,47.200001,47.500000,45.889999,45.889999,39.905613,9400
2015-04-08,45.900002,46.009998,45.369999,45.700001,39.740395,11600
2015-04-09,45.660000,46.110001,45.029999,45.189999,39.296898,12500
2015-04-10,45.439999,45.930000,45.040001,45.070000,39.192551,4900
2015-04-13,45.130001,45.130001,44.349998,44.509998,38.705578,5100
2015-04-14,45.090000,45.090000,44.389999,44.930000,39.070801,1500
2015-04-15,44.900002,45.139999,44.900002,44.970001,39.105598,3700
2015-04-16,45.700001,45.700001,45.200001,45.200001,39.305592,5400
2015-04-17,45.290001,45.320000,44.389999,44.400002,38.609924,12300
2015-04-20,45.380001,45.380001,44.509998,45.220001,39.322990,2200
2015-04-21,44.400002,44.709999,44.349998,44.369999,38.583839,12900
2015-04-22,44.349998,44.750000,44.349998,44.410000,38.618618,5300
2015-04-23,44.400002,44.919998,44.400002,44.689999,38.862106,2200
2015-04-24,44.880001,44.980000,44.599998,44.950001,39.088203,3500
2015-04-27,44.660000,45.430000,44.660000,45.099998,39.218639,7300
2015-04-28,44.660000,45.490002,44.660000,44.849998,39.001244,2200
2015-04-29,45.230000,45.230000,44.450001,44.660000,38.836018,2300
2015-04-30,44.700001,44.730000,43.560001,43.590000,37.905548,8200
2015-05-01,44.750000,44.910000,43.150002,43.380001,37.722942,5900
2015-05-04,43.669998,44.580002,43.160000,43.160000,37.531624,2000
2015-05-05,43.330002,44.080002,43.250000,43.529999,37.853378,5900
2015-05-06,43.000000,44.110001,43.000000,43.750000,38.044689,3300
2015-05-07,43.889999,43.889999,43.009998,43.180000,37.549026,3300
2015-05-08,43.680000,44.080002,42.750000,42.750000,37.175091,12500
2015-05-11,43.970001,43.970001,42.619999,43.240002,37.601204,6500
2015-05-12,42.900002,42.910000,42.500000,42.709999,37.140316,3500
2015-05-13,42.750000,43.259998,42.750000,43.029999,37.418587,3200
2015-05-14,43.000000,43.200001,42.650002,43.090000,37.470760,10700
2015-05-15,43.119999,43.119999,42.639999,42.639999,37.079441,3900
2015-05-18,42.500000,42.919998,42.279999,42.660000,37.096828,10000
2015-05-19,42.959999,42.970001,42.730000,42.730000,37.157703,2000
2015-05-20,42.869999,42.959999,42.799999,42.799999,37.218575,2100
2015-05-21,43.250000,43.250000,42.730000,42.730000,37.157703,2400
2015-05-22,42.889999,43.189999,42.349998,42.490002,36.949009,6400
2015-05-26,42.730000,42.730000,42.340000,42.439999,36.905521,3500
2015-05-27,42.509998,42.860001,42.509998,42.779999,37.201176,3100
2015-05-28,42.720001,43.450001,42.599998,42.820000,37.235977,2200
2015-05-29,42.799999,43.060001,42.009998,42.410000,36.879436,6900
2015-06-01,42.480000,42.689999,41.599998,42.000000,36.522903,6800
2015-06-02,41.970001,42.610001,41.840000,41.840000,36.383766,8800
2015-06-03,42.080002,42.750000,42.000000,42.680000,37.114227,4800
2015-06-04,42.500000,43.279999,42.320000,42.520000,36.975090,18100
2015-06-05,42.209999,43.200001,42.150002,43.200001,37.986301,3400
2015-06-08,42.830002,43.490002,42.580002,42.619999,37.476299,4000
2015-06-09,42.650002,43.419998,42.240002,42.290001,37.186123,4700
2015-06-10,42.790001,43.419998,42.520000,43.000000,37.810436,6700
2015-06-11,42.639999,42.790001,42.419998,42.759998,37.599400,3600
2015-06-12,42.500000,43.110001,42.369999,42.610001,37.467506,2500
2015-06-15,42.400002,43.160000,42.400002,42.759998,37.599400,7800
2015-06-16,42.990002,43.470001,42.849998,43.470001,38.223709,4500
2015-06-17,43.299999,45.000000,42.880001,44.570000,39.190956,12600
2015-06-18,45.040001,45.360001,43.820000,44.950001,39.525097,13900
2015-06-19,44.770000,45.110001,44.320000,44.630001,39.243721,16400
2015-06-22,44.660000,45.099998,44.270000,45.099998,39.656994,2700
2015-06-23,45.419998,46.240002,44.529999,45.880001,40.342861,10300
2015-06-24,45.200001,45.599998,44.119999,45.240002,39.780098,4500
2015-06-25,45.380001,45.380001,44.279999,44.299999,38.953545,11500
2015-06-26,44.330002,44.840000,43.389999,44.590000,39.208549,36000
2015-06-29,44.070000,44.590000,43.930000,44.270000,38.927162,5500
2015-06-30,44.860001,44.860001,44.000000,44.090000,38.768890,10200
2015-07-01,44.430000,44.779999,44.200001,44.560001,39.182167,5000
2015-07-02,44.560001,44.840000,44.220001,44.220001,38.883194,3900
2015-07-06,43.770000,44.320000,43.759998,43.759998,38.478718,5300
2015-07-07,43.700001,44.389999,43.009998,43.669998,38.399578,5400
2015-07-08,43.480000,44.560001,43.330002,43.330002,38.100605,2500
2015-07-09,43.310001,44.610001,43.070000,43.099998,37.898365,4800
2015-07-10,43.240002,43.869999,43.099998,43.349998,38.118195,7200
2015-07-13,44.619999,44.619999,42.500000,43.320000,38.091820,12900
2015-07-14,43.090000,43.320000,43.090000,43.320000,38.091820,800
2015-07-15,43.070000,43.070000,43.070000,43.070000,37.871983,500
2015-07-16,43.470001,43.759998,43.049999,43.110001,37.907162,6000
2015-07-17,43.049999,43.730000,43.049999,43.230000,38.012669,5100
2015-07-20,43.139999,43.750000,43.070000,43.119999,37.915951,4700
2015-07-21,43.450001,43.720001,43.000000,43.720001,38.443542,8500
2015-07-22,43.049999,44.500000,43.000000,44.310001,38.962337,16600
2015-07-23,44.200001,44.630001,43.360001,44.060001,38.742504,4800
2015-07-24,44.070000,44.220001,43.770000,43.970001,38.663372,5300
2015-07-27,43.750000,44.580002,43.110001,44.299999,38.953545,4800
2015-07-28,43.419998,44.110001,43.000000,43.250000,38.030273,12600
2015-07-29,43.070000,43.599998,43.070000,43.310001,38.083031,1400
2015-07-30,43.349998,43.509998,43.130001,43.130001,37.924747,2800
2015-07-31,43.000000,43.209999,42.630001,42.939999,37.757683,12600
2015-08-03,43.099998,43.279999,42.500000,42.630001,37.485092,3200
2015-08-04,42.779999,43.549999,42.500000,43.000000,37.810436,9600
2015-08-05,43.270000,43.279999,43.150002,43.150002,37.942333,4500
2015-08-06,43.430000,43.430000,42.610001,42.610001,37.467506,2400
2015-08-07,42.500000,43.110001,42.500000,42.500000,37.370781,3500
2015-08-10,42.849998,42.849998,42.250000,42.529999,37.397156,6400
2015-08-11,42.250000,42.299999,41.320000,41.750000,36.711296,16300
2015-08-12,41.820000,42.490002,41.500000,41.549999,36.535439,10300
2015-08-13,41.500000,42.070000,41.500000,41.799999,36.755264,4300
2015-08-14,41.660000,42.580002,41.660000,42.540001,37.405960,2500
2015-08-17,43.220001,43.619999,42.900002,42.950001,37.766472,1900
2015-08-18,42.959999,42.959999,42.330002,42.529999,37.397156,2500
2015-08-19,42.680000,42.830002,42.619999,42.630001,37.485092,4500
2015-08-20,43.230000,43.650002,42.000000,42.000000,36.931126,5400
2015-08-21,41.439999,42.400002,41.439999,42.400002,37.282856,11400
2015-08-24,41.279999,43.060001,39.529999,42.049999,36.975094,16300
2015-08-25,39.959999,43.599998,39.959999,41.959999,36.895954,7700
2015-08-26,40.980000,43.419998,40.000000,41.740002,36.702507,22800
2015-08-27,41.590000,42.820000,40.919998,42.029999,36.957504,16800
2015-08-28,41.860001,42.590000,41.009998,42.490002,37.361996,20300
2015-08-31,42.599998,43.070000,42.299999,42.889999,37.713718,9200
2015-09-01,42.419998,42.919998,41.320000,42.250000,37.150948,10100
2015-09-02,42.529999,42.910000,42.529999,42.779999,37.616982,1900
2015-09-03,41.029999,42.750000,41.000000,41.000000,36.452297,8800
2015-09-04,41.049999,41.529999,40.509998,41.480000,36.879047,11900
2015-09-08,41.470001,41.500000,41.000000,41.240002,36.665676,7100
2015-09-09,41.410000,41.410000,41.049999,41.090000,36.532310,3200
2015-09-10,40.930000,42.660000,40.520000,41.040001,36.487858,2300
2015-09-11,40.889999,41.830002,40.509998,41.619999,37.003529,3800
2015-09-14,41.560001,41.980000,41.560001,41.810001,37.172451,1800
2015-09-15,41.869999,41.970001,40.860001,41.349998,36.763474,2800
2015-09-16,41.330002,41.450001,41.040001,41.070000,36.514526,2800
2015-09-17,41.419998,41.720001,40.509998,41.669998,37.047977,5900
2015-09-18,40.980000,41.980000,40.509998,41.110001,36.550091,10100
2015-09-21,41.209999,41.209999,40.770000,40.919998,36.381161,4500
2015-09-22,41.009998,42.700001,40.930000,41.650002,37.030201,12000
2015-09-23,42.500000,42.830002,42.250000,42.369999,37.670330,6500
2015-09-24,42.299999,42.299999,41.049999,41.700001,37.074650,3500
2015-09-25,41.700001,41.700001,40.520000,40.750000,36.230026,5000
2015-09-28,40.500000,41.270000,40.090000,40.599998,36.096657,9000
2015-09-29,40.650002,42.160000,40.060001,40.410000,35.927734,8900
2015-09-30,42.330002,42.330002,40.759998,40.919998,36.381161,9800
2015-10-01,40.900002,41.520000,40.650002,40.650002,36.141121,4000
2015-10-02,40.599998,40.950001,40.279999,40.470001,35.981075,5200
2015-10-05,40.540001,42.610001,40.540001,41.049999,36.496750,20300
2015-10-06,41.009998,41.459999,40.200001,40.480000,35.989971,4000
2015-10-07,40.750000,41.810001,40.560001,40.560001,36.061100,2200
2015-10-08,40.480000,41.700001,40.480000,41.180000,36.612331,4700
2015-10-09,41.459999,41.889999,41.439999,41.439999,36.843487,900
2015-10-12,41.430000,42.279999,41.410000,42.279999,37.590321,2600
2015-10-13,42.000000,43.259998,41.910000,41.910000,37.261360,3700
2015-10-14,41.849998,42.310001,40.849998,40.849998,36.318932,4600
2015-10-15,41.060001,41.590000,40.849998,41.270000,36.692345,5600
2015-10-16,41.500000,41.580002,40.980000,41.580002,36.967964,2900
2015-10-19,41.439999,41.549999,41.439999,41.549999,36.941296,1900
2015-10-20,42.349998,42.650002,41.570000,42.230000,37.545860,5500
2015-10-21,42.340000,42.369999,41.520000,41.520000,36.914612,5000
2015-10-22,42.360001,42.509998,41.299999,42.509998,37.794811,15300
2015-10-23,42.599998,43.130001,42.570000,43.130001,38.346031,2300
2015-10-26,42.939999,44.000000,42.419998,43.840000,38.977280,11000
2015-10-27,43.860001,43.860001,43.000000,43.330002,38.523849,2300
2015-10-28,43.590000,45.009998,43.360001,44.070000,39.181770,22800
2015-10-29,43.849998,44.130001,43.009998,43.279999,38.479397,16000
2015-10-30,43.299999,44.820000,43.299999,44.549999,39.608528,12600
2015-11-02,44.860001,44.860001,42.630001,43.720001,38.870594,24300
2015-11-03,43.770000,45.080002,43.770000,44.349998,39.430710,28500
2015-11-04,44.529999,44.660000,43.400002,43.799999,38.941715,27400
2015-11-05,43.830002,45.070000,43.830002,44.590000,39.644096,31500
2015-11-06,44.680000,44.900002,43.709999,44.209999,39.306240,35200
2015-11-09,44.450001,44.450001,43.459999,43.830002,38.968391,9800
2015-11-10,43.950001,45.299999,43.950001,44.939999,39.955273,12800
2015-11-11,45.000000,45.619999,44.060001,44.580002,39.635204,15000
2015-11-12,44.560001,45.650002,43.860001,45.150002,40.141979,25300
2015-11-13,45.040001,45.599998,44.580002,45.099998,40.097523,9400
2015-11-16,45.270000,45.380001,45.099998,45.220001,40.204205,8000
2015-11-17,45.080002,45.290001,45.009998,45.150002,40.141979,4000
2015-11-18,45.160000,45.459999,45.029999,45.250000,40.230888,9100
2015-11-19,45.250000,45.250000,44.820000,44.990002,39.999722,5900
2015-11-20,45.000000,45.410000,44.470001,45.279999,40.257557,5700
2015-11-23,45.240002,45.240002,43.450001,44.689999,39.732998,5500
2015-11-24,44.450001,45.320000,44.450001,45.130001,40.124199,2600
2015-11-25,43.889999,45.000000,43.889999,44.799999,39.830799,3800
2015-11-27,44.740002,44.820000,44.250000,44.820000,39.848583,1100
2015-11-30,43.880001,45.000000,43.880001,44.610001,39.661873,7100
2015-12-01,44.740002,45.000000,43.540001,44.570000,39.626312,5500
2015-12-02,44.840000,44.840000,44.500000,44.599998,39.652981,5800
2015-12-03,44.500000,44.980000,44.029999,44.060001,39.172878,5800
2015-12-04,44.040001,45.070000,43.790001,44.590000,40.071548,14900
2015-12-07,44.849998,45.180000,44.060001,44.110001,39.640186,9800
2015-12-08,44.230000,44.320000,44.029999,44.119999,39.649174,3800
2015-12-09,44.080002,44.869999,44.029999,44.150002,39.676132,3100
2015-12-10,44.070000,44.139999,43.250000,43.720001,39.289707,4400
2015-12-11,43.250000,44.700001,43.090000,43.730000,39.298687,24400
2015-12-14,43.799999,44.189999,43.230000,43.610001,39.190853,19600
2015-12-15,43.610001,43.980000,42.810001,43.650002,39.226803,6800
2015-12-16,43.480000,43.480000,42.529999,42.630001,38.310158,8900
2015-12-17,42.889999,43.480000,41.930000,41.930000,37.681099,4900
2015-12-18,41.770000,42.900002,41.439999,42.200001,37.923733,30200
2015-12-21,42.200001,42.200001,41.599998,41.689999,37.465416,3300
2015-12-22,42.200001,43.299999,41.430000,43.000000,38.642666,10100
2015-12-23,43.000000,43.779999,41.400002,43.599998,39.181862,2000
2015-12-24,43.490002,43.500000,42.450001,43.310001,38.921257,2000
2015-12-28,42.650002,43.000000,42.650002,42.860001,38.516853,1600
2015-12-29,43.090000,43.090000,43.090000,43.090000,38.723545,700
2015-12-30,42.650002,43.349998,42.259998,42.540001,38.229282,10600
2015-12-31,42.680000,42.680000,42.459999,42.459999,38.157379,3900
2016-01-04,42.139999,42.139999,40.470001,40.720001,36.593708,9300
2016-01-05,40.919998,41.029999,40.630001,40.849998,36.710533,8500
2016-01-06,40.400002,41.389999,40.400002,41.320000,37.132904,12200
2016-01-07,40.750000,41.930000,40.320000,40.549999,36.440929,9500
2016-01-08,40.830002,40.830002,39.299999,39.389999,35.398479,8100
2016-01-11,39.970001,40.009998,39.709999,39.790001,35.757950,3600
2016-01-12,40.590000,40.590000,39.090000,39.680000,35.659092,6700
2016-01-13,39.779999,39.779999,38.580002,38.860001,34.922188,6900
2016-01-14,38.900002,39.279999,37.279999,38.369999,34.481838,21400
2016-01-15,37.509998,39.000000,36.810001,36.950001,33.205730,6200
2016-01-19,36.889999,37.320000,35.840000,36.820000,33.088905,13300
2016-01-20,36.160000,37.509998,34.759998,36.849998,33.115864,17200
2016-01-21,36.389999,40.189999,35.950001,39.270000,35.290630,29600
2016-01-22,39.520000,39.520000,37.110001,37.849998,34.014530,13900
2016-01-25,37.959999,38.250000,36.340000,36.730000,33.008022,18400
2016-01-26,37.060001,40.000000,37.040001,38.970001,35.021042,25800
2016-01-27,38.759998,39.939999,37.250000,37.250000,33.475334,17000
2016-01-28,37.599998,39.099998,37.430000,38.500000,34.598663,21800
2016-01-29,38.689999,40.000000,38.500000,39.340000,35.353550,10100
2016-02-01,38.639999,40.299999,38.639999,39.439999,35.443417,13400
2016-02-02,39.459999,40.240002,38.529999,39.650002,35.632137,7500
2016-02-03,40.119999,40.730000,38.619999,39.599998,35.587200,8400
2016-02-04,39.639999,40.709999,39.110001,40.709999,36.584724,3300
2016-02-05,40.169998,40.169998,38.599998,38.680000,34.760426,10500
2016-02-08,38.340000,39.750000,38.189999,39.040001,35.083946,5800
2016-02-09,38.930000,41.160000,38.540001,39.509998,35.506317,6700
2016-02-10,39.970001,41.830002,39.820000,40.779999,36.647621,10600
2016-02-11,40.799999,40.799999,39.000000,39.500000,35.497334,3900
2016-02-12,39.860001,40.250000,38.299999,39.650002,35.632137,10400
2016-02-16,39.779999,40.250000,39.779999,40.139999,36.072479,3300
2016-02-17,40.250000,40.250000,38.340000,40.150002,36.081467,8000
2016-02-18,40.250000,40.250000,40.000000,40.070000,36.009567,3000
2016-02-19,40.169998,40.430000,39.570000,40.279999,36.198296,14000
2016-02-22,40.380001,42.560001,40.290001,41.230000,37.052025,21700
2016-02-23,41.400002,41.599998,38.650002,38.939999,34.994080,22600
2016-02-24,39.049999,39.930000,37.700001,38.650002,34.733467,9600
2016-02-25,38.580002,40.279999,38.110001,38.900002,34.958134,5100
2016-02-26,38.790001,40.919998,38.529999,39.250000,35.272663,5000
2016-02-29,39.860001,39.860001,38.500000,38.709999,34.787384,6100
2016-03-01,38.689999,40.180000,38.689999,39.720001,35.695042,4000
2016-03-02,39.150002,39.700001,38.930000,39.259998,35.281643,17800
2016-03-03,39.349998,40.160000,38.750000,39.049999,35.092926,19400
2016-03-04,38.720001,40.599998,38.720001,39.730000,36.138985,30200
2016-03-07,40.759998,40.759998,39.070000,39.500000,35.929779,13600
2016-03-08,39.410000,39.599998,38.849998,39.160000,35.620506,7900
2016-03-09,39.480000,39.490002,38.509998,38.650002,35.156612,8500
2016-03-10,38.009998,39.070000,38.009998,38.520000,35.038361,8400
2016-03-11,38.619999,39.400002,38.619999,39.099998,35.565933,5800
2016-03-14,39.119999,39.400002,38.520000,38.689999,35.192989,3800
2016-03-15,38.500000,38.720001,38.119999,38.119999,34.674511,3900
2016-03-16,38.340000,38.959999,37.540001,37.650002,34.246994,14700
2016-03-17,37.619999,38.709999,37.619999,38.230000,34.774563,5100
2016-03-18,38.340000,38.860001,37.730000,38.290001,34.829151,17800
2016-03-21,38.130001,38.630001,38.000000,38.189999,34.738182,4700
2016-03-22,38.439999,39.299999,37.849998,38.520000,35.038361,14500
2016-03-23,38.689999,39.500000,38.470001,38.820000,35.311237,11200
2016-03-24,38.599998,38.950001,38.400002,38.570000,35.083839,11100
2016-03-28,38.990002,38.990002,38.000000,38.139999,34.692703,4400
2016-03-29,38.139999,38.900002,38.139999,38.770000,35.265759,4900
2016-03-30,39.000000,39.000000,38.220001,38.790001,35.283951,3100
2016-03-31,38.660000,39.180000,38.490002,38.540001,35.056549,5400
2016-04-01,38.680000,39.099998,38.419998,38.419998,34.947392,5400
2016-04-04,38.630001,39.290001,38.560001,38.560001,35.074741,3200
2016-04-05,38.500000,38.650002,37.820000,37.820000,34.401627,6300
2016-04-06,37.939999,38.639999,37.939999,38.450001,34.974682,3700
2016-04-07,38.150002,38.290001,37.790001,37.849998,34.428913,4400
2016-04-08,38.200001,38.250000,37.259998,37.849998,34.428913,1900
2016-04-11,38.180000,38.360001,37.810001,38.099998,34.656322,1600
2016-04-12,38.369999,38.750000,38.110001,38.750000,35.247570,3900
2016-04-13,38.610001,40.360001,38.610001,40.250000,36.611992,9300
2016-04-14,40.169998,40.750000,38.980000,40.500000,36.839390,8900
2016-04-15,40.470001,40.639999,40.000000,40.270000,36.630184,4100
2016-04-18,40.320000,40.720001,40.060001,40.619999,36.948547,4200
2016-04-19,40.509998,41.250000,40.509998,41.240002,37.512508,4100
2016-04-20,41.250000,41.639999,40.840000,40.919998,37.221432,5500
2016-04-21,40.880001,41.810001,40.509998,41.250000,37.521606,9500
2016-04-22,41.750000,41.830002,41.220001,41.240002,37.512508,3200
2016-04-25,41.299999,41.950001,40.549999,41.490002,37.739914,9600
2016-04-26,40.650002,41.950001,40.650002,41.880001,38.094662,2700
2016-04-27,41.520000,42.250000,41.500000,41.980000,38.185623,6600
2016-04-28,41.669998,42.080002,41.230000,41.549999,37.794487,15400
2016-04-29,41.500000,41.700001,41.270000,41.619999,37.858162,3300
2016-05-02,41.840000,42.080002,41.840000,42.029999,38.231098,2200
2016-05-03,42.049999,42.049999,41.250000,41.250000,37.521606,5400
2016-05-04,41.099998,41.099998,40.000000,40.240002,36.602890,3300
2016-05-05,40.040001,40.560001,40.000000,40.139999,36.511929,3800
2016-05-06,39.930000,40.849998,39.930000,40.849998,37.157757,2100
2016-05-09,40.480000,40.500000,39.820000,40.110001,36.484646,4200
2016-05-10,40.250000,40.250000,39.720001,39.849998,36.248146,5100
2016-05-11,39.740002,40.869999,39.660000,40.060001,36.439167,5200
2016-05-12,40.200001,40.779999,39.680000,40.020000,36.402779,6300
2016-05-13,40.119999,40.650002,39.770000,40.480000,36.821205,5600
2016-05-16,40.459999,40.790001,40.459999,40.790001,37.103184,3100
2016-05-17,40.799999,40.799999,40.029999,40.240002,36.602890,4700
2016-05-18,40.430000,40.770000,40.299999,40.500000,36.839390,3200
2016-05-19,40.770000,40.869999,40.360001,40.680000,37.003124,6500
2016-05-20,40.759998,41.000000,40.689999,40.730000,37.048603,4100
2016-05-23,41.009998,41.020000,40.450001,41.009998,37.303295,1700
2016-05-24,41.099998,43.130001,40.740002,42.910000,39.031567,15200
2016-05-25,42.919998,43.500000,42.919998,43.200001,39.295353,4700
2016-05-26,42.959999,42.959999,41.790001,42.020000,38.222004,4100
2016-05-27,42.279999,42.279999,41.320000,42.220001,38.403927,3900
2016-05-31,41.369999,42.389999,41.310001,42.340000,38.513084,9100
2016-06-01,42.060001,43.410000,41.599998,43.259998,39.349926,11600
2016-06-02,43.180000,44.000000,42.799999,43.599998,39.659199,6100
2016-06-03,42.959999,43.459999,42.959999,43.400002,39.907471,5100
2016-06-06,43.209999,43.500000,42.369999,43.080002,39.613220,4600
2016-06-07,43.160000,43.200001,42.509998,43.070000,39.604023,2500
2016-06-08,43.000000,43.490002,42.970001,43.279999,39.797123,5800
2016-06-09,43.020000,43.349998,42.509998,42.509998,39.089088,3500
2016-06-10,42.349998,42.349998,41.919998,41.919998,38.546562,2200
2016-06-13,41.840000,42.230000,41.500000,41.610001,38.261517,4100
2016-06-14,41.459999,41.750000,40.439999,41.299999,37.976460,6700
2016-06-15,41.470001,42.169998,41.139999,41.700001,38.344276,4800
2016-06-16,41.610001,41.700001,40.720001,41.090000,37.783363,9600
2016-06-17,41.230000,42.200001,41.230000,41.580002,38.233929,13200
2016-06-20,40.939999,42.209999,40.939999,42.020000,38.638519,2700
2016-06-21,42.320000,44.650002,42.320000,43.709999,40.192524,14200
2016-06-22,43.360001,44.900002,43.360001,44.009998,40.468380,5600
2016-06-23,44.250000,44.700001,43.599998,44.700001,41.102859,5900
2016-06-24,43.000000,43.599998,40.790001,41.169998,37.856918,26700
2016-06-27,41.389999,41.389999,40.320000,40.410000,37.158081,7700
2016-06-28,40.880001,40.880001,40.040001,40.310001,37.066132,3500
2016-06-29,40.900002,41.020000,40.250000,40.459999,37.204056,6300
2016-06-30,40.389999,41.990002,40.389999,41.990002,38.610931,3900
2016-07-01,41.930000,41.930000,41.619999,41.619999,38.270710,2100
2016-07-05,41.590000,41.590000,40.259998,40.470001,37.213257,1900
2016-07-06,40.250000,40.400002,40.250000,40.340000,37.093719,1800
2016-07-07,40.230000,40.919998,40.230000,40.919998,37.627045,800
2016-07-08,41.750000,42.810001,41.750000,42.689999,39.254601,3800
2016-07-11,42.590000,42.680000,42.000000,42.560001,39.135071,10800
2016-07-12,42.599998,42.849998,42.380001,42.849998,39.401730,4000
2016-07-13,42.810001,43.400002,42.000000,42.220001,38.822430,5700
2016-07-14,43.049999,43.049999,43.049999,43.049999,39.585636,700
2016-07-15,43.259998,43.259998,42.410000,43.189999,39.714371,8500
2016-07-18,42.799999,43.500000,41.689999,42.299999,38.895985,4200
2016-07-19,42.599998,43.500000,42.299999,42.360001,38.951160,5300
2016-07-20,42.279999,42.799999,41.919998,42.599998,39.171848,4000
2016-07-21,43.500000,43.500000,41.950001,41.950001,38.574158,2100
2016-07-22,42.180000,42.740002,42.150002,42.740002,39.300579,1600
2016-07-25,42.619999,42.619999,42.160000,42.160000,38.767262,1100
2016-07-26,41.900002,42.750000,41.900002,42.750000,39.309776,1900
2016-07-27,42.689999,43.500000,41.939999,43.250000,39.769539,6500
2016-07-28,42.709999,42.740002,41.910000,42.740002,39.300579,3000
2016-07-29,42.630001,42.630001,42.349998,42.349998,38.941963,3800
2016-08-01,41.939999,41.939999,41.939999,41.939999,38.564957,1200
2016-08-02,41.939999,42.799999,41.939999,42.349998,38.941963,3100
2016-08-03,42.259998,42.980000,42.259998,42.980000,39.521275,1000
2016-08-04,42.299999,42.500000,42.299999,42.500000,39.079899,700
2016-08-05,42.820000,43.500000,42.820000,43.480000,39.981026,4700
2016-08-08,43.419998,43.740002,43.000000,43.000000,39.539650,2100
2016-08-09,43.299999,44.349998,43.250000,44.180000,40.624699,4600
2016-08-10,44.150002,44.150002,42.000000,42.139999,38.748867,10700
2016-08-11,42.209999,43.380001,42.209999,42.959999,39.502880,1800
2016-08-12,42.430000,43.110001,42.430000,42.630001,39.199429,2300
2016-08-15,42.430000,43.209999,42.430000,42.930000,39.475292,2000
2016-08-16,43.279999,43.700001,43.240002,43.549999,40.045399,3800
2016-08-17,43.110001,43.110001,42.439999,42.889999,39.438511,2600
2016-08-18,43.209999,43.970001,43.150002,43.849998,40.321255,2500
2016-08-19,43.840000,44.000000,43.529999,43.740002,40.220108,7800
2016-08-22,43.500000,44.009998,43.500000,44.009998,40.468380,1700
2016-08-23,43.759998,44.520000,43.759998,44.160000,40.606312,4300
2016-08-24,44.490002,44.490002,44.290001,44.290001,40.725849,3000
2016-08-25,44.290001,44.290001,44.290001,44.290001,40.725849,0
2016-08-26,44.650002,44.740002,44.020000,44.349998,40.781017,4400
2016-08-29,44.150002,44.720001,44.070000,44.630001,41.038483,6900
2016-08-30,44.180000,44.689999,44.180000,44.439999,40.863781,5800
2016-08-31,44.740002,44.750000,44.180000,44.180000,40.624699,10900
2016-09-01,44.090000,44.259998,44.090000,44.110001,40.996464,1900
2016-09-02,44.160000,44.750000,43.720001,44.750000,41.591290,10600
2016-09-06,44.750000,44.750000,44.160000,44.730000,41.572704,3500
2016-09-07,44.750000,44.750000,43.590000,43.799999,40.708347,9500
2016-09-08,44.099998,44.639999,43.810001,44.349998,41.219521,3500
2016-09-09,43.529999,43.849998,43.099998,43.150002,40.104225,4300
2016-09-12,43.110001,43.560001,42.040001,43.240002,40.187878,7900
2016-09-13,42.500000,43.720001,42.500000,42.799999,39.778931,4800
2016-09-14,42.910000,42.910000,41.660000,41.660000,38.719398,4700
2016-09-15,41.709999,42.439999,41.709999,42.180000,39.202698,3800
2016-09-16,42.119999,42.820000,41.910000,42.820000,39.797523,16800
2016-09-19,42.430000,43.000000,42.430000,42.930000,39.899757,4300
2016-09-20,43.000000,44.439999,42.950001,44.160000,41.042942,10700
2016-09-21,44.400002,44.590000,43.439999,44.220001,41.098705,5200
2016-09-22,44.299999,44.730000,44.279999,44.340000,41.210232,2000
2016-09-23,43.860001,44.450001,43.680000,43.680000,40.596817,2800
2016-09-26,43.700001,44.000000,43.099998,43.570000,40.494579,6300
2016-09-27,43.630001,44.700001,43.049999,44.139999,41.024345,5700
2016-09-28,44.279999,44.349998,44.119999,44.270000,41.145172,3400
2016-09-29,44.360001,44.360001,43.939999,43.939999,40.838467,2800
2016-09-30,44.029999,44.639999,44.029999,44.459999,41.321758,2900
2016-10-03,44.279999,44.279999,43.900002,43.900002,40.801292,1600
2016-10-04,44.009998,44.560001,43.750000,43.790001,40.699059,3600
2016-10-05,44.209999,44.209999,43.410000,44.060001,40.949997,800
2016-10-06,43.930000,44.049999,43.509998,43.509998,40.438816,1100
2016-10-07,43.650002,44.650002,43.650002,44.200001,41.080109,3100
2016-10-10,44.540001,44.740002,44.480000,44.599998,41.451878,2900
2016-10-11,44.580002,44.580002,44.209999,44.209999,41.089405,5100
2016-10-12,44.200001,44.480000,44.189999,44.200001,41.080109,3300
2016-10-13,43.599998,44.220001,43.570000,43.740002,40.652584,2700
2016-10-14,44.009998,44.009998,43.549999,43.770000,40.680470,2900
2016-10-17,43.220001,43.400002,42.919998,43.209999,40.159996,4400
2016-10-18,43.430000,43.840000,43.250000,43.790001,40.699059,2700
2016-10-19,43.660000,43.660000,43.250000,43.549999,40.475994,3200
2016-10-20,43.380001,43.380001,43.000000,43.049999,40.011288,1900
2016-10-21,42.830002,43.189999,42.830002,43.189999,40.141403,2300
2016-10-24,43.990002,43.990002,42.590000,43.240002,40.187878,3700
2016-10-25,43.209999,43.580002,42.980000,43.150002,40.104225,3900
2016-10-26,43.150002,43.450001,43.099998,43.099998,40.057758,3200
2016-10-27,43.009998,43.020000,42.500000,42.869999,39.843990,1700
2016-10-28,42.700001,42.700001,42.700001,42.700001,39.685993,800
2016-10-31,42.540001,43.349998,42.250000,42.500000,39.500114,4000
2016-11-01,42.259998,42.619999,41.509998,41.509998,38.579987,7300
2016-11-02,41.410000,41.410000,41.099998,41.099998,38.198925,2800
2016-11-03,41.119999,41.400002,40.930000,41.279999,38.366222,2800
2016-11-04,41.169998,41.470001,40.930000,41.000000,38.105984,4400
2016-11-07,41.509998,42.180000,41.119999,42.180000,39.202698,2100
2016-11-08,41.790001,42.490002,41.689999,42.490002,39.490810,3600
2016-11-09,42.630001,43.250000,40.740002,43.250000,40.197170,6200
2016-11-10,43.630001,43.799999,43.200001,43.799999,40.708347,19700
2016-11-11,43.700001,43.950001,43.200001,43.950001,40.847755,40000
2016-11-14,44.000000,44.750000,43.970001,44.750000,41.591290,16800
2016-11-15,44.740002,45.689999,43.509998,45.500000,42.288349,15200
2016-11-16,45.009998,45.540001,44.700001,44.880001,41.712120,7600
2016-11-17,46.000000,46.040001,45.099998,46.000000,42.753063,4400
2016-11-18,45.939999,46.000000,45.020000,45.750000,42.520706,17100
2016-11-21,45.720001,47.110001,45.720001,46.680000,43.385059,2300
2016-11-22,46.250000,47.349998,46.000000,47.000000,43.682472,16700
2016-11-23,46.869999,47.599998,46.000000,46.220001,42.957535,5900
2016-11-25,46.570000,47.000000,46.570000,46.830002,43.524467,3100
2016-11-28,47.400002,49.549999,47.080002,48.619999,45.188126,21400
2016-11-29,48.750000,48.970001,48.290001,48.580002,45.150948,5900
2016-11-30,48.950001,48.990002,46.619999,47.320000,43.979881,38300
2016-12-01,49.070000,49.070000,47.419998,48.000000,44.611889,7800
2016-12-02,47.709999,47.759998,46.549999,47.020000,44.133198,1600
2016-12-05,47.290001,48.259998,45.119999,48.259998,45.297073,4400
2016-12-06,47.250000,48.750000,47.060001,48.500000,45.522335,22600
2016-12-07,48.110001,49.200001,48.110001,48.490002,45.512947,5800
2016-12-08,48.250000,52.500000,48.070000,51.279999,48.131657,13200
2016-12-09,51.840000,52.639999,51.810001,51.910000,48.722969,12500
2016-12-12,51.779999,51.930000,49.560001,49.990002,46.920860,8900
2016-12-13,48.009998,50.599998,48.009998,49.939999,46.873924,24300
2016-12-14,49.779999,50.000000,48.889999,49.779999,46.723743,22700
2016-12-15,49.919998,50.599998,49.500000,50.419998,47.324455,19500
2016-12-16,50.590000,50.860001,50.220001,50.470001,47.371391,31100
2016-12-19,50.290001,51.320000,50.290001,51.169998,48.028412,13300
2016-12-20,51.660000,52.099998,51.560001,52.029999,48.835609,12100
2016-12-21,52.419998,52.650002,51.220001,52.000000,48.807446,5200
2016-12-22,51.889999,51.889999,51.439999,51.450001,48.291222,3200
2016-12-23,51.320000,51.990002,50.849998,51.320000,48.169197,5200
2016-12-27,51.330002,51.650002,50.740002,51.450001,48.291222,4100
2016-12-28,51.340000,51.340000,50.599998,50.689999,47.577873,4600
2016-12-29,50.630001,50.750000,50.250000,50.700001,47.587269,2700
2016-12-30,50.630001,50.880001,49.520000,50.500000,47.399544,7000
2017-01-03,50.389999,50.389999,48.759998,48.759998,45.766365,9100
2017-01-04,48.869999,49.700001,48.340000,49.099998,46.085495,3700
2017-01-05,49.099998,49.099998,48.470001,48.470001,45.494179,1800
2017-01-06,48.450001,48.750000,47.759998,48.570000,45.588036,3400
2017-01-09,49.500000,49.500000,48.389999,48.389999,45.419086,1800
2017-01-10,48.720001,49.200001,48.450001,49.200001,46.179356,1800
2017-01-11,49.009998,49.150002,48.599998,48.869999,45.869617,6200
2017-01-12,48.930000,48.930000,47.830002,47.830002,44.893467,2700
2017-01-13,47.720001,48.490002,47.720001,48.070000,45.118736,4500
2017-01-17,48.000000,48.000000,47.520000,47.529999,44.611889,2400
2017-01-18,47.669998,47.849998,47.209999,47.849998,44.912235,3400
2017-01-19,47.610001,47.740002,47.000000,47.009998,44.123810,4100
2017-01-20,46.910000,46.910000,45.520000,46.029999,43.203979,3500
2017-01-23,46.150002,46.150002,44.500000,44.759998,42.011951,5400
2017-01-24,44.580002,45.779999,44.110001,45.779999,42.969330,2900
2017-01-25,45.410000,46.209999,44.509998,45.619999,42.819145,6400
2017-01-26,46.009998,46.200001,45.040001,45.799999,42.988098,5600
2017-01-27,46.250000,46.250000,45.910000,45.910000,43.091347,1100
2017-01-30,45.480000,46.480000,45.480000,46.000000,43.175816,8300
2017-01-31,45.820000,46.250000,45.529999,46.200001,43.363544,3700
2017-02-01,46.250000,46.490002,45.380001,46.099998,43.269680,4600
2017-02-02,46.099998,46.500000,45.000000,46.400002,43.551262,6200
2017-02-03,46.439999,48.250000,46.000000,47.990002,45.043652,9100
2017-02-06,47.790001,48.919998,45.320000,47.299999,44.396004,5700
2017-02-07,48.009998,48.009998,47.759998,47.759998,44.827766,2100
2017-02-08,46.650002,47.849998,46.650002,47.380001,44.471100,3200
2017-02-09,48.200001,48.200001,48.200001,48.200001,45.240753,1000
2017-02-10,48.200001,48.669998,47.770000,48.669998,45.681896,2600
2017-02-13,48.759998,48.759998,47.389999,48.639999,45.653740,5000
2017-02-14,48.470001,48.470001,47.509998,48.400002,45.428478,6200
2017-02-15,48.209999,48.869999,47.230000,48.799999,45.803913,2700
2017-02-16,49.000000,49.099998,48.500000,48.549999,45.569271,4700
2017-02-17,48.770000,49.400002,48.770000,49.099998,46.085495,5100
2017-02-21,49.470001,49.470001,48.299999,49.099998,46.085495,2400
2017-02-22,48.970001,49.080002,48.900002,49.020000,46.010406,800
2017-02-23,49.000000,49.250000,49.000000,49.160000,46.141811,4500
2017-02-24,48.770000,49.480000,48.770000,49.110001,46.094883,2600
2017-02-27,49.000000,49.500000,49.000000,49.419998,46.385849,8200
2017-02-28,49.150002,49.160000,47.549999,47.549999,44.630653,6900
2017-03-01,48.240002,49.279999,48.240002,49.279999,46.254444,2400
2017-03-02,49.070000,49.480000,48.410000,49.299999,46.273216,2800
2017-03-03,49.070000,49.450001,48.480000,49.450001,46.414009,10900
2017-03-06,48.910000,48.910000,48.000000,48.200001,45.240753,6500
2017-03-07,48.040001,48.360001,47.650002,48.250000,45.287682,5700
2017-03-08,48.419998,49.450001,47.599998,47.599998,44.677586,5900
2017-03-09,47.770000,47.770000,47.000000,47.270000,44.367847,5100
2017-03-10,47.380001,47.540001,46.279999,46.279999,43.874874,7800
2017-03-13,46.080002,46.130001,44.799999,45.419998,43.059566,15100
2017-03-14,44.560001,45.910000,44.110001,44.189999,41.893494,7900
2017-03-15,44.330002,45.490002,44.160000,44.650002,42.329590,7600
2017-03-16,44.520000,44.869999,44.000000,44.419998,42.111534,12600
2017-03-17,44.119999,44.810001,43.810001,44.810001,42.481266,40500
2017-03-20,44.759998,44.759998,44.349998,44.410000,42.102051,8900
2017-03-21,44.500000,44.650002,43.529999,43.700001,41.428955,31700
2017-03-22,43.799999,44.070000,43.480000,43.740002,41.466877,15200
2017-03-23,43.849998,44.750000,43.570000,44.209999,41.912449,13100
2017-03-24,44.169998,44.610001,43.520000,43.750000,41.476353,9400
2017-03-27,43.450001,43.750000,42.990002,43.279999,41.030781,7800
2017-03-28,43.259998,44.000000,43.020000,43.980000,41.694401,17000
2017-03-29,43.950001,44.060001,43.770000,44.060001,41.770248,3600
2017-03-30,43.939999,44.500000,43.939999,44.240002,41.940895,11800
2017-03-31,44.040001,44.150002,43.180000,43.450001,41.191944,16800
2017-04-03,43.369999,43.799999,42.959999,43.310001,41.059223,12900
2017-04-04,43.290001,43.990002,43.290001,43.599998,41.334148,6600
2017-04-05,43.599998,43.980000,42.549999,42.599998,40.386120,15000
2017-04-06,42.330002,42.980000,41.930000,42.419998,40.215473,5300
2017-04-07,42.400002,43.400002,42.040001,42.990002,40.755852,9100
2017-04-10,43.000000,43.119999,42.060001,42.209999,40.016388,5200
2017-04-11,41.939999,43.240002,41.889999,42.490002,40.281841,10500
2017-04-12,42.470001,43.189999,41.959999,41.959999,39.779381,2100
2017-04-13,41.709999,42.169998,41.230000,41.230000,39.087318,8400
2017-04-17,41.450001,42.419998,41.450001,42.180000,39.987946,4900
2017-04-18,41.900002,42.580002,41.500000,41.799999,39.627689,5700
2017-04-19,41.799999,41.799999,40.630001,40.750000,38.632259,19500
2017-04-20,41.099998,42.290001,40.660000,41.930000,39.750938,17800
2017-04-21,41.660000,42.000000,41.650002,41.770000,39.599255,6100
2017-04-24,42.389999,42.389999,41.310001,41.490002,39.333805,16300
2017-04-25,41.770000,42.130001,41.500000,41.700001,39.532894,16800
2017-04-26,42.180000,42.180000,41.790001,41.889999,39.713017,15800
2017-04-27,41.900002,42.389999,41.700001,41.790001,39.618217,15400
2017-04-28,42.000000,42.029999,41.590000,41.700001,39.532894,10300
2017-05-01,41.840000,41.970001,40.270000,40.500000,38.395256,26200
2017-05-02,40.500000,41.000000,39.669998,39.680000,37.617870,17700
2017-05-03,39.709999,40.630001,39.590000,39.599998,37.542027,23300
2017-05-04,39.880001,40.200001,39.570000,39.599998,37.542027,18500
2017-05-05,39.860001,39.980000,39.389999,39.400002,37.352428,10200
2017-05-08,39.560001,40.160000,39.070000,39.750000,37.684231,25100
2017-05-09,39.450001,39.570000,38.950001,39.099998,37.068012,13800
2017-05-10,39.099998,39.650002,39.000000,39.230000,37.191257,7800
2017-05-11,39.500000,39.599998,38.439999,38.689999,36.679321,16300
2017-05-12,38.209999,39.240002,38.119999,38.970001,36.944775,22600
2017-05-15,39.389999,40.549999,39.009998,39.630001,37.570473,14600
2017-05-16,39.650002,39.860001,38.560001,39.779999,37.712673,13200
2017-05-17,39.419998,39.599998,38.169998,38.169998,36.186344,33500
2017-05-18,38.430000,39.049999,38.279999,38.610001,36.603477,32300
2017-05-19,38.590000,39.090000,38.590000,38.810001,36.793083,55100
2017-05-22,38.580002,40.380001,38.580002,39.720001,37.655796,7400
2017-05-23,39.490002,39.650002,39.240002,39.650002,37.589428,15000
2017-05-24,39.650002,39.650002,39.230000,39.490002,37.437748,10500
2017-05-25,39.250000,39.810001,38.990002,39.720001,37.655796,17400
2017-05-26,39.970001,39.970001,39.650002,39.669998,37.608387,4400
2017-05-30,39.750000,39.750000,39.619999,39.680000,37.617870,3500
2017-05-31,39.880001,39.880001,38.900002,39.500000,37.447224,10600
2017-06-01,39.740002,41.250000,39.740002,41.160000,39.020958,19900
2017-06-02,40.650002,41.540001,39.470001,41.040001,39.356606,14300
2017-06-05,41.459999,41.459999,40.240002,40.500000,38.838749,6800
2017-06-06,40.099998,40.230000,39.000000,39.689999,38.061977,8900
2017-06-07,41.049999,41.049999,39.000000,39.310001,37.697563,7700
2017-06-08,39.480000,41.549999,39.480000,40.250000,38.599003,14800
2017-06-09,41.029999,41.900002,40.619999,41.840000,40.123787,16500
2017-06-12,42.000000,42.099998,41.410000,41.930000,40.210098,7500
2017-06-13,42.230000,42.430000,41.779999,42.290001,40.555328,13000
2017-06-14,42.009998,42.049999,41.009998,41.740002,40.027893,11700
2017-06-15,41.180000,42.200001,41.180000,41.799999,40.085423,6400
2017-06-16,41.369999,41.980000,40.650002,41.320000,39.625114,14800
2017-06-19,40.720001,41.970001,40.720001,41.400002,39.701836,5000
2017-06-20,41.310001,41.880001,41.049999,41.439999,39.740189,18100
2017-06-21,42.419998,42.419998,40.660000,40.750000,39.078491,11300
2017-06-22,40.570000,41.400002,39.799999,40.450001,38.790798,17400
2017-06-23,40.360001,41.540001,39.709999,41.250000,39.557987,26400
2017-06-26,40.950001,42.250000,40.950001,41.730000,40.018295,13500
2017-06-27,41.560001,41.560001,40.750000,40.889999,39.212753,11500
2017-06-28,40.759998,42.160000,40.639999,41.130001,39.442913,11500
2017-06-29,41.279999,41.849998,41.029999,41.369999,39.673065,6000
2017-06-30,42.099998,42.099998,41.070000,41.180000,39.490856,3100
2017-07-03,41.500000,41.900002,40.639999,41.509998,39.807320,14100
2017-07-05,41.650002,41.650002,41.049999,41.279999,39.586754,11200
2017-07-06,40.990002,42.470001,40.990002,41.939999,40.219685,23500
2017-07-07,41.959999,42.880001,40.810001,41.639999,39.931984,9100
2017-07-10,41.529999,41.740002,41.330002,41.330002,39.634708,3700
2017-07-11,42.459999,42.459999,40.959999,41.340000,39.644291,6500
2017-07-12,41.400002,41.939999,40.820000,41.080002,39.394966,4600
2017-07-13,41.000000,41.500000,40.599998,41.500000,39.797729,1800
2017-07-14,41.410000,41.599998,40.790001,41.189999,39.500446,13700
2017-07-17,40.939999,42.270000,40.900002,41.860001,40.142967,34100
2017-07-18,41.730000,42.400002,41.450001,41.480000,39.778549,16700
2017-07-19,41.750000,41.970001,41.040001,41.700001,39.989532,3400
2017-07-20,41.480000,42.029999,41.410000,41.610001,39.903225,11300
2017-07-21,41.770000,43.500000,41.459999,41.700001,39.989532,16300
2017-07-24,41.610001,42.299999,41.610001,41.970001,40.248451,5700
2017-07-25,42.080002,42.180000,41.470001,41.840000,40.123787,6200
2017-07-26,41.980000,42.169998,41.389999,42.110001,40.382713,14000
2017-07-27,42.000000,42.000000,41.380001,41.380001,39.682659,6700
2017-07-28,41.330002,41.599998,41.250000,41.599998,39.893631,10000
2017-07-31,41.599998,43.230000,41.599998,42.849998,41.092354,22300
2017-08-01,43.410000,43.490002,42.750000,42.849998,41.092354,6800
2017-08-02,42.650002,42.709999,42.000000,42.000000,40.277222,3300
2017-08-03,42.009998,42.939999,42.000000,42.209999,40.478607,19100
2017-08-04,42.590000,42.590000,42.009998,42.400002,40.660816,3100
2017-08-07,42.240002,42.799999,42.000000,42.009998,40.286808,12800
2017-08-08,42.250000,42.840000,42.099998,42.270000,40.536152,4800
2017-08-09,42.150002,42.189999,42.000000,42.110001,40.382713,5800
2017-08-10,42.029999,42.480000,41.549999,41.599998,39.893631,13400
2017-08-11,41.669998,42.200001,41.290001,41.459999,39.759373,17800
2017-08-14,41.720001,41.990002,41.580002,41.950001,40.229275,7700
2017-08-15,42.000000,42.930000,42.000000,42.200001,40.469017,8100
2017-08-16,42.250000,42.619999,42.000000,42.130001,40.401894,7200
2017-08-17,42.020000,42.020000,41.849998,41.860001,40.142967,8500
2017-08-18,41.470001,42.389999,41.150002,42.180000,40.449841,32200
2017-08-21,42.090000,42.250000,41.020000,41.970001,40.248451,30300
2017-08-22,41.919998,42.240002,41.709999,42.220001,40.488201,16500
2017-08-23,41.880001,42.900002,41.730000,42.400002,40.660816,21300
2017-08-24,42.570000,42.599998,42.240002,42.549999,40.804665,3200
2017-08-25,42.599998,42.599998,41.919998,42.410000,40.670406,4100
2017-08-28,42.709999,42.799999,42.240002,42.470001,40.727947,14000
2017-08-29,42.299999,42.759998,41.779999,42.400002,40.660816,21000
2017-08-30,42.520000,42.720001,42.150002,42.720001,40.967686,13800
2017-08-31,42.599998,43.220001,42.500000,42.910000,41.149899,25400
2017-09-01,42.830002,43.040001,42.590000,42.900002,41.140305,11600
2017-09-05,42.549999,43.580002,42.549999,43.049999,41.284153,27000
2017-09-06,43.000000,43.610001,43.000000,43.270000,41.495129,4600
2017-09-07,43.490002,43.549999,42.770000,42.860001,41.101944,21400
2017-09-08,42.970001,43.299999,42.099998,43.139999,41.370461,25700
2017-09-11,42.750000,43.310001,42.740002,43.310001,41.990971,12600
2017-09-12,43.750000,44.349998,43.259998,44.000000,42.659954,21100
2017-09-13,43.820000,44.009998,43.169998,43.970001,42.630871,24600
2017-09-14,44.009998,45.150002,43.619999,44.500000,43.144730,22400
2017-09-15,44.290001,45.209999,44.290001,45.160000,43.784626,31400
2017-09-18,45.040001,46.520000,45.040001,46.250000,44.841431,25900
2017-09-19,46.180000,46.250000,45.060001,45.740002,44.346966,22400
2017-09-20,45.660000,47.250000,45.660000,46.230000,44.822041,30800
2017-09-21,46.459999,46.720001,45.900002,46.119999,44.715389,25000
2017-09-22,46.169998,46.240002,45.610001,46.000000,44.599045,20000
2017-09-25,46.189999,46.369999,45.759998,45.919998,44.521481,20100
2017-09-26,46.070000,46.419998,45.639999,45.799999,44.405132,25000
2017-09-27,46.139999,46.639999,45.389999,46.250000,44.841431,30100
2017-09-28,46.150002,46.549999,46.090000,46.299999,44.889912,5900
2017-09-29,46.709999,46.869999,46.240002,46.470001,45.054729,12700
2017-10-02,46.480000,48.360001,46.320000,48.349998,46.877472,24700
2017-10-03,48.340000,48.340000,47.619999,48.099998,46.635090,10100
2017-10-04,48.090000,48.090000,47.509998,47.700001,46.247272,3900
2017-10-05,48.400002,48.400002,47.730000,47.759998,46.305443,2100
2017-10-06,47.209999,48.049999,47.209999,48.020000,46.557522,9700
2017-10-09,47.730000,47.980000,47.450001,47.650002,46.198799,2600
2017-10-10,47.820000,48.750000,47.680000,48.439999,46.964729,11200
2017-10-11,47.820000,49.810001,47.820000,49.250000,47.750065,30700
2017-10-12,48.750000,49.439999,47.910000,47.910000,46.450874,17200
2017-10-13,48.080002,48.939999,47.450001,48.439999,46.964729,25800
2017-10-16,48.950001,48.950001,48.680000,48.680000,47.197422,1900
2017-10-17,48.299999,48.779999,48.070000,48.549999,47.071384,14100
2017-10-18,48.860001,49.000000,48.250000,48.610001,47.129559,6600
2017-10-19,48.049999,48.509998,47.750000,48.509998,47.032600,13800
2017-10-20,48.540001,48.889999,48.110001,48.299999,46.828995,6300
2017-10-23,48.980000,48.980000,47.619999,48.049999,46.586609,9700
2017-10-24,47.849998,47.980000,47.599998,47.650002,46.198799,4600
2017-10-25,47.130001,48.779999,47.080002,48.599998,47.119862,22800
2017-10-26,48.259998,49.250000,47.869999,49.240002,47.740372,21100
2017-10-27,49.209999,49.549999,48.220001,49.150002,47.653114,34100
2017-10-30,48.810001,48.919998,48.009998,48.029999,46.567223,4800
2017-10-31,48.279999,49.000000,47.619999,48.419998,46.945343,42000
2017-11-01,48.840000,48.840000,47.200001,47.349998,45.907928,11700
2017-11-02,47.369999,47.669998,46.759998,47.470001,46.024281,5800
2017-11-03,47.150002,47.590000,47.150002,47.270000,45.830364,12600
2017-11-06,47.349998,47.349998,45.830002,46.880001,45.452244,6100
2017-11-07,45.810001,46.840000,45.810001,46.250000,44.841431,12600
2017-11-08,45.970001,46.209999,45.849998,46.139999,44.734779,5500
2017-11-09,45.570000,45.990002,45.410000,45.740002,44.346966,24200
2017-11-10,46.500000,46.520000,45.990002,46.250000,44.841431,3500
2017-11-13,46.240002,46.240002,45.650002,45.650002,44.259705,4000
2017-11-14,46.259998,46.470001,45.820000,46.119999,44.715389,9900
2017-11-15,45.980000,46.490002,45.700001,45.970001,44.569962,4500
2017-11-16,46.869999,47.880001,46.869999,47.340000,45.898235,3200
2017-11-17,47.160000,47.869999,46.169998,46.799999,45.374680,4100
2017-11-20,46.320000,46.770000,45.750000,46.599998,45.180771,6100
2017-11-21,47.000000,48.000000,46.680000,47.750000,46.295750,14100
2017-11-22,47.250000,48.000000,47.250000,47.610001,46.160015,7000
2017-11-24,47.669998,47.810001,47.250000,47.810001,46.353920,2800
2017-11-27,47.750000,48.000000,47.259998,47.389999,45.946709,9700
2017-11-28,47.500000,48.139999,47.500000,48.080002,46.615700,7400
2017-11-29,48.740002,48.900002,48.610001,48.900002,47.410725,11500
2017-11-30,48.900002,49.889999,48.770000,49.730000,48.215446,16100
2017-12-01,49.740002,49.820000,48.849998,49.500000,47.992451,5400
2017-12-04,50.000000,50.000000,49.369999,49.790001,48.273617,7000
2017-12-05,49.570000,49.779999,49.000000,49.299999,47.798542,11000
2017-12-06,49.290001,49.959999,49.000000,49.650002,48.137882,18900
2017-12-07,49.599998,49.610001,48.599998,48.599998,47.119862,14100
2017-12-08,48.750000,48.919998,48.070000,48.330002,46.858086,12800
2017-12-11,48.340000,48.700001,47.720001,48.099998,46.635090,10300
2017-12-12,47.910000,47.910000,46.500000,47.450001,46.458847,11900
2017-12-13,47.660000,48.709999,47.529999,48.380001,47.369423,9000
2017-12-14,48.400002,48.400002,47.610001,47.750000,46.752583,5300
2017-12-15,47.720001,48.299999,47.180000,47.980000,46.977779,31300
2017-12-18,48.180000,49.310001,47.939999,48.900002,47.878559,18600
2017-12-19,48.980000,49.180000,48.250000,48.250000,47.242134,6100
2017-12-20,48.599998,48.799999,48.009998,48.770000,47.751274,2400
2017-12-21,48.669998,49.320000,48.310001,48.580002,47.565243,9000
2017-12-22,48.459999,49.000000,47.610001,47.799999,46.801537,12600
2017-12-26,47.730000,47.980000,47.230000,47.230000,46.243443,3300
2017-12-27,47.980000,48.029999,46.970001,47.360001,46.370728,3500
2017-12-28,47.500000,47.820000,47.480000,47.480000,46.488220,1300
2017-12-29,47.630001,47.689999,46.000000,46.580002,45.607021,7500
2018-01-02,46.599998,46.889999,45.250000,45.560001,44.608326,11200
2018-01-03,45.580002,45.980000,45.040001,45.259998,44.314594,6000
2018-01-04,45.500000,45.700001,45.060001,45.070000,44.128563,7600
2018-01-05,44.939999,45.480000,44.900002,45.110001,44.167725,3400
2018-01-08,45.389999,45.389999,44.750000,44.959999,44.020859,6900
2018-01-09,44.939999,45.099998,44.799999,45.099998,44.157932,5400
2018-01-10,45.099998,45.099998,44.500000,44.639999,43.707542,13600
2018-01-11,44.750000,44.939999,44.340000,44.419998,43.492138,21100
2018-01-12,44.299999,44.599998,44.070000,44.160000,43.237568,11800
2018-01-16,44.160000,44.209999,43.450001,43.619999,42.708851,12000
2018-01-17,43.860001,44.200001,43.459999,44.000000,43.080914,7200
2018-01-18,43.810001,44.900002,43.810001,44.060001,43.139660,4700
2018-01-19,43.790001,44.650002,43.790001,44.480000,43.550884,2600
2018-01-22,44.270000,44.650002,44.099998,44.099998,43.178822,2100
2018-01-23,43.980000,44.240002,43.869999,44.070000,43.149448,4400
2018-01-24,44.000000,44.000000,43.000000,43.000000,42.101799,8000
2018-01-25,43.000000,44.000000,42.400002,42.400002,41.514336,5100
2018-01-26,42.459999,43.750000,42.310001,42.799999,41.905975,7600
2018-01-29,42.680000,43.380001,42.680000,43.169998,42.268246,3400
2018-01-30,42.889999,43.450001,42.450001,42.980000,42.082218,4800
2018-01-31,43.349998,43.349998,42.299999,42.869999,41.974518,14400
2018-02-01,42.500000,42.770000,41.799999,42.180000,41.298931,6100
2018-02-02,42.099998,42.459999,41.470001,41.650002,40.780003,6400
2018-02-05,41.599998,42.000000,40.799999,41.270000,40.407940,9800
2018-02-06,40.700001,41.310001,40.080002,40.470001,39.624653,8300
2018-02-07,40.189999,40.900002,40.189999,40.259998,39.419033,3000
2018-02-08,40.080002,40.240002,39.590000,39.610001,38.782612,11200
2018-02-09,40.049999,41.209999,40.000000,41.009998,40.153366,7500
2018-02-12,41.000000,41.490002,40.720001,41.330002,40.466686,5300
2018-02-13,41.000000,41.970001,41.000000,41.610001,40.740837,1500
2018-02-14,41.299999,41.619999,41.040001,41.410000,40.545013,5500
2018-02-15,41.360001,41.490002,40.740002,40.900002,40.045670,3500
2018-02-16,40.570000,41.230000,40.529999,40.799999,39.947758,9500
2018-02-20,40.599998,41.680000,40.090000,41.270000,40.407940,9600
2018-02-21,41.639999,41.639999,40.599998,41.150002,40.290447,2800
2018-02-22,40.950001,41.279999,40.950001,41.279999,40.417728,2900
2018-02-23,40.009998,42.450001,40.009998,41.480000,40.613552,3800
2018-02-26,41.470001,41.490002,40.950001,41.490002,40.623344,2000
2018-02-27,41.590000,41.590000,40.330002,40.330002,39.487576,2200
2018-02-28,40.599998,41.700001,40.450001,40.610001,39.761723,8700
2018-03-01,40.750000,41.000000,40.060001,40.259998,39.419033,2000
2018-03-02,41.000000,41.000000,40.099998,40.500000,39.654022,3100
2018-03-05,40.830002,42.509998,40.500000,41.880001,41.005199,7000
2018-03-06,41.680000,42.360001,40.500000,41.980000,41.103107,6200
2018-03-07,41.540001,42.700001,41.540001,42.020000,41.142273,5300
2018-03-08,42.110001,42.320000,41.779999,41.779999,40.907280,8000
2018-03-09,42.070000,43.360001,42.070000,42.799999,41.905975,7900
2018-03-12,42.730000,43.389999,42.599998,43.349998,42.915760,7100
2018-03-13,43.650002,44.000000,42.680000,43.709999,43.272156,7300
2018-03-14,43.259998,43.610001,43.200001,43.230000,42.796963,2900
2018-03-15,44.000000,44.970001,41.720001,41.750000,41.331787,14700
2018-03-16,41.580002,43.410000,41.580002,42.880001,42.450470,20000
2018-03-19,41.700001,43.320000,41.700001,43.049999,42.618767,7500
2018-03-20,42.790001,42.970001,42.509998,42.509998,42.084175,2500
2018-03-21,42.720001,43.389999,42.720001,43.389999,42.955360,2300
2018-03-22,42.700001,43.849998,41.919998,42.720001,42.292072,8900
2018-03-23,43.070000,43.810001,42.110001,42.110001,41.688183,16000
2018-03-26,42.549999,43.279999,42.020000,42.599998,42.173271,6700
2018-03-27,42.509998,43.490002,42.509998,43.160000,42.727665,9100
2018-03-28,43.169998,43.490002,42.150002,42.560001,42.133675,6200
2018-03-29,42.509998,43.169998,42.110001,42.310001,41.886181,6700
2018-04-02,42.110001,42.189999,40.900002,41.290001,40.876396,5000
2018-04-03,41.349998,42.400002,41.299999,41.419998,41.005093,3300
2018-04-04,41.500000,41.950001,41.250000,41.720001,41.302090,4300
2018-04-05,42.080002,42.259998,41.770000,41.830002,41.410988,5300
2018-04-06,41.490002,42.840000,40.970001,41.709999,41.292187,3700
2018-04-09,41.500000,42.389999,41.209999,41.959999,41.539684,5700
2018-04-10,42.099998,42.500000,42.049999,42.049999,41.628784,1600
2018-04-11,42.590000,42.590000,42.049999,42.049999,41.628784,700
2018-04-12,41.650002,42.759998,41.650002,42.250000,41.826778,2000
2018-04-13,42.169998,43.250000,42.169998,42.980000,42.549469,2900
2018-04-16,42.849998,43.070000,42.610001,42.810001,42.381172,3100
2018-04-17,43.000000,43.240002,42.950001,43.240002,42.806866,1400
2018-04-18,43.150002,43.790001,42.740002,43.119999,42.688065,1500
2018-04-19,43.509998,43.599998,43.360001,43.360001,42.925663,1600
2018-04-20,42.849998,44.470001,42.849998,44.200001,43.757248,8200
2018-04-23,44.419998,44.419998,43.980000,43.980000,43.539452,1100
2018-04-24,43.889999,44.549999,43.599998,43.770000,43.331554,11400
2018-04-25,43.349998,44.240002,42.810001,44.029999,43.588947,3700
2018-04-26,43.750000,44.779999,43.750000,44.160000,43.717648,2100
2018-04-27,44.000000,44.000000,43.590000,43.590000,43.153358,1800
2018-04-30,43.540001,43.540001,43.500000,43.500000,43.064259,1300
2018-05-01,42.849998,44.209999,42.630001,44.189999,43.747345,15600
2018-05-02,44.299999,44.299999,43.450001,43.450001,43.014759,1100
2018-05-03,43.599998,43.599998,43.599998,43.599998,43.163254,400
2018-05-04,43.250000,44.000000,43.150002,43.799999,43.361252,1900
2018-05-07,44.480000,44.480000,43.740002,43.740002,43.301857,1000
2018-05-08,42.830002,44.860001,42.830002,44.279999,43.836445,4700
2018-05-09,44.270000,45.610001,44.270000,45.380001,44.925426,7300
2018-05-10,45.360001,45.410000,45.000000,45.240002,44.786831,2400
2018-05-11,45.000000,45.369999,45.000000,45.279999,44.826427,4000
2018-05-14,44.990002,45.250000,44.169998,44.169998,43.727547,3300
2018-05-15,44.090000,45.009998,43.169998,44.529999,44.083939,4700
2018-05-16,44.580002,44.580002,43.520000,44.270000,43.826546,9500
2018-05-17,44.250000,45.000000,44.250000,44.910000,44.460136,5900
2018-05-18,45.130001,45.130001,44.230000,44.959999,44.509632,11500
2018-05-21,43.810001,45.650002,43.810001,45.630001,45.172924,7600
2018-05-22,45.259998,45.700001,45.259998,45.369999,44.915527,6500
2018-05-23,45.610001,45.619999,45.299999,45.299999,44.846226,900
2018-05-24,45.509998,45.799999,45.509998,45.660000,45.202621,1600
2018-05-25,45.430000,46.000000,45.049999,46.000000,45.539215,1200
2018-05-29,45.759998,45.799999,45.180000,45.610001,45.153122,1900
2018-05-30,45.880001,46.250000,45.750000,45.919998,45.460014,3300
2018-05-31,46.150002,46.150002,46.150002,46.150002,45.687714,1800
2018-06-01,46.740002,47.000000,46.500000,46.919998,46.449997,7000
2018-06-04,46.900002,46.919998,46.380001,46.380001,46.380001,3700
2018-06-05,46.009998,46.650002,45.610001,45.770000,45.770000,3600
2018-06-06,45.799999,47.000000,45.799999,46.139999,46.139999,6400
2018-06-07,46.250000,46.590000,46.250000,46.590000,46.590000,1300
2018-06-08,47.000000,47.000000,45.910000,46.310001,46.310001,2700
2018-06-11,46.200001,46.310001,45.380001,45.380001,45.380001,3700
2018-06-12,45.279999,45.790001,44.389999,44.990002,44.990002,5000
2018-06-13,44.439999,44.959999,44.439999,44.580002,44.580002,5100
2018-06-14,44.529999,44.840000,43.680000,44.049999,44.049999,5600
2018-06-15,43.810001,44.400002,42.400002,42.610001,42.610001,28000
2018-06-18,42.310001,45.130001,41.730000,43.700001,43.700001,6200
2018-06-19,43.910000,44.700001,43.869999,43.869999,43.869999,7700
2018-06-20,44.110001,44.650002,43.849998,44.650002,44.650002,3800
2018-06-21,44.700001,45.439999,44.180000,44.570000,44.570000,7700
2018-06-22,44.480000,45.500000,44.450001,44.599998,44.599998,18200
2018-06-25,44.700001,44.840000,44.209999,44.599998,44.599998,7100
2018-06-26,44.709999,45.700001,44.470001,45.700001,45.700001,5400
2018-06-27,45.369999,45.459999,43.560001,45.389999,45.389999,5000
2018-06-28,45.189999,45.349998,44.950001,45.020000,45.020000,5200
2018-06-29,44.369999,45.279999,44.369999,44.779999,44.779999,9000
