Date,Open,High,Low,Close,Adj Close,Volume
2013-01-02,22.080000,22.080000,21.180000,21.760000,21.760000,400200
2013-01-03,21.730000,21.870001,21.350000,21.450001,21.450001,233000
2013-01-04,21.580000,22.030001,21.340000,21.750000,21.750000,208800
2013-01-07,21.570000,21.799999,21.219999,21.559999,21.559999,269700
2013-01-08,21.480000,21.740000,21.350000,21.430000,21.430000,290700
2013-01-09,21.469999,21.600000,21.350000,21.600000,21.600000,215200
2013-01-10,21.680000,21.680000,21.469999,21.549999,21.549999,140600
2013-01-11,21.590000,22.040001,21.510000,22.040001,22.040001,110100
2013-01-14,21.920000,22.740000,21.719999,22.430000,22.430000,235600
2013-01-15,22.320000,22.430000,21.900000,22.270000,22.270000,134500
2013-01-16,22.180000,22.200001,21.840000,21.920000,21.920000,80800
2013-01-17,22.059999,22.250000,21.920000,22.160000,22.160000,86300
2013-01-18,22.110001,22.600000,22.100000,22.520000,22.520000,125900
2013-01-22,22.570000,23.049999,22.400000,23.040001,23.040001,182300
2013-01-23,23.059999,23.120001,22.840000,23.010000,23.010000,144400
2013-01-24,22.959999,23.250000,22.850000,23.219999,23.219999,161500
2013-01-25,23.250000,23.490000,22.870001,23.059999,23.059999,274600
2013-01-28,23.070000,23.280001,22.680000,22.820000,22.820000,159500
2013-01-29,22.770000,23.000000,22.590000,22.930000,22.930000,111500
2013-01-30,22.830000,23.049999,22.650000,22.980000,22.980000,213400
2013-01-31,22.920000,23.500000,22.440001,23.340000,23.340000,415700
2013-02-01,23.469999,23.799999,22.459999,23.650000,23.650000,421600
2013-02-04,23.490000,23.559999,22.730000,23.219999,23.219999,368100
2013-02-05,23.340000,23.580000,23.270000,23.420000,23.420000,115500
2013-02-06,23.320000,23.540001,23.129999,23.469999,23.469999,91200
2013-02-07,23.530001,23.530001,22.920000,23.360001,23.360001,161000
2013-02-08,23.400000,23.600000,23.350000,23.469999,23.469999,99200
2013-02-11,23.500000,23.530001,22.000000,23.370001,23.370001,112900
2013-02-12,23.330000,23.980000,23.290001,23.809999,23.809999,165600
2013-02-13,23.870001,23.990000,23.709999,23.850000,23.850000,115400
2013-02-14,23.870001,24.330000,23.860001,23.959999,23.959999,249600
2013-02-15,24.110001,24.540001,23.480000,23.610001,23.610001,141500
2013-02-19,23.709999,23.900000,22.389999,22.480000,22.480000,547600
2013-02-20,22.510000,22.570000,21.010000,21.170000,21.170000,865500
2013-02-21,21.180000,21.190001,20.070000,20.830000,20.830000,670900
2013-02-22,20.910000,21.700001,20.860001,21.680000,21.680000,342000
2013-02-25,21.790001,21.910000,21.540001,21.600000,21.600000,313400
2013-02-26,21.680000,21.760000,21.080000,21.389999,21.389999,253200
2013-02-27,21.430000,21.750000,21.400000,21.490000,21.490000,222700
2013-02-28,21.490000,21.830000,21.400000,21.660000,21.660000,249500
2013-03-01,21.469999,21.660000,21.180000,21.299999,21.299999,226600
2013-03-04,21.190001,21.490000,20.850000,20.950001,20.950001,401100
2013-03-05,21.080000,21.219999,20.920000,21.080000,21.080000,333400
2013-03-06,21.170000,21.340000,21.080000,21.190001,21.190001,191400
2013-03-07,21.129999,21.150000,20.670000,20.700001,20.700001,205700
2013-03-08,20.889999,20.920000,20.629999,20.770000,20.770000,427300
2013-03-11,20.780001,21.410000,20.770000,21.000000,21.000000,273100
2013-03-12,20.190001,20.290001,19.900000,19.940001,19.940001,932700
2013-03-13,20.010000,20.010000,19.570000,19.780001,19.780001,330300
2013-03-14,19.790001,19.879999,19.540001,19.820000,19.820000,250600
2013-03-15,19.870001,19.870001,19.459999,19.500000,19.500000,256600
2013-03-18,19.290001,19.510000,19.240000,19.389999,19.389999,249200
2013-03-19,19.469999,19.500000,19.270000,19.389999,19.389999,430100
2013-03-20,19.540001,19.920000,19.309999,19.879999,19.879999,229900
2013-03-21,19.770000,20.080000,19.730000,20.030001,20.030001,197800
2013-03-22,20.070000,20.129999,19.950001,20.040001,20.040001,378500
2013-03-25,20.049999,20.059999,19.930000,20.049999,20.049999,283100
2013-03-26,20.129999,20.309999,19.959999,20.280001,20.280001,221700
2013-03-27,20.219999,20.420000,19.969999,20.400000,20.400000,171200
2013-03-28,20.440001,20.930000,20.290001,20.709999,20.709999,302600
2013-04-01,20.660000,20.930000,20.190001,20.370001,20.370001,175600
2013-04-02,20.379999,20.459999,20.200001,20.340000,20.340000,123200
2013-04-03,20.420000,20.420000,19.930000,19.959999,19.959999,151800
2013-04-04,19.950001,19.980000,19.629999,19.959999,19.959999,125700
2013-04-05,19.620001,20.059999,19.430000,19.990000,19.990000,98500
2013-04-08,19.820000,19.959999,19.500000,19.690001,19.690001,136000
2013-04-09,19.730000,19.969999,19.629999,19.840000,19.840000,122300
2013-04-10,19.910000,20.580000,19.870001,20.420000,20.420000,254100
2013-04-11,20.459999,20.459999,20.040001,20.070000,20.070000,151600
2013-04-12,20.010000,20.040001,19.400000,19.980000,19.980000,86200
2013-04-15,19.740000,19.780001,19.209999,19.480000,19.480000,187800
2013-04-16,19.660000,20.260000,19.340000,20.180000,20.180000,280500
2013-04-17,20.080000,20.080000,19.500000,19.860001,19.860001,366400
2013-04-18,19.950001,20.030001,19.440001,19.570000,19.570000,292500
2013-04-19,19.600000,19.980000,19.430000,19.750000,19.750000,123200
2013-04-22,19.770000,19.990000,19.559999,19.740000,19.740000,90500
2013-04-23,19.870001,20.350000,19.799999,20.090000,20.090000,115900
2013-04-24,20.070000,20.250000,19.950001,20.129999,20.129999,84100
2013-04-25,20.200001,20.809999,20.129999,20.340000,20.340000,257300
2013-04-26,20.340000,20.770000,20.240000,20.450001,20.450001,150200
2013-04-29,20.540001,20.700001,20.180000,20.340000,20.340000,207400
2013-04-30,20.290001,21.650000,20.100000,20.400000,20.400000,129500
2013-05-01,20.340000,20.410000,19.549999,19.600000,19.600000,242200
2013-05-02,19.600000,20.030001,19.570000,19.750000,19.750000,403100
2013-05-03,19.330000,19.600000,17.430000,19.100000,19.100000,1789800
2013-05-06,19.120001,19.450001,19.059999,19.430000,19.430000,269700
2013-05-07,19.430000,19.799999,19.309999,19.780001,19.780001,162000
2013-05-08,19.750000,20.400000,19.370001,19.719999,19.719999,227000
2013-05-09,19.639999,19.639999,19.410000,19.510000,19.510000,165300
2013-05-10,19.480000,20.059999,19.480000,20.010000,20.010000,233600
2013-05-13,20.040001,20.040001,19.650000,19.809999,19.809999,219100
2013-05-14,19.889999,20.370001,19.879999,20.350000,20.350000,182800
2013-05-15,19.450001,19.520000,19.160000,19.320000,19.320000,511300
2013-05-16,19.330000,19.559999,19.240000,19.360001,19.360001,262200
2013-05-17,19.469999,19.559999,19.299999,19.500000,19.500000,240700
2013-05-20,19.500000,19.500000,19.190001,19.360001,19.360001,157500
2013-05-21,19.410000,19.590000,19.219999,19.520000,19.520000,133900
2013-05-22,19.600000,19.700001,19.040001,19.270000,19.270000,278600
2013-05-23,19.080000,19.709999,19.010000,19.660000,19.660000,133600
2013-05-24,19.500000,19.900000,19.320000,19.690001,19.690001,135300
2013-05-28,19.870001,20.040001,19.270000,19.389999,19.389999,168000
2013-05-29,19.290001,19.350000,18.920000,19.129999,19.129999,104400
2013-05-30,19.250000,19.870001,19.010000,19.240000,19.240000,131100
2013-05-31,19.090000,19.320000,18.980000,19.040001,19.040001,552900
2013-06-03,19.030001,19.070000,18.360001,18.650000,18.650000,527300
2013-06-04,18.610001,18.750000,18.270000,18.389999,18.389999,210600
2013-06-05,18.000000,18.549999,17.549999,17.730000,17.730000,540100
2013-06-06,17.700001,17.950001,17.400000,17.610001,17.610001,239500
2013-06-07,17.670000,18.100000,17.190001,17.240000,17.240000,380800
2013-06-10,17.250000,17.510000,17.120001,17.209999,17.209999,326700
2013-06-11,17.000000,17.240000,16.879999,17.059999,17.059999,143400
2013-06-12,17.219999,17.350000,16.889999,17.170000,17.170000,213500
2013-06-13,17.200001,17.930000,17.059999,17.459999,17.459999,488300
2013-06-14,17.490000,17.670000,17.160000,17.180000,17.180000,141200
2013-06-17,17.370001,17.469999,17.250000,17.320000,17.320000,237700
2013-06-18,17.379999,17.650000,17.080000,17.570000,17.570000,398600
2013-06-19,17.590000,18.100000,17.540001,17.900000,17.900000,351300
2013-06-20,17.680000,18.320000,17.680000,18.250000,18.250000,298000
2013-06-21,18.320000,18.389999,17.840000,18.190001,18.190001,607500
2013-06-24,18.059999,18.180000,17.719999,18.010000,18.010000,621000
2013-06-25,18.230000,18.230000,17.820000,17.959999,17.959999,218100
2013-06-26,18.049999,18.170000,17.990000,18.110001,18.110001,306500
2013-06-27,18.180000,18.750000,18.030001,18.730000,18.730000,261400
2013-06-28,18.709999,18.820000,18.230000,18.340000,18.340000,1577300
2013-07-01,18.350000,18.750000,18.219999,18.709999,18.709999,218100
2013-07-02,18.730000,18.879999,18.440001,18.820000,18.820000,267200
2013-07-03,18.680000,18.879999,18.250000,18.510000,18.510000,250400
2013-07-05,18.990000,18.990000,18.389999,18.719999,18.719999,263000
2013-07-08,18.809999,19.420000,18.520000,19.370001,19.370001,311000
2013-07-09,19.500000,19.910000,19.490000,19.670000,19.670000,542200
2013-07-10,19.650000,19.820000,19.610001,19.799999,19.799999,260600
2013-07-11,20.020000,20.090000,19.770000,20.010000,20.010000,211400
2013-07-12,19.950001,20.240000,19.879999,20.160000,20.160000,253500
2013-07-15,20.170000,20.370001,20.030001,20.270000,20.270000,145500
2013-07-16,20.230000,20.889999,19.980000,20.070000,20.070000,237500
2013-07-17,20.150000,20.389999,19.930000,20.379999,20.379999,295700
2013-07-18,20.440001,20.480000,20.020000,20.170000,20.170000,169200
2013-07-19,20.049999,20.530001,20.000000,20.379999,20.379999,213700
2013-07-22,20.260000,20.500000,20.090000,20.299999,20.299999,250500
2013-07-23,20.299999,20.610001,20.150000,20.219999,20.219999,257800
2013-07-24,20.420000,20.790001,20.030001,20.170000,20.170000,229100
2013-07-25,20.090000,20.469999,20.090000,20.299999,20.299999,383400
2013-07-26,20.160000,20.350000,20.059999,20.150000,20.150000,234200
2013-07-29,20.049999,20.150000,19.879999,19.910000,19.910000,116200
2013-07-30,20.020000,20.299999,19.830000,20.080000,20.080000,234000
2013-07-31,20.150000,20.260000,20.020000,20.160000,20.160000,234700
2013-08-01,20.290001,20.570000,20.129999,20.540001,20.540001,456900
2013-08-02,21.209999,23.379999,21.209999,21.920000,21.920000,686300
2013-08-05,21.840000,21.860001,20.180000,21.410000,21.410000,948000
2013-08-06,21.309999,21.340000,21.010000,21.110001,21.110001,612900
2013-08-07,21.000000,21.110001,20.770000,20.980000,20.980000,505800
2013-08-08,21.010000,21.090000,20.860001,21.000000,21.000000,487100
2013-08-09,20.920000,21.150000,20.920000,21.100000,21.100000,274300
2013-08-12,21.030001,21.400000,20.719999,20.820000,20.820000,476400
2013-08-13,20.790001,21.250000,20.610001,20.820000,20.820000,421700
2013-08-14,20.830000,20.959999,20.500000,20.680000,20.680000,221100
2013-08-15,20.459999,20.469999,20.020000,20.219999,20.219999,547900
2013-08-16,20.139999,20.320000,19.889999,19.959999,19.959999,336800
2013-08-19,19.740000,20.290001,19.730000,19.870001,19.870001,431900
2013-08-20,19.950001,20.389999,19.830000,20.340000,20.340000,323200
2013-08-21,20.260000,20.480000,19.850000,20.330000,20.330000,176100
2013-08-22,20.440001,20.840000,19.730000,20.690001,20.690001,381300
2013-08-23,20.670000,21.280001,20.500000,20.660000,20.660000,160700
2013-08-26,20.680000,20.930000,20.480000,20.889999,20.889999,446500
2013-08-27,20.650000,20.990000,20.410000,20.490000,20.490000,215600
2013-08-28,20.459999,20.980000,20.290001,20.770000,20.770000,427800
2013-08-29,20.680000,21.190001,20.510000,20.860001,20.860001,244500
2013-08-30,20.790001,21.010000,20.650000,20.709999,20.709999,201700
2013-09-03,20.959999,21.090000,20.700001,20.910000,20.910000,224600
2013-09-04,20.910000,21.170000,20.799999,20.950001,20.950001,221000
2013-09-05,20.920000,21.020000,20.700001,20.900000,20.900000,265400
2013-09-06,20.940001,21.170000,20.670000,21.100000,21.100000,384200
2013-09-09,21.100000,21.510000,21.020000,21.440001,21.440001,224600
2013-09-10,21.469999,21.889999,21.469999,21.879999,21.879999,202100
2013-09-11,21.780001,21.969999,21.650000,21.889999,21.889999,146200
2013-09-12,21.910000,22.389999,21.840000,22.190001,22.190001,218200
2013-09-13,22.280001,22.340000,22.000000,22.240000,22.240000,186500
2013-09-16,22.459999,22.459999,22.020000,22.160000,22.160000,161600
2013-09-17,22.160000,23.290001,22.049999,23.059999,23.059999,349600
2013-09-18,23.120001,23.830000,22.790001,23.809999,23.809999,352800
2013-09-19,23.920000,23.980000,23.260000,23.360001,23.360001,211800
2013-09-20,23.360001,23.580000,23.080000,23.389999,23.389999,720500
2013-09-23,23.350000,23.500000,23.160000,23.360001,23.360001,378700
2013-09-24,23.420000,23.570000,23.000000,23.379999,23.379999,227500
2013-09-25,23.340000,23.620001,23.139999,23.180000,23.180000,194500
2013-09-26,23.170000,23.389999,23.170000,23.350000,23.350000,170100
2013-09-27,23.180000,23.469999,22.940001,23.400000,23.400000,461500
2013-09-30,22.290001,23.309999,21.950001,23.110001,23.110001,840100
2013-10-01,23.049999,24.580000,22.990000,24.360001,24.360001,584800
2013-10-02,24.320000,24.900000,24.230000,24.770000,24.770000,607900
2013-10-03,24.760000,24.790001,23.860001,24.400000,24.400000,479200
2013-10-04,24.330000,25.000000,24.330000,24.700001,24.700001,365400
2013-10-07,24.400000,24.459999,23.950001,24.260000,24.260000,491600
2013-10-08,24.309999,24.410000,23.719999,23.969999,23.969999,596500
2013-10-09,24.000000,24.139999,23.740000,23.830000,23.830000,248300
2013-10-10,24.110001,24.170000,23.830000,24.030001,24.030001,266700
2013-10-11,23.920000,24.590000,23.920000,24.430000,24.430000,314700
2013-10-14,24.320000,24.700001,24.190001,24.700001,24.700001,177000
2013-10-15,24.660000,24.709999,23.799999,24.389999,24.389999,234000
2013-10-16,24.600000,24.879999,24.590000,24.850000,24.850000,186900
2013-10-17,24.700001,25.330000,24.440001,25.290001,25.290001,247000
2013-10-18,25.459999,26.010000,25.250000,25.660000,25.660000,388600
2013-10-21,25.650000,25.820000,25.250000,25.290001,25.290001,262300
2013-10-22,25.420000,26.340000,24.959999,25.290001,25.290001,317200
2013-10-23,25.170000,25.420000,24.320000,24.910000,24.910000,429400
2013-10-24,25.020000,25.600000,24.670000,25.389999,25.389999,224700
2013-10-25,25.490000,25.780001,25.160000,25.180000,25.180000,173500
2013-10-28,25.230000,25.520000,24.969999,25.219999,25.219999,217600
2013-10-29,25.230000,25.700001,24.870001,25.139999,25.139999,139800
2013-10-30,25.219999,25.290001,24.540001,24.740000,24.740000,207200
2013-10-31,24.740000,24.920000,24.520000,24.530001,24.530001,178400
2013-11-01,24.500000,24.860001,23.719999,23.980000,23.980000,304400
2013-11-04,24.219999,25.320000,23.410000,24.340000,24.340000,334900
2013-11-05,24.260000,24.309999,23.959999,24.080000,24.080000,341900
2013-11-06,24.290001,24.730000,24.110001,24.459999,24.459999,218900
2013-11-07,24.629999,24.629999,23.799999,24.040001,24.040001,154800
2013-11-08,23.870001,26.020000,23.410000,25.889999,25.889999,478200
2013-11-11,25.770000,25.900000,25.100000,25.639999,25.639999,386800
2013-11-12,25.490000,25.799999,25.330000,25.700001,25.700001,171500
2013-11-13,25.480000,25.830000,25.350000,25.780001,25.780001,203900
2013-11-14,25.709999,25.709999,25.309999,25.410000,25.410000,129900
2013-11-15,25.350000,25.760000,25.040001,25.740000,25.740000,347900
2013-11-18,25.709999,25.730000,24.620001,24.719999,24.719999,364600
2013-11-19,24.670000,24.730000,24.049999,24.110001,24.110001,207100
2013-11-20,24.270000,24.430000,24.040001,24.120001,24.120001,235500
2013-11-21,24.240000,24.440001,23.740000,24.299999,24.299999,390400
2013-11-22,24.280001,24.340000,23.950001,24.000000,24.000000,439700
2013-11-25,24.070000,24.070000,23.150000,23.200001,23.200001,401400
2013-11-26,23.150000,23.270000,22.740000,22.750000,22.750000,319600
2013-11-27,22.770000,22.770000,22.420000,22.459999,22.459999,325800
2013-11-29,22.590000,22.770000,22.309999,22.410000,22.410000,226000
2013-12-02,22.410000,22.440001,21.959999,21.980000,21.980000,676700
2013-12-03,21.910000,22.100000,21.790001,21.990000,21.990000,977400
2013-12-04,21.889999,22.080000,21.680000,21.889999,21.889999,258500
2013-12-05,21.840000,22.049999,21.760000,21.850000,21.850000,159100
2013-12-06,22.080000,22.420000,21.600000,21.709999,21.709999,350700
2013-12-09,21.750000,21.799999,21.510000,21.790001,21.790001,611700
2013-12-10,21.799999,21.809999,21.200001,21.410000,21.410000,380500
2013-12-11,21.450001,21.639999,21.250000,21.270000,21.270000,423900
2013-12-12,21.350000,21.520000,21.059999,21.219999,21.219999,608200
2013-12-13,21.230000,21.840000,21.230000,21.740000,21.740000,297400
2013-12-16,21.770000,22.570000,21.770000,22.170000,22.170000,264300
2013-12-17,22.120001,22.299999,21.959999,22.260000,22.260000,332700
2013-12-18,22.340000,22.809999,22.020000,22.480000,22.480000,370100
2013-12-19,22.510000,22.540001,22.059999,22.180000,22.180000,328300
2013-12-20,22.290001,22.750000,22.100000,22.610001,22.610001,645100
2013-12-23,22.780001,22.900000,22.490000,22.709999,22.709999,410300
2013-12-24,22.799999,22.940001,22.420000,22.680000,22.680000,108800
2013-12-26,22.719999,22.950001,22.320000,22.590000,22.590000,182500
2013-12-27,22.670000,22.940001,22.469999,22.639999,22.639999,151200
2013-12-30,22.559999,23.059999,22.459999,22.650000,22.650000,717000
2013-12-31,22.629999,23.549999,22.500000,23.379999,23.379999,486200
2014-01-02,23.209999,23.450001,22.290001,22.400000,22.400000,413200
2014-01-03,22.400000,22.670000,22.059999,22.469999,22.469999,141000
2014-01-06,22.520000,22.650000,21.920000,21.950001,21.950001,297700
2014-01-07,22.000000,22.230000,21.809999,22.180000,22.180000,265900
2014-01-08,22.090000,22.150000,21.590000,21.700001,21.700001,212800
2014-01-09,21.840000,21.840000,21.200001,21.400000,21.400000,219100
2014-01-10,21.459999,21.590000,20.920000,21.139999,21.139999,177900
2014-01-13,21.010000,21.350000,20.129999,20.540001,20.540001,301700
2014-01-14,20.610001,20.889999,20.200001,20.709999,20.709999,331500
2014-01-15,20.830000,21.370001,20.650000,21.309999,21.309999,522000
2014-01-16,21.200001,21.440001,20.830000,21.020000,21.020000,218500
2014-01-17,21.000000,21.790001,21.000000,21.639999,21.639999,271000
2014-01-21,21.790001,21.830000,21.389999,21.610001,21.610001,199100
2014-01-22,21.600000,22.120001,21.540001,21.889999,21.889999,199200
2014-01-23,21.830000,21.900000,21.660000,21.870001,21.870001,327100
2014-01-24,21.690001,21.809999,21.330000,21.440001,21.440001,297300
2014-01-27,21.570000,21.570000,21.160000,21.340000,21.340000,343600
2014-01-28,21.309999,21.680000,21.230000,21.600000,21.600000,258800
2014-01-29,21.450001,21.770000,21.150000,21.490000,21.490000,259000
2014-01-30,21.760000,22.340000,21.740000,22.150000,22.150000,288600
2014-01-31,21.750000,22.860001,21.540001,22.480000,22.480000,450000
2014-02-03,22.500000,22.690001,21.370001,21.510000,21.510000,699800
2014-02-04,21.600000,22.020000,20.940001,20.950001,20.950001,313600
2014-02-05,20.840000,20.840000,20.129999,20.600000,20.600000,242800
2014-02-06,20.600000,20.760000,20.469999,20.730000,20.730000,211900
2014-02-07,20.760000,21.010000,20.450001,20.910000,20.910000,181900
2014-02-10,20.980000,21.150000,20.650000,21.049999,21.049999,200500
2014-02-11,21.040001,21.530001,20.980000,21.070000,21.070000,122300
2014-02-12,21.049999,21.330000,20.620001,21.240000,21.240000,620200
2014-02-13,20.990000,21.639999,20.940001,21.629999,21.629999,278500
2014-02-14,21.600000,21.750000,21.299999,21.500000,21.500000,160600
2014-02-18,21.549999,21.780001,21.190001,21.299999,21.299999,237000
2014-02-19,21.160000,21.290001,20.510000,20.600000,20.600000,262500
2014-02-20,20.600000,20.600000,20.209999,20.420000,20.420000,318100
2014-02-21,20.530001,21.010000,20.420000,20.700001,20.700001,369700
2014-02-24,20.660000,21.530001,20.660000,20.719999,20.719999,435800
2014-02-25,15.500000,16.360001,15.400000,16.030001,16.030001,12287600
2014-02-26,16.480000,16.920000,15.920000,16.309999,16.309999,2840800
2014-02-27,16.799999,17.750000,16.740000,17.750000,17.750000,2458300
2014-02-28,17.830000,17.830000,17.260000,17.700001,17.700001,1180500
2014-03-03,17.559999,18.129999,17.379999,18.070000,18.070000,1148200
2014-03-04,18.320000,18.940001,18.190001,18.680000,18.680000,1297700
2014-03-05,18.650000,18.700001,18.049999,18.360001,18.360001,1636800
2014-03-06,18.350000,18.610001,18.049999,18.480000,18.480000,924500
2014-03-07,18.639999,18.650000,18.230000,18.459999,18.459999,665400
2014-03-10,18.360001,18.520000,18.219999,18.490000,18.490000,823000
2014-03-11,18.459999,18.600000,18.200001,18.480000,18.480000,974800
2014-03-12,18.309999,18.700001,18.299999,18.650000,18.650000,530200
2014-03-13,18.709999,18.709999,18.450001,18.530001,18.530001,695200
2014-03-14,18.450001,18.790001,18.450001,18.770000,18.770000,735700
2014-03-17,18.930000,19.139999,18.790001,18.900000,18.900000,466700
2014-03-18,18.870001,19.139999,18.750000,19.080000,19.080000,274700
2014-03-19,19.030001,19.160000,18.980000,19.020000,19.020000,307000
2014-03-20,18.969999,19.240000,18.969999,19.070000,19.070000,189000
2014-03-21,19.120001,19.120001,18.639999,18.709999,18.709999,829500
2014-03-24,18.700001,18.780001,18.219999,18.469999,18.469999,1153200
2014-03-25,18.620001,18.850000,17.980000,18.250000,18.250000,1463900
2014-03-26,18.389999,18.450001,17.980000,18.100000,18.100000,682600
2014-03-27,18.070000,18.150000,17.740000,17.879999,17.879999,602000
2014-03-28,17.860001,18.090000,17.680000,17.870001,17.870001,473000
2014-03-31,17.910000,18.270000,17.889999,18.160000,18.160000,381000
2014-04-01,18.240000,18.410000,18.160000,18.389999,18.389999,338600
2014-04-02,18.480000,18.480000,18.150000,18.260000,18.260000,247200
2014-04-03,18.299999,18.350000,18.030001,18.150000,18.150000,307300
2014-04-04,18.299999,18.299999,17.420000,17.440001,17.440001,627100
2014-04-07,17.320000,17.570000,17.200001,17.420000,17.420000,480200
2014-04-08,17.389999,17.840000,17.320000,17.680000,17.680000,264300
2014-04-09,17.799999,18.190001,17.740000,18.139999,18.139999,354400
2014-04-10,18.080000,18.209999,17.440001,17.559999,17.559999,384000
2014-04-11,17.379999,17.820000,17.000000,17.139999,17.139999,425200
2014-04-14,17.360001,17.530001,17.120001,17.420000,17.420000,254900
2014-04-15,17.490000,17.850000,17.379999,17.799999,17.799999,353800
2014-04-16,17.959999,18.170000,17.790001,18.080000,18.080000,381900
2014-04-17,18.049999,18.219999,17.950001,18.090000,18.090000,378600
2014-04-21,18.150000,18.250000,18.000000,18.139999,18.139999,183400
2014-04-22,18.129999,18.459999,18.090000,18.450001,18.450001,225900
2014-04-23,18.410000,18.410000,18.049999,18.320000,18.320000,177100
2014-04-24,18.410000,18.410000,17.990000,18.219999,18.219999,307700
2014-04-25,18.090000,18.090000,17.360001,17.520000,17.520000,725500
2014-04-28,17.549999,17.760000,17.250000,17.510000,17.510000,512800
2014-04-29,17.660000,18.059999,17.510000,17.780001,17.780001,419800
2014-04-30,17.650000,17.780001,17.469999,17.750000,17.750000,351800
2014-05-01,17.670000,17.840000,17.290001,17.650000,17.650000,443200
2014-05-02,17.760000,18.040001,17.459999,17.510000,17.510000,629300
2014-05-05,17.290001,17.610001,17.250000,17.590000,17.590000,547000
2014-05-06,17.590000,17.590000,17.299999,17.370001,17.370001,580900
2014-05-07,18.260000,18.809999,17.510000,18.530001,18.530001,1108700
2014-05-08,18.400000,18.889999,18.290001,18.459999,18.459999,373900
2014-05-09,18.340000,18.790001,18.219999,18.709999,18.709999,259900
2014-05-12,18.780001,19.440001,18.780001,19.250000,19.250000,408300
2014-05-13,19.219999,19.420000,18.879999,18.930000,18.930000,449400
2014-05-14,18.850000,19.030001,18.670000,18.730000,18.730000,218300
2014-05-15,18.559999,19.139999,18.370001,18.959999,18.959999,429200
2014-05-16,18.930000,19.459999,18.879999,19.459999,19.459999,297000
2014-05-19,19.379999,20.020000,19.340000,20.020000,20.020000,412600
2014-05-20,20.030001,20.340000,19.790001,20.320000,20.320000,1541900
2014-05-21,20.490000,20.650000,20.139999,20.610001,20.610001,747700
2014-05-22,20.600000,21.170000,20.490000,21.010000,21.010000,394500
2014-05-23,20.950001,21.200001,20.879999,21.090000,21.090000,289700
2014-05-27,21.240000,22.100000,21.059999,21.719999,21.719999,1177300
2014-05-28,21.709999,21.889999,21.110001,21.379999,21.379999,323100
2014-05-29,21.350000,21.629999,21.110001,21.350000,21.350000,352700
2014-05-30,21.410000,21.450001,20.910000,21.209999,21.209999,334800
2014-06-02,21.170000,21.180000,20.740000,21.070000,21.070000,244300
2014-06-03,20.940001,21.780001,20.920000,21.690001,21.690001,436700
2014-06-04,21.629999,21.780001,21.030001,21.320000,21.320000,868200
2014-06-05,21.299999,21.590000,21.080000,21.430000,21.430000,454500
2014-06-06,21.450001,21.770000,21.330000,21.760000,21.760000,675200
2014-06-09,21.690001,21.870001,21.440001,21.480000,21.480000,398800
2014-06-10,21.459999,21.520000,21.219999,21.420000,21.420000,209400
2014-06-11,21.299999,21.559999,21.190001,21.379999,21.379999,340800
2014-06-12,21.350000,21.350000,21.000000,21.180000,21.180000,388600
2014-06-13,21.299999,21.450001,20.870001,21.219999,21.219999,703900
2014-06-16,21.240000,22.049999,21.219999,21.950001,21.950001,528200
2014-06-17,21.980000,22.020000,21.709999,21.799999,21.799999,407400
2014-06-18,21.840000,21.940001,21.620001,21.860001,21.860001,630600
2014-06-19,21.930000,22.049999,21.650000,21.940001,21.940001,787800
2014-06-20,22.000000,22.260000,21.730000,22.160000,22.160000,1337500
2014-06-23,22.150000,22.340000,21.959999,22.030001,22.030001,232500
2014-06-24,21.959999,21.959999,21.620001,21.680000,21.680000,269100
2014-06-25,21.510000,21.879999,21.379999,21.790001,21.790001,473000
2014-06-26,21.799999,22.049999,21.530001,22.000000,22.000000,217900
2014-06-27,21.860001,22.459999,21.690001,22.360001,22.360001,896100
2014-06-30,22.209999,22.559999,22.110001,22.480000,22.480000,381900
2014-07-01,22.600000,22.809999,22.330000,22.670000,22.670000,448700
2014-07-02,22.709999,22.990000,22.450001,22.629999,22.629999,502600
2014-07-03,22.709999,22.940001,22.650000,22.820000,22.820000,89400
2014-07-07,22.520000,22.549999,22.250000,22.290001,22.290001,300000
2014-07-08,22.260000,22.379999,21.950001,22.320000,22.320000,275300
2014-07-09,22.420000,22.790001,22.350000,22.549999,22.549999,325500
2014-07-10,22.010000,22.440001,21.760000,22.120001,22.120001,311400
2014-07-11,22.010000,22.080000,21.549999,21.709999,21.709999,381900
2014-07-14,21.889999,22.350000,21.690001,22.090000,22.090000,249200
2014-07-15,22.139999,22.330000,21.879999,22.170000,22.170000,382200
2014-07-16,22.299999,22.450001,21.959999,22.059999,22.059999,137300
2014-07-17,21.879999,22.030001,21.410000,21.420000,21.420000,290400
2014-07-18,15.820000,17.549999,15.710000,16.680000,16.680000,9267600
2014-07-21,16.740000,16.940001,16.400000,16.480000,16.480000,2564500
2014-07-22,16.520000,16.740000,16.290001,16.370001,16.370001,1240000
2014-07-23,16.379999,16.480000,16.170000,16.440001,16.440001,1215000
2014-07-24,16.490000,16.620001,16.280001,16.480000,16.480000,874900
2014-07-25,16.379999,16.540001,16.299999,16.370001,16.370001,841500
2014-07-28,16.340000,16.400000,16.139999,16.209999,16.209999,480700
2014-07-29,16.219999,16.320000,16.080000,16.250000,16.250000,612900
2014-07-30,16.330000,16.410000,16.219999,16.309999,16.309999,454900
2014-07-31,16.150000,16.280001,15.960000,16.110001,16.110001,912300
2014-08-01,16.110001,16.170000,15.830000,15.940000,15.940000,560700
2014-08-04,15.960000,16.030001,15.820000,15.920000,15.920000,933400
2014-08-05,15.500000,15.720000,14.950000,15.000000,15.000000,1766000
2014-08-06,14.910000,15.400000,14.870000,15.290000,15.290000,1437600
2014-08-07,15.380000,15.570000,15.000000,15.190000,15.190000,633900
2014-08-08,15.140000,15.690000,15.140000,15.520000,15.520000,478800
2014-08-11,15.550000,15.900000,15.540000,15.660000,15.660000,338700
2014-08-12,15.600000,15.820000,15.440000,15.580000,15.580000,591200
2014-08-13,15.610000,15.880000,15.540000,15.710000,15.710000,445100
2014-08-14,15.670000,16.030001,15.670000,15.720000,15.720000,296900
2014-08-15,15.860000,15.970000,15.310000,15.540000,15.540000,338500
2014-08-18,15.660000,16.180000,15.570000,16.100000,16.100000,326400
2014-08-19,16.160000,16.219999,16.000000,16.129999,16.129999,300800
2014-08-20,16.090000,16.180000,15.780000,15.850000,15.850000,392200
2014-08-21,15.810000,16.059999,15.810000,16.049999,16.049999,226000
2014-08-22,16.059999,16.150000,15.970000,16.100000,16.100000,372800
2014-08-25,16.139999,16.150000,15.540000,15.900000,15.900000,471400
2014-08-26,15.960000,16.340000,15.910000,16.320000,16.320000,438100
2014-08-27,16.330000,16.480000,16.110001,16.379999,16.379999,237800
2014-08-28,16.330000,16.330000,15.910000,15.920000,15.920000,156300
2014-08-29,15.920000,16.250000,15.830000,16.120001,16.120001,175300
2014-09-02,16.230000,16.230000,15.950000,16.059999,16.059999,215400
2014-09-03,16.110001,16.309999,15.920000,16.000000,16.000000,159000
2014-09-04,16.070000,16.190001,15.900000,15.910000,15.910000,116000
2014-09-05,15.850000,16.010000,15.790000,15.870000,15.870000,183300
2014-09-08,15.860000,16.110001,15.860000,15.890000,15.890000,319900
2014-09-09,15.910000,16.219999,15.800000,15.810000,15.810000,473600
2014-09-10,15.830000,16.030001,15.810000,16.030001,16.030001,170300
2014-09-11,15.920000,16.160000,15.790000,16.070000,16.070000,198100
2014-09-12,16.110001,16.120001,15.750000,15.900000,15.900000,218900
2014-09-15,15.880000,15.890000,15.510000,15.610000,15.610000,136800
2014-09-16,15.600000,15.720000,15.330000,15.460000,15.460000,180900
2014-09-17,15.420000,15.700000,15.420000,15.570000,15.570000,141500
2014-09-18,15.610000,15.850000,15.610000,15.720000,15.720000,99200
2014-09-19,15.600000,15.700000,15.090000,15.410000,15.410000,814200
2014-09-22,15.320000,15.560000,15.090000,15.410000,15.410000,309600
2014-09-23,15.390000,15.870000,15.240000,15.300000,15.300000,279500
2014-09-24,15.330000,15.450000,15.150000,15.420000,15.420000,196200
2014-09-25,15.360000,15.390000,15.000000,15.260000,15.260000,202600
2014-09-26,15.290000,15.450000,14.920000,15.440000,15.440000,151900
2014-09-29,15.260000,15.560000,15.250000,15.490000,15.490000,114800
2014-09-30,15.530000,15.640000,15.470000,15.500000,15.500000,321600
2014-10-01,15.550000,15.660000,15.340000,15.510000,15.510000,426600
2014-10-02,15.540000,16.400000,15.470000,16.330000,16.330000,323300
2014-10-03,16.500000,16.559999,16.170000,16.270000,16.270000,325300
2014-10-06,16.309999,16.440001,16.090000,16.299999,16.299999,341900
2014-10-07,16.170000,16.170000,15.560000,15.690000,15.690000,328100
2014-10-08,15.690000,16.270000,15.450000,16.230000,16.230000,319600
2014-10-09,16.170000,16.320000,15.810000,15.860000,15.860000,382100
2014-10-10,15.750000,16.150000,15.370000,15.660000,15.660000,446300
2014-10-13,15.660000,15.920000,15.470000,15.750000,15.750000,746700
2014-10-14,15.930000,16.320000,15.930000,16.209999,16.209999,415200
2014-10-15,15.970000,16.830000,15.860000,16.740000,16.740000,544400
2014-10-16,16.520000,17.000000,16.370001,16.700001,16.700001,341300
2014-10-17,16.930000,16.930000,16.190001,16.290001,16.290001,361900
2014-10-20,16.170000,16.360001,16.070000,16.270000,16.270000,304700
2014-10-21,16.309999,16.660000,16.230000,16.270000,16.270000,319800
2014-10-22,16.360001,16.379999,15.840000,15.860000,15.860000,308500
2014-10-23,16.070000,16.350000,16.020000,16.120001,16.120001,319400
2014-10-24,17.969999,19.059999,17.840000,18.350000,18.350000,1073900
2014-10-27,18.170000,18.209999,17.809999,17.910000,17.910000,614900
2014-10-28,17.959999,18.260000,17.860001,18.040001,18.040001,533600
2014-10-29,18.010000,18.270000,17.799999,17.990000,17.990000,493500
2014-10-30,17.879999,18.160000,17.770000,18.100000,18.100000,346400
2014-10-31,18.340000,21.879999,17.930000,19.870001,19.870001,3426500
2014-11-03,20.500000,21.299999,19.950001,20.840000,20.840000,2192900
2014-11-04,20.889999,21.129999,20.719999,20.799999,20.799999,787500
2014-11-05,21.010000,21.840000,20.549999,21.750000,21.750000,857800
2014-11-06,21.670000,21.840000,20.790001,21.360001,21.360001,1026000
2014-11-07,21.290001,21.670000,21.049999,21.540001,21.540001,734400
2014-11-10,21.510000,21.830000,21.250000,21.510000,21.510000,492900
2014-11-11,21.549999,22.620001,21.530001,22.469999,22.469999,479300
2014-11-12,22.469999,22.799999,22.110001,22.459999,22.459999,442100
2014-11-13,22.459999,22.750000,21.639999,21.750000,21.750000,367200
2014-11-14,21.700001,22.030001,21.400000,21.980000,21.980000,460900
2014-11-17,21.900000,22.120001,21.600000,21.690001,21.690001,318200
2014-11-18,21.790001,21.950001,21.170000,21.270000,21.270000,300700
2014-11-19,21.190001,21.320000,20.790001,20.940001,20.940001,262000
2014-11-20,20.830000,21.540001,20.830000,21.520000,21.520000,184000
2014-11-21,21.889999,21.889999,21.059999,21.080000,21.080000,144800
2014-11-24,21.070000,21.650000,20.879999,20.959999,20.959999,338300
2014-11-25,21.020000,21.120001,20.760000,20.860001,20.860001,364600
2014-11-26,20.840000,21.000000,20.230000,20.500000,20.500000,354600
2014-11-28,20.510000,20.820000,20.469999,20.559999,20.559999,148400
2014-12-01,20.520000,21.000000,20.280001,20.850000,20.850000,333700
2014-12-02,20.840000,21.299999,20.170000,21.150000,21.150000,326600
2014-12-03,21.219999,21.430000,21.049999,21.200001,21.200001,320000
2014-12-04,21.230000,21.320000,20.830000,20.910000,20.910000,265900
2014-12-05,20.900000,21.280001,20.799999,21.010000,21.010000,211300
2014-12-08,20.930000,21.340000,20.680000,21.000000,21.000000,170500
2014-12-09,20.809999,21.580000,20.760000,21.469999,21.469999,185400
2014-12-10,21.450001,21.549999,21.180000,21.230000,21.230000,155300
2014-12-11,21.350000,21.700001,21.309999,21.500000,21.500000,327700
2014-12-12,21.230000,21.879999,21.230000,21.510000,21.510000,280400
2014-12-15,21.639999,21.760000,21.280001,21.500000,21.500000,256100
2014-12-16,21.500000,21.990000,21.490000,21.549999,21.549999,190700
2014-12-17,21.549999,22.400000,21.240000,22.379999,22.379999,251200
2014-12-18,22.740000,23.110001,22.430000,22.920000,22.920000,202800
2014-12-19,22.790001,22.959999,22.430000,22.500000,22.500000,346100
2014-12-22,22.510000,22.700001,22.010000,22.190001,22.190001,122300
2014-12-23,22.209999,22.500000,22.040001,22.370001,22.370001,136700
2014-12-24,22.469999,22.740000,22.389999,22.510000,22.510000,55900
2014-12-26,22.500000,22.760000,22.490000,22.670000,22.670000,51200
2014-12-29,22.610001,22.820000,22.270000,22.360001,22.360001,215400
2014-12-30,22.320000,22.590000,21.540001,21.719999,21.719999,99200
2014-12-31,21.820000,22.280001,21.709999,21.959999,21.959999,157800
2015-01-02,22.100000,22.580000,21.400000,21.500000,21.500000,126800
2015-01-05,21.330000,21.760000,20.930000,21.190001,21.190001,131000
2015-01-06,21.190001,21.700001,20.379999,20.459999,20.459999,140600
2015-01-07,20.660000,21.070000,20.090000,20.219999,20.219999,132400
2015-01-08,20.280001,20.690001,20.000000,20.490000,20.490000,106900
2015-01-09,20.440001,20.520000,19.990000,20.120001,20.120001,106100
2015-01-12,20.110001,20.110001,19.610001,19.620001,19.620001,79000
2015-01-13,19.820000,20.209999,19.250000,19.580000,19.580000,193800
2015-01-14,19.410000,19.570000,19.180000,19.299999,19.299999,136900
2015-01-15,19.020000,19.809999,19.000000,19.570000,19.570000,440100
2015-01-16,19.500000,20.080000,19.500000,20.030001,20.030001,225700
2015-01-20,20.090000,20.500000,19.820000,20.250000,20.250000,189100
2015-01-21,20.150000,20.340000,19.420000,19.760000,19.760000,221000
2015-01-22,19.850000,20.340000,19.600000,20.330000,20.330000,133000
2015-01-23,20.350000,20.809999,20.290001,20.370001,20.370001,72600
2015-01-26,20.240000,20.240000,19.930000,20.000000,20.000000,82900
2015-01-27,19.809999,19.809999,19.090000,19.160000,19.160000,239000
2015-01-28,19.250000,19.620001,18.370001,18.540001,18.540001,292200
2015-01-29,18.520000,18.590000,18.209999,18.590000,18.590000,241700
2015-01-30,18.420000,18.900000,17.969999,18.010000,18.010000,363200
2015-02-02,18.090000,19.100000,17.900000,19.100000,19.100000,167100
2015-02-03,19.250000,20.120001,19.180000,19.900000,19.900000,457800
2015-02-04,19.750000,19.980000,19.700001,19.850000,19.850000,251200
2015-02-05,19.969999,20.000000,19.290001,19.620001,19.620001,181000
2015-02-06,19.549999,19.930000,19.219999,19.600000,19.600000,244900
2015-02-09,19.480000,19.680000,18.740000,19.459999,19.459999,107300
2015-02-10,19.650000,19.690001,19.320000,19.520000,19.520000,74300
2015-02-11,19.450001,19.570000,18.969999,18.990000,18.990000,59000
2015-02-12,19.040001,19.139999,18.770000,18.809999,18.809999,136700
2015-02-13,18.870001,19.360001,18.690001,19.299999,19.299999,226100
2015-02-17,19.379999,19.670000,18.959999,19.440001,19.440001,109400
2015-02-18,19.440001,19.549999,19.379999,19.400000,19.400000,183900
2015-02-19,19.309999,19.620001,19.309999,19.410000,19.410000,100000
2015-02-20,19.450001,19.750000,19.250000,19.700001,19.700001,102400
2015-02-23,19.600000,19.600000,19.010000,19.490000,19.490000,124300
2015-02-24,19.570000,20.129999,19.190001,19.740000,19.740000,191200
2015-02-25,19.790001,20.129999,19.480000,19.660000,19.660000,114300
2015-02-26,19.570000,19.940001,19.520000,19.660000,19.660000,122800
2015-02-27,19.650000,20.780001,19.600000,20.230000,20.230000,578700
2015-03-02,20.270000,20.459999,19.930000,19.940001,19.940001,382600
2015-03-03,19.820000,20.950001,19.559999,19.760000,19.760000,205300
2015-03-04,19.600000,20.120001,19.600000,19.780001,19.780001,251700
2015-03-05,19.780001,20.120001,19.670000,19.920000,19.920000,178300
2015-03-06,19.780001,20.240000,19.780001,19.850000,19.850000,217700
2015-03-09,19.950001,20.129999,19.520000,19.680000,19.680000,313800
2015-03-10,19.580000,20.040001,19.139999,19.920000,19.920000,121900
2015-03-11,19.900000,20.190001,19.700001,20.049999,20.049999,183200
2015-03-12,20.180000,20.180000,19.180000,19.290001,19.290001,3472400
2015-03-13,19.320000,19.500000,18.910000,19.260000,19.260000,588900
2015-03-16,19.379999,20.040001,19.320000,19.980000,19.980000,99200
2015-03-17,20.070000,20.200001,19.760000,20.080000,20.080000,208600
2015-03-18,20.100000,20.400000,19.770000,20.219999,20.219999,449900
2015-03-19,20.430000,20.570000,20.090000,20.240000,20.240000,119100
2015-03-20,20.250000,20.309999,20.120001,20.250000,20.250000,245600
2015-03-23,19.740000,20.320000,19.740000,20.170000,20.170000,129100
2015-03-24,19.700001,20.420000,19.580000,20.150000,20.150000,103100
2015-03-25,20.200001,20.200001,19.350000,19.350000,19.350000,124500
2015-03-26,19.340000,19.760000,19.270000,19.610001,19.610001,102200
2015-03-27,19.559999,20.030001,19.559999,19.950001,19.950001,99700
2015-03-30,20.090000,20.510000,19.920000,20.250000,20.250000,97600
2015-03-31,20.110001,20.370001,19.850000,20.139999,20.139999,130200
2015-04-01,20.160000,20.309999,19.530001,19.910000,19.910000,357000
2015-04-02,19.920000,20.100000,19.719999,19.799999,19.799999,71300
2015-04-06,19.660000,19.930000,19.660000,19.850000,19.850000,74800
2015-04-07,19.820000,19.830000,19.540001,19.590000,19.590000,181900
2015-04-08,19.559999,19.930000,19.500000,19.639999,19.639999,104900
2015-04-09,19.600000,19.770000,19.049999,19.379999,19.379999,98700
2015-04-10,19.490000,19.600000,19.150000,19.200001,19.200001,68200
2015-04-13,19.170000,19.250000,19.090000,19.129999,19.129999,83700
2015-04-14,19.139999,19.340000,18.969999,19.059999,19.059999,112400
2015-04-15,19.139999,19.190001,19.010000,19.139999,19.139999,172100
2015-04-16,19.120001,19.240000,19.059999,19.110001,19.110001,101800
2015-04-17,18.860001,18.940001,18.219999,18.459999,18.459999,251600
2015-04-20,18.660000,19.100000,18.600000,18.920000,18.920000,206000
2015-04-21,19.020000,19.080000,18.980000,19.030001,19.030001,105600
2015-04-22,19.040001,19.139999,18.840000,19.000000,19.000000,151500
2015-04-23,18.900000,19.549999,18.750000,19.520000,19.520000,107000
2015-04-24,19.340000,19.760000,19.340000,19.760000,19.760000,74700
2015-04-27,19.780001,20.200001,19.780001,19.990000,19.990000,125100
2015-04-28,20.010000,20.410000,19.740000,20.280001,20.280001,94900
2015-04-29,20.219999,20.500000,19.969999,20.250000,20.250000,67500
2015-04-30,20.049999,20.250000,19.639999,19.840000,19.840000,164600
2015-05-01,19.860001,20.129999,19.299999,19.309999,19.309999,86800
2015-05-04,19.400000,19.639999,19.000000,19.020000,19.020000,86200
2015-05-05,18.900000,19.020000,18.469999,18.930000,18.930000,164500
2015-05-06,20.980000,20.980000,19.660000,19.900000,19.900000,330800
2015-05-07,19.910000,20.110001,19.639999,19.889999,19.889999,239700
2015-05-08,20.000000,20.250000,19.830000,19.840000,19.840000,174000
2015-05-11,19.910000,19.990000,19.600000,19.670000,19.670000,241500
2015-05-12,19.660000,19.750000,19.129999,19.540001,19.540001,180700
2015-05-13,19.610001,19.910000,19.379999,19.500000,19.500000,219600
2015-05-14,19.530001,19.770000,18.639999,19.600000,19.600000,230100
2015-05-15,19.510000,19.709999,19.209999,19.309999,19.309999,84700
2015-05-18,19.180000,19.389999,18.969999,19.379999,19.379999,246600
2015-05-19,19.309999,19.610001,19.230000,19.590000,19.590000,172300
2015-05-20,19.650000,19.770000,19.200001,19.540001,19.540001,504900
2015-05-21,19.540001,19.570000,19.180000,19.270000,19.270000,165000
2015-05-22,19.250000,19.250000,18.799999,18.870001,18.870001,130300
2015-05-26,18.780001,18.980000,18.410000,18.500000,18.500000,188000
2015-05-27,18.500000,19.080000,18.299999,18.980000,18.980000,156200
2015-05-28,18.920000,19.090000,18.680000,19.030001,19.030001,127400
2015-05-29,18.990000,19.020000,18.250000,18.260000,18.260000,204500
2015-06-01,18.410000,18.549999,17.940001,18.280001,18.280001,182800
2015-06-02,18.219999,18.280001,17.660000,17.750000,17.750000,227400
2015-06-03,17.870001,18.559999,17.750000,18.410000,18.410000,310000
2015-06-04,18.340000,18.799999,18.020000,18.639999,18.639999,1054400
2015-06-05,18.590000,19.230000,18.500000,19.190001,19.190001,215800
2015-06-08,19.110001,19.180000,18.770000,19.010000,19.010000,212200
2015-06-09,18.959999,19.070000,18.830000,18.940001,18.940001,272000
2015-06-10,18.990000,19.350000,18.889999,19.100000,19.100000,173000
2015-06-11,19.110001,19.400000,19.010000,19.350000,19.350000,132600
2015-06-12,19.250000,19.459999,19.080000,19.450001,19.450001,154000
2015-06-15,19.360001,19.530001,19.100000,19.450001,19.450001,103100
2015-06-16,19.360001,19.930000,19.360001,19.830000,19.830000,113000
2015-06-17,19.860001,20.299999,19.799999,19.940001,19.940001,1039600
2015-06-18,20.010000,20.290001,19.860001,20.120001,20.120001,145300
2015-06-19,20.139999,20.320000,19.850000,20.090000,20.090000,226900
2015-06-22,20.260000,20.370001,20.040001,20.190001,20.190001,98300
2015-06-23,20.360001,20.360001,20.059999,20.219999,20.219999,253200
2015-06-24,20.120001,20.230000,19.660000,19.840000,19.840000,212800
2015-06-25,19.969999,19.969999,19.520000,19.629999,19.629999,247700
2015-06-26,19.600000,19.750000,19.250000,19.430000,19.430000,216700
2015-06-29,19.290001,19.490000,19.000000,19.040001,19.040001,166100
2015-06-30,19.250000,19.280001,18.959999,19.070000,19.070000,132300
2015-07-01,19.260000,19.360001,19.020000,19.160000,19.160000,125900
2015-07-02,19.219999,19.260000,18.790001,19.150000,19.150000,120800
2015-07-06,19.020000,19.250000,18.879999,19.110001,19.110001,92600
2015-07-07,19.100000,19.389999,18.980000,19.309999,19.309999,128800
2015-07-08,19.420000,19.420000,18.980000,19.240000,19.240000,594200
2015-07-09,19.440001,19.440001,19.000000,19.040001,19.040001,354100
2015-07-10,19.209999,19.320000,19.030001,19.230000,19.230000,233000
2015-07-13,19.209999,19.530001,19.209999,19.309999,19.309999,128600
2015-07-14,19.320000,19.730000,19.280001,19.480000,19.480000,355100
2015-07-15,19.440001,19.590000,19.240000,19.270000,19.270000,63400
2015-07-16,19.379999,19.510000,19.250000,19.350000,19.350000,59100
2015-07-17,19.430000,19.430000,18.900000,19.090000,19.090000,167800
2015-07-20,19.049999,19.139999,18.959999,19.000000,19.000000,106800
2015-07-21,18.950001,19.270000,18.879999,19.219999,19.219999,167700
2015-07-22,19.110001,19.400000,19.110001,19.320000,19.320000,124700
2015-07-23,19.389999,19.480000,18.930000,19.010000,19.010000,158600
2015-07-24,19.010000,19.330000,18.830000,19.160000,19.160000,186400
2015-07-27,19.049999,19.049999,18.889999,18.990000,18.990000,112800
2015-07-28,19.020000,19.059999,18.450001,18.980000,18.980000,242700
2015-07-29,18.959999,19.200001,18.709999,19.010000,19.010000,139500
2015-07-30,18.879999,19.480000,18.850000,19.230000,19.230000,155700
2015-07-31,19.240000,19.500000,19.110001,19.200001,19.200001,212900
2015-08-03,19.260000,19.430000,18.950001,19.280001,19.280001,174900
2015-08-04,19.260000,19.450001,19.080000,19.379999,19.379999,144900
2015-08-05,19.469999,19.820000,19.290001,19.379999,19.379999,234400
2015-08-06,19.719999,20.000000,19.129999,19.299999,19.299999,729300
2015-08-07,19.160000,19.940001,18.240000,18.350000,18.350000,266600
2015-08-10,18.410000,18.900000,18.299999,18.790001,18.790001,293200
2015-08-11,18.629999,19.400000,18.629999,18.959999,18.959999,261700
2015-08-12,18.790001,19.129999,18.790001,19.110001,19.110001,261000
2015-08-13,19.059999,19.270000,18.980000,19.000000,19.000000,178100
2015-08-14,19.000000,19.350000,18.799999,19.309999,19.309999,165700
2015-08-17,19.190001,19.770000,19.040001,19.709999,19.709999,272700
2015-08-18,19.660000,19.700001,19.280001,19.309999,19.309999,186900
2015-08-19,19.190001,19.570000,19.020000,19.350000,19.350000,193800
2015-08-20,19.160000,19.389999,19.000000,19.000000,19.000000,225800
2015-08-21,18.660000,19.270000,18.660000,18.879999,18.879999,229300
2015-08-24,18.540001,19.080000,18.040001,18.299999,18.299999,367800
2015-08-25,18.820000,18.840000,17.959999,18.049999,18.049999,331500
2015-08-26,18.420000,18.660000,18.020000,18.400000,18.400000,336500
2015-08-27,18.469999,18.740000,18.200001,18.580000,18.580000,349300
2015-08-28,18.580000,18.860001,18.420000,18.719999,18.719999,435200
2015-08-31,18.620001,18.690001,18.260000,18.410000,18.410000,147400
2015-09-01,18.070000,18.160000,17.590000,17.660000,17.660000,189200
2015-09-02,17.879999,18.000000,17.350000,17.900000,17.900000,415800
2015-09-03,17.910000,18.010000,17.770000,17.799999,17.799999,192300
2015-09-04,17.559999,17.969999,17.559999,17.629999,17.629999,153700
2015-09-08,17.850000,18.010000,17.730000,17.959999,17.959999,128700
2015-09-09,18.090000,18.209999,17.750000,17.820000,17.820000,212300
2015-09-10,17.730000,18.049999,17.520000,17.980000,17.980000,321700
2015-09-11,17.840000,18.040001,17.709999,18.000000,18.000000,169900
2015-09-14,18.000000,18.250000,17.889999,18.129999,18.129999,232600
2015-09-15,18.100000,18.469999,17.920000,18.330000,18.330000,313400
2015-09-16,18.370001,18.440001,17.860001,18.000000,18.000000,120800
2015-09-17,17.959999,18.219999,17.790001,17.870001,17.870001,149900
2015-09-18,17.570000,17.990000,17.309999,17.639999,17.639999,208000
2015-09-21,17.780001,17.950001,17.480000,17.559999,17.559999,141300
2015-09-22,17.389999,17.549999,17.219999,17.490000,17.490000,188000
2015-09-23,17.490000,17.510000,17.180000,17.280001,17.280001,99200
2015-09-24,17.160000,17.299999,16.920000,17.200001,17.200001,110800
2015-09-25,17.350000,17.410000,16.740000,17.129999,17.129999,416400
2015-09-28,17.100000,17.270000,16.930000,17.200001,17.200001,209600
2015-09-29,17.200001,17.200001,16.750000,16.809999,16.809999,132400
2015-09-30,16.950001,17.110001,16.549999,16.620001,16.620001,185600
2015-10-01,16.670000,16.770000,16.360001,16.570000,16.570000,331400
2015-10-02,16.440001,16.980000,16.309999,16.959999,16.959999,252600
2015-10-05,17.030001,17.410000,16.969999,17.389999,17.389999,125600
2015-10-06,17.389999,17.500000,17.180000,17.340000,17.340000,91100
2015-10-07,17.410000,17.590000,17.070000,17.410000,17.410000,168100
2015-10-08,17.340000,17.900000,17.170000,17.850000,17.850000,162700
2015-10-09,17.889999,17.990000,17.559999,17.940001,17.940001,50500
2015-10-12,17.959999,18.150000,17.700001,17.879999,17.879999,94800
2015-10-13,17.790001,18.090000,17.270000,17.690001,17.690001,103300
2015-10-14,17.020000,17.809999,17.020000,17.219999,17.219999,94000
2015-10-15,17.299999,17.930000,17.200001,17.920000,17.920000,104500
2015-10-16,17.990000,17.990000,17.400000,17.719999,17.719999,95800
2015-10-19,17.629999,17.900000,17.420000,17.799999,17.799999,92100
2015-10-20,16.870001,17.770000,16.870001,17.690001,17.690001,110000
2015-10-21,17.709999,17.820000,17.290001,17.490000,17.490000,124900
2015-10-22,17.600000,18.320000,17.320000,18.139999,18.139999,111800
2015-10-23,18.360001,18.740000,16.620001,18.230000,18.230000,91100
2015-10-26,18.160000,18.160000,17.840000,17.889999,17.889999,1177600
2015-10-27,17.860001,18.450001,16.389999,17.240000,17.240000,115800
2015-10-28,17.290001,17.500000,17.070000,17.340000,17.340000,281700
2015-10-29,17.330000,17.809999,16.230000,17.240000,17.240000,131100
2015-10-30,17.309999,17.450001,16.889999,16.900000,16.900000,134300
2015-11-02,16.910000,17.750000,16.910000,17.600000,17.600000,216400
2015-11-03,17.520000,17.780001,17.219999,17.709999,17.709999,237600
2015-11-04,19.480000,20.330000,19.389999,20.000000,20.000000,1091000
2015-11-05,20.000000,20.000000,19.730000,19.920000,19.920000,475700
2015-11-06,19.709999,20.500000,19.690001,20.340000,20.340000,2279100
2015-11-09,20.250000,20.570000,20.150000,20.299999,20.299999,379600
2015-11-10,18.420000,20.549999,18.420000,20.350000,20.350000,496300
2015-11-11,20.530001,21.070000,20.200001,20.850000,20.850000,370900
2015-11-12,20.780001,21.190001,20.690001,20.780001,20.780001,211500
2015-11-13,20.620001,21.090000,20.580000,20.830000,20.830000,247600
2015-11-16,20.760000,21.110001,20.459999,21.090000,21.090000,403900
2015-11-17,21.129999,21.500000,20.959999,21.230000,21.230000,267900
2015-11-18,21.270000,21.450001,21.090000,21.430000,21.430000,220200
2015-11-19,21.250000,21.379999,21.020000,21.250000,21.250000,248300
2015-11-20,21.389999,21.740000,21.100000,21.299999,21.299999,231500
2015-11-23,21.190001,21.360001,19.559999,21.190001,21.190001,201400
2015-11-24,21.160000,21.320000,20.969999,21.209999,21.209999,165800
2015-11-25,21.200001,21.660000,21.200001,21.549999,21.549999,121800
2015-11-27,21.540001,22.030001,21.540001,21.830000,21.830000,103900
2015-11-30,21.840000,22.480000,21.559999,22.209999,22.209999,373700
2015-12-01,22.200001,22.360001,21.850000,22.200001,22.200001,263200
2015-12-02,22.129999,22.400000,22.059999,22.299999,22.299999,229000
2015-12-03,22.309999,22.700001,22.070000,22.290001,22.290001,407800
2015-12-04,22.250000,23.139999,22.250000,22.889999,22.889999,603300
2015-12-07,22.910000,23.250000,22.709999,23.120001,23.120001,499600
2015-12-08,22.840000,23.500000,22.570000,23.290001,23.290001,513600
2015-12-09,23.330000,23.760000,23.209999,23.290001,23.290001,619200
2015-12-10,23.250000,23.370001,22.990000,23.100000,23.100000,362000
2015-12-11,22.700001,23.219999,22.040001,23.059999,23.059999,319800
2015-12-14,23.000000,23.170000,22.780001,22.879999,22.879999,511000
2015-12-15,23.110001,23.500000,22.900000,23.450001,23.450001,323400
2015-12-16,23.510000,23.790001,23.320000,23.559999,23.559999,260600
2015-12-17,23.690001,23.770000,23.080000,23.209999,23.209999,165000
2015-12-18,23.110001,23.290001,22.629999,22.690001,22.690001,351800
2015-12-21,22.790001,23.860001,22.600000,22.910000,22.910000,173900
2015-12-22,22.990000,22.990000,22.490000,22.840000,22.840000,168900
2015-12-23,22.940001,22.940001,22.469999,22.780001,22.780001,163500
2015-12-24,22.790001,23.980000,22.129999,22.860001,22.860001,65100
2015-12-28,22.730000,23.030001,22.350000,22.549999,22.549999,173700
2015-12-29,22.650000,22.930000,22.500000,22.650000,22.650000,181400
2015-12-30,22.600000,22.840000,22.420000,22.440001,22.440001,104600
2015-12-31,22.420000,22.809999,22.250000,22.450001,22.450001,195700
2016-01-04,22.090000,22.350000,21.490000,22.100000,22.100000,371600
2016-01-05,22.230000,22.360001,21.750000,22.280001,22.280001,465900
2016-01-06,21.940001,22.090000,21.790001,22.070000,22.070000,211700
2016-01-07,21.750000,22.250000,21.510000,21.750000,21.750000,264600
2016-01-08,21.959999,22.180000,21.830000,21.959999,21.959999,385700
2016-01-11,22.040001,22.209999,21.889999,22.059999,22.059999,261900
2016-01-12,22.080000,22.370001,21.840000,22.190001,22.190001,272900
2016-01-13,22.299999,22.510000,20.990000,21.330000,21.330000,276400
2016-01-14,21.430000,21.840000,21.120001,21.670000,21.670000,228400
2016-01-15,21.120001,21.180000,20.260000,20.740000,20.740000,287200
2016-01-19,20.940001,21.020000,20.209999,20.510000,20.510000,180000
2016-01-20,20.260000,20.930000,19.840000,20.590000,20.590000,231600
2016-01-21,20.600000,20.610001,19.980000,20.049999,20.049999,170100
2016-01-22,20.459999,20.459999,20.010000,20.209999,20.209999,234600
2016-01-25,20.059999,20.430000,19.780001,19.840000,19.840000,211000
2016-01-26,19.959999,20.170000,19.820000,19.920000,19.920000,248900
2016-01-27,19.830000,19.930000,19.280001,19.299999,19.299999,172600
2016-01-28,19.480000,21.790001,19.059999,19.240000,19.240000,167600
2016-01-29,19.350000,19.600000,19.200001,19.290001,19.290001,203000
2016-02-01,19.180000,19.459999,18.809999,19.350000,19.350000,332500
2016-02-02,19.219999,19.250000,18.639999,18.660000,18.660000,131300
2016-02-03,18.780001,19.030001,18.170000,18.299999,18.299999,158300
2016-02-04,18.270000,18.600000,18.030001,18.360001,18.360001,383400
2016-02-05,18.250000,18.290001,17.860001,17.959999,17.959999,396200
2016-02-08,17.750000,18.469999,17.110001,17.250000,17.250000,285600
2016-02-09,17.010000,17.160000,16.540001,16.650000,16.650000,162200
2016-02-10,16.809999,16.969999,16.500000,16.540001,16.540001,302400
2016-02-11,16.450001,16.590000,16.059999,16.309999,16.309999,214200
2016-02-12,16.490000,16.670000,16.120001,16.459999,16.459999,130700
2016-02-16,16.559999,17.230000,16.520000,16.809999,16.809999,224300
2016-02-17,16.940001,17.030001,16.100000,17.000000,17.000000,369600
2016-02-18,17.040001,17.270000,16.629999,16.820000,16.820000,294800
2016-02-19,16.790001,17.459999,16.790001,17.230000,17.230000,264500
2016-02-22,17.430000,18.290001,17.430000,18.090000,18.090000,354400
2016-02-23,18.070000,18.959999,17.709999,17.910000,17.910000,345800
2016-02-24,18.420000,19.860001,18.299999,19.770000,19.770000,659600
2016-02-25,19.879999,20.190001,19.170000,19.570000,19.570000,215400
2016-02-26,19.660000,19.980000,19.379999,19.840000,19.840000,259700
2016-02-29,19.980000,20.709999,19.830000,20.049999,20.049999,520000
2016-03-01,20.120001,21.129999,20.120001,20.820000,20.820000,792300
2016-03-02,20.850000,21.080000,20.639999,20.850000,20.850000,480300
2016-03-03,20.840000,20.990000,18.950001,20.500000,20.500000,292300
2016-03-04,20.510000,21.100000,20.230000,20.870001,20.870001,424000
2016-03-07,20.830000,21.820000,20.650000,21.260000,21.260000,588000
2016-03-08,21.090000,21.230000,20.480000,20.480000,20.480000,222600
2016-03-09,20.520000,20.709999,20.200001,20.350000,20.350000,359900
2016-03-10,20.350000,20.879999,20.290001,20.510000,20.510000,441800
2016-03-11,20.570000,20.990000,20.520000,20.959999,20.959999,464500
2016-03-14,20.889999,21.570000,20.889999,21.250000,21.250000,268300
2016-03-15,21.190001,21.430000,20.520000,20.549999,20.549999,131500
2016-03-16,20.469999,20.629999,20.129999,20.490000,20.490000,120200
2016-03-17,20.420000,20.719999,20.290001,20.459999,20.459999,175000
2016-03-18,20.600000,20.860001,20.160000,20.660000,20.660000,264000
2016-03-21,20.660000,21.000000,20.160000,20.389999,20.389999,207800
2016-03-22,20.350000,20.510000,20.200001,20.379999,20.379999,148300
2016-03-23,20.350000,20.540001,19.889999,19.990000,19.990000,167900
2016-03-24,19.860001,20.040001,19.170000,19.969999,19.969999,113700
2016-03-28,20.049999,20.230000,19.680000,20.059999,20.059999,139400
2016-03-29,20.040001,20.600000,19.620001,20.600000,20.600000,204600
2016-03-30,20.730000,20.959999,20.559999,20.790001,20.790001,284000
2016-03-31,20.620001,21.020000,20.219999,20.840000,20.840000,207300
2016-04-01,20.680000,20.850000,20.400000,20.770000,20.770000,202300
2016-04-04,20.740000,20.959999,20.510000,20.570000,20.570000,165000
2016-04-05,20.410000,20.700001,20.360001,20.639999,20.639999,175000
2016-04-06,20.520000,20.719999,20.430000,20.570000,20.570000,91400
2016-04-07,20.410000,20.660000,20.070000,20.190001,20.190001,240600
2016-04-08,20.299999,20.459999,19.940001,20.280001,20.280001,152700
2016-04-11,20.350000,20.520000,19.700001,19.809999,19.809999,208100
2016-04-12,19.820000,20.090000,19.540001,20.020000,20.020000,251300
2016-04-13,20.090000,20.330000,19.950001,20.240000,20.240000,189800
2016-04-14,20.290001,20.290001,20.000000,20.040001,20.040001,66000
2016-04-15,19.959999,20.209999,19.940001,20.129999,20.129999,72500
2016-04-18,20.040001,20.709999,20.000000,20.660000,20.660000,238900
2016-04-19,20.700001,20.719999,20.320000,20.530001,20.530001,176000
2016-04-20,20.570000,20.910000,20.370001,20.709999,20.709999,147900
2016-04-21,20.750000,21.139999,20.740000,21.120001,21.120001,433700
2016-04-22,21.049999,21.469999,21.049999,21.370001,21.370001,327500
2016-04-25,21.379999,21.650000,21.270000,21.559999,21.559999,375000
2016-04-26,21.639999,21.730000,21.010000,21.719999,21.719999,203600
2016-04-27,21.610001,22.190001,21.180000,22.059999,22.059999,294000
2016-04-28,22.059999,22.280001,21.850000,22.180000,22.180000,167300
2016-04-29,22.139999,22.350000,21.889999,21.990000,21.990000,199900
2016-05-02,21.959999,22.639999,21.870001,22.540001,22.540001,249700
2016-05-03,22.340000,22.700001,21.120001,21.510000,21.510000,184300
2016-05-04,21.469999,21.910000,21.270000,21.820000,21.820000,279000
2016-05-05,22.270000,22.740000,21.490000,22.030001,22.030001,343600
2016-05-06,21.910000,21.910000,20.610001,20.780001,20.780001,227600
2016-05-09,20.690001,22.190001,20.690001,21.990000,21.990000,266300
2016-05-10,21.969999,22.040001,21.750000,21.990000,21.990000,274800
2016-05-11,21.879999,22.040001,21.709999,21.719999,21.719999,128400
2016-05-12,21.790001,21.930000,21.480000,21.690001,21.690001,164100
2016-05-13,21.639999,22.070000,21.639999,21.740000,21.740000,291200
2016-05-16,21.730000,21.850000,21.590000,21.600000,21.600000,207400
2016-05-17,21.559999,21.670000,21.000000,21.049999,21.049999,188700
2016-05-18,20.969999,21.540001,20.969999,21.340000,21.340000,225100
2016-05-19,21.240000,21.639999,20.990000,21.160000,21.160000,129700
2016-05-20,21.299999,21.440001,21.100000,21.209999,21.209999,156100
2016-05-23,21.160000,21.340000,21.010000,21.190001,21.190001,174500
2016-05-24,21.219999,21.740000,21.059999,21.680000,21.680000,512300
2016-05-25,21.760000,21.850000,21.459999,21.500000,21.500000,211700
2016-05-26,21.459999,21.660000,21.450001,21.570000,21.570000,163700
2016-05-27,21.530001,21.600000,20.010000,21.450001,21.450001,317400
2016-05-31,21.420000,21.790001,21.400000,21.750000,21.750000,903100
2016-06-01,21.780001,21.850000,21.570000,21.750000,21.750000,588900
2016-06-02,21.690001,22.930000,21.520000,22.790001,22.790001,832100
2016-06-03,22.780001,23.040001,22.480000,22.700001,22.700001,402800
2016-06-06,22.660000,23.100000,22.660000,22.790001,22.790001,347600
2016-06-07,22.840000,22.840000,22.510000,22.549999,22.549999,507000
2016-06-08,23.129999,23.549999,23.020000,23.270000,23.270000,1244200
2016-06-09,23.270000,23.330000,23.020000,23.030001,23.030001,140700
2016-06-10,22.770000,23.080000,22.559999,22.750000,22.750000,168400
2016-06-13,22.620001,23.030001,22.620001,22.900000,22.900000,523000
2016-06-14,23.000000,23.290001,22.530001,22.840000,22.840000,290100
2016-06-15,22.889999,23.219999,22.809999,22.950001,22.950001,298300
2016-06-16,22.860001,23.200001,22.430000,22.750000,22.750000,321600
2016-06-17,22.770000,23.209999,22.230000,22.250000,22.250000,491200
2016-06-20,22.559999,22.780001,22.290001,22.490000,22.490000,345800
2016-06-21,22.580000,22.730000,22.360001,22.520000,22.520000,272900
2016-06-22,22.639999,22.680000,22.209999,22.230000,22.230000,321300
2016-06-23,22.340000,22.629999,22.290001,22.590000,22.590000,501500
2016-06-24,21.850000,22.120001,21.480000,22.030001,22.030001,559800
2016-06-27,21.820000,21.940001,21.040001,21.180000,21.180000,414200
2016-06-28,21.719999,22.510000,21.379999,21.740000,21.740000,407900
2016-06-29,22.010000,22.600000,21.770000,22.000000,22.000000,357300
2016-06-30,22.200001,22.420000,21.930000,22.330000,22.330000,330900
2016-07-01,22.270000,22.500000,22.100000,22.209999,22.209999,228200
2016-07-05,22.219999,22.219999,21.660000,21.959999,21.959999,234500
2016-07-06,21.969999,22.389999,21.620001,22.180000,22.180000,207200
2016-07-07,22.219999,22.299999,22.040001,22.200001,22.200001,196200
2016-07-08,22.309999,22.559999,22.170000,22.200001,22.200001,387600
2016-07-11,22.350000,22.980000,22.070000,22.900000,22.900000,630400
2016-07-12,23.139999,23.500000,22.910000,23.459999,23.459999,457300
2016-07-13,23.490000,24.280001,23.340000,23.700001,23.700001,524100
2016-07-14,23.850000,24.010000,23.820000,23.990000,23.990000,228900
2016-07-15,24.110001,24.120001,23.780001,23.870001,23.870001,169900
2016-07-18,23.850000,24.010000,23.620001,23.629999,23.629999,104000
2016-07-19,23.670000,24.190001,23.639999,24.110001,24.110001,242000
2016-07-20,24.180000,24.830000,24.100000,24.760000,24.760000,450400
2016-07-21,24.700001,24.900000,24.570000,24.730000,24.730000,374700
2016-07-22,24.670000,25.219999,24.530001,25.090000,25.090000,385100
2016-07-25,25.180000,25.230000,24.920000,25.030001,25.030001,205400
2016-07-26,25.120001,25.290001,24.780001,25.020000,25.020000,155800
2016-07-27,25.080000,25.350000,24.520000,25.209999,25.209999,221800
2016-07-28,25.250000,25.299999,24.980000,25.059999,25.059999,249900
2016-07-29,25.090000,25.299999,24.700001,25.150000,25.150000,345500
2016-08-01,25.150000,25.389999,24.940001,25.190001,25.190001,241100
2016-08-02,25.230000,25.230000,24.750000,24.780001,24.780001,268900
2016-08-03,24.650000,25.040001,24.379999,25.030001,25.030001,303700
2016-08-04,25.510000,26.440001,24.450001,24.870001,24.870001,454100
2016-08-05,24.940001,25.240000,24.650000,25.200001,25.200001,573000
2016-08-08,25.000000,25.209999,24.450001,24.820000,24.820000,578700
2016-08-09,24.730000,25.760000,24.540001,25.430000,25.430000,676200
2016-08-10,25.290001,25.730000,24.879999,24.930000,24.930000,233100
2016-08-11,25.070000,25.070000,24.670000,24.760000,24.760000,254100
2016-08-12,24.719999,25.180000,24.530001,25.049999,25.049999,568000
2016-08-15,25.030001,25.420000,24.980000,25.180000,25.180000,174900
2016-08-16,25.100000,25.129999,24.690001,24.930000,24.930000,287600
2016-08-17,24.870001,24.950001,24.700001,24.830000,24.830000,189600
2016-08-18,24.820000,25.480000,24.799999,25.459999,25.459999,356500
2016-08-19,25.480000,25.690001,25.260000,25.410000,25.410000,357500
2016-08-22,25.270000,25.650000,24.990000,25.469999,25.469999,407300
2016-08-23,25.410000,25.910000,25.389999,25.910000,25.910000,410800
2016-08-24,26.000000,26.000000,25.500000,25.790001,25.790001,247200
2016-08-25,25.790001,25.790001,25.400000,25.559999,25.559999,264100
2016-08-26,25.490000,25.850000,24.010000,25.799999,25.799999,262600
2016-08-29,25.799999,26.270000,25.680000,25.950001,25.950001,427700
2016-08-30,25.860001,26.059999,25.719999,25.760000,25.760000,318300
2016-08-31,25.760000,25.990000,24.010000,25.740000,25.740000,206600
2016-09-01,25.610001,26.000000,24.910000,25.389999,25.389999,1243100
2016-09-02,25.320000,25.820000,25.030001,25.360001,25.360001,635000
2016-09-06,25.200001,25.820000,24.969999,25.799999,25.799999,2938400
2016-09-07,25.770000,25.830000,25.219999,25.549999,25.549999,387300
2016-09-08,25.549999,25.850000,25.389999,25.830000,25.830000,377100
2016-09-09,25.600000,25.680000,25.180000,25.190001,25.190001,293200
2016-09-12,25.010000,25.139999,24.740000,25.139999,25.139999,255300
2016-09-13,25.010000,25.209999,24.549999,24.799999,24.799999,267600
2016-09-14,24.740000,25.219999,24.540001,24.629999,24.629999,306400
2016-09-15,24.719999,24.990000,24.410000,24.879999,24.879999,179400
2016-09-16,24.930000,25.219999,24.760000,25.209999,25.209999,375100
2016-09-19,25.230000,25.910000,24.969999,25.080000,25.080000,110000
2016-09-20,25.230000,25.280001,24.889999,25.230000,25.230000,170600
2016-09-21,25.250000,25.780001,25.240000,25.719999,25.719999,214500
2016-09-22,25.910000,26.430000,25.750000,26.410000,26.410000,304100
2016-09-23,26.379999,26.379999,25.790001,25.889999,25.889999,220500
2016-09-26,25.760000,25.860001,25.490000,25.549999,25.549999,142600
2016-09-27,25.480000,25.700001,25.440001,25.700001,25.700001,145600
2016-09-28,25.709999,25.840000,25.520000,25.799999,25.799999,207200
2016-09-29,25.799999,25.920000,25.549999,25.570000,25.570000,97600
2016-09-30,25.680000,25.910000,25.389999,25.700001,25.700001,189300
2016-10-03,25.629999,25.750000,25.410000,25.680000,25.680000,139700
2016-10-04,25.620001,25.690001,25.209999,25.260000,25.260000,220300
2016-10-05,25.260000,25.260000,24.580000,24.629999,24.629999,432800
2016-10-06,24.660000,24.670000,24.270000,24.450001,24.450001,241000
2016-10-07,24.400000,24.430000,24.070000,24.340000,24.340000,327800
2016-10-10,24.530001,24.820000,24.530001,24.780001,24.780001,116800
2016-10-11,24.780001,24.780001,24.180000,24.350000,24.350000,463500
2016-10-12,24.290001,24.450001,24.010000,24.299999,24.299999,220500
2016-10-13,24.090000,24.280001,23.690001,24.080000,24.080000,138100
2016-10-14,24.120001,24.290001,24.000000,24.260000,24.260000,183800
2016-10-17,24.299999,24.510000,24.100000,24.450001,24.450001,178100
2016-10-18,24.600000,24.850000,24.299999,24.600000,24.600000,110500
2016-10-19,24.750000,25.450001,24.600000,25.450001,25.450001,226100
2016-10-20,25.350000,25.549999,25.049999,25.450001,25.450001,252100
2016-10-21,25.250000,26.010000,25.100000,25.980000,25.980000,182300
2016-10-24,26.200001,27.549999,25.950001,27.500000,27.500000,544600
2016-10-25,27.450001,27.950001,27.250000,27.850000,27.850000,543800
2016-10-26,27.850000,27.850000,27.350000,27.500000,27.500000,324800
2016-10-27,27.600000,27.700001,26.549999,26.700001,26.700001,421000
2016-10-28,26.750000,27.100000,26.450001,27.000000,27.000000,247600
2016-10-31,27.100000,27.400000,26.850000,27.200001,27.200001,193000
2016-11-01,27.500000,27.850000,27.150000,27.700001,27.700001,675100
2016-11-02,27.650000,27.980000,27.500000,27.900000,27.900000,731700
2016-11-03,27.900000,28.350000,27.700001,28.000000,28.000000,519700
2016-11-04,28.200001,28.660000,27.650000,27.850000,27.850000,735600
2016-11-07,28.500000,28.500000,27.400000,28.200001,28.200001,827400
2016-11-08,27.650000,28.200001,27.600000,27.799999,27.799999,482800
2016-11-09,27.400000,28.450001,27.150000,28.100000,28.100000,563100
2016-11-10,28.049999,28.100000,27.150000,27.750000,27.750000,545200
2016-11-11,27.750000,28.299999,27.500000,28.299999,28.299999,429600
2016-11-14,28.450001,29.410000,28.150000,28.299999,28.299999,528300
2016-11-15,28.200001,28.549999,28.100000,28.150000,28.150000,478600
2016-11-16,28.150000,28.650000,28.150000,28.400000,28.400000,364300
2016-11-17,28.000000,28.799999,27.200001,28.799999,28.799999,436600
2016-11-18,28.799999,29.150000,28.760000,28.950001,28.950001,527400
2016-11-21,28.900000,29.750000,28.889999,29.450001,29.450001,586300
2016-11-22,29.400000,29.600000,28.950001,29.350000,29.350000,338100
2016-11-23,29.000000,29.299999,28.549999,29.049999,29.049999,186600
2016-11-25,29.150000,29.200001,28.650000,28.700001,28.700001,120000
2016-11-28,28.600000,29.200001,28.600000,28.799999,28.799999,261600
2016-11-29,28.950001,29.650000,28.799999,29.400000,29.400000,736900
2016-11-30,29.500000,29.500000,28.400000,28.600000,28.600000,335500
2016-12-01,28.700001,28.920000,28.049999,28.450001,28.450001,404800
2016-12-02,28.299999,28.700001,28.000000,28.549999,28.549999,321900
2016-12-05,28.799999,29.150000,28.700001,28.799999,28.799999,309500
2016-12-06,28.900000,29.500000,28.750000,29.350000,29.350000,256900
2016-12-07,29.299999,29.879999,29.100000,29.750000,29.750000,388000
2016-12-08,29.650000,30.549999,29.600000,30.549999,30.549999,504600
2016-12-09,30.450001,30.799999,30.299999,30.500000,30.500000,311900
2016-12-12,30.450001,30.549999,29.549999,29.750000,29.750000,359100
2016-12-13,29.700001,30.100000,29.650000,29.650000,29.650000,563700
2016-12-14,29.700001,29.850000,28.879999,29.049999,29.049999,501300
2016-12-15,29.250000,29.600000,29.000000,29.450001,29.450001,694600
2016-12-16,29.600000,29.600000,29.049999,29.350000,29.350000,667500
2016-12-19,29.450001,30.200001,29.200001,29.950001,29.950001,868000
2016-12-20,30.100000,30.320000,29.650000,30.150000,30.150000,267300
2016-12-21,30.200001,30.700001,30.049999,30.450001,30.450001,425900
2016-12-22,30.400000,30.450001,30.100000,30.350000,30.350000,371100
2016-12-23,30.450001,30.650000,30.299999,30.650000,30.650000,157100
2016-12-27,30.600000,30.850000,30.500000,30.750000,30.750000,171700
2016-12-28,30.750000,30.750000,29.850000,29.850000,29.850000,154800
2016-12-29,30.000000,30.180000,29.850000,29.950001,29.950001,134300
2016-12-30,29.900000,30.080000,29.700001,30.000000,30.000000,184200
2017-01-03,30.000000,30.450001,29.000000,29.750000,29.750000,650000
2017-01-04,30.000000,30.500000,29.750000,29.950001,29.950001,406800
2017-01-05,30.000000,30.049999,29.250000,29.299999,29.299999,382400
2017-01-06,29.450001,29.650000,28.950001,29.200001,29.200001,637800
2017-01-09,29.150000,29.330000,28.799999,29.049999,29.049999,369300
2017-01-10,29.100000,29.299999,28.850000,29.100000,29.100000,253600
2017-01-11,29.150000,29.250000,28.799999,29.049999,29.049999,235300
2017-01-12,28.950001,29.080000,28.150000,28.549999,28.549999,401900
2017-01-13,28.700001,29.350000,28.700001,29.049999,29.049999,266100
2017-01-17,29.000000,29.080000,28.250000,28.250000,28.250000,280000
2017-01-18,28.250000,28.530001,28.200001,28.450001,28.450001,173800
2017-01-19,28.500000,28.799999,28.000000,28.250000,28.250000,355200
2017-01-20,28.299999,29.000000,28.299999,28.900000,28.900000,395000
2017-01-23,28.850000,29.000000,28.600000,28.850000,28.850000,222000
2017-01-24,28.950001,30.100000,28.950001,29.900000,29.900000,1458600
2017-01-25,30.200001,30.600000,30.000000,30.500000,30.500000,328800
2017-01-26,30.600000,30.650000,30.100000,30.450001,30.450001,264600
2017-01-27,30.400000,30.700001,30.200001,30.400000,30.400000,287500
2017-01-30,30.250000,30.400000,29.799999,30.250000,30.250000,258700
2017-01-31,30.150000,30.650000,30.049999,30.600000,30.600000,367800
2017-02-01,30.850000,31.299999,30.799999,31.000000,31.000000,408600
2017-02-02,31.000000,31.490000,30.500000,31.350000,31.350000,450500
2017-02-03,31.600000,31.700001,31.260000,31.600000,31.600000,271100
2017-02-06,31.500000,32.080002,31.350000,31.900000,31.900000,416300
2017-02-07,32.000000,32.299999,31.900000,32.099998,32.099998,518000
2017-02-08,32.099998,32.200001,31.700001,32.150002,32.150002,246600
2017-02-09,32.200001,32.849998,32.200001,32.349998,32.349998,535700
2017-02-10,32.500000,32.700001,32.150002,32.299999,32.299999,498800
2017-02-13,32.549999,33.250000,32.250000,33.150002,33.150002,458500
2017-02-14,33.150002,33.599998,32.750000,33.549999,33.549999,379100
2017-02-15,33.450001,33.950001,33.250000,33.750000,33.750000,428500
2017-02-16,33.750000,34.279999,33.599998,34.049999,34.049999,538200
2017-02-17,34.150002,34.549999,33.900002,34.549999,34.549999,419000
2017-02-21,34.650002,34.799999,34.000000,34.349998,34.349998,260900
2017-02-22,34.349998,34.549999,34.049999,34.200001,34.200001,214100
2017-02-23,34.250000,34.349998,33.650002,33.700001,33.700001,300000
2017-02-24,33.599998,33.750000,32.700001,33.500000,33.500000,653800
2017-02-27,33.500000,33.700001,33.250000,33.500000,33.500000,629100
2017-02-28,34.250000,34.799999,33.549999,33.750000,33.750000,1231400
2017-03-01,34.099998,35.349998,34.000000,35.299999,35.299999,1480600
2017-03-02,34.900002,35.750000,34.700001,35.599998,35.599998,690200
2017-03-03,35.450001,35.549999,34.950001,35.150002,35.150002,441900
2017-03-06,34.849998,35.200001,34.549999,34.700001,34.700001,470300
2017-03-07,34.349998,35.099998,34.150002,34.799999,34.799999,453700
2017-03-08,34.650002,35.049999,34.549999,34.700001,34.700001,506800
2017-03-09,34.599998,34.900002,34.099998,34.200001,34.200001,410900
2017-03-10,34.200001,34.849998,34.169998,34.750000,34.750000,331600
2017-03-13,34.599998,35.299999,34.599998,35.150002,35.150002,295500
2017-03-14,34.750000,35.849998,34.599998,35.549999,35.549999,502900
2017-03-15,35.650002,36.480000,35.400002,36.200001,36.200001,548600
2017-03-16,36.299999,37.400002,36.240002,36.900002,36.900002,1057300
2017-03-17,36.799999,37.150002,36.599998,36.799999,36.799999,512800
2017-03-20,36.799999,37.049999,36.200001,36.450001,36.450001,305500
2017-03-21,36.599998,36.619999,34.950001,35.099998,35.099998,439100
2017-03-22,35.099998,35.380001,34.349998,35.000000,35.000000,731800
2017-03-23,34.950001,35.200001,33.820000,34.900002,34.900002,243700
2017-03-24,35.049999,35.200001,34.650002,34.849998,34.849998,186700
2017-03-27,34.500000,34.919998,33.200001,34.799999,34.799999,353600
2017-03-28,34.750000,35.099998,34.549999,34.599998,34.599998,392700
2017-03-29,34.549999,35.000000,34.450001,34.599998,34.599998,340100
2017-03-30,34.599998,34.950001,34.450001,34.900002,34.900002,446300
2017-03-31,34.900002,35.200001,34.700001,34.900002,34.900002,576900
2017-04-03,35.000000,35.299999,34.700001,34.750000,34.750000,342300
2017-04-04,34.700001,35.299999,34.700001,35.299999,35.299999,467700
2017-04-05,35.450001,36.150002,35.150002,35.400002,35.400002,388500
2017-04-06,35.549999,35.799999,35.299999,35.650002,35.650002,288100
2017-04-07,35.549999,35.950001,35.549999,35.700001,35.700001,422100
2017-04-10,35.700001,36.250000,35.549999,36.150002,36.150002,389000
2017-04-11,36.000000,36.400002,35.900002,36.150002,36.150002,212100
2017-04-12,36.099998,36.349998,35.750000,36.150002,36.150002,326900
2017-04-13,36.200001,36.750000,35.950001,35.950001,35.950001,285200
2017-04-17,36.150002,36.650002,35.900002,36.650002,36.650002,184700
2017-04-18,36.500000,37.000000,36.450001,36.900002,36.900002,273600
2017-04-19,36.950001,37.150002,36.730000,36.750000,36.750000,271500
2017-04-20,36.900002,37.200001,36.799999,37.150002,37.150002,255700
2017-04-21,37.099998,37.650002,36.900002,36.950001,36.950001,379400
2017-04-24,37.549999,37.549999,36.650002,36.849998,36.849998,378000
2017-04-25,37.049999,37.200001,36.799999,37.000000,37.000000,351100
2017-04-26,36.950001,37.150002,36.599998,36.700001,36.700001,384300
2017-04-27,36.799999,37.000000,36.549999,36.849998,36.849998,371300
2017-04-28,36.900002,37.279999,36.400002,37.049999,37.049999,375100
2017-05-01,37.200001,37.549999,36.919998,37.400002,37.400002,284600
2017-05-02,37.450001,37.750000,37.049999,37.299999,37.299999,382900
2017-05-03,37.200001,37.400002,36.500000,36.750000,36.750000,266000
2017-05-04,36.849998,37.799999,36.650002,37.700001,37.700001,457100
2017-05-05,37.250000,38.250000,34.700001,35.650002,35.650002,1451200
2017-05-08,35.450001,36.049999,34.590000,36.000000,36.000000,681000
2017-05-09,34.750000,36.400002,34.750000,36.250000,36.250000,650700
2017-05-10,35.349998,36.150002,35.200001,35.299999,35.299999,436900
2017-05-11,35.000000,35.250000,34.400002,35.049999,35.049999,450500
2017-05-12,34.900002,35.650002,34.599998,35.099998,35.099998,589800
2017-05-15,35.000000,35.500000,34.900002,34.950001,34.950001,402000
2017-05-16,34.849998,35.049999,34.599998,34.750000,34.750000,410500
2017-05-17,33.450001,33.700001,32.299999,32.900002,32.900002,1768300
2017-05-18,32.750000,33.700001,32.450001,33.500000,33.500000,2480900
2017-05-19,33.700001,34.049999,32.799999,33.700001,33.700001,1136200
2017-05-22,33.700001,34.650002,33.700001,34.599998,34.599998,616500
2017-05-23,34.549999,35.200001,34.380001,34.599998,34.599998,564700
2017-05-24,34.700001,34.779999,33.700001,33.900002,33.900002,722000
2017-05-25,32.799999,34.849998,32.799999,34.650002,34.650002,365200
2017-05-26,34.500000,35.299999,34.250000,35.299999,35.299999,574700
2017-05-30,32.500000,35.299999,32.500000,35.150002,35.150002,665100
2017-05-31,34.900002,35.150002,34.049999,34.599998,34.599998,610700
2017-06-01,34.650002,34.900002,33.919998,34.349998,34.349998,661200
2017-06-02,34.250000,35.150002,34.250000,35.099998,35.099998,594000
2017-06-05,35.000000,35.799999,34.799999,34.900002,34.900002,513800
2017-06-06,34.750000,35.200001,34.049999,34.099998,34.099998,728200
2017-06-07,33.750000,34.500000,33.750000,34.200001,34.200001,744000
2017-06-08,34.349998,35.500000,34.250000,35.450001,35.450001,692900
2017-06-09,35.400002,35.750000,34.599998,35.000000,35.000000,892700
2017-06-12,34.849998,35.250000,34.750000,34.900002,34.900002,853300
2017-06-13,34.900002,35.450001,34.900002,35.099998,35.099998,636000
2017-06-14,34.900002,35.349998,34.200001,34.200001,34.200001,547700
2017-06-15,33.950001,35.700001,33.849998,35.400002,35.400002,418800
2017-06-16,34.950001,35.450001,34.900002,35.299999,35.299999,720600
2017-06-19,35.750000,37.299999,35.500000,37.099998,37.099998,777800
2017-06-20,37.150002,37.599998,36.299999,36.349998,36.349998,1158900
2017-06-21,36.599998,36.950001,36.500000,36.549999,36.549999,915500
2017-06-22,36.650002,36.849998,36.000000,36.299999,36.299999,746400
2017-06-23,36.400002,37.880001,35.700001,37.700001,37.700001,1488800
2017-06-26,37.900002,38.000000,36.630001,36.900002,36.900002,1559200
2017-06-27,36.900002,37.689999,36.419998,36.849998,36.849998,1056400
2017-06-28,36.950001,37.900002,36.549999,37.700001,37.700001,861200
2017-06-29,37.750000,37.750000,35.750000,36.049999,36.049999,945100
2017-06-30,36.250000,36.730000,35.900002,35.950001,35.950001,683600
2017-07-03,36.150002,36.150002,35.299999,35.849998,35.849998,400700
2017-07-05,36.049999,36.400002,35.549999,36.099998,36.099998,582200
2017-07-06,35.799999,36.750000,35.000000,36.650002,36.650002,936500
2017-07-07,36.900002,38.250000,36.650002,38.000000,38.000000,800400
2017-07-10,38.000000,38.000000,37.150002,37.700001,37.700001,762800
2017-07-11,37.750000,38.349998,36.150002,38.299999,38.299999,849600
2017-07-12,38.650002,38.650002,37.700001,37.849998,37.849998,622800
2017-07-13,37.750000,38.049999,36.950001,37.000000,37.000000,485800
2017-07-14,37.150002,37.549999,36.700001,37.450001,37.450001,746400
2017-07-17,37.549999,37.650002,37.250000,37.400002,37.400002,263800
2017-07-18,37.400002,38.849998,37.000000,38.799999,38.799999,677800
2017-07-19,38.950001,40.049999,38.849998,39.650002,39.650002,726300
2017-07-20,39.700001,39.799999,39.349998,39.650002,39.650002,309100
2017-07-21,40.000000,40.000000,39.049999,39.150002,39.150002,324400
2017-07-24,39.099998,39.349998,38.599998,39.299999,39.299999,359700
2017-07-25,39.250000,39.549999,39.099998,39.450001,39.450001,223200
2017-07-26,39.549999,40.099998,38.650002,39.950001,39.950001,337600
2017-07-27,40.200001,40.400002,38.299999,38.900002,38.900002,645700
2017-07-28,38.549999,39.299999,38.549999,39.000000,39.000000,281900
2017-07-31,39.200001,39.299999,38.549999,38.750000,38.750000,362000
2017-08-01,39.099998,39.099998,38.419998,38.549999,38.549999,389500
2017-08-02,38.700001,39.299999,37.799999,39.250000,39.250000,652700
2017-08-03,41.900002,43.650002,40.000000,40.049999,40.049999,1191000
2017-08-04,40.099998,40.400002,39.150002,40.099998,40.099998,707400
2017-08-07,40.099998,40.099998,39.299999,39.799999,39.799999,470900
2017-08-08,39.549999,40.029999,39.349998,39.750000,39.750000,602600
2017-08-09,39.450001,40.029999,39.000000,39.150002,39.150002,436000
2017-08-10,38.849998,39.169998,38.000000,38.049999,38.049999,489400
2017-08-11,38.349998,39.900002,38.029999,39.900002,39.900002,825000
2017-08-14,40.000000,40.799999,39.549999,40.650002,40.650002,650800
2017-08-15,40.650002,42.200001,40.380001,41.650002,41.650002,1068000
2017-08-16,41.700001,42.099998,41.400002,41.799999,41.799999,423100
2017-08-17,41.400002,42.000000,41.250000,41.250000,41.250000,400500
2017-08-18,41.000000,41.900002,41.000000,41.700001,41.700001,525400
2017-08-21,41.849998,41.849998,41.000000,41.599998,41.599998,391300
2017-08-22,41.849998,42.049999,41.400002,41.450001,41.450001,418100
2017-08-23,41.299999,41.500000,41.150002,41.400002,41.400002,302000
2017-08-24,41.450001,41.500000,40.950001,41.250000,41.250000,202700
2017-08-25,41.299999,41.700001,40.900002,41.000000,41.000000,160100
2017-08-28,41.049999,41.299999,40.599998,41.250000,41.250000,363300
2017-08-29,40.849998,41.400002,40.740002,41.099998,41.099998,358100
2017-08-30,41.200001,42.349998,41.049999,42.200001,42.200001,389000
2017-08-31,42.200001,43.450001,41.840000,43.099998,43.099998,573400
2017-09-01,43.000000,43.480000,42.200001,43.299999,43.299999,396900
2017-09-05,43.150002,43.450001,42.380001,42.799999,42.799999,392000
2017-09-06,43.000000,43.000000,41.400002,41.500000,41.500000,447400
2017-09-07,41.700001,41.700001,41.200001,41.450001,41.450001,372800
2017-09-08,41.799999,42.599998,41.549999,41.849998,41.849998,398600
2017-09-11,42.150002,42.650002,41.930000,42.400002,42.400002,255000
2017-09-12,42.349998,42.349998,39.900002,40.349998,40.349998,1109300
2017-09-13,40.200001,40.950001,39.349998,39.400002,39.400002,854900
2017-09-14,39.299999,40.299999,38.849998,40.150002,40.150002,653400
2017-09-15,40.000000,40.250000,39.150002,39.349998,39.349998,707300
2017-09-18,39.500000,40.450001,38.980000,39.650002,39.650002,1060900
2017-09-19,39.900002,40.500000,39.500000,40.500000,40.500000,583500
2017-09-20,40.599998,40.599998,39.200001,39.450001,39.450001,437000
2017-09-21,39.400002,39.599998,38.750000,39.349998,39.349998,270400
2017-09-22,39.000000,40.450001,38.799999,39.900002,39.900002,889800
2017-09-25,39.599998,39.700001,38.900002,39.299999,39.299999,692900
2017-09-26,39.500000,39.750000,38.400002,38.750000,38.750000,586400
2017-09-27,39.200001,40.849998,39.000000,40.650002,40.650002,876200
2017-09-28,40.700001,40.700001,39.750000,40.150002,40.150002,342300
2017-09-29,40.099998,40.599998,39.799999,39.900002,39.900002,510100
2017-10-02,40.099998,40.599998,39.799999,40.450001,40.450001,498700
2017-10-03,40.799999,41.599998,40.599998,41.049999,41.049999,552300
2017-10-04,41.099998,41.799999,40.799999,41.799999,41.799999,548600
2017-10-05,41.799999,42.049999,41.549999,41.799999,41.799999,396700
2017-10-06,41.750000,42.099998,41.250000,42.000000,42.000000,293900
2017-10-09,42.150002,42.450001,41.799999,41.950001,41.950001,374000
2017-10-10,42.200001,42.450001,41.930000,42.099998,42.099998,322000
2017-10-11,42.250000,42.500000,41.849998,42.049999,42.049999,297600
2017-10-12,42.049999,42.700001,42.000000,42.500000,42.500000,178800
2017-10-13,42.549999,43.080002,42.500000,42.950001,42.950001,329700
2017-10-16,43.049999,43.150002,42.450001,43.150002,43.150002,321400
2017-10-17,43.200001,43.500000,41.799999,41.950001,41.950001,267400
2017-10-18,42.250000,42.599998,41.799999,41.849998,41.849998,687500
2017-10-19,41.700001,41.849998,40.980000,41.549999,41.549999,442900
2017-10-20,41.950001,42.250000,41.450001,42.200001,42.200001,263800
2017-10-23,42.250000,42.549999,41.900002,42.400002,42.400002,229000
2017-10-24,42.599998,43.650002,42.430000,43.349998,43.349998,435600
2017-10-25,43.200001,43.849998,42.459999,43.299999,43.299999,507600
2017-10-26,43.299999,43.349998,42.750000,43.099998,43.099998,285300
2017-10-27,43.250000,43.549999,42.250000,43.200001,43.200001,339400
2017-10-30,43.299999,43.400002,42.799999,43.080002,43.080002,387800
2017-10-31,43.250000,43.580002,42.950001,43.299999,43.299999,312600
2017-11-01,43.700001,44.799999,43.400002,44.000000,44.000000,648600
2017-11-02,44.000000,44.750000,43.599998,43.700001,43.700001,855100
2017-11-03,43.000000,45.099998,41.099998,44.599998,44.599998,991000
2017-11-06,44.299999,44.349998,42.700001,43.650002,43.650002,989300
2017-11-07,43.750000,44.599998,42.849998,44.049999,44.049999,911300
2017-11-08,44.099998,44.849998,43.349998,44.650002,44.650002,653400
2017-11-09,44.250000,44.400002,42.950001,44.049999,44.049999,694300
2017-11-10,43.950001,44.349998,43.400002,44.099998,44.099998,383100
2017-11-13,43.799999,43.799999,43.200001,43.549999,43.549999,626200
2017-11-14,43.400002,43.950001,43.150002,43.900002,43.900002,495300
2017-11-15,43.450001,43.750000,43.000000,43.349998,43.349998,383600
2017-11-16,43.400002,44.150002,43.139999,44.099998,44.099998,387700
2017-11-17,43.950001,44.250000,43.400002,44.049999,44.049999,378400
2017-11-20,44.099998,44.650002,43.750000,44.549999,44.549999,394500
2017-11-21,44.599998,45.650002,44.450001,45.049999,45.049999,422700
2017-11-22,45.150002,45.150002,44.000000,44.000000,44.000000,266400
2017-11-24,44.000000,44.750000,43.799999,44.250000,44.250000,224700
2017-11-27,44.250000,45.099998,44.150002,44.400002,44.400002,298600
2017-11-28,44.400002,46.000000,44.000000,45.950001,45.950001,1063500
2017-11-29,45.799999,46.799999,45.049999,45.150002,45.150002,574600
2017-11-30,45.400002,45.529999,44.700001,45.349998,45.349998,448500
2017-12-01,45.099998,45.849998,44.299999,44.950001,44.950001,705700
2017-12-04,45.349998,45.650002,44.150002,44.200001,44.200001,855900
2017-12-05,44.200001,44.549999,43.450001,43.500000,43.500000,399100
2017-12-06,43.400002,43.900002,43.029999,43.849998,43.849998,588500
2017-12-07,43.900002,44.849998,43.750000,44.849998,44.849998,586700
2017-12-08,45.349998,45.950001,44.299999,44.349998,44.349998,568400
2017-12-11,44.450001,44.650002,43.950001,44.150002,44.150002,329500
2017-12-12,44.099998,44.599998,43.849998,44.250000,44.250000,228400
2017-12-13,44.200001,44.650002,43.950001,44.500000,44.500000,531800
2017-12-14,44.599998,45.049999,44.000000,44.049999,44.049999,367400
2017-12-15,44.150002,45.900002,43.950001,45.549999,45.549999,613100
2017-12-18,46.049999,46.349998,45.349998,45.549999,45.549999,400700
2017-12-19,45.500000,45.750000,44.549999,44.750000,44.750000,531300
2017-12-20,45.200001,45.330002,44.349998,44.500000,44.500000,429200
2017-12-21,44.549999,44.849998,43.849998,44.000000,44.000000,460600
2017-12-22,44.049999,44.150002,43.599998,43.849998,43.849998,247800
2017-12-26,43.849998,44.450001,43.450001,44.349998,44.349998,262000
2017-12-27,44.299999,44.650002,44.049999,44.299999,44.299999,181300
2017-12-28,44.599998,44.650002,43.900002,44.599998,44.599998,226600
2017-12-29,44.849998,45.150002,44.250000,44.299999,44.299999,299300
2018-01-02,44.349998,45.500000,43.950001,45.349998,45.349998,508000
2018-01-03,45.349998,45.750000,44.450001,45.299999,45.299999,487300
2018-01-04,45.349998,45.900002,45.349998,45.799999,45.799999,371700
2018-01-05,45.900002,45.900002,45.150002,45.400002,45.400002,456200
2018-01-08,45.250000,46.549999,44.799999,46.400002,46.400002,600900
2018-01-09,46.599998,47.529999,46.099998,47.150002,47.150002,601500
2018-01-10,46.950001,47.200001,46.200001,46.900002,46.900002,1048900
2018-01-11,47.150002,47.900002,47.000000,47.799999,47.799999,257700
2018-01-12,47.900002,48.599998,47.450001,48.450001,48.450001,382800
2018-01-16,48.700001,49.049999,47.849998,47.900002,47.900002,511600
2018-01-17,48.049999,48.599998,47.599998,48.200001,48.200001,350000
2018-01-18,48.349998,49.099998,47.950001,48.599998,48.599998,312400
2018-01-19,48.599998,49.000000,48.349998,48.500000,48.500000,298100
2018-01-22,48.400002,48.799999,48.049999,48.650002,48.650002,236800
2018-01-23,48.549999,49.500000,48.400002,49.299999,49.299999,203400
2018-01-24,49.349998,49.650002,47.750000,47.849998,47.849998,477600
2018-01-25,48.250000,48.799999,47.799999,48.549999,48.549999,243900
2018-01-26,48.849998,49.349998,48.049999,49.200001,49.200001,176600
2018-01-29,49.049999,49.830002,48.750000,48.750000,48.750000,292600
2018-01-30,49.099998,51.599998,49.049999,50.000000,50.000000,732700
2018-01-31,50.200001,50.750000,49.200001,49.750000,49.750000,552100
2018-02-01,49.549999,49.950001,49.200001,49.650002,49.650002,273200
2018-02-02,49.349998,49.650002,48.750000,48.950001,48.950001,321900
2018-02-05,48.750000,49.200001,46.750000,46.750000,46.750000,520700
2018-02-06,46.250000,48.750000,45.299999,48.450001,48.450001,564500
2018-02-07,48.599998,49.200001,46.450001,49.049999,49.049999,461100
2018-02-08,49.099998,49.950001,46.950001,47.000000,47.000000,531400
2018-02-09,47.500000,48.450001,45.450001,48.049999,48.049999,878200
2018-02-12,48.200001,48.549999,47.049999,47.299999,47.299999,342300
2018-02-13,47.150002,47.750000,46.750000,47.700001,47.700001,503500
2018-02-14,47.150002,49.250000,47.150002,49.250000,49.250000,294300
2018-02-15,49.500000,50.250000,48.799999,49.700001,49.700001,562200
2018-02-16,49.450001,51.000000,49.230000,50.450001,50.450001,387000
2018-02-20,50.099998,50.730000,49.450001,50.400002,50.400002,400900
2018-02-21,50.599998,51.150002,50.299999,50.349998,50.349998,391400
2018-02-22,50.549999,51.099998,49.599998,49.750000,49.750000,341700
2018-02-23,49.950001,51.000000,49.500000,50.950001,50.950001,253400
2018-02-26,51.299999,51.400002,50.849998,50.950001,50.950001,356900
2018-02-27,50.950001,51.599998,49.900002,49.900002,49.900002,418000
2018-02-28,52.500000,54.950001,51.849998,52.250000,52.250000,1189300
2018-03-01,52.349998,53.400002,50.750000,51.750000,51.750000,762100
2018-03-02,51.150002,52.950001,49.049999,52.650002,52.650002,746400
2018-03-05,52.049999,52.849998,51.090000,52.150002,52.150002,664700
2018-03-06,52.150002,52.799999,51.750000,52.400002,52.400002,617400
2018-03-07,51.950001,53.200001,51.950001,52.849998,52.849998,398700
2018-03-08,52.650002,53.500000,52.349998,53.349998,53.349998,485400
2018-03-09,53.799999,53.880001,53.099998,53.599998,53.599998,675900
2018-03-12,53.750000,53.750000,53.099998,53.400002,53.400002,349000
2018-03-13,53.500000,53.599998,52.549999,53.000000,53.000000,639200
2018-03-14,53.099998,53.349998,52.500000,52.900002,52.900002,617400
2018-03-15,52.900002,53.049999,52.400002,52.799999,52.799999,319800
2018-03-16,52.849998,53.380001,52.599998,53.349998,53.349998,487100
2018-03-19,53.049999,53.099998,52.150002,52.799999,52.799999,516400
2018-03-20,52.900002,53.450001,52.700001,53.299999,53.299999,170700
2018-03-21,53.400002,54.349998,53.099998,53.950001,53.950001,319200
2018-03-22,53.349998,54.099998,53.150002,53.200001,53.200001,388000
2018-03-23,53.250000,53.400002,51.349998,51.349998,51.349998,329400
2018-03-26,52.150002,53.400002,51.880001,53.349998,53.349998,489900
2018-03-27,53.500000,53.650002,51.650002,52.099998,52.099998,433600
2018-03-28,51.799999,52.150002,50.750000,51.099998,51.099998,571100
2018-03-29,51.400002,52.200001,50.799999,51.500000,51.500000,640200
2018-04-02,51.450001,51.529999,49.700001,49.900002,49.900002,386100
2018-04-03,50.349998,52.000000,49.450001,50.650002,50.650002,315200
2018-04-04,49.900002,51.650002,48.000000,51.549999,51.549999,278400
2018-04-05,52.049999,52.549999,51.750000,52.099998,52.099998,245700
2018-04-06,51.750000,52.400002,51.099998,51.349998,51.349998,198000
2018-04-09,51.700001,52.750000,51.650002,51.849998,51.849998,297300
2018-04-10,52.549999,52.549999,51.630001,51.700001,51.700001,439300
2018-04-11,51.500000,53.099998,51.450001,52.500000,52.500000,255000
2018-04-12,52.700001,53.450001,52.549999,53.049999,53.049999,239900
2018-04-13,53.250000,53.250000,52.400002,52.900002,52.900002,367800
2018-04-16,53.299999,54.200001,53.099998,53.799999,53.799999,194300
2018-04-17,54.049999,55.099998,54.000000,54.650002,54.650002,305400
2018-04-18,54.700001,56.410000,54.400002,55.250000,55.250000,451900
2018-04-19,55.000000,55.330002,54.349998,55.200001,55.200001,387900
2018-04-20,54.900002,55.580002,54.599998,54.750000,54.750000,289300
2018-04-23,55.049999,55.049999,53.700001,53.950001,53.950001,191800
2018-04-24,54.000000,55.150002,53.000000,53.250000,53.250000,388400
2018-04-25,53.200001,53.330002,52.099998,52.900002,52.900002,761100
2018-04-26,53.049999,54.049999,53.000000,53.700001,53.700001,413400
2018-04-27,54.099998,54.200001,53.240002,53.849998,53.849998,326100
2018-04-30,54.099998,54.349998,53.500000,53.500000,53.500000,342000
2018-05-01,53.400002,54.099998,52.650002,54.049999,54.049999,413400
2018-05-02,54.200001,54.750000,54.049999,54.200001,54.200001,238000
2018-05-03,54.049999,55.250000,53.450001,54.849998,54.849998,469400
2018-05-04,58.900002,58.900002,56.349998,58.650002,58.650002,1091100
2018-05-07,59.049999,61.099998,58.349998,60.299999,60.299999,841100
2018-05-08,59.650002,61.950001,59.500000,61.500000,61.500000,727500
2018-05-09,61.250000,61.799999,59.849998,60.130001,60.130001,977300
2018-05-10,60.349998,61.150002,60.000000,60.849998,60.849998,1118900
2018-05-11,60.849998,60.849998,59.700001,60.700001,60.700001,664000
2018-05-14,60.799999,60.799999,58.799999,58.900002,58.900002,1274800
2018-05-15,58.599998,59.549999,58.250000,58.750000,58.750000,389100
2018-05-16,58.900002,59.250000,58.549999,58.750000,58.750000,722100
2018-05-17,58.750000,59.150002,58.500000,58.799999,58.799999,535500
2018-05-18,59.049999,59.900002,58.549999,59.549999,59.549999,374200
2018-05-21,59.950001,60.000000,59.049999,59.500000,59.500000,373400
2018-05-22,57.849998,59.250000,57.000000,58.299999,58.299999,683100
2018-05-23,58.299999,59.200001,58.099998,58.500000,58.500000,777200
2018-05-24,59.049999,60.150002,58.400002,58.549999,58.549999,4501900
2018-05-25,58.650002,59.599998,58.400002,59.200001,59.200001,804100
2018-05-29,58.900002,59.500000,58.450001,59.200001,59.200001,1186300
2018-05-30,59.400002,59.759998,58.599998,58.799999,58.799999,1044500
2018-05-31,58.799999,59.500000,58.349998,58.750000,58.750000,968200
2018-06-01,59.150002,60.000000,58.750000,59.950001,59.950001,941900
2018-06-04,60.000000,61.250000,59.939999,61.049999,61.049999,777500
2018-06-05,60.950001,61.400002,60.500000,60.549999,60.549999,777500
2018-06-06,60.450001,60.500000,58.500000,59.049999,59.049999,1187800
2018-06-07,58.849998,59.150002,55.700001,56.799999,56.799999,1038900
2018-06-08,56.400002,57.250000,55.900002,56.250000,56.250000,703500
2018-06-11,56.250000,56.750000,56.049999,56.700001,56.700001,615900
2018-06-12,56.700001,59.049999,56.599998,58.950001,58.950001,2060900
2018-06-13,59.049999,59.549999,58.549999,59.349998,59.349998,632600
2018-06-14,59.450001,60.000000,59.450001,59.900002,59.900002,574600
2018-06-15,59.650002,60.099998,59.099998,59.950001,59.950001,690200
2018-06-18,59.500000,61.200001,59.000000,60.650002,60.650002,882700
2018-06-19,60.250000,60.849998,58.400002,59.299999,59.299999,596400
2018-06-20,59.599998,59.599998,58.099998,58.150002,58.150002,945600
2018-06-21,60.000000,60.049999,56.200001,56.349998,56.349998,1049500
2018-06-22,56.349998,56.650002,54.650002,54.950001,54.950001,7781400
2018-06-25,55.099998,55.099998,53.849998,54.599998,54.599998,754800
2018-06-26,55.049999,56.000000,54.759998,55.299999,55.299999,1006300
2018-06-27,55.250000,55.759998,53.799999,53.849998,53.849998,712100
2018-06-28,53.950001,55.599998,53.049999,54.950001,54.950001,634000
2018-06-29,55.349998,55.650002,54.799999,55.099998,55.099998,473300
