Date,Open,High,Low,Close,Adj Close,Volume
2013-01-02,48.160000,49.900002,47.970001,49.560001,46.807575,465500
2013-01-03,49.470001,50.270000,49.060001,49.990002,47.213696,370900
2013-01-04,50.220001,50.580002,49.740002,50.130001,47.345917,416300
2013-01-07,50.119999,51.049999,50.099998,50.590000,47.780373,259100
2013-01-08,50.400002,50.759998,49.869999,50.049999,47.270359,173800
2013-01-09,50.160000,50.480000,49.750000,49.799999,47.034241,134900
2013-01-10,49.830002,49.860001,48.410000,49.009998,46.288116,265000
2013-01-11,49.130001,49.189999,48.419998,48.720001,46.014229,270000
2013-01-14,48.709999,48.880001,48.299999,48.590000,45.891445,122400
2013-01-15,48.560001,48.619999,48.020000,48.400002,45.711994,122900
2013-01-16,48.340000,49.040001,48.110001,48.549999,45.853664,269300
2013-01-17,48.759998,49.610001,48.529999,49.000000,46.278675,171100
2013-01-18,48.840000,49.560001,48.840000,49.270000,46.533680,194200
2013-01-22,49.119999,49.380001,48.299999,49.070000,46.344784,264900
2013-01-23,49.099998,49.450001,48.709999,49.369999,46.628120,155000
2013-01-24,49.360001,50.040001,49.290001,49.930000,47.157032,148500
2013-01-25,49.970001,50.689999,49.689999,49.970001,47.194801,245200
2013-01-28,49.910000,50.639999,49.849998,50.480000,47.676479,211400
2013-01-29,50.610001,50.849998,49.549999,50.650002,47.837048,248700
2013-01-30,50.480000,50.540001,50.099998,50.209999,47.421482,219500
2013-01-31,50.360001,50.660000,49.700001,50.480000,47.676479,582400
2013-02-01,50.360001,52.410000,50.029999,51.939999,49.221149,387600
2013-02-04,51.910000,52.400002,50.990002,51.049999,48.377743,299700
2013-02-05,51.139999,51.939999,51.139999,51.660000,48.955811,144600
2013-02-06,51.439999,51.790001,50.970001,51.480000,48.785229,136700
2013-02-07,51.369999,51.689999,50.919998,51.270000,48.586224,117400
2013-02-08,51.400002,52.049999,51.200001,52.029999,49.306438,139800
2013-02-11,51.860001,52.500000,51.520000,52.110001,49.382252,142000
2013-02-12,52.000000,52.290001,51.560001,52.020000,49.296978,116100
2013-02-13,52.150002,52.549999,51.560001,52.540001,49.789749,147800
2013-02-14,52.410000,53.150002,52.410000,53.060001,50.282536,262900
2013-02-15,53.410000,53.410000,52.869999,52.939999,50.168812,214100
2013-02-19,52.619999,53.389999,52.580002,52.919998,50.149864,148200
2013-02-20,53.009998,53.740002,52.000000,52.020000,49.296978,151800
2013-02-21,51.759998,51.779999,49.000000,50.470001,47.828106,548600
2013-02-22,50.000000,52.730000,49.860001,51.910000,49.192726,280200
2013-02-25,51.980000,51.980000,50.520000,50.540001,47.894440,213600
2013-02-26,50.580002,50.689999,49.570000,50.419998,47.780724,273000
2013-02-27,50.290001,50.930000,49.500000,50.320000,47.685955,199600
2013-02-28,50.410000,51.250000,50.070000,50.730000,48.074490,162000
2013-03-01,50.590000,51.759998,50.130001,51.740002,49.031631,202800
2013-03-04,51.680000,52.189999,51.340000,52.180000,49.448593,206300
2013-03-05,52.130001,52.990002,51.869999,52.630001,49.875031,193800
2013-03-06,52.619999,53.049999,52.259998,52.939999,50.168812,168600
2013-03-07,52.849998,53.509998,52.599998,53.270000,50.481541,227300
2013-03-08,53.730000,53.849998,53.299999,53.750000,50.936405,106400
2013-03-11,53.799999,53.980000,53.320000,53.709999,50.898499,236300
2013-03-12,53.840000,53.860001,53.419998,53.580002,50.775314,211300
2013-03-13,53.500000,53.980000,53.180000,53.959999,51.135418,51400
2013-03-14,53.950001,53.970001,53.430000,53.959999,51.135418,82000
2013-03-15,54.000000,54.270000,53.250000,54.240002,51.400761,137500
2013-03-18,53.779999,54.080002,53.400002,53.770000,50.955364,121700
2013-03-19,53.810001,54.980000,53.700001,54.630001,51.770340,107800
2013-03-20,54.810001,56.380001,54.639999,56.090000,53.153919,212800
2013-03-21,55.470001,55.529999,53.049999,53.810001,50.993271,292200
2013-03-22,53.840000,54.630001,53.680000,54.529999,51.675583,147000
2013-03-25,54.549999,54.889999,53.490002,53.970001,51.144886,157400
2013-03-26,54.250000,54.259998,53.470001,54.000000,51.173321,83600
2013-03-27,53.779999,54.330002,53.180000,54.000000,51.173321,93400
2013-03-28,54.220001,55.200001,53.500000,54.619999,51.760872,173100
2013-04-01,54.820000,55.389999,53.779999,54.439999,51.590290,166700
2013-04-02,54.529999,55.590000,54.380001,55.389999,52.490559,169800
2013-04-03,55.340000,55.549999,54.869999,55.160000,52.272602,170900
2013-04-04,55.340000,56.639999,55.180000,56.090000,53.153919,356500
2013-04-05,55.500000,55.889999,55.049999,55.540001,52.632713,246900
2013-04-08,55.500000,55.500000,54.869999,55.310001,52.414745,336900
2013-04-09,55.250000,55.840000,55.029999,55.490002,52.585335,139700
2013-04-10,55.540001,56.709999,55.270000,56.529999,53.570885,224300
2013-04-11,56.750000,57.520000,56.340000,57.049999,54.063671,117800
2013-04-12,57.090000,58.049999,57.090000,57.950001,54.916561,145600
2013-04-15,57.930000,58.220001,56.919998,57.290001,54.291107,269600
2013-04-16,57.439999,58.570000,56.939999,58.389999,55.333530,170600
2013-04-17,58.270000,58.689999,57.490002,58.340000,55.286129,236600
2013-04-18,58.290001,58.840000,57.820000,58.419998,55.361954,169900
2013-04-19,58.310001,59.240002,57.419998,57.680000,54.660686,197100
2013-04-22,57.790001,58.540001,57.070000,58.410000,55.352486,181800
2013-04-23,58.680000,59.439999,58.360001,59.410000,56.300137,71400
2013-04-24,59.529999,59.689999,59.000000,59.119999,56.025311,136600
2013-04-25,59.290001,60.540001,59.290001,60.500000,57.333076,185600
2013-04-26,60.500000,61.230000,59.790001,60.160000,57.010868,144600
2013-04-29,60.529999,61.360001,60.509998,61.000000,57.806908,175400
2013-04-30,61.000000,61.349998,60.490002,61.259998,58.053295,141900
2013-05-01,61.250000,61.259998,60.279999,60.689999,57.513123,207800
2013-05-02,60.939999,61.770000,60.810001,61.740002,58.508167,161400
2013-05-03,61.980000,63.459999,61.799999,62.490002,59.382427,200200
2013-05-06,62.230000,62.520000,61.400002,61.759998,58.688717,95100
2013-05-07,61.750000,62.009998,61.090000,62.009998,58.926285,215400
2013-05-08,62.049999,62.389999,61.680000,62.349998,59.249390,215300
2013-05-09,62.230000,62.730000,62.009998,62.330002,59.230373,165100
2013-05-10,62.520000,62.830002,62.250000,62.590000,59.477440,51300
2013-05-13,62.700001,63.169998,62.250000,63.000000,59.867065,151600
2013-05-14,63.259998,64.790001,63.259998,64.769997,61.549034,179300
2013-05-15,64.650002,65.699997,64.480003,64.980003,61.748600,120800
2013-05-16,65.059998,65.769997,64.620003,64.709999,61.492020,115600
2013-05-17,64.800003,64.889999,64.300003,64.650002,61.434998,159100
2013-05-20,64.389999,65.309998,64.379997,65.129997,61.891125,194300
2013-05-21,65.279999,66.879997,65.250000,66.410004,63.107479,134400
2013-05-22,66.669998,67.360001,65.269997,66.080002,62.793896,140400
2013-05-23,65.459999,66.540001,64.360001,65.430000,62.176216,131100
2013-05-24,65.250000,66.190002,64.980003,65.720001,62.451794,84300
2013-05-28,66.230003,66.720001,64.809998,65.559998,62.299744,275100
2013-05-29,66.290001,67.769997,64.540001,65.989998,62.708366,547900
2013-05-30,68.870003,69.690002,66.739998,68.599998,65.188576,723900
2013-05-31,68.750000,70.889999,68.330002,69.019997,65.587677,383700
2013-06-03,68.879997,70.000000,68.000000,69.639999,66.176849,392300
2013-06-04,69.489998,70.040001,68.839996,69.300003,65.853775,449700
2013-06-05,69.000000,69.620003,68.589996,68.919998,65.492653,263200
2013-06-06,68.989998,69.209999,68.070000,68.720001,65.302589,146500
2013-06-07,68.870003,71.250000,68.550003,71.059998,67.526237,272000
2013-06-10,71.199997,71.349998,70.669998,71.180000,67.640244,160700
2013-06-11,70.779999,72.150002,70.309998,71.129997,67.592743,206000
2013-06-12,71.339996,71.910004,70.459999,70.459999,66.956085,208000
2013-06-13,70.510002,70.510002,69.139999,70.019997,66.537949,254900
2013-06-14,69.970001,70.349998,68.489998,68.879997,65.454643,159800
2013-06-17,69.410004,69.739998,68.550003,68.849998,65.426132,140800
2013-06-18,67.650002,68.510002,66.940002,67.529999,64.171776,455800
2013-06-19,67.639999,68.449997,67.410004,67.660004,64.295311,191700
2013-06-20,67.599998,67.959999,65.160004,65.230003,61.986172,379300
2013-06-21,65.220001,65.610001,64.070000,64.639999,61.425491,536000
2013-06-24,64.330002,65.419998,63.790001,64.830002,61.606049,273800
2013-06-25,65.150002,65.919998,64.849998,65.449997,62.195210,173300
2013-06-26,65.989998,66.389999,65.519997,65.559998,62.299744,195900
2013-06-27,66.040001,66.550003,65.459999,66.279999,62.983948,210900
2013-06-28,66.239998,67.139999,65.879997,66.419998,63.116974,250000
2013-07-01,66.970001,68.529999,66.900002,68.209999,64.817955,250500
2013-07-02,68.120003,68.379997,66.290001,66.879997,63.554108,249100
2013-07-03,66.599998,67.320000,66.349998,66.879997,63.554108,65000
2013-07-05,67.529999,68.000000,66.769997,67.970001,64.589905,94500
2013-07-08,68.040001,69.080002,67.970001,68.930000,65.502167,183800
2013-07-09,69.160004,70.820000,68.750000,70.570000,67.060608,256600
2013-07-10,70.750000,73.010002,70.750000,72.790001,69.170212,388900
2013-07-11,73.669998,73.669998,71.830002,72.519997,68.913620,258000
2013-07-12,71.930000,72.519997,71.309998,72.050003,68.467003,165200
2013-07-15,71.949997,72.440002,71.120003,71.559998,68.001366,156900
2013-07-16,71.400002,71.989998,69.620003,70.000000,66.518951,205200
2013-07-17,70.290001,70.440002,69.620003,69.779999,66.309891,152600
2013-07-18,70.089996,70.779999,69.900002,70.160004,66.670982,156900
2013-07-19,70.220001,70.220001,68.699997,69.320000,65.872772,160800
2013-07-22,69.519997,69.519997,68.589996,69.110001,65.673203,210800
2013-07-23,69.300003,69.489998,68.690002,68.959999,65.530655,119400
2013-07-24,69.260002,70.139999,68.739998,70.019997,66.537949,174500
2013-07-25,69.980003,70.470001,69.620003,70.300003,66.804031,100100
2013-07-26,69.970001,71.139999,69.879997,70.790001,67.269653,115500
2013-07-29,70.680000,70.790001,69.419998,69.730003,66.262375,84000
2013-07-30,70.129997,70.550003,69.889999,70.169998,66.680481,79800
2013-07-31,70.540001,71.339996,69.680000,70.639999,67.127121,136700
2013-08-01,71.940002,72.180000,69.779999,71.919998,68.343452,231200
2013-08-02,71.529999,72.199997,70.139999,72.070000,68.648285,242400
2013-08-05,72.459999,74.360001,71.959999,74.309998,70.781914,354600
2013-08-06,74.379997,74.610001,73.199997,74.169998,70.648582,208600
2013-08-07,73.910004,74.059998,73.309998,73.900002,70.391403,136300
2013-08-08,74.070000,74.639999,73.940002,74.370003,70.839081,186700
2013-08-09,74.279999,74.720001,73.680000,74.250000,70.724762,83800
2013-08-12,74.300003,75.169998,74.110001,75.070000,71.505836,221400
2013-08-13,75.099998,75.529999,74.220001,74.849998,71.296280,116100
2013-08-14,74.820000,75.300003,73.849998,73.940002,70.429489,144800
2013-08-15,73.349998,73.839996,72.110001,73.379997,69.896080,274400
2013-08-16,73.180000,73.379997,72.169998,72.500000,69.057861,162200
2013-08-19,72.290001,73.610001,72.150002,72.400002,68.962601,118800
2013-08-20,72.519997,73.860001,72.419998,73.120003,69.648430,148200
2013-08-21,73.019997,73.279999,70.860001,71.160004,67.781471,155800
2013-08-22,71.150002,71.570000,70.199997,71.190002,67.810051,78000
2013-08-23,71.139999,72.290001,70.709999,71.500000,68.105324,102000
2013-08-26,71.559998,71.709999,69.070000,69.790001,66.476547,373600
2013-08-27,67.750000,69.190002,64.190002,65.000000,61.913944,1025100
2013-08-28,65.410004,65.489998,63.900002,65.029999,61.942501,443600
2013-08-29,64.730003,66.410004,64.730003,66.349998,63.199821,282600
2013-08-30,66.120003,66.480003,64.750000,65.480003,62.371162,266800
2013-09-03,66.199997,66.680000,64.099998,64.750000,61.675816,359400
2013-09-04,64.839996,66.150002,64.699997,66.070000,62.933151,508900
2013-09-05,65.930000,66.570000,65.650002,65.910004,62.780743,135400
2013-09-06,66.279999,66.279999,65.019997,65.629997,62.514023,192400
2013-09-09,65.830002,66.220001,65.620003,65.739998,62.618801,205900
2013-09-10,65.830002,66.230003,63.900002,64.019997,60.980465,286700
2013-09-11,63.730000,64.930000,63.119999,64.660004,61.590092,238500
2013-09-12,64.760002,65.150002,64.279999,64.599998,61.532925,172500
2013-09-13,64.849998,65.349998,64.599998,64.889999,61.809162,178400
2013-09-16,65.239998,65.900002,64.930000,65.309998,62.209232,145700
2013-09-17,65.290001,65.940002,65.110001,65.739998,62.618801,126700
2013-09-18,65.760002,66.300003,65.309998,66.070000,62.933151,195000
2013-09-19,66.339996,66.400002,65.000000,66.180000,63.037933,109600
2013-09-20,66.260002,68.379997,66.209999,68.000000,64.771507,360400
2013-09-23,68.260002,68.769997,66.550003,67.199997,64.009491,170100
2013-09-24,67.199997,67.750000,66.730003,67.220001,64.028549,139200
2013-09-25,67.379997,68.279999,67.019997,67.040001,63.857079,152900
2013-09-26,67.000000,67.349998,65.639999,66.050003,62.914082,155800
2013-09-27,65.500000,66.459999,64.690002,65.379997,62.465038,105100
2013-09-30,65.070000,65.419998,64.669998,65.239998,62.331287,213300
2013-10-01,65.330002,65.510002,64.419998,65.050003,62.149773,166100
2013-10-02,64.760002,65.199997,63.630001,64.000000,61.146584,158100
2013-10-03,64.019997,64.489998,62.900002,63.349998,60.525558,101100
2013-10-04,63.139999,64.000000,63.029999,63.090000,60.277145,159600
2013-10-07,62.759998,63.599998,62.590000,62.849998,60.047852,162200
2013-10-08,62.730000,63.540001,62.529999,62.610001,59.818550,174600
2013-10-09,62.709999,63.349998,61.450001,62.959999,60.152950,340500
2013-10-10,63.509998,64.470001,62.910000,64.470001,61.595615,126500
2013-10-11,64.650002,65.599998,64.339996,65.080002,62.178417,151500
2013-10-14,64.610001,65.110001,64.180000,64.830002,61.939571,73800
2013-10-15,64.709999,65.180000,64.150002,64.750000,61.863140,100700
2013-10-16,64.940002,65.820000,64.940002,65.589996,62.665684,130600
2013-10-17,65.150002,65.570000,64.339996,65.180000,62.273972,217700
2013-10-18,65.720001,65.720001,62.169998,62.430000,59.646576,368400
2013-10-21,61.150002,61.689999,59.770000,60.619999,57.917263,375500
2013-10-22,60.639999,61.320000,60.040001,61.169998,58.442757,149100
2013-10-23,61.020000,62.380001,60.419998,62.220001,59.445942,241300
2013-10-24,62.349998,63.020000,61.889999,62.869999,60.066959,195100
2013-10-25,63.099998,63.480000,62.349998,63.139999,60.324913,316400
2013-10-28,63.040001,64.570000,62.790001,64.449997,61.576515,169500
2013-10-29,64.379997,65.000000,64.160004,64.669998,61.786705,315900
2013-10-30,64.879997,64.879997,63.060001,63.320000,60.496895,373000
2013-10-31,63.330002,63.959999,62.680000,63.209999,60.391792,306200
2013-11-01,63.340000,65.980003,63.240002,65.629997,62.703892,481800
2013-11-04,65.339996,66.199997,65.089996,65.989998,63.047852,339800
2013-11-05,65.470001,66.680000,65.430000,66.099998,63.152943,289700
2013-11-06,66.169998,66.629997,65.680000,66.089996,63.143402,122500
2013-11-07,66.370003,66.500000,64.980003,65.370003,62.455505,306500
2013-11-08,65.209999,65.599998,64.360001,65.589996,62.665684,363100
2013-11-11,65.379997,65.930000,64.620003,65.540001,62.617908,199600
2013-11-12,65.550003,65.860001,65.010002,65.650002,62.723011,206300
2013-11-13,65.160004,67.209999,65.000000,67.029999,64.041489,198000
2013-11-14,67.000000,67.120003,66.000000,66.980003,63.993725,243800
2013-11-15,66.889999,67.370003,66.570000,67.260002,64.261238,142800
2013-11-18,67.709999,67.769997,66.709999,67.010002,64.022377,178400
2013-11-19,67.000000,68.209999,66.690002,67.709999,64.691154,262700
2013-11-20,68.110001,68.599998,67.199997,67.400002,64.394989,251400
2013-11-21,67.419998,69.440002,67.419998,68.800003,65.732567,243700
2013-11-22,69.029999,69.430000,68.010002,69.190002,66.105171,167200
2013-11-25,69.629997,70.690002,69.250000,69.360001,66.267616,160600
2013-11-26,69.550003,69.820000,68.860001,68.949997,65.875877,143500
2013-11-27,69.199997,69.199997,68.010002,68.540001,65.484177,166700
2013-11-29,68.910004,68.910004,67.720001,68.339996,65.293068,94700
2013-12-02,68.519997,68.550003,66.970001,67.239998,64.242111,192900
2013-12-03,67.019997,68.519997,67.019997,67.660004,64.643394,381600
2013-12-04,67.239998,68.480003,66.610001,67.129997,64.137039,187900
2013-12-05,67.120003,67.169998,65.809998,66.349998,63.391773,236900
2013-12-06,66.900002,68.050003,66.610001,67.629997,64.614731,163800
2013-12-09,67.889999,69.930000,67.889999,69.489998,66.391800,211300
2013-12-10,69.239998,69.820000,67.349998,67.870003,64.844025,190700
2013-12-11,67.910004,68.250000,67.330002,67.709999,64.691154,127400
2013-12-12,67.370003,68.529999,67.220001,68.220001,65.178436,173400
2013-12-13,68.550003,69.849998,67.910004,69.000000,65.923653,196800
2013-12-16,70.239998,71.339996,69.360001,70.750000,67.595634,367600
2013-12-17,69.000000,70.989998,65.800003,68.419998,65.369507,520700
2013-12-18,68.230003,71.669998,68.000000,71.260002,68.082886,457100
2013-12-19,70.910004,71.570000,70.000000,70.050003,66.926842,288900
2013-12-20,69.989998,70.529999,69.110001,69.430000,66.334480,442700
2013-12-23,70.010002,70.629997,69.260002,70.519997,67.375900,257900
2013-12-24,70.800003,71.800003,70.570000,71.430000,68.245300,143800
2013-12-26,71.639999,72.190002,70.879997,72.040001,68.828117,139700
2013-12-27,72.400002,72.620003,71.379997,72.330002,69.105186,119400
2013-12-30,72.519997,72.940002,71.809998,72.440002,69.210289,197300
2013-12-31,72.339996,73.000000,72.019997,72.330002,69.105186,236400
2014-01-02,72.330002,72.330002,71.709999,72.000000,68.789894,273900
2014-01-03,72.019997,73.860001,71.930000,73.330002,70.060608,315700
2014-01-06,73.800003,73.910004,72.220001,72.309998,69.086067,239600
2014-01-07,72.750000,73.970001,72.750000,73.290001,70.022385,228600
2014-01-08,73.290001,73.860001,71.269997,72.040001,68.828117,189700
2014-01-09,72.120003,73.769997,71.169998,73.629997,70.347229,274400
2014-01-10,73.910004,74.320000,73.290001,74.029999,70.729393,163700
2014-01-13,74.040001,74.949997,72.440002,72.690002,69.449135,201700
2014-01-14,73.209999,73.830002,72.809998,73.339996,70.070145,100100
2014-01-15,73.379997,73.529999,72.120003,72.750000,69.506462,166400
2014-01-16,73.529999,73.959999,72.809998,73.160004,69.898178,179200
2014-01-17,72.830002,72.830002,72.019997,72.709999,69.468239,173200
2014-01-21,73.430000,76.559998,73.269997,76.480003,73.070160,293600
2014-01-22,76.769997,77.089996,76.379997,76.379997,72.974602,137800
2014-01-23,75.860001,76.860001,75.290001,76.360001,72.955521,202900
2014-01-24,75.650002,76.279999,74.269997,74.629997,71.302635,253700
2014-01-27,75.050003,75.349998,73.150002,73.239998,69.974609,196600
2014-01-28,73.199997,73.860001,72.449997,73.360001,70.089294,247100
2014-01-29,72.839996,73.870003,71.580002,72.300003,69.076523,201700
2014-01-30,72.800003,73.650002,71.940002,73.070000,69.812187,186800
2014-01-31,72.160004,75.529999,71.570000,74.349998,71.230087,454000
2014-02-03,74.250000,75.089996,71.330002,71.970001,68.949966,263200
2014-02-04,72.029999,72.959999,71.620003,71.940002,68.921211,169600
2014-02-05,71.529999,71.660004,70.449997,70.550003,67.589546,232400
2014-02-06,70.959999,72.099998,70.360001,70.599998,67.637444,204500
2014-02-07,70.610001,72.089996,70.610001,71.849998,68.834999,287900
2014-02-10,71.959999,72.849998,71.360001,72.690002,69.639755,251500
2014-02-11,72.480003,72.620003,71.519997,72.000000,68.978699,190300
2014-02-12,71.900002,72.349998,71.519997,71.970001,68.949966,238700
2014-02-13,71.559998,73.000000,71.209999,72.660004,69.611008,252600
2014-02-14,72.720001,74.510002,72.510002,74.019997,70.913933,214100
2014-02-18,74.250000,75.349998,73.820000,74.610001,71.479187,225900
2014-02-19,74.120003,74.389999,72.980003,73.580002,70.492393,255400
2014-02-20,73.830002,74.930000,73.309998,74.680000,71.546249,231500
2014-02-21,75.080002,75.150002,72.589996,72.720001,69.668495,299900
2014-02-24,72.930000,73.639999,72.019997,72.230003,69.199059,353100
2014-02-25,74.989998,76.120003,73.110001,75.029999,71.881546,907200
2014-02-26,75.879997,78.529999,75.029999,77.250000,74.008392,609100
2014-02-27,77.320000,77.550003,76.910004,77.419998,74.171249,211700
2014-02-28,77.550003,78.000000,76.529999,76.839996,73.615593,254900
2014-03-03,76.150002,76.610001,74.290001,75.110001,71.958191,330700
2014-03-04,76.000000,77.370003,75.300003,76.550003,73.337791,346600
2014-03-05,76.730003,77.040001,75.790001,76.230003,73.031204,235800
2014-03-06,76.400002,76.519997,75.059998,75.440002,72.274361,303200
2014-03-07,75.870003,76.190002,75.040001,75.800003,72.619247,310300
2014-03-10,75.790001,76.029999,75.040001,75.599998,72.427628,167800
2014-03-11,75.500000,75.910004,73.379997,73.650002,70.559464,270600
2014-03-12,73.290001,76.889999,73.209999,76.699997,73.481468,528500
2014-03-13,77.050003,77.790001,76.160004,76.650002,73.433578,271700
2014-03-14,76.489998,77.480003,76.260002,77.089996,73.855095,234200
2014-03-17,77.419998,78.650002,77.419998,77.730003,74.468262,262200
2014-03-18,77.879997,79.279999,77.669998,78.959999,75.646637,353200
2014-03-19,78.959999,79.519997,76.800003,77.239998,73.998802,260600
2014-03-20,76.900002,77.580002,76.830002,77.519997,74.267059,153700
2014-03-21,77.790001,78.209999,77.220001,77.410004,74.161690,360200
2014-03-24,77.730003,78.029999,75.790001,76.800003,73.577286,295200
2014-03-25,77.070000,77.610001,76.470001,77.150002,73.912605,172000
2014-03-26,77.220001,77.949997,76.029999,76.760002,73.538956,246900
2014-03-27,76.760002,77.190002,75.870003,76.129997,72.935394,135900
2014-03-28,76.070000,77.010002,75.959999,76.660004,73.443146,171500
2014-03-31,77.230003,79.589996,76.809998,78.489998,75.196358,426400
2014-04-01,78.809998,79.669998,78.010002,78.830002,75.522102,232100
2014-04-02,78.769997,79.529999,77.860001,78.050003,74.774841,379100
2014-04-03,77.910004,78.290001,77.070000,77.860001,74.592796,152700
2014-04-04,78.199997,78.779999,76.320000,77.400002,74.152084,222300
2014-04-07,77.400002,77.809998,76.330002,76.589996,73.376091,251400
2014-04-08,76.709999,78.989998,76.660004,78.599998,75.301743,240100
2014-04-09,78.570000,79.139999,77.139999,77.230003,73.989250,215900
2014-04-10,77.230003,78.699997,76.900002,77.150002,73.912605,283600
2014-04-11,76.599998,77.650002,76.010002,76.800003,73.577286,235700
2014-04-14,77.430000,77.559998,76.019997,77.400002,74.152084,253400
2014-04-15,77.849998,79.000000,76.980003,79.000000,75.684975,317100
2014-04-16,79.209999,81.760002,78.110001,81.739998,78.309982,309800
2014-04-17,81.860001,82.839996,81.089996,81.870003,78.434532,464700
2014-04-21,82.410004,83.180000,82.129997,82.900002,79.421310,201600
2014-04-22,83.070000,83.870003,82.669998,83.169998,79.680000,201500
2014-04-23,83.180000,83.730003,82.010002,82.379997,78.923126,202000
2014-04-24,82.750000,82.970001,81.250000,82.150002,78.702782,156700
2014-04-25,81.769997,82.959999,81.529999,81.620003,78.195030,190200
2014-04-28,82.139999,82.550003,80.489998,81.800003,78.367470,239700
2014-04-29,81.980003,82.470001,81.019997,81.230003,77.821411,188500
2014-04-30,81.150002,82.309998,80.410004,82.269997,78.817741,270800
2014-05-01,82.379997,82.930000,80.190002,82.720001,79.248863,279000
2014-05-02,82.360001,84.669998,82.360001,83.680000,80.362885,230900
2014-05-05,83.389999,83.389999,81.900002,82.629997,79.354515,279700
2014-05-06,82.269997,84.070000,81.699997,82.989998,79.700241,350300
2014-05-07,83.260002,84.680000,82.589996,83.769997,80.449318,215600
2014-05-08,81.389999,82.339996,80.000000,80.769997,77.568230,274100
2014-05-09,80.889999,81.940002,80.209999,81.879997,78.634239,323000
2014-05-12,82.470001,84.559998,81.879997,84.150002,80.814247,259700
2014-05-13,84.050003,85.800003,83.580002,84.849998,81.486504,400000
2014-05-14,85.029999,85.709999,84.489998,85.269997,81.889847,237500
2014-05-15,85.099998,85.260002,83.540001,84.860001,81.496086,244200
2014-05-16,84.690002,85.570000,83.959999,84.980003,81.611351,183000
2014-05-19,84.980003,86.139999,84.769997,85.430000,82.043480,144800
2014-05-20,85.440002,86.040001,84.019997,84.849998,81.486504,167100
2014-05-21,84.830002,84.919998,84.010002,84.879997,81.515312,135600
2014-05-22,84.910004,85.050003,83.900002,84.900002,81.534523,219100
2014-05-23,84.949997,85.730003,84.800003,85.139999,81.764992,196900
2014-05-27,86.059998,88.779999,85.290001,87.010002,83.560883,435400
2014-05-28,87.180000,88.129997,85.620003,87.660004,84.185104,503500
2014-05-29,91.750000,92.790001,88.500000,90.339996,86.758881,971000
2014-05-30,91.129997,92.790001,90.349998,92.510002,88.842850,655800
2014-06-02,93.029999,95.699997,92.720001,95.650002,91.858376,658800
2014-06-03,95.470001,95.879997,93.070000,93.629997,89.918457,630300
2014-06-04,93.639999,96.370003,92.889999,95.989998,92.184891,557500
2014-06-05,96.879997,97.839996,95.279999,97.300003,93.442986,381300
2014-06-06,97.639999,97.779999,96.120003,96.510002,92.684280,385500
2014-06-09,96.389999,96.820000,92.660004,93.040001,89.351845,546700
2014-06-10,93.000000,94.139999,92.870003,93.669998,89.956871,567000
2014-06-11,93.669998,93.959999,91.620003,92.800003,89.121368,413400
2014-06-12,92.879997,93.709999,92.040001,93.309998,89.611130,256800
2014-06-13,93.709999,94.489998,92.849998,94.290001,90.552292,272700
2014-06-16,94.019997,94.519997,93.120003,94.019997,90.292992,234000
2014-06-17,93.900002,95.989998,93.559998,95.349998,91.570259,296400
2014-06-18,95.449997,95.930000,94.040001,95.370003,91.589485,218800
2014-06-19,95.599998,95.599998,94.080002,94.650002,90.898033,221500
2014-06-20,94.389999,97.129997,94.099998,96.660004,92.828354,439600
2014-06-23,96.660004,97.169998,93.300003,93.410004,89.707176,337500
2014-06-24,93.529999,94.000000,92.279999,93.239998,89.543907,412800
2014-06-25,92.489998,94.910004,91.709999,94.809998,91.051674,409200
2014-06-26,94.800003,94.989998,93.320000,94.239998,90.504265,210200
2014-06-27,93.830002,95.300003,93.430000,95.080002,91.310966,300900
2014-06-30,94.860001,97.459999,94.279999,97.199997,93.346939,351100
2014-07-01,97.139999,99.139999,96.949997,97.919998,94.038383,406600
2014-07-02,98.209999,99.000000,97.669998,98.489998,94.585815,273300
2014-07-03,98.500000,98.750000,97.419998,98.309998,94.412926,127300
2014-07-07,98.379997,100.360001,98.269997,98.849998,94.931541,389000
2014-07-08,98.849998,100.320000,98.290001,99.110001,95.181229,309900
2014-07-09,99.080002,99.970001,98.529999,99.760002,95.805450,289400
2014-07-10,99.070000,101.169998,98.339996,100.459999,96.477715,286700
2014-07-11,100.110001,102.279999,99.900002,102.010002,97.966263,427200
2014-07-14,102.220001,102.900002,101.820000,102.589996,98.523277,407500
2014-07-15,102.489998,103.379997,101.459999,102.000000,97.956673,237900
2014-07-16,102.099998,103.900002,100.639999,101.290001,97.274803,246700
2014-07-17,100.830002,101.169998,99.250000,99.480003,95.536560,294400
2014-07-18,99.650002,100.830002,99.650002,100.699997,96.708199,291900
2014-07-21,100.550003,101.040001,99.480003,100.250000,96.276039,191000
2014-07-22,100.489998,102.279999,100.070000,102.169998,98.119942,255800
2014-07-23,102.699997,102.910004,100.970001,101.040001,97.034721,269700
2014-07-24,100.970001,102.519997,100.550003,100.849998,96.852242,292000
2014-07-25,100.650002,101.769997,99.800003,101.599998,97.572517,332300
2014-07-28,102.199997,103.709999,101.830002,101.870003,97.831818,260600
2014-07-29,102.169998,103.430000,100.489998,100.500000,96.516136,210300
2014-07-30,99.250000,99.919998,95.129997,96.349998,92.530624,494500
2014-07-31,95.470001,96.150002,90.900002,91.089996,87.479126,586000
2014-08-01,91.279999,92.809998,90.040001,91.750000,88.306877,396900
2014-08-04,92.099998,93.459999,90.900002,92.300003,88.836235,314100
2014-08-05,92.250000,93.199997,91.949997,92.790001,89.307846,361500
2014-08-06,92.500000,94.180000,92.190002,92.919998,89.432961,316200
2014-08-07,92.849998,92.959999,89.110001,89.349998,85.996941,468900
2014-08-08,88.800003,91.300003,87.790001,90.870003,87.459908,520700
2014-08-11,91.570000,93.279999,90.860001,92.550003,89.076851,394400
2014-08-12,92.550003,94.269997,91.949997,94.010002,90.482063,391800
2014-08-13,94.570000,97.510002,94.070000,96.419998,92.801636,572800
2014-08-14,96.739998,97.470001,92.720001,93.470001,89.962334,563800
2014-08-15,94.279999,95.750000,93.599998,95.010002,91.444534,316100
2014-08-18,95.599998,95.610001,93.889999,94.250000,90.713066,541200
2014-08-19,95.000000,95.879997,94.559998,95.220001,91.646652,416500
2014-08-20,95.070000,96.910004,94.150002,94.650002,91.098038,409400
2014-08-21,94.830002,95.279999,94.010002,94.160004,90.626427,490300
2014-08-22,94.269997,94.629997,92.089996,93.290001,89.789085,570200
2014-08-25,95.160004,95.919998,94.779999,95.120003,91.550392,569400
2014-08-26,89.500000,90.889999,87.250000,89.790001,86.420433,2262200
2014-08-27,89.849998,93.290001,89.500000,92.550003,89.076851,1007500
2014-08-28,91.760002,94.820000,91.010002,93.839996,90.318443,865000
2014-08-29,93.879997,94.190002,92.820000,93.320000,89.817963,441400
2014-09-02,93.650002,94.500000,92.860001,92.900002,89.413712,490800
2014-09-03,93.489998,93.830002,91.779999,91.900002,88.451248,473300
2014-09-04,92.250000,92.769997,88.650002,88.730003,85.400208,615900
2014-09-05,88.500000,90.419998,88.349998,90.410004,87.017166,376500
2014-09-08,90.629997,91.949997,90.309998,91.260002,87.835266,413600
2014-09-09,91.519997,91.519997,90.379997,90.599998,87.200020,287000
2014-09-10,90.900002,91.010002,90.050003,91.010002,87.594643,273200
2014-09-11,90.650002,91.300003,89.750000,91.139999,87.719772,264900
2014-09-12,90.949997,91.080002,88.919998,89.410004,86.054688,330800
2014-09-15,89.129997,90.389999,88.690002,89.889999,86.516670,269100
2014-09-16,89.849998,92.639999,89.849998,91.489998,88.056633,453700
2014-09-17,91.330002,91.430000,88.879997,89.000000,85.660080,342200
2014-09-18,89.389999,92.059998,88.629997,91.779999,88.335739,373700
2014-09-19,91.949997,92.410004,90.419998,90.629997,87.228882,386300
2014-09-22,90.559998,91.059998,89.250000,89.570000,86.208687,252800
2014-09-23,89.650002,90.290001,88.139999,88.230003,84.918968,385900
2014-09-24,88.510002,90.529999,88.300003,90.099998,86.718788,338300
2014-09-25,89.779999,90.099998,86.889999,87.250000,83.975761,479400
2014-09-26,87.010002,87.750000,85.919998,86.529999,83.493317,293400
2014-09-29,85.949997,87.820000,85.449997,87.660004,84.583626,433800
2014-09-30,87.610001,89.080002,87.070000,87.949997,84.863457,658900
2014-10-01,87.430000,88.370003,86.489998,87.389999,84.323120,736200
2014-10-02,87.150002,90.690002,87.150002,88.239998,85.143288,801200
2014-10-03,89.559998,92.540001,88.919998,92.070000,88.838867,801100
2014-10-06,92.519997,92.529999,91.000000,91.029999,87.835365,317100
2014-10-07,90.669998,91.589996,89.650002,89.669998,86.523102,493500
2014-10-08,89.669998,90.790001,88.540001,90.739998,87.555550,424100
2014-10-09,90.970001,91.800003,90.050003,90.209999,87.044151,406200
2014-10-10,89.970001,91.379997,88.800003,88.830002,85.712578,401000
2014-10-13,89.220001,89.970001,87.080002,87.360001,84.294167,461900
2014-10-14,88.190002,88.989998,86.730003,87.440002,84.371346,461500
2014-10-15,86.480003,87.449997,84.129997,86.300003,83.271370,734400
2014-10-16,84.900002,86.910004,77.510002,77.889999,75.156517,2047000
2014-10-17,79.500000,80.199997,77.250000,78.589996,75.831932,1417500
2014-10-20,78.660004,80.610001,78.449997,80.349998,77.530174,572800
2014-10-21,81.199997,81.489998,79.559998,80.889999,78.051231,530100
2014-10-22,81.000000,81.410004,78.940002,79.199997,76.420532,1071400
2014-10-23,80.309998,80.970001,78.360001,80.070000,77.260017,1238100
2014-10-24,80.449997,80.449997,78.709999,78.949997,76.179314,596800
2014-10-27,78.879997,79.980003,78.480003,79.309998,76.526680,428300
2014-10-28,80.040001,80.300003,77.820000,79.070000,76.295090,624700
2014-10-29,79.000000,80.330002,78.919998,80.230003,77.414398,483600
2014-10-30,80.459999,81.500000,78.680000,80.500000,77.674911,497200
2014-10-31,82.269997,84.070000,81.699997,83.980003,81.032799,534100
2014-11-03,83.959999,84.800003,82.779999,84.769997,81.795059,531100
2014-11-04,84.769997,85.730003,84.570000,85.019997,82.036278,787900
2014-11-05,86.040001,87.949997,85.660004,86.269997,83.242409,1104400
2014-11-06,86.169998,88.370003,86.169998,87.470001,84.400307,685200
2014-11-07,87.150002,87.480003,83.610001,84.809998,81.833649,1396000
2014-11-10,85.190002,85.610001,83.870003,84.230003,81.274025,550100
2014-11-11,84.000000,84.849998,83.269997,83.720001,80.781906,442800
2014-11-12,83.629997,84.779999,82.010002,84.389999,81.428391,587400
2014-11-13,84.550003,85.800003,83.730003,85.610001,82.605576,554800
2014-11-14,85.239998,85.800003,82.709999,83.720001,80.781906,856500
2014-11-17,83.959999,85.879997,83.660004,84.930000,81.949440,829200
2014-11-18,85.349998,87.820000,85.019997,87.720001,84.641533,643100
2014-11-19,87.500000,89.669998,86.790001,89.110001,85.982750,716000
2014-11-20,88.470001,89.470001,87.330002,87.940002,84.853813,760300
2014-11-21,89.260002,89.709999,85.620003,85.760002,82.750336,511500
2014-11-24,85.680000,87.050003,85.220001,86.019997,83.001183,351300
2014-11-25,85.930000,87.489998,85.290001,87.129997,84.072227,411500
2014-11-26,86.919998,87.500000,86.300003,87.150002,84.091537,561600
2014-11-28,87.510002,88.489998,86.449997,86.809998,83.763466,203700
2014-12-01,86.669998,87.440002,85.000000,86.330002,83.300308,663500
2014-12-02,86.169998,90.650002,85.330002,90.629997,87.449402,731700
2014-12-03,90.769997,92.269997,89.059998,92.099998,88.867813,503800
2014-12-04,92.580002,95.000000,91.800003,92.980003,89.716934,825100
2014-12-05,92.779999,94.169998,92.050003,92.690002,89.437119,708100
2014-12-08,95.269997,95.669998,93.239998,93.720001,90.430984,455600
2014-12-09,93.680000,94.889999,91.029999,91.470001,88.259941,718500
2014-12-10,92.699997,92.699997,88.949997,89.250000,86.117844,420900
2014-12-11,89.239998,91.739998,89.160004,90.699997,87.516945,323000
2014-12-12,90.080002,90.510002,86.029999,86.330002,83.300308,441700
2014-12-15,86.779999,87.410004,85.190002,86.580002,83.541534,637500
2014-12-16,84.669998,88.410004,84.669998,86.489998,83.454689,504400
2014-12-17,86.610001,87.900002,85.820000,87.410004,84.342415,713200
2014-12-18,88.959999,89.879997,81.480003,85.760002,82.750336,1231500
2014-12-19,85.139999,89.910004,84.900002,89.430000,86.291519,1027400
2014-12-22,89.430000,91.500000,87.900002,88.570000,85.461700,374700
2014-12-23,88.720001,88.820000,84.180000,84.279999,81.322250,489400
2014-12-24,84.260002,84.730003,83.650002,84.540001,81.573151,166800
2014-12-26,85.099998,86.139999,84.680000,85.650002,82.644188,176300
2014-12-29,85.620003,86.820000,85.540001,86.190002,83.165230,251500
2014-12-30,86.040001,87.129997,85.459999,86.879997,83.831001,268800
2014-12-31,87.239998,87.400002,83.959999,84.029999,81.081032,374200
2015-01-02,84.550003,85.209999,82.430000,83.040001,80.125771,350200
2015-01-05,83.019997,83.800003,81.019997,81.160004,78.311760,542700
2015-01-06,82.029999,82.639999,80.370003,81.040001,78.195961,377800
2015-01-07,81.910004,82.940002,80.349998,81.660004,78.794212,519100
2015-01-08,82.500000,82.889999,81.400002,82.099998,79.218758,649200
2015-01-09,82.199997,83.019997,81.279999,82.089996,79.209106,283200
2015-01-12,83.029999,83.480003,80.370003,80.629997,77.800346,448400
2015-01-13,80.709999,82.110001,78.720001,78.949997,76.179314,609600
2015-01-14,78.209999,79.250000,77.080002,77.989998,75.252998,680400
2015-01-15,79.930000,81.830002,79.639999,80.730003,77.896843,732600
2015-01-16,80.519997,82.230003,79.510002,80.959999,78.118759,376500
2015-01-20,81.220001,82.529999,79.830002,82.419998,79.527519,424600
2015-01-21,82.129997,82.580002,81.000000,81.690002,78.823158,311000
2015-01-22,81.720001,84.300003,80.370003,84.269997,81.312599,359200
2015-01-23,84.029999,84.599998,82.300003,83.400002,80.473145,421900
2015-01-26,83.480003,85.279999,82.900002,85.220001,82.229248,402000
2015-01-27,84.480003,85.220001,83.870003,84.559998,81.592422,284200
2015-01-28,85.250000,85.430000,82.000000,82.120003,79.238068,390300
2015-01-29,82.300003,82.669998,81.050003,82.500000,79.604736,348600
2015-01-30,82.500000,83.320000,79.739998,79.959999,77.360146,330600
2015-02-02,79.800003,81.000000,76.480003,78.220001,75.676735,783600
2015-02-03,78.779999,79.820000,76.610001,77.620003,75.096230,638400
2015-02-04,77.519997,81.500000,77.410004,80.989998,78.356667,700600
2015-02-05,81.120003,81.550003,79.650002,80.209999,77.602013,313400
2015-02-06,80.010002,80.470001,76.269997,76.699997,74.206146,586200
2015-02-09,76.129997,77.269997,75.000000,76.220001,73.741760,363400
2015-02-10,76.639999,77.820000,76.050003,77.440002,74.922096,436900
2015-02-11,77.500000,78.110001,74.949997,75.489998,73.035484,602400
2015-02-12,75.180000,78.080002,75.000000,77.970001,75.434868,462200
2015-02-13,78.230003,78.699997,77.360001,78.559998,76.005669,402000
2015-02-17,78.519997,79.720001,78.129997,79.580002,76.992516,378500
2015-02-18,79.769997,84.800003,79.699997,84.269997,81.530006,803700
2015-02-19,83.860001,84.010002,81.290001,81.730003,79.072594,537500
2015-02-20,81.750000,83.500000,81.000000,83.389999,80.678619,475100
2015-02-23,84.129997,84.739998,82.070000,82.459999,79.778877,568000
2015-02-24,84.970001,84.989998,80.169998,84.470001,81.723511,813400
2015-02-25,84.050003,84.610001,82.720001,84.430000,81.684830,418400
2015-02-26,84.269997,85.870003,83.959999,85.669998,82.884506,375400
2015-02-27,85.739998,86.489998,84.690002,85.209999,82.439445,456600
2015-03-02,84.959999,85.959999,83.629997,85.680000,82.894180,431000
2015-03-03,85.580002,86.849998,84.010002,85.309998,82.536209,797800
2015-03-04,85.309998,85.660004,83.589996,83.779999,81.055946,427800
2015-03-05,84.059998,84.059998,82.110001,83.620003,80.901146,267900
2015-03-06,83.059998,84.150002,80.570000,82.300003,79.624084,343400
2015-03-09,82.330002,82.980003,81.489998,82.440002,79.759529,287400
2015-03-10,82.440002,83.080002,81.620003,82.510002,79.827232,439300
2015-03-11,81.930000,81.930000,77.639999,79.029999,76.460396,1266800
2015-03-12,79.000000,80.669998,76.800003,77.089996,74.583458,969200
2015-03-13,78.160004,80.860001,77.699997,80.620003,77.998711,639300
2015-03-16,80.849998,81.199997,78.389999,78.589996,76.034691,523400
2015-03-17,78.610001,80.169998,78.099998,80.010002,77.408539,506000
2015-03-18,80.080002,81.830002,79.599998,81.389999,78.743660,353000
2015-03-19,81.099998,82.879997,81.000000,82.779999,80.088463,279200
2015-03-20,83.529999,84.480003,82.959999,83.480003,80.765701,318300
2015-03-23,83.309998,84.980003,81.250000,81.400002,78.753326,453700
2015-03-24,81.070000,81.790001,77.110001,79.000000,76.431366,988700
2015-03-25,79.650002,80.209999,78.230003,78.489998,75.937950,471900
2015-03-26,78.300003,78.839996,77.589996,78.029999,75.492905,327200
2015-03-27,78.360001,79.889999,78.050003,79.550003,76.963478,280800
2015-03-30,79.910004,79.910004,78.059998,78.169998,75.628372,414600
2015-03-31,78.000000,79.889999,76.680000,79.650002,77.060226,719500
2015-04-01,80.160004,82.370003,79.870003,82.339996,79.662766,838200
2015-04-02,82.629997,84.000000,81.730003,83.589996,80.872116,570900
2015-04-06,81.699997,81.989998,79.059998,79.690002,77.098946,767100
2015-04-07,79.430000,79.449997,77.690002,77.730003,75.202667,546600
2015-04-08,77.839996,78.379997,76.760002,77.680000,75.154282,417600
2015-04-09,77.699997,79.000000,77.000000,78.760002,76.199173,613500
2015-04-10,79.129997,80.449997,78.910004,79.050003,76.479744,280700
2015-04-13,79.050003,79.330002,77.930000,78.150002,75.608994,345000
2015-04-14,77.919998,79.269997,77.790001,78.849998,76.286255,196200
2015-04-15,79.199997,80.480003,78.500000,80.279999,77.669762,330100
2015-04-16,80.040001,81.739998,79.230003,80.769997,78.143814,321600
2015-04-17,80.349998,80.510002,78.239998,79.309998,76.731293,382300
2015-04-20,79.760002,80.480003,78.699997,79.250000,76.673233,274200
2015-04-21,78.919998,79.269997,77.900002,78.650002,76.092751,312400
2015-04-22,78.860001,78.860001,76.480003,78.029999,75.492905,384300
2015-04-23,77.550003,77.559998,76.180000,76.290001,73.809486,672300
2015-04-24,76.000000,76.699997,75.250000,76.059998,73.586960,508000
2015-04-27,76.120003,78.410004,75.629997,77.650002,75.125259,512800
2015-04-28,77.500000,77.790001,76.199997,76.349998,73.867531,574600
2015-04-29,76.760002,77.269997,74.889999,75.379997,72.929062,554100
2015-04-30,75.739998,76.559998,75.000000,75.120003,72.677513,532500
2015-05-01,74.839996,76.139999,74.250000,75.260002,73.026840,720200
2015-05-04,75.580002,78.050003,75.309998,78.019997,75.704948,542500
2015-05-05,80.980003,81.620003,79.930000,80.570000,78.179283,647000
2015-05-06,80.180000,80.440002,78.760002,79.510002,77.150749,430900
2015-05-07,79.080002,81.160004,78.760002,80.980003,78.577118,323000
2015-05-08,81.250000,82.489998,80.610001,81.500000,79.081680,474800
2015-05-11,81.150002,84.250000,81.150002,84.010002,81.517212,518600
2015-05-12,82.690002,84.139999,81.120003,82.000000,79.566849,478700
2015-05-13,82.000000,83.900002,82.000000,82.389999,79.945282,424200
2015-05-14,82.500000,83.190002,81.580002,82.050003,79.615364,360300
2015-05-15,82.339996,82.650002,81.180000,82.480003,80.032616,371100
2015-05-18,82.480003,83.070000,81.599998,82.330002,79.887062,373100
2015-05-19,82.339996,83.400002,81.870003,82.279999,79.838547,297100
2015-05-20,82.059998,83.830002,81.940002,83.529999,81.051460,348300
2015-05-21,83.199997,84.449997,83.129997,83.959999,81.468689,466100
2015-05-22,83.940002,84.760002,83.089996,84.589996,82.080002,471000
2015-05-26,84.559998,85.000000,83.300003,84.440002,81.934456,603600
2015-05-27,84.930000,84.930000,83.610001,84.500000,81.992668,902500
2015-05-28,80.800003,83.459999,79.160004,81.930000,79.498940,1314100
2015-05-29,82.250000,82.910004,80.809998,81.529999,79.110809,594300
2015-06-01,81.610001,82.360001,79.220001,80.279999,77.897896,544200
2015-06-02,79.970001,80.330002,77.820000,78.120003,75.801987,630900
2015-06-03,78.120003,78.510002,77.480003,77.750000,75.442947,556800
2015-06-04,77.690002,78.379997,76.500000,77.669998,75.365326,664400
2015-06-05,77.400002,78.309998,75.300003,76.500000,74.230049,620200
2015-06-08,76.500000,76.519997,75.160004,75.860001,73.609055,576600
2015-06-09,76.160004,77.080002,75.430000,76.389999,74.123306,411100
2015-06-10,76.860001,78.209999,76.129997,77.010002,74.724922,582600
2015-06-11,77.010002,77.739998,76.400002,77.169998,74.880165,256900
2015-06-12,77.190002,78.370003,76.940002,78.190002,75.869911,524800
2015-06-15,77.919998,78.480003,77.500000,77.900002,75.588524,352900
2015-06-16,78.000000,78.690002,77.559998,77.839996,75.530289,313700
2015-06-17,77.650002,78.239998,77.120003,77.250000,74.957787,221300
2015-06-18,77.220001,78.489998,77.089996,77.980003,75.666138,400300
2015-06-19,78.379997,80.410004,78.379997,79.739998,77.373917,652200
2015-06-22,79.739998,80.430000,79.239998,80.220001,77.839668,374100
2015-06-23,80.209999,81.379997,78.809998,81.250000,78.839111,573500
2015-06-24,80.910004,80.930000,79.209999,79.559998,77.199249,451900
2015-06-25,79.839996,79.839996,77.919998,77.970001,75.656433,358200
2015-06-26,77.639999,78.120003,75.680000,75.769997,73.521713,1193800
2015-06-29,75.669998,76.849998,74.910004,75.000000,72.774567,455400
2015-06-30,75.110001,77.489998,75.070000,75.160004,72.929810,857300
2015-07-01,75.440002,75.860001,74.309998,74.540001,72.328201,496500
2015-07-02,74.419998,74.919998,72.760002,73.760002,71.571350,551500
2015-07-06,73.279999,73.959999,71.510002,71.800003,69.669510,432200
2015-07-07,71.800003,73.519997,71.239998,73.370003,71.192940,410900
2015-07-08,72.919998,73.279999,71.269997,71.500000,69.378418,556100
2015-07-09,71.860001,72.449997,70.849998,70.940002,68.835045,398500
2015-07-10,71.139999,71.559998,70.239998,70.660004,68.563339,350400
2015-07-13,70.800003,71.900002,70.169998,71.209999,69.097015,387200
2015-07-14,71.430000,72.470001,70.779999,72.269997,70.125565,428700
2015-07-15,72.589996,72.870003,70.980003,71.110001,68.999992,502600
2015-07-16,71.410004,71.800003,69.300003,69.800003,67.728859,853300
2015-07-17,69.940002,70.519997,68.779999,69.139999,67.088432,223100
2015-07-20,69.150002,69.589996,67.660004,67.900002,65.885231,330800
2015-07-21,67.709999,68.320000,66.320000,66.970001,64.982841,537600
2015-07-22,66.690002,67.769997,66.309998,67.400002,65.400085,424900
2015-07-23,67.610001,68.099998,67.050003,67.930000,65.914337,411800
2015-07-24,67.860001,67.940002,66.599998,66.779999,64.798470,393800
2015-07-27,66.180000,67.089996,65.080002,66.930000,64.944016,528600
2015-07-28,66.930000,69.050003,66.190002,68.989998,66.942902,408800
2015-07-29,69.169998,70.980003,69.010002,70.940002,68.835045,435700
2015-07-30,70.589996,71.750000,70.139999,71.389999,69.271683,337800
2015-07-31,71.050003,72.660004,71.050003,72.010002,70.089272,419600
2015-08-03,71.550003,72.309998,70.540001,72.169998,70.244995,378500
2015-08-04,71.860001,72.470001,70.830002,70.980003,69.086746,420400
2015-08-05,71.160004,72.379997,70.449997,71.779999,69.865402,397800
2015-08-06,71.889999,72.070000,70.260002,71.199997,69.300880,363100
2015-08-07,70.809998,71.690002,70.510002,71.300003,69.398216,226300
2015-08-10,71.750000,73.669998,71.279999,73.629997,71.666054,452100
2015-08-11,72.360001,73.290001,71.930000,72.449997,70.517532,270300
2015-08-12,72.019997,75.430000,71.029999,75.209999,73.203911,494800
2015-08-13,74.629997,75.639999,73.480003,73.589996,71.627129,317900
2015-08-14,73.160004,75.080002,73.160004,74.930000,72.931381,288300
2015-08-17,74.550003,75.370003,73.669998,74.790001,72.795120,301100
2015-08-18,74.440002,75.889999,74.290001,74.870003,72.872993,268400
2015-08-19,74.629997,74.709999,72.349998,72.370003,70.439674,482700
2015-08-20,71.669998,73.059998,71.500000,71.720001,69.807007,402800
2015-08-21,70.690002,71.650002,68.650002,68.970001,67.130363,712600
2015-08-24,65.620003,69.430000,64.650002,67.900002,66.088898,916700
2015-08-25,66.809998,68.610001,64.129997,67.839996,66.030487,1272400
2015-08-26,69.360001,69.989998,66.349998,68.190002,66.371155,872700
2015-08-27,68.570000,71.389999,68.040001,70.239998,68.366478,634100
2015-08-28,70.250000,70.650002,69.500000,69.970001,68.103691,532400
2015-08-31,69.029999,69.919998,68.620003,69.040001,67.198502,379600
2015-09-01,68.540001,68.910004,66.029999,66.360001,64.589981,771100
2015-09-02,67.190002,68.000000,65.989998,66.599998,64.823570,406700
2015-09-03,67.099998,68.650002,66.750000,67.900002,66.088898,429600
2015-09-04,67.250000,67.519997,66.610001,66.830002,65.047440,186700
2015-09-08,67.980003,68.400002,66.919998,67.660004,65.855309,397700
2015-09-09,67.980003,68.610001,67.139999,67.269997,65.475693,724400
2015-09-10,67.139999,68.550003,67.000000,67.730003,65.923447,314600
2015-09-11,67.419998,68.430000,67.269997,68.269997,66.449036,217700
2015-09-14,68.330002,68.400002,66.709999,67.080002,65.290764,255100
2015-09-15,67.209999,68.099998,66.919998,67.919998,66.108360,220100
2015-09-16,68.150002,69.339996,67.440002,69.019997,67.179031,352800
2015-09-17,68.769997,70.339996,67.519997,69.459999,67.607285,412900
2015-09-18,68.650002,69.720001,67.459999,67.650002,65.845573,392800
2015-09-21,68.379997,70.989998,67.779999,70.250000,68.376213,545800
2015-09-22,69.449997,69.449997,67.730003,68.750000,66.916237,261900
2015-09-23,68.949997,69.540001,67.940002,68.930000,67.091431,347300
2015-09-24,68.629997,70.190002,68.239998,69.980003,68.113441,361400
2015-09-25,69.900002,70.139999,68.559998,69.370003,67.732620,436400
2015-09-28,69.239998,69.330002,65.959999,66.220001,64.656975,325700
2015-09-29,66.300003,67.230003,65.230003,67.089996,65.506439,366400
2015-09-30,67.500000,68.650002,67.089996,68.570000,66.951500,414700
2015-10-01,68.589996,69.410004,68.290001,69.080002,67.449463,505600
2015-10-02,68.610001,70.220001,67.760002,70.070000,68.416092,506000
2015-10-05,70.860001,71.290001,69.370003,71.070000,69.392487,373000
2015-10-06,70.949997,71.849998,69.940002,69.980003,68.328239,362300
2015-10-07,70.309998,70.459999,66.739998,67.709999,66.111794,702900
2015-10-08,68.199997,69.910004,67.019997,69.269997,67.634979,401200
2015-10-09,69.180000,70.650002,68.669998,69.540001,67.898605,226800
2015-10-12,70.000000,70.779999,68.720001,69.129997,67.498283,324800
2015-10-13,68.720001,69.489998,66.809998,66.889999,65.311165,358200
2015-10-14,67.150002,68.099998,65.750000,65.959999,64.403122,424400
2015-10-15,66.040001,67.449997,64.589996,65.019997,63.485302,531400
2015-10-16,65.580002,67.290001,64.540001,67.010002,65.428337,584000
2015-10-19,66.879997,68.040001,65.349998,65.470001,63.924690,376300
2015-10-20,65.339996,66.410004,64.650002,65.989998,64.432388,587800
2015-10-21,66.500000,68.250000,65.930000,67.330002,65.740776,382600
2015-10-22,67.830002,69.260002,67.699997,68.910004,67.283485,287000
2015-10-23,69.209999,69.970001,68.760002,69.410004,67.771683,286500
2015-10-26,69.500000,69.779999,68.209999,69.000000,67.371353,283800
2015-10-27,69.000000,69.480003,68.400002,69.139999,67.508049,285700
2015-10-28,69.480003,70.110001,68.459999,70.110001,68.455154,366000
2015-10-29,69.480003,69.489998,66.040001,69.029999,67.400642,483000
2015-10-30,69.029999,70.029999,68.650002,69.510002,67.869324,325500
2015-11-02,69.769997,71.480003,69.099998,71.250000,69.568245,402600
2015-11-03,71.309998,72.769997,70.370003,72.739998,71.023071,409400
2015-11-04,73.000000,73.779999,70.650002,72.080002,70.378654,457100
2015-11-05,72.250000,73.199997,71.709999,72.779999,71.062134,217100
2015-11-06,72.379997,72.669998,70.669998,70.879997,69.206985,300600
2015-11-09,70.400002,71.980003,70.129997,70.349998,68.689484,244900
2015-11-10,70.370003,70.959999,69.699997,70.779999,69.109329,251100
2015-11-11,71.010002,71.180000,69.839996,70.279999,68.621147,179500
2015-11-12,70.000000,70.230003,67.339996,67.570000,65.975113,425800
2015-11-13,67.050003,67.980003,66.550003,67.900002,66.297325,298400
2015-11-16,67.720001,69.010002,67.320000,68.910004,67.283485,192500
2015-11-17,69.269997,69.989998,68.389999,69.199997,67.566635,204000
2015-11-18,69.709999,71.779999,69.330002,71.690002,69.997864,295900
2015-11-19,71.360001,71.550003,70.330002,70.980003,69.304626,191000
2015-11-20,69.500000,70.720001,68.010002,69.080002,67.449463,621000
2015-11-23,68.750000,72.139999,68.580002,71.769997,70.075966,524400
2015-11-24,71.910004,72.790001,71.379997,72.650002,70.935204,264700
2015-11-25,72.650002,73.430000,71.209999,73.000000,71.276932,166600
2015-11-27,73.129997,74.010002,72.889999,73.639999,71.901848,84600
2015-11-30,73.839996,74.879997,73.040001,74.809998,73.044228,265500
2015-12-01,74.400002,74.870003,71.690002,71.750000,70.056442,455400
2015-12-02,71.470001,71.820000,70.529999,70.660004,68.992180,348500
2015-12-03,74.000000,76.720001,72.910004,75.629997,73.844856,1042700
2015-12-04,76.010002,76.230003,74.410004,75.550003,73.766754,661800
2015-12-07,75.550003,76.230003,74.849998,75.169998,73.395714,351800
2015-12-08,74.809998,76.559998,74.099998,76.220001,74.420944,385100
2015-12-09,75.669998,76.269997,75.169998,76.089996,74.293999,379200
2015-12-10,76.089996,77.379997,75.449997,77.150002,75.328987,825400
2015-12-11,76.279999,77.080002,74.639999,74.680000,72.917305,629600
2015-12-14,74.419998,75.680000,72.919998,73.419998,71.687027,345100
2015-12-15,73.820000,74.139999,73.059998,73.709999,71.970184,328900
2015-12-16,73.190002,74.639999,72.150002,72.849998,71.130478,537800
2015-12-17,70.830002,76.470001,70.129997,75.000000,73.229744,788900
2015-12-18,74.980003,76.570000,74.900002,76.349998,74.547874,987300
2015-12-21,75.980003,77.470001,75.320000,76.410004,74.606461,614900
2015-12-22,76.349998,78.989998,75.860001,78.570000,76.715477,533100
2015-12-23,78.320000,81.720001,76.010002,81.339996,79.420082,568600
2015-12-24,81.760002,83.029999,80.559998,81.389999,79.468910,326300
2015-12-28,80.910004,82.480003,80.239998,81.110001,79.195518,442700
2015-12-29,81.070000,82.080002,79.620003,80.209999,78.316750,276000
2015-12-30,79.860001,80.349998,79.190002,79.300003,77.428246,206800
2015-12-31,79.510002,80.370003,77.230003,77.519997,75.690254,325000
2016-01-04,76.739998,77.519997,73.989998,74.919998,73.151627,944600
2016-01-05,75.040001,76.449997,74.540001,75.169998,73.395714,646800
2016-01-06,74.269997,76.919998,73.620003,76.400002,74.596687,655100
2016-01-07,75.089996,76.830002,74.320000,75.699997,73.913208,381100
2016-01-08,75.660004,76.510002,74.900002,75.019997,73.249260,359300
2016-01-11,79.120003,79.480003,76.930000,77.690002,75.856255,616500
2016-01-12,78.389999,80.169998,77.779999,79.720001,77.838326,459400
2016-01-13,80.099998,80.529999,78.970001,79.720001,77.838326,575700
2016-01-14,79.680000,81.599998,78.760002,80.989998,79.078346,589600
2016-01-15,79.220001,80.059998,73.510002,74.660004,72.897766,1306300
2016-01-19,74.339996,75.610001,73.089996,74.470001,72.712250,614400
2016-01-20,73.720001,76.279999,72.830002,75.900002,74.108498,692900
2016-01-21,75.930000,76.739998,74.480003,75.989998,74.196365,513000
2016-01-22,77.040001,78.360001,76.459999,77.540001,75.709778,471100
2016-01-25,77.160004,78.480003,75.040001,75.750000,73.962029,518600
2016-01-26,75.849998,78.379997,75.849998,78.089996,76.246796,365100
2016-01-27,77.989998,80.290001,77.849998,78.349998,76.500671,386800
2016-01-28,78.349998,80.199997,78.180000,79.559998,77.682106,254400
2016-01-29,79.690002,81.349998,79.339996,81.220001,79.522820,452000
2016-02-01,80.349998,81.779999,80.029999,81.349998,79.650108,319200
2016-02-02,80.629997,81.790001,78.769997,78.879997,77.231705,388900
2016-02-03,79.500000,79.500000,77.940002,78.570000,76.928192,295500
2016-02-04,78.470001,80.290001,77.970001,79.209999,77.554832,300700
2016-02-05,79.820000,81.849998,79.750000,80.629997,78.945145,492500
2016-02-08,79.790001,83.540001,78.839996,81.839996,80.129860,843700
2016-02-09,80.739998,84.190002,79.959999,82.879997,81.148125,779700
2016-02-10,83.629997,84.120003,82.199997,83.040001,81.304802,575600
2016-02-11,80.760002,82.470001,79.610001,81.169998,79.473862,498700
2016-02-12,82.160004,83.919998,80.470001,83.400002,81.657272,391900
2016-02-16,84.230003,85.209999,83.870003,84.459999,82.695122,429500
2016-02-17,85.250000,87.629997,84.980003,86.879997,85.064537,630800
2016-02-18,86.750000,87.730003,85.150002,85.690002,83.899422,556100
2016-02-19,85.489998,86.709999,84.379997,85.739998,83.948372,476200
2016-02-22,86.519997,86.959999,85.879997,86.629997,84.819763,1036900
2016-02-23,86.589996,87.000000,85.800003,86.790001,84.976418,741700
2016-02-24,86.349998,86.720001,84.839996,85.169998,83.390282,457200
2016-02-25,80.260002,89.230003,80.120003,88.680000,86.826942,701400
2016-02-26,88.970001,91.239998,88.199997,89.980003,88.099770,795500
2016-02-29,89.980003,92.889999,89.910004,91.260002,89.353027,448900
2016-03-01,91.790001,91.790001,89.580002,90.089996,88.207474,623500
2016-03-02,90.089996,91.879997,90.089996,91.650002,89.734871,581200
2016-03-03,92.230003,93.980003,91.849998,93.400002,91.448296,693800
2016-03-04,93.680000,93.910004,89.570000,91.349998,89.441124,914300
2016-03-07,90.440002,92.739998,88.300003,92.620003,90.684616,733600
2016-03-08,91.639999,92.480003,91.139999,91.209999,89.304077,701700
2016-03-09,91.860001,93.449997,91.500000,92.839996,90.900009,675400
2016-03-10,92.779999,93.150002,88.610001,88.959999,87.101082,1222300
2016-03-11,89.470001,90.889999,88.959999,90.699997,88.804718,544300
2016-03-14,90.190002,91.110001,89.690002,90.839996,88.941795,388700
2016-03-15,85.300003,87.660004,83.910004,84.220001,82.460136,632700
2016-03-16,84.309998,86.250000,83.690002,85.720001,83.928787,494700
2016-03-17,85.970001,90.199997,85.970001,89.760002,87.884377,624600
2016-03-18,90.209999,90.580002,88.930000,90.239998,88.354332,517100
2016-03-21,89.650002,90.070000,88.160004,88.750000,86.895470,286600
2016-03-22,88.089996,88.709999,87.480003,87.589996,85.759712,323200
2016-03-23,87.620003,88.839996,86.820000,88.110001,86.268860,387100
2016-03-24,87.849998,88.160004,86.239998,87.480003,85.652023,416900
2016-03-28,87.500000,88.760002,86.760002,88.279999,86.435303,233800
2016-03-29,88.349998,89.970001,88.250000,89.889999,88.011658,271800
2016-03-30,90.000000,90.410004,88.879997,90.330002,88.442467,314700
2016-03-31,90.180000,90.269997,88.650002,90.180000,88.295586,362500
2016-04-01,90.029999,93.230003,89.430000,93.150002,91.203537,487300
2016-04-04,92.940002,94.129997,91.709999,93.389999,91.438515,489800
2016-04-05,92.949997,93.940002,92.360001,93.389999,91.438515,615300
2016-04-06,93.269997,94.750000,93.059998,94.290001,92.319695,360000
2016-04-07,93.559998,95.449997,93.129997,94.160004,92.192421,479800
2016-04-08,94.650002,94.790001,93.040001,93.599998,91.644127,316400
2016-04-11,94.220001,94.220001,91.750000,91.910004,89.989449,236300
2016-04-12,91.760002,92.910004,91.150002,91.809998,89.891525,217300
2016-04-13,92.230003,92.279999,90.389999,90.699997,88.804718,201800
2016-04-14,91.449997,91.470001,89.139999,89.559998,87.688545,214400
2016-04-15,89.110001,90.760002,87.730003,89.500000,87.629807,396800
2016-04-18,88.709999,90.690002,88.449997,90.639999,88.745964,304300
2016-04-19,90.500000,91.000000,88.709999,88.849998,86.993378,282100
2016-04-20,88.760002,92.019997,87.379997,87.800003,85.965324,485900
2016-04-21,87.629997,87.989998,84.949997,85.099998,83.321739,449700
2016-04-22,85.900002,88.370003,85.180000,87.760002,85.926163,428700
2016-04-25,87.309998,88.309998,86.290001,86.610001,84.800186,228800
2016-04-26,86.910004,87.949997,86.379997,87.769997,85.935936,259800
2016-04-27,88.169998,88.830002,86.500000,87.580002,85.749916,257300
2016-04-28,87.650002,92.400002,87.580002,91.519997,89.607597,610300
2016-04-29,91.019997,91.930000,90.199997,91.739998,89.822998,449000
2016-05-02,91.739998,92.449997,89.820000,91.680000,89.764236,344700
2016-05-03,91.400002,91.779999,89.879997,90.830002,88.932022,179600
2016-05-04,90.629997,91.970001,90.629997,91.610001,89.695717,220000
2016-05-05,92.180000,92.489998,91.000000,91.489998,89.578209,247900
2016-05-06,90.690002,92.589996,90.160004,92.580002,90.863937,243300
2016-05-09,93.510002,95.980003,93.139999,94.290001,92.542229,362100
2016-05-10,94.730003,94.919998,92.820000,93.809998,92.071121,335500
2016-05-11,94.019997,94.599998,92.730003,93.639999,91.904274,245500
2016-05-12,93.839996,94.879997,92.540001,93.449997,91.717789,221900
2016-05-13,92.959999,93.360001,92.169998,92.360001,90.648018,200500
2016-05-16,92.739998,93.459999,92.389999,92.599998,90.883560,286600
2016-05-17,92.800003,92.800003,87.500000,88.449997,86.810486,283300
2016-05-18,88.589996,88.589996,85.900002,87.860001,86.231422,385100
2016-05-19,88.000000,89.330002,87.120003,87.589996,85.966431,263200
2016-05-20,87.730003,88.169998,85.910004,87.889999,86.260872,143600
2016-05-23,88.410004,89.160004,87.139999,88.760002,87.114738,355300
2016-05-24,89.000000,90.070000,87.919998,89.519997,87.860664,350900
2016-05-25,89.430000,90.599998,87.760002,90.120003,88.449532,417500
2016-05-26,91.470001,93.900002,87.320000,92.550003,90.834488,1127700
2016-05-27,91.110001,92.570000,88.260002,88.639999,86.996971,587500
2016-05-31,89.260002,90.430000,88.699997,89.709999,88.047127,645700
2016-06-01,90.239998,91.860001,89.580002,90.150002,88.478981,679700
2016-06-02,90.269997,90.720001,86.199997,86.250000,84.651276,516300
2016-06-03,86.570000,87.070000,85.540001,86.400002,84.798492,433100
2016-06-06,85.760002,85.760002,83.610001,84.040001,82.482231,816700
2016-06-07,83.760002,85.010002,83.330002,83.699997,82.148529,440300
2016-06-08,83.300003,83.519997,80.620003,80.830002,79.331718,1014000
2016-06-09,80.519997,83.839996,80.500000,83.010002,81.471329,634200
2016-06-10,82.750000,83.650002,80.849998,82.970001,81.432068,571900
2016-06-13,82.529999,82.529999,80.550003,80.650002,79.155067,440000
2016-06-14,80.320000,81.459999,80.290001,81.010002,79.508392,406200
2016-06-15,81.410004,81.739998,80.269997,80.529999,79.037292,256700
2016-06-16,80.660004,82.430000,80.540001,82.070000,80.548737,296600
2016-06-17,81.839996,82.000000,80.269997,81.300003,79.793022,445500
2016-06-20,81.940002,83.010002,81.519997,81.699997,80.185600,240500
2016-06-21,82.250000,83.680000,81.500000,82.889999,81.353546,316800
2016-06-22,83.199997,83.769997,82.389999,82.900002,81.363365,390100
2016-06-23,82.870003,83.000000,81.750000,82.669998,81.137627,650900
2016-06-24,80.419998,84.980003,80.419998,83.220001,81.677437,765300
2016-06-27,83.000000,83.839996,82.059998,83.389999,81.844284,442100
2016-06-28,83.500000,84.419998,82.000000,82.650002,81.118011,399000
2016-06-29,83.730003,84.449997,81.699997,82.620003,81.088562,511500
2016-06-30,83.089996,89.220001,83.089996,86.639999,85.034035,1023600
2016-07-01,86.919998,88.029999,84.230003,84.639999,83.071106,351000
2016-07-05,84.320000,85.830002,84.279999,84.790001,83.218330,507500
2016-07-06,85.230003,88.709999,85.150002,88.290001,86.653442,382000
2016-07-07,88.529999,89.559998,87.900002,89.349998,87.693810,443100
2016-07-08,89.480003,90.199997,88.879997,89.910004,88.243431,315500
2016-07-11,90.519997,90.570000,89.160004,89.650002,87.988243,319600
2016-07-12,89.599998,90.199997,89.199997,89.410004,87.752701,236000
2016-07-13,89.269997,89.279999,86.760002,87.709999,86.084213,437200
2016-07-14,87.669998,88.000000,86.889999,87.010002,85.397179,342300
2016-07-15,86.529999,86.900002,85.150002,85.389999,83.807205,343000
2016-07-18,86.000000,86.610001,84.339996,84.639999,83.071106,413300
2016-07-19,85.050003,86.230003,84.559998,86.059998,84.464790,561200
2016-07-20,86.410004,87.360001,85.629997,87.290001,85.671997,420600
2016-07-21,87.760002,88.120003,87.160004,88.080002,86.447357,226000
2016-07-22,87.760002,89.660004,87.760002,88.889999,87.242332,341300
2016-07-25,88.470001,89.769997,88.470001,89.360001,87.703621,302600
2016-07-26,89.589996,89.779999,88.150002,88.760002,87.114738,280800
2016-07-27,88.820000,88.820000,86.199997,86.269997,84.670891,220200
2016-07-28,86.269997,86.269997,84.529999,85.269997,83.689430,276000
2016-07-29,85.419998,87.790001,85.309998,87.589996,85.966431,438300
2016-08-01,87.610001,88.239998,85.790001,88.150002,86.516060,465600
2016-08-02,87.879997,89.000000,87.430000,88.230003,86.594566,267800
2016-08-03,87.769997,88.529999,86.879997,87.620003,85.995880,246900
2016-08-04,87.589996,89.220001,87.040001,89.129997,87.477882,230400
2016-08-05,89.360001,89.790001,88.269997,88.349998,86.926903,221600
2016-08-08,89.459999,90.739998,88.489998,89.199997,87.763214,306800
2016-08-09,89.160004,90.269997,88.970001,89.800003,88.353546,142500
2016-08-10,89.730003,90.620003,89.029999,89.120003,87.684509,219300
2016-08-11,89.040001,89.190002,87.800003,88.260002,86.838356,154500
2016-08-12,88.540001,89.860001,88.330002,89.750000,88.304352,191000
2016-08-15,89.599998,90.300003,88.809998,89.949997,88.501122,137100
2016-08-16,89.489998,90.190002,88.970001,88.989998,87.556602,157800
2016-08-17,89.269997,92.160004,89.269997,91.800003,90.321335,398900
2016-08-18,93.300003,94.639999,92.290001,93.690002,92.180893,509500
2016-08-19,93.730003,93.900002,91.839996,93.309998,91.807014,305400
2016-08-22,93.519997,95.300003,92.860001,94.470001,92.948334,384300
2016-08-23,95.080002,96.449997,94.269997,96.120003,94.571747,442400
2016-08-24,95.919998,96.360001,94.269997,95.150002,93.617386,633800
2016-08-25,94.940002,98.589996,94.940002,97.080002,95.516281,924700
2016-08-26,97.000000,99.400002,96.290001,96.940002,95.378540,619600
2016-08-29,96.620003,97.529999,96.550003,96.699997,95.142403,335700
2016-08-30,96.300003,97.370003,96.300003,97.339996,95.772102,261500
2016-08-31,97.339996,97.339996,95.230003,96.230003,94.679985,406300
2016-09-01,95.769997,96.129997,94.150002,95.500000,93.961723,378800
2016-09-02,95.510002,97.769997,95.019997,96.849998,95.289993,285400
2016-09-06,96.930000,97.070000,95.160004,96.110001,94.561913,339800
2016-09-07,95.500000,96.989998,94.120003,96.650002,95.093208,471200
2016-09-08,96.139999,97.449997,95.790001,95.889999,94.345459,445200
2016-09-09,95.639999,96.580002,92.480003,92.489998,91.000214,393900
2016-09-12,92.500000,94.440002,92.379997,93.870003,92.357994,392900
2016-09-13,93.750000,95.160004,93.709999,94.059998,92.544937,354000
2016-09-14,93.989998,95.209999,93.349998,93.809998,92.298943,208100
2016-09-15,93.190002,95.680000,93.190002,95.589996,94.050285,447100
2016-09-16,95.660004,95.769997,93.589996,94.309998,92.790909,343700
2016-09-19,94.139999,95.199997,93.790001,94.730003,93.204147,543700
2016-09-20,94.760002,96.419998,94.330002,94.330002,92.810585,242600
2016-09-21,94.709999,95.639999,94.510002,94.709999,93.184456,364600
2016-09-22,94.940002,96.059998,94.660004,95.540001,94.001091,659700
2016-09-23,94.889999,96.370003,94.709999,94.980003,93.450111,377600
2016-09-26,94.739998,96.250000,94.699997,95.699997,94.158508,438500
2016-09-27,95.699997,96.489998,94.449997,94.919998,93.391075,516600
2016-09-28,95.349998,96.449997,95.290001,95.830002,94.286423,470800
2016-09-29,95.599998,98.110001,95.489998,96.650002,95.093208,732800
2016-09-30,95.889999,96.879997,95.389999,96.330002,95.014305,359000
2016-10-03,96.570000,96.989998,95.570000,96.190002,94.876221,355600
2016-10-04,95.839996,96.379997,91.970001,92.209999,90.950577,511900
2016-10-05,92.000000,93.529999,91.820000,92.790001,91.522652,503300
2016-10-06,92.809998,94.139999,92.129997,93.180000,91.907326,408100
2016-10-07,92.889999,92.889999,86.750000,89.150002,87.932381,1438600
2016-10-10,90.610001,94.239998,89.559998,93.940002,92.656944,707700
2016-10-11,94.220001,95.489998,93.419998,94.739998,93.446014,532800
2016-10-12,95.160004,96.180000,94.190002,95.830002,94.521133,496500
2016-10-13,95.580002,95.860001,93.930000,95.070000,93.771515,389800
2016-10-14,95.230003,96.300003,93.019997,93.089996,91.818558,427700
2016-10-17,93.599998,93.879997,92.550003,92.739998,91.473335,429600
2016-10-18,93.309998,93.900002,92.050003,92.070000,90.812485,289900
2016-10-19,92.330002,92.330002,91.000000,91.029999,89.786690,369900
2016-10-20,91.000000,91.599998,87.650002,87.709999,86.512047,562000
2016-10-21,87.790001,88.290001,87.209999,87.839996,86.640251,497700
2016-10-24,88.389999,88.529999,87.379997,87.449997,86.255577,360100
2016-10-25,87.349998,88.070000,86.239998,86.779999,85.594734,985800
2016-10-26,86.589996,87.339996,85.650002,85.779999,84.608391,723600
2016-10-27,85.250000,87.820000,85.250000,87.510002,86.314774,591000
2016-10-28,87.800003,89.669998,86.720001,89.220001,88.001419,511800
2016-10-31,89.550003,90.230003,88.660004,89.980003,88.751045,476000
2016-11-01,90.000000,92.370003,89.809998,91.610001,90.358772,721100
2016-11-02,91.809998,92.260002,90.750000,91.570000,90.319321,478200
2016-11-03,91.320000,92.389999,90.449997,92.099998,90.842064,417600
2016-11-04,92.370003,92.370003,85.660004,85.790001,84.618263,1137800
2016-11-07,87.320000,87.320000,85.760002,86.449997,85.269257,697500
2016-11-08,86.440002,88.209999,86.000000,86.150002,84.973343,668600
2016-11-09,86.120003,86.489998,81.650002,86.360001,85.180473,769900
2016-11-10,86.260002,86.260002,82.900002,84.150002,83.000664,810800
2016-11-11,84.320000,84.480003,82.580002,83.550003,82.408859,737000
2016-11-14,84.389999,86.489998,84.000000,85.910004,84.736633,347600
2016-11-15,85.910004,87.419998,84.599998,86.040001,84.864853,611200
2016-11-16,85.910004,87.089996,84.849998,85.639999,84.470314,481200
2016-11-17,84.570000,84.570000,79.500000,82.019997,80.899750,1228700
2016-11-18,82.120003,82.150002,80.779999,81.040001,79.933136,1263900
2016-11-21,75.889999,80.290001,74.070000,78.980003,77.901276,1633500
2016-11-22,78.320000,81.059998,78.320000,79.739998,78.650894,681400
2016-11-23,79.500000,81.150002,79.500000,80.279999,79.183517,475900
2016-11-25,80.070000,81.110001,79.989998,80.239998,79.144058,171500
2016-11-28,79.610001,81.699997,79.500000,80.540001,79.439964,480800
2016-11-29,82.139999,82.519997,80.809998,81.489998,80.376991,695200
2016-11-30,81.540001,81.779999,80.099998,80.650002,79.548462,783900
2016-12-01,80.279999,81.589996,80.279999,81.089996,79.982452,686700
2016-12-02,80.750000,82.870003,80.750000,81.959999,80.840561,508600
2016-12-05,83.489998,86.750000,82.099998,85.900002,84.726753,817400
2016-12-06,85.900002,86.660004,84.620003,84.730003,83.572739,752200
2016-12-07,84.760002,87.000000,84.269997,86.260002,85.081841,624000
2016-12-08,86.250000,86.839996,85.070000,85.379997,84.213860,725400
2016-12-09,85.779999,89.650002,85.760002,89.300003,88.080322,818500
2016-12-12,91.070000,93.739998,89.029999,89.989998,88.760895,1172900
2016-12-13,89.930000,91.040001,89.800003,89.970001,88.741173,405400
2016-12-14,90.000000,90.580002,88.309998,89.269997,88.050720,610100
2016-12-15,92.010002,92.360001,84.300003,88.750000,87.537849,1788200
2016-12-16,88.360001,91.639999,88.360001,91.489998,90.240410,1093200
2016-12-19,91.760002,92.769997,89.750000,92.349998,91.088654,657500
2016-12-20,92.760002,94.940002,91.000000,93.930000,92.647079,581100
2016-12-21,93.000000,94.370003,93.000000,93.660004,92.380775,628600
2016-12-22,93.500000,94.449997,92.839996,93.660004,92.380775,624500
2016-12-23,93.480003,93.680000,92.599998,93.529999,92.252556,444000
2016-12-27,93.260002,94.220001,92.930000,93.699997,92.420227,211700
2016-12-28,93.400002,93.449997,92.419998,93.199997,91.927055,230000
2016-12-29,93.400002,94.989998,92.610001,94.209999,92.923256,289200
2016-12-30,94.650002,94.959999,93.949997,94.239998,92.952858,281300
2017-01-03,94.699997,96.760002,94.500000,96.320000,95.004433,593600
2017-01-04,96.970001,97.820000,96.320000,97.669998,96.335999,468000
2017-01-05,97.669998,98.440002,96.669998,98.160004,96.819321,433700
2017-01-06,97.730003,98.660004,96.279999,96.699997,95.379257,596700
2017-01-09,96.209999,96.730003,95.099998,95.220001,93.919464,601900
2017-01-10,95.790001,95.790001,93.459999,93.519997,92.242668,511000
2017-01-11,94.070000,94.669998,93.489998,93.980003,92.696404,316200
2017-01-12,94.059998,94.389999,93.010002,93.379997,92.104591,417000
2017-01-13,93.510002,94.589996,93.510002,94.480003,93.189583,239200
2017-01-17,94.510002,94.669998,93.269997,93.400002,92.124329,372300
2017-01-18,93.059998,93.910004,92.769997,93.269997,91.996094,252100
2017-01-19,93.349998,93.349998,91.290001,91.370003,90.122040,430000
2017-01-20,91.400002,92.139999,90.449997,90.730003,89.490799,386500
2017-01-23,90.839996,91.760002,90.019997,90.930000,89.688049,588400
2017-01-24,91.139999,91.769997,90.089996,90.809998,89.569695,410500
2017-01-25,91.320000,91.839996,90.790001,91.239998,89.993828,308500
2017-01-26,91.480003,92.010002,90.820000,91.330002,90.082603,355400
2017-01-27,90.760002,91.709999,89.980003,90.220001,89.222221,371900
2017-01-30,90.000000,90.730003,88.800003,89.879997,88.885979,414000
2017-01-31,89.820000,91.360001,89.680000,91.000000,89.993584,369300
2017-02-01,91.449997,92.919998,90.620003,92.400002,91.378113,425100
2017-02-02,92.400002,94.620003,92.220001,94.519997,93.474655,374400
2017-02-03,94.910004,94.910004,90.959999,91.260002,90.250710,617100
2017-02-06,90.000000,91.000000,87.580002,89.500000,88.510185,915500
2017-02-07,89.889999,90.889999,88.739998,88.879997,87.897034,330300
2017-02-08,88.900002,88.900002,87.540001,88.610001,87.630028,369400
2017-02-09,88.699997,92.720001,88.699997,92.180000,91.160538,616500
2017-02-10,92.150002,93.839996,91.669998,91.699997,90.685844,293100
2017-02-13,91.949997,92.730003,91.070000,92.080002,91.061646,268100
2017-02-14,92.000000,93.029999,91.750000,93.010002,91.981354,378700
2017-02-15,93.199997,94.220001,92.610001,93.830002,92.792290,290700
2017-02-16,93.559998,94.000000,92.099998,93.959999,92.920853,456100
2017-02-17,93.980003,95.330002,93.160004,95.029999,93.979019,447900
2017-02-21,94.989998,95.790001,93.129997,95.129997,94.077919,426800
2017-02-22,95.080002,95.959999,93.250000,93.669998,92.634056,412500
2017-02-23,90.000000,95.889999,89.750000,95.160004,94.107582,889100
2017-02-24,94.209999,95.250000,93.410004,94.440002,93.395554,415500
2017-02-27,94.120003,95.000000,93.320000,93.910004,92.871407,483900
2017-02-28,93.800003,95.750000,93.800003,95.040001,93.988922,486000
2017-03-01,94.870003,96.370003,94.820000,95.629997,94.572388,437900
2017-03-02,95.849998,96.070000,94.480003,94.720001,93.672455,380700
2017-03-03,94.690002,95.230003,93.400002,94.389999,93.346100,280400
2017-03-06,92.169998,93.279999,90.779999,92.529999,91.506676,596200
2017-03-07,92.000000,92.779999,91.230003,91.620003,90.606735,314500
2017-03-08,91.989998,92.269997,90.669998,90.730003,89.726585,297900
2017-03-09,91.000000,92.589996,90.720001,92.440002,91.417671,361700
2017-03-10,92.860001,94.250000,92.860001,93.930000,92.891190,258400
2017-03-13,94.290001,94.800003,93.239998,93.620003,92.584618,201500
2017-03-14,93.620003,94.430000,92.370003,93.550003,92.515388,306900
2017-03-15,94.190002,95.610001,93.800003,95.430000,94.374596,352000
2017-03-16,95.370003,95.370003,92.660004,93.910004,92.871407,351900
2017-03-17,93.610001,95.059998,93.550003,94.720001,93.672455,328700
2017-03-20,94.720001,95.169998,93.629997,94.849998,93.801010,379300
2017-03-21,94.919998,95.660004,94.250000,95.040001,93.988922,411500
2017-03-22,95.400002,98.180000,95.000000,98.099998,97.015068,596800
2017-03-23,98.099998,99.180000,96.809998,99.120003,98.023788,447300
2017-03-24,99.250000,101.860001,99.059998,100.349998,99.240189,558600
2017-03-27,104.309998,104.309998,101.610001,102.760002,101.623528,739800
2017-03-28,102.400002,103.849998,102.139999,103.230003,102.088333,510900
2017-03-29,103.080002,105.349998,102.250000,103.849998,102.701477,397300
2017-03-30,103.900002,104.139999,102.750000,103.330002,102.187225,240200
2017-03-31,103.129997,104.519997,102.900002,103.839996,102.691582,282600
2017-04-03,103.709999,104.300003,103.029999,103.440002,102.296021,236900
2017-04-04,103.230003,104.070000,102.489998,103.480003,102.335571,156500
2017-04-05,103.269997,104.790001,103.269997,103.669998,102.523468,456300
2017-04-06,103.860001,105.300003,101.830002,104.949997,103.789322,318400
2017-04-07,105.519997,106.080002,104.250000,104.389999,103.235504,564200
2017-04-10,104.949997,106.440002,104.699997,105.879997,104.709030,296500
2017-04-11,105.669998,106.889999,105.639999,106.790001,105.608971,367600
2017-04-12,106.800003,107.800003,106.150002,107.050003,105.866089,422700
2017-04-13,107.080002,108.279999,106.419998,107.489998,106.301208,356700
2017-04-17,107.739998,108.809998,107.089996,108.489998,107.290161,312500
2017-04-18,108.309998,109.430000,108.029999,109.059998,107.853844,514800
2017-04-19,109.519997,110.760002,108.910004,110.309998,109.090027,409400
2017-04-20,110.129997,111.589996,109.830002,111.339996,110.108635,253900
2017-04-21,111.430000,115.900002,111.360001,113.449997,112.195297,635600
2017-04-24,113.660004,114.949997,112.680000,112.809998,111.562378,412100
2017-04-25,113.250000,114.300003,110.680000,113.529999,112.274422,547700
2017-04-26,113.360001,114.570000,112.099998,114.279999,113.016129,255700
2017-04-27,114.410004,115.500000,113.430000,115.330002,114.054512,201900
2017-04-28,115.510002,116.339996,114.930000,115.779999,114.499542,219600
2017-05-01,115.709999,116.669998,114.800003,114.889999,113.619377,329700
2017-05-02,115.019997,115.669998,113.480003,115.459999,114.183067,412400
2017-05-03,115.029999,115.290001,113.419998,114.849998,113.579826,332800
2017-05-04,114.800003,116.320000,114.160004,115.919998,114.637993,247800
2017-05-05,115.330002,116.760002,115.330002,116.099998,115.054207,269900
2017-05-08,115.730003,115.730003,113.300003,113.860001,112.834389,305200
2017-05-09,114.470001,115.300003,113.849998,114.139999,113.111862,242800
2017-05-10,114.199997,114.339996,112.570000,112.720001,111.704651,342300
2017-05-11,112.269997,112.269997,108.820000,111.879997,110.872208,633600
2017-05-12,112.309998,113.529999,111.410004,112.699997,111.684822,290500
2017-05-15,113.019997,114.139999,112.050003,113.470001,112.447891,282400
2017-05-16,113.820000,114.360001,111.379997,113.699997,112.675819,192400
2017-05-17,113.279999,115.970001,112.650002,114.370003,113.339790,341700
2017-05-18,114.629997,117.129997,113.349998,116.669998,115.619072,353400
2017-05-19,117.150002,117.269997,114.540001,115.300003,114.261414,415100
2017-05-22,114.980003,116.900002,114.230003,116.550003,115.500153,346800
2017-05-23,116.550003,117.080002,114.290001,116.959999,115.906464,358300
2017-05-24,117.139999,121.300003,117.139999,119.949997,118.869530,674000
2017-05-25,125.309998,125.870003,114.379997,115.730003,114.687538,930500
2017-05-26,117.050003,122.080002,117.029999,120.029999,118.948799,575100
2017-05-30,120.360001,120.360001,116.629997,117.540001,116.481224,444700
2017-05-31,117.739998,120.160004,116.529999,118.699997,117.630783,394100
2017-06-01,119.760002,119.760002,117.010002,119.430000,118.354210,367300
2017-06-02,119.320000,121.459999,118.190002,121.209999,120.118179,332600
2017-06-05,120.610001,121.360001,120.190002,121.080002,119.989357,197200
2017-06-06,120.430000,122.510002,120.430000,120.669998,119.583038,251500
2017-06-07,120.370003,123.989998,120.370003,123.529999,122.417274,493400
2017-06-08,124.870003,128.679993,123.949997,125.779999,124.647011,806500
2017-06-09,126.059998,128.259995,125.209999,128.100006,126.946114,522600
2017-06-12,126.809998,126.809998,123.949997,126.589996,125.449715,575400
2017-06-13,126.849998,128.360001,126.110001,127.870003,126.718185,472600
2017-06-14,128.130005,129.500000,127.120003,128.100006,126.946114,471500
2017-06-15,127.160004,128.910004,127.029999,128.520004,127.362335,309100
2017-06-16,127.709999,127.750000,122.650002,126.440002,125.301064,635200
2017-06-19,126.870003,127.459999,125.199997,126.550003,125.410072,317400
2017-06-20,127.190002,127.190002,124.570000,125.690002,124.557823,222100
2017-06-21,125.680000,126.589996,124.769997,126.099998,124.964127,247400
2017-06-22,126.690002,127.959999,123.110001,123.209999,122.100159,425700
2017-06-23,123.360001,124.629997,121.559998,123.930000,122.813675,443400
2017-06-26,123.889999,123.989998,119.800003,120.050003,118.968628,308900
2017-06-27,119.739998,120.519997,117.389999,117.790001,116.728981,386700
2017-06-28,118.239998,118.919998,116.519997,117.080002,116.025383,332500
2017-06-29,116.470001,117.559998,115.940002,116.870003,115.817268,236100
2017-06-30,117.120003,117.889999,115.169998,115.650002,114.608261,345400
2017-07-03,115.919998,118.690002,115.919998,117.070000,116.015472,155900
2017-07-05,116.989998,117.910004,113.449997,115.660004,114.618172,607500
2017-07-06,115.720001,116.370003,114.989998,115.209999,114.172218,303100
2017-07-07,115.199997,116.300003,114.769997,115.470001,114.429878,293800
2017-07-10,115.269997,115.620003,112.209999,112.400002,111.387543,530400
2017-07-11,112.830002,112.830002,109.739998,112.190002,111.179428,718000
2017-07-12,113.089996,115.129997,112.980003,114.900002,113.865021,616500
2017-07-13,115.040001,118.099998,115.040001,118.040001,116.976730,479300
2017-07-14,117.180000,118.050003,116.300003,116.570000,115.519974,233000
2017-07-17,116.769997,119.690002,116.230003,119.320000,118.245201,322500
2017-07-18,118.730003,119.690002,117.610001,119.430000,118.354210,355600
2017-07-19,119.730003,120.949997,119.180000,119.709999,118.631683,342400
2017-07-20,119.709999,120.300003,117.320000,117.739998,116.679436,329600
2017-07-21,118.320000,119.000000,117.449997,118.760002,117.690247,187500
2017-07-24,119.190002,120.730003,118.790001,119.669998,118.592049,185100
2017-07-25,120.110001,123.430000,119.669998,122.989998,121.882141,327200
2017-07-26,123.629997,129.389999,123.239998,126.180000,125.043404,866700
2017-07-27,126.669998,128.419998,124.639999,128.309998,127.154213,352500
2017-07-28,128.190002,128.589996,127.250000,128.139999,127.223724,221800
2017-07-31,128.660004,131.330002,128.139999,130.750000,129.815048,380900
2017-08-01,131.570007,132.860001,129.649994,132.630005,131.681610,307500
2017-08-02,132.509995,133.020004,130.460007,132.919998,131.969543,302400
2017-08-03,133.509995,134.309998,131.690002,132.130005,131.185181,320400
2017-08-04,132.889999,135.580002,132.139999,134.529999,133.568024,237200
2017-08-07,135.580002,136.789993,134.130005,136.570007,135.593445,352200
2017-08-08,136.210007,136.589996,133.190002,135.669998,134.699875,283800
2017-08-09,135.250000,137.970001,134.059998,137.919998,136.933777,235500
2017-08-10,137.619995,140.850006,136.759995,139.889999,138.889694,316400
2017-08-11,139.320007,141.000000,138.889999,139.899994,138.899612,236700
2017-08-14,140.759995,142.869995,139.550003,142.250000,141.232819,307100
2017-08-15,142.679993,144.929993,142.110001,144.529999,143.496521,302600
2017-08-16,144.529999,145.020004,141.910004,143.699997,142.672455,483100
2017-08-17,140.039993,143.759995,138.559998,140.229996,139.227264,396200
2017-08-18,139.990005,141.660004,139.520004,140.529999,139.525116,392500
2017-08-21,141.050003,141.899994,139.800003,140.440002,139.435760,408100
2017-08-22,141.020004,143.330002,140.139999,143.020004,141.997314,316400
2017-08-23,143.419998,143.419998,140.899994,140.960007,139.952057,386500
2017-08-24,144.520004,148.330002,135.979996,136.669998,135.692734,833700
2017-08-25,138.029999,141.369995,136.800003,141.240005,140.230042,532600
2017-08-28,141.250000,141.699997,139.460007,140.289993,139.286835,448500
2017-08-29,140.199997,142.550003,139.679993,142.149994,141.133530,279000
2017-08-30,142.440002,147.149994,142.440002,146.710007,145.660934,367300
2017-08-31,147.050003,148.690002,145.740005,147.520004,146.465149,443700
2017-09-01,147.880005,151.639999,147.210007,151.550003,150.466339,478700
2017-09-05,151.550003,152.449997,147.100006,149.649994,148.579895,581100
2017-09-06,149.649994,151.160004,148.009995,150.419998,149.344391,443900
2017-09-07,150.850006,152.630005,148.000000,149.779999,148.708984,412000
2017-09-08,149.639999,151.699997,148.350006,150.419998,149.344391,297700
2017-09-11,151.399994,151.899994,146.750000,149.750000,148.679184,385700
2017-09-12,149.759995,154.369995,148.970001,152.979996,151.886093,521200
2017-09-13,152.570007,154.570007,151.630005,153.669998,152.571167,355700
2017-09-14,153.979996,156.660004,153.740005,155.339996,154.229218,397900
2017-09-15,156.059998,160.500000,155.509995,160.080002,158.935318,669900
2017-09-18,159.809998,161.270004,159.210007,160.639999,159.491333,379500
2017-09-19,160.970001,161.490005,158.710007,160.559998,159.411880,347100
2017-09-20,160.449997,162.410004,159.050003,162.059998,160.901169,341200
2017-09-21,162.399994,163.919998,159.639999,163.369995,162.201797,455100
2017-09-22,163.809998,165.500000,162.110001,163.820007,162.648605,633600
2017-09-25,164.339996,165.399994,160.880005,160.940002,159.789185,3763000
2017-09-26,160.259995,163.889999,159.770004,160.600006,159.451614,1168300
2017-09-27,160.949997,163.119995,160.119995,162.410004,161.248672,581100
2017-09-28,162.160004,162.729996,157.550003,159.119995,157.982193,676200
2017-09-29,160.100006,163.270004,159.589996,161.520004,160.365021,865100
2017-10-02,158.000000,163.729996,156.800003,162.910004,162.066193,631100
2017-10-03,162.899994,164.720001,162.100006,163.940002,163.090836,390600
2017-10-04,165.449997,166.649994,163.550003,165.119995,164.264709,534500
2017-10-05,165.270004,165.270004,159.740005,160.000000,159.171249,533800
2017-10-06,145.350006,153.160004,139.100006,149.539993,148.765427,1876100
2017-10-09,149.539993,153.910004,149.509995,152.119995,151.332047,701200
2017-10-10,152.289993,153.570007,148.490005,150.470001,149.690613,540000
2017-10-11,150.770004,151.270004,148.809998,149.690002,148.914658,385900
2017-10-12,149.000000,150.250000,147.130005,148.649994,147.880035,767400
2017-10-13,147.770004,149.380005,146.220001,146.600006,145.840668,668400
2017-10-16,146.059998,146.880005,143.009995,143.839996,143.094940,705900
2017-10-17,146.119995,146.970001,143.919998,145.720001,144.965225,586300
2017-10-18,146.029999,148.880005,145.580002,147.940002,147.173721,377500
2017-10-19,147.500000,149.580002,146.919998,148.589996,147.820343,341400
2017-10-20,149.169998,149.169998,146.119995,147.770004,147.004608,835800
2017-10-23,147.880005,149.960007,147.279999,148.309998,147.541794,426500
2017-10-24,149.139999,150.070007,144.580002,144.990005,144.238998,469100
2017-10-25,144.899994,146.020004,141.740005,145.029999,144.278793,499500
2017-10-26,145.149994,147.300003,144.660004,146.050003,145.293503,299800
2017-10-27,145.809998,147.429993,143.880005,146.860001,146.099304,421600
2017-10-30,146.770004,148.699997,144.279999,145.589996,144.835876,388500
2017-10-31,146.369995,151.039993,146.369995,149.570007,148.795288,582200
2017-11-01,150.710007,152.910004,147.869995,148.229996,147.462219,475800
2017-11-02,147.660004,148.960007,145.660004,146.809998,146.049561,294200
2017-11-03,146.809998,149.759995,146.809998,148.850006,148.079010,336000
2017-11-06,148.979996,150.110001,145.059998,145.190002,144.437958,291100
2017-11-07,145.199997,145.889999,143.679993,145.570007,144.815994,367300
2017-11-08,146.259995,152.669998,145.240005,152.460007,151.670303,507400
2017-11-09,152.169998,155.279999,149.779999,154.809998,154.008133,415900
2017-11-10,154.539993,159.990005,154.539993,158.509995,157.688965,462800
2017-11-13,158.509995,161.600006,157.820007,160.699997,159.867630,387100
2017-11-14,160.050003,163.789993,158.649994,162.919998,162.076126,389500
2017-11-15,162.449997,165.720001,161.850006,162.119995,161.280258,468100
2017-11-16,162.789993,165.809998,162.630005,165.179993,164.324417,460100
2017-11-17,165.000000,167.320007,161.470001,162.350006,161.509079,410600
2017-11-20,162.830002,164.460007,161.550003,164.229996,163.379333,384000
2017-11-21,164.250000,166.539993,163.770004,165.429993,164.573120,375300
2017-11-22,165.009995,165.050003,161.729996,161.809998,160.971878,419800
2017-11-24,162.059998,162.529999,160.110001,161.809998,160.971878,216300
2017-11-27,161.479996,162.240005,159.710007,160.990005,160.156128,437500
2017-11-28,161.669998,163.649994,160.210007,163.369995,162.523788,553000
2017-11-29,163.369995,166.600006,161.100006,166.500000,165.637573,331400
2017-11-30,167.220001,170.119995,167.000000,169.690002,168.811066,429700
2017-12-01,170.289993,172.660004,167.229996,172.039993,171.148880,596400
2017-12-04,173.389999,176.429993,172.339996,172.809998,171.914886,517100
2017-12-05,173.279999,174.419998,168.160004,168.860001,167.985367,383100
2017-12-06,168.320007,170.259995,164.699997,169.759995,168.880692,478900
2017-12-07,169.009995,170.539993,167.880005,168.759995,167.885864,364100
2017-12-08,169.000000,172.279999,168.229996,170.119995,169.238815,354000
2017-12-11,170.149994,170.910004,163.800003,165.919998,165.060577,677300
2017-12-12,165.919998,167.419998,163.850006,167.000000,166.134995,579600
2017-12-13,167.339996,169.149994,165.580002,167.639999,166.771683,909000
2017-12-14,156.520004,160.000000,145.100006,145.850006,145.094543,2091500
2017-12-15,146.009995,147.300003,138.070007,143.309998,142.567688,2220700
2017-12-18,143.979996,147.130005,141.000000,146.770004,146.009781,841700
2017-12-19,146.520004,148.259995,142.520004,143.130005,142.388626,632700
2017-12-20,144.289993,145.610001,141.729996,144.740005,143.990295,447800
2017-12-21,145.470001,145.470001,140.300003,140.479996,139.752365,763000
2017-12-22,141.110001,142.850006,139.720001,140.830002,140.100555,385100
2017-12-26,140.339996,141.960007,139.970001,140.419998,139.692673,243800
2017-12-27,140.419998,141.470001,139.839996,141.240005,140.508423,514500
2017-12-28,141.229996,142.059998,140.169998,141.839996,141.105316,252200
2017-12-29,141.779999,142.270004,138.710007,138.779999,138.061157,332200
2018-01-02,137.550003,137.600006,132.509995,133.860001,133.166641,1096800
2018-01-03,134.000000,134.979996,130.929993,133.889999,133.196503,734300
2018-01-04,134.779999,137.589996,132.789993,133.979996,133.286026,805600
2018-01-05,133.979996,135.619995,133.039993,133.750000,133.057220,414200
2018-01-08,134.000000,137.119995,134.000000,134.429993,133.733688,613100
2018-01-09,134.660004,136.110001,132.240005,133.830002,133.136810,656100
2018-01-10,132.789993,133.630005,130.759995,131.619995,130.938248,603700
2018-01-11,132.199997,132.199997,129.839996,130.660004,129.983215,571900
2018-01-12,130.600006,131.820007,129.860001,131.020004,130.341354,475700
2018-01-16,132.240005,133.639999,130.820007,131.860001,131.177017,469500
2018-01-17,132.649994,133.679993,130.889999,131.160004,130.480637,357600
2018-01-18,131.330002,131.580002,128.039993,131.250000,130.570160,410500
2018-01-19,131.520004,136.229996,131.270004,135.649994,134.947372,565800
2018-01-22,135.179993,136.910004,134.679993,136.289993,135.584061,391300
2018-01-23,136.550003,137.539993,135.000000,136.119995,135.414932,424200
2018-01-24,136.119995,136.139999,132.199997,133.410004,132.718979,538600
2018-01-25,134.039993,135.080002,131.009995,131.619995,130.938248,501700
2018-01-26,132.139999,133.639999,130.729996,133.529999,132.838348,281900
2018-01-29,133.220001,133.779999,129.550003,129.580002,129.218491,292500
2018-01-30,128.630005,132.750000,128.630005,132.380005,132.010681,324500
2018-01-31,132.300003,132.300003,126.239998,126.900002,126.545959,954100
2018-02-01,127.000000,130.029999,125.730003,130.029999,129.667221,612500
2018-02-02,129.669998,130.679993,128.110001,130.009995,129.647278,447200
2018-02-05,129.369995,129.789993,125.440002,125.500000,125.149864,459500
2018-02-06,123.059998,126.570000,120.500000,125.610001,125.259560,756500
2018-02-07,125.449997,127.070000,124.089996,125.250000,124.900566,366500
2018-02-08,126.120003,127.300003,120.769997,121.589996,121.250771,488300
2018-02-09,123.110001,127.550003,121.639999,126.570000,126.216881,484600
2018-02-12,126.790001,127.949997,124.150002,127.260002,126.904961,390800
2018-02-13,127.019997,128.380005,125.790001,127.690002,127.333755,324600
2018-02-14,128.119995,131.690002,127.150002,131.160004,130.794083,312000
2018-02-15,131.699997,132.600006,126.180000,131.610001,131.242813,454000
2018-02-16,131.240005,133.479996,129.070007,133.410004,133.037796,342600
2018-02-20,133.080002,133.460007,130.649994,131.440002,131.073303,566200
2018-02-21,131.809998,136.500000,127.699997,128.000000,127.642891,743700
2018-02-22,119.989998,125.000000,119.199997,120.739998,120.403145,806900
2018-02-23,120.379997,120.889999,116.099998,119.919998,119.585434,1029000
2018-02-26,119.940002,123.339996,118.870003,123.239998,122.896172,645300
2018-02-27,124.120003,126.480003,122.330002,124.160004,123.813606,765900
2018-02-28,126.500000,127.180000,123.110001,123.150002,122.806427,662000
2018-03-01,123.430000,126.610001,122.290001,122.889999,122.547150,628800
2018-03-02,122.419998,124.360001,120.589996,120.750000,120.413116,632000
2018-03-05,120.150002,121.000000,118.220001,118.839996,118.508446,792200
2018-03-06,119.570000,122.269997,116.620003,119.910004,119.575462,589400
2018-03-07,119.230003,121.400002,117.820000,121.099998,120.762138,591100
2018-03-08,121.750000,122.510002,120.199997,121.830002,121.490105,288900
2018-03-09,121.980003,124.769997,120.709999,124.650002,124.302238,309000
2018-03-12,124.989998,125.400002,121.720001,122.110001,121.769325,380200
2018-03-13,122.669998,124.669998,121.230003,122.430000,122.088432,393800
2018-03-14,123.220001,125.790001,123.080002,125.660004,125.309425,465500
2018-03-15,125.870003,126.989998,123.370003,123.650002,123.305031,367400
2018-03-16,123.320000,124.500000,123.000000,123.809998,123.464577,600500
2018-03-19,123.959999,128.029999,123.639999,127.830002,127.473366,557000
2018-03-20,127.970001,128.880005,123.660004,124.010002,123.664024,537400
2018-03-21,123.760002,124.320000,121.360001,123.830002,123.484528,336000
2018-03-22,123.610001,123.879997,119.570000,119.620003,119.286270,350800
2018-03-23,120.230003,120.230003,117.110001,117.419998,117.092407,421800
2018-03-26,118.269997,123.309998,117.930000,123.239998,122.896172,368800
2018-03-27,123.430000,124.790001,121.699997,122.279999,121.938850,403600
2018-03-28,122.720001,124.669998,122.410004,123.160004,122.816399,415900
2018-03-29,123.379997,124.300003,118.980003,119.019997,118.687943,579500
2018-04-02,119.010002,120.010002,116.830002,117.629997,117.301819,512300
2018-04-03,117.940002,118.919998,116.449997,117.610001,117.281876,460900
2018-04-04,118.120003,121.180000,117.290001,117.370003,117.042549,576300
2018-04-05,118.019997,118.720001,112.989998,113.529999,113.213257,797400
2018-04-06,113.320000,115.620003,112.220001,113.510002,113.193321,357000
2018-04-09,113.790001,115.400002,113.529999,114.199997,113.881386,293500
2018-04-10,115.320000,115.980003,113.910004,114.269997,113.951195,376100
2018-04-11,113.720001,114.650002,111.080002,113.150002,112.834320,398700
2018-04-12,112.959999,113.440002,111.239998,111.279999,110.969536,442600
2018-04-13,111.470001,113.349998,110.699997,112.580002,112.265915,262800
2018-04-16,113.129997,115.680000,113.129997,115.250000,114.928459,276600
2018-04-17,115.230003,116.139999,114.279999,114.699997,114.379997,255000
2018-04-18,114.860001,114.860001,113.500000,113.629997,113.312981,205800
2018-04-19,113.089996,114.519997,112.629997,113.489998,113.173370,185500
2018-04-20,113.040001,113.959999,112.080002,113.650002,113.332932,339800
2018-04-23,113.639999,114.050003,111.779999,113.680000,113.362846,248200
2018-04-24,114.389999,115.199997,112.730003,113.570000,113.253151,250800
2018-04-25,113.839996,117.169998,113.400002,115.059998,114.738991,307000
2018-04-26,115.239998,117.269997,113.769997,115.940002,115.616539,277900
2018-04-27,116.370003,117.519997,114.199997,114.699997,114.379997,240000
2018-04-30,114.949997,116.959999,111.099998,111.160004,111.160004,318300
2018-05-01,110.889999,113.790001,110.760002,113.440002,113.440002,377800
2018-05-02,113.620003,115.110001,112.599998,114.279999,114.279999,536700
2018-05-03,114.059998,117.900002,112.440002,112.480003,112.480003,845000
2018-05-04,111.900002,113.940002,110.599998,112.570000,112.570000,262400
2018-05-07,111.989998,112.650002,110.290001,111.059998,111.059998,440100
2018-05-08,110.830002,114.190002,110.830002,113.720001,113.720001,255500
2018-05-09,114.070000,114.230003,112.660004,113.519997,113.519997,254100
2018-05-10,114.080002,115.339996,113.879997,114.230003,114.230003,183600
2018-05-11,114.889999,116.230003,113.000000,113.669998,113.669998,216000
2018-05-14,113.650002,114.330002,112.290001,113.180000,113.180000,254300
2018-05-15,112.180000,112.370003,108.419998,110.529999,110.529999,503700
2018-05-16,110.589996,112.690002,110.010002,111.220001,111.220001,231300
2018-05-17,110.870003,112.230003,110.410004,111.940002,111.940002,455400
2018-05-18,111.889999,111.889999,106.599998,107.250000,107.250000,647600
2018-05-21,108.000000,109.489998,104.739998,106.379997,106.379997,661500
2018-05-22,106.639999,109.169998,105.489998,105.879997,105.879997,469100
2018-05-23,105.870003,108.379997,105.820000,107.019997,107.019997,541300
2018-05-24,102.970001,109.599998,101.099998,106.019997,106.019997,1783400
2018-05-25,104.629997,106.919998,100.000000,100.959999,100.959999,1854000
2018-05-29,100.650002,106.589996,100.650002,103.080002,103.080002,1012100
2018-05-30,101.830002,102.610001,99.830002,99.959999,99.959999,780400
2018-05-31,99.070000,100.820000,97.480003,97.879997,97.879997,1036600
2018-06-01,98.529999,100.169998,96.940002,97.709999,97.709999,522500
2018-06-04,98.419998,100.709999,97.760002,98.190002,98.190002,615700
2018-06-05,98.500000,99.360001,97.519997,99.230003,99.230003,655700
2018-06-06,99.849998,101.559998,96.800003,97.629997,97.629997,848400
2018-06-07,97.339996,101.839996,97.000000,101.529999,101.529999,862800
2018-06-08,101.529999,104.220001,101.370003,104.010002,104.010002,612000
2018-06-11,103.580002,106.269997,103.580002,104.389999,104.389999,591700
2018-06-12,104.080002,104.480003,101.070000,101.410004,101.410004,639600
2018-06-13,101.680000,104.290001,101.459999,104.209999,104.209999,424300
2018-06-14,104.769997,104.940002,102.800003,103.139999,103.139999,526800
2018-06-15,103.040001,104.269997,102.050003,103.709999,103.709999,550000
2018-06-18,104.019997,104.510002,100.739998,102.489998,102.489998,438300
2018-06-19,102.410004,105.919998,101.650002,105.709999,105.709999,420500
2018-06-20,105.919998,108.059998,105.459999,106.550003,106.550003,470200
2018-06-21,106.559998,106.949997,100.000000,101.139999,101.139999,679300
2018-06-22,101.660004,102.750000,100.089996,100.510002,100.510002,636400
2018-06-25,100.730003,101.550003,99.029999,101.320000,101.320000,357500
2018-06-26,101.309998,103.949997,100.250000,102.620003,102.620003,505900
2018-06-27,102.949997,103.970001,100.290001,102.199997,102.199997,376300
2018-06-28,101.839996,104.839996,101.839996,103.980003,103.980003,446100
2018-06-29,104.029999,106.160004,103.339996,105.150002,105.150002,589100
