Date,Open,High,Low,Close,Adj Close,Volume
2013-01-02,18.069727,18.204702,17.960060,18.170959,15.078715,215000
2013-01-03,18.280626,18.305933,18.010677,18.204702,15.106716,55200
2013-01-04,18.314369,18.381857,18.179396,18.280626,15.169719,52700
2013-01-07,18.162523,18.297497,18.019112,18.069727,14.994709,13900
2013-01-08,18.095036,18.145651,17.791342,17.833523,14.798704,71700
2013-01-09,17.985369,18.061293,17.715420,17.757599,14.735698,43700
2013-01-10,17.799778,18.002241,17.639496,17.858829,14.819701,50500
2013-01-11,17.917881,17.917881,17.698547,17.698547,14.686700,31000
2013-01-14,17.706984,18.255318,17.706984,17.943190,14.889703,47000
2013-01-15,17.934753,18.204702,17.808214,17.867266,14.826700,27000
2013-01-16,17.926317,18.061293,17.841959,17.841959,14.805699,44500
2013-01-17,17.951626,17.985369,17.850393,17.884138,14.840706,40800
2013-01-18,17.841959,17.909445,17.757599,17.791342,14.763698,66600
2013-01-22,17.833523,17.993805,17.757599,17.934753,14.882704,57600
2013-01-23,18.010677,18.010677,17.757599,17.774471,14.749701,55900
2013-01-24,17.850393,17.884138,17.706984,17.706984,14.693693,69200
2013-01-25,17.816650,17.816650,17.614189,17.673241,14.665690,125300
2013-01-28,17.698547,17.799778,17.631060,17.749163,14.728697,58700
2013-01-29,17.715420,17.808214,17.656368,17.749163,14.728697,73600
2013-01-30,17.706984,17.799778,17.639496,17.706984,14.693693,69100
2013-01-31,17.766035,18.196266,17.639496,17.833523,14.798704,306500
2013-02-01,17.943190,17.960060,17.529829,17.732292,14.714700,188300
2013-02-04,17.580444,17.757599,17.580444,17.715420,14.700698,235900
2013-02-05,17.816650,17.926317,17.690111,17.732292,14.714700,69100
2013-02-06,17.766035,17.841959,17.656368,17.749163,14.728697,74100
2013-02-07,17.799778,17.858829,17.631060,17.732292,14.714700,196500
2013-02-08,17.766035,17.825087,17.706984,17.782907,14.756703,31500
2013-02-11,17.833523,17.850393,17.732292,17.816650,14.784699,34800
2013-02-12,17.867266,17.926317,17.791342,17.799778,14.770698,51900
2013-02-13,17.867266,17.993805,17.850393,17.968496,14.910706,26400
2013-02-14,17.993805,18.019112,17.841959,17.867266,14.826700,31200
2013-02-15,18.027548,18.052856,17.841959,17.985369,14.924708,63200
2013-02-19,17.993805,18.095036,17.985369,18.069727,14.994709,61200
2013-02-20,18.052856,18.297497,18.010677,18.010677,14.945707,80800
2013-02-21,18.078163,18.424036,18.052856,18.230011,15.127719,100000
2013-02-22,18.289063,18.364985,18.111908,18.280626,15.169719,51700
2013-02-25,18.407164,18.407164,17.926317,18.095036,15.015712,164000
2013-02-26,17.993805,18.111908,17.799778,17.833523,14.964096,43900
2013-02-27,17.875702,18.103472,17.774471,17.841959,14.971175,104900
2013-02-28,17.892574,18.103472,17.816650,18.027548,15.126901,78700
2013-03-01,17.909445,18.069727,17.757599,18.002241,15.105669,33200
2013-03-04,18.019112,18.196266,17.934753,18.120344,15.204766,41400
2013-03-05,18.213139,18.356548,17.943190,18.238445,15.303867,82600
2013-03-06,18.305933,18.339678,17.867266,17.968496,15.077353,35700
2013-03-07,17.993805,18.052856,17.749163,17.960060,15.070270,104000
2013-03-08,18.052856,18.078163,17.884138,18.002241,15.105669,36300
2013-03-11,18.010677,18.095036,17.723856,17.757599,14.900388,59100
2013-03-12,17.841959,17.867266,17.723856,17.774471,14.914545,21800
2013-03-13,17.833523,18.044420,17.833523,17.917881,15.034879,53500
2013-03-14,18.111908,18.111908,17.884138,17.951626,15.063199,69300
2013-03-15,17.715420,17.909445,17.715420,17.841959,14.971175,138200
2013-03-18,17.749163,17.909445,17.715420,17.825087,14.957017,79100
2013-03-19,17.909445,18.095036,17.715420,17.968496,15.077353,65900
2013-03-20,18.019112,18.069727,17.867266,17.960060,15.070270,231300
2013-03-21,17.867266,18.086599,17.833523,17.892574,15.013643,98200
2013-03-22,17.985369,17.985369,17.867266,17.951626,15.063199,39700
2013-03-25,18.002241,18.019112,17.841959,17.960060,15.070270,40500
2013-03-26,18.078163,18.078163,17.774471,17.833523,14.964096,37100
2013-03-27,17.808214,17.850393,17.690111,17.740726,14.886230,78100
2013-03-28,17.884138,17.884138,17.715420,17.723856,14.872073,84000
2013-04-01,17.816650,18.002241,17.715420,17.951626,15.063199,112600
2013-04-02,17.968496,18.010677,17.892574,17.960060,15.070270,125200
2013-04-03,18.061293,18.061293,17.884138,17.884138,15.006568,112600
2013-04-04,17.867266,17.943190,17.791342,17.892574,15.013643,70600
2013-04-05,17.799778,17.884138,17.732292,17.799778,14.935782,36900
2013-04-08,17.884138,17.884138,17.715420,17.757599,14.900388,48700
2013-04-09,17.757599,17.799778,17.715420,17.723856,14.872073,52200
2013-04-10,17.782907,17.993805,17.723856,17.951626,15.063199,60200
2013-04-11,17.985369,18.078163,17.960060,17.993805,15.098588,25300
2013-04-12,18.010677,18.086599,17.833523,18.069727,15.162295,75400
2013-04-15,18.052856,18.052856,17.690111,17.732292,14.879152,86500
2013-04-16,17.883717,18.158304,17.768566,17.830570,14.961619,84700
2013-04-17,17.936863,17.998867,17.591412,17.768566,14.909590,111300
2013-04-18,17.848286,17.963436,17.644558,17.715420,14.864998,65100
2013-04-19,17.706562,17.963436,17.644558,17.936863,15.050809,82500
2013-04-22,17.981152,17.981152,17.715420,17.901432,15.021075,51300
2013-04-23,17.936863,18.229166,17.883717,18.167162,15.244055,94200
2013-04-24,18.131731,18.556902,18.043156,18.477182,15.504186,80000
2013-04-25,18.565760,18.645479,18.512613,18.556902,15.571086,52500
2013-04-26,18.565760,18.787203,18.459467,18.698626,15.690003,68600
2013-04-29,18.707483,18.928926,18.618906,18.716341,15.704866,56100
2013-04-30,18.725199,18.955500,18.592333,18.937784,15.890683,140800
2013-05-01,18.955500,18.999788,18.158304,18.202593,15.273782,92100
2013-05-02,18.308886,18.689768,18.114016,18.601191,15.608247,89200
2013-05-03,18.813776,18.902353,18.672052,18.698626,15.690003,61100
2013-05-06,18.751772,18.937784,18.645479,18.858065,15.823789,20800
2013-05-07,18.911211,19.097221,18.636621,19.079506,16.009598,37300
2013-05-08,19.097221,19.132652,18.893496,19.079506,16.009598,58600
2013-05-09,19.097221,19.256660,19.044075,19.203514,16.113653,43100
2013-05-10,19.247803,19.247803,19.061790,19.123795,16.046759,17600
2013-05-13,19.159225,19.230087,18.999788,19.044075,15.979867,21100
2013-05-14,19.123795,19.433815,19.044075,19.345238,16.232574,123600
2013-05-15,19.345238,19.486961,19.274376,19.380669,16.262304,35100
2013-05-16,19.309807,19.478104,19.238945,19.424957,16.299465,22100
2013-05-17,19.433815,19.619827,19.292091,19.478104,16.344065,49600
2013-05-20,19.495819,19.752693,19.495819,19.752693,16.574471,29700
2013-05-21,19.628685,19.929848,19.593254,19.920990,16.886671,82700
2013-05-22,19.885559,20.133574,19.885559,19.974136,16.931723,72100
2013-05-23,19.920990,20.044996,19.734978,19.956421,16.916700,32500
2013-05-24,19.850128,20.044996,19.850128,20.018425,16.969259,24800
2013-05-28,20.151289,20.417021,20.142431,20.408163,17.299635,90900
2013-05-29,20.293013,20.301870,19.991852,20.239866,17.156977,61700
2013-05-30,20.346159,20.479025,20.124716,20.293013,17.202024,36500
2013-05-31,20.186720,20.443594,20.018425,20.053854,16.999296,52700
2013-06-03,20.062712,20.425879,19.841270,20.372732,17.269604,113200
2013-06-04,20.284155,20.514456,20.071569,20.390448,17.284624,61700
2013-06-05,20.390448,20.487883,20.071569,20.151289,17.081888,24300
2013-06-06,20.266439,20.452452,19.929848,20.169004,17.096907,58100
2013-06-07,20.328444,20.638464,20.160147,20.239866,17.156977,43800
2013-06-10,20.257582,20.328444,20.044996,20.142431,17.074383,32700
2013-06-11,19.991852,20.133574,19.938705,19.974136,16.931723,16600
2013-06-12,20.071569,21.683674,19.991852,21.267361,18.027966,236800
2013-06-13,21.240788,21.426800,21.010487,21.302792,18.057999,44400
2013-06-14,21.285076,21.285076,21.019344,21.081348,17.870285,41800
2013-06-17,21.152210,21.435658,21.081348,21.205357,17.975403,35700
2013-06-18,21.267361,21.435658,21.081348,21.355938,18.103048,63300
2013-06-19,21.293934,21.586239,21.169926,21.178783,17.952877,38800
2013-06-20,21.090206,21.285076,20.789045,21.125637,17.907824,104100
2013-06-21,21.214214,21.550808,21.099064,21.169926,17.945372,114700
2013-06-24,21.090206,21.258503,20.656179,21.063633,17.855268,125800
2013-06-25,21.258503,21.648243,20.753614,21.524235,18.245712,68900
2013-06-26,21.665958,21.701389,21.276218,21.285076,18.042978,56400
2013-06-27,21.391369,21.462231,21.258503,21.391369,18.133083,53300
2013-06-28,21.302792,21.400227,21.099064,21.152210,17.930353,201100
2013-07-01,21.169926,21.639385,21.161068,21.639385,18.343323,79000
2013-07-02,21.665958,21.692532,21.285076,21.603954,18.313288,43500
2013-07-03,21.559666,22.401148,21.524235,22.294855,18.898952,80600
2013-07-05,22.631449,22.675737,22.188562,22.516298,19.086666,44300
2013-07-08,22.427721,22.454294,22.020266,22.144274,18.771311,86000
2013-07-09,22.144274,22.188562,21.851971,22.126558,18.756289,38500
2013-07-10,22.179705,22.179705,21.905117,21.993692,18.643669,63300
2013-07-11,21.993692,22.011408,21.736820,21.940548,18.598616,79100
2013-07-12,21.851971,22.091127,21.665958,21.736820,18.425913,44800
2013-07-15,21.807682,22.179705,21.710247,21.913975,18.576086,61300
2013-07-16,21.860828,22.020266,21.550808,21.621670,18.328302,74200
2013-07-17,21.807682,21.816540,21.444515,21.524235,18.245712,46600
2013-07-18,21.630527,21.958263,21.311649,21.648243,18.350830,57500
2013-07-19,21.621670,21.683674,21.373653,21.586239,18.298273,39400
2013-07-22,21.524235,22.135416,21.090206,21.975977,18.628645,46100
2013-07-23,22.082270,22.082270,21.648243,21.940548,18.598616,46000
2013-07-24,22.020266,22.161989,21.940548,22.064554,18.703732,31200
2013-07-25,22.108843,22.144274,21.896259,22.020266,18.666187,51200
2013-07-26,21.967121,22.135416,21.825397,21.940548,18.598616,52200
2013-07-29,21.922832,22.126558,21.488804,21.595097,18.305779,64800
2013-07-30,21.701389,22.410006,21.701389,22.223993,18.838884,67600
2013-07-31,22.374575,22.959183,21.922832,22.135416,18.763796,249500
2013-08-01,22.277140,22.764315,22.277140,22.720026,19.259367,59500
2013-08-02,22.622591,22.666880,22.436579,22.604876,19.161753,15000
2013-08-05,22.604876,22.897181,22.489725,22.702311,19.244350,36200
2013-08-06,22.737741,22.968040,22.569445,22.684595,19.229326,44400
2013-08-07,22.658022,23.109764,22.658022,22.684595,19.229326,60500
2013-08-08,22.773172,22.994614,22.445436,22.711168,19.251852,20600
2013-08-09,22.702311,22.817461,22.392290,22.463152,19.041615,19800
2013-08-12,22.418863,22.702311,22.188562,22.330286,18.928984,24300
2013-08-13,22.365717,22.728884,22.188562,22.587160,19.146736,33900
2013-08-14,22.640306,22.861750,22.294855,22.365717,18.959021,49900
2013-08-15,22.365717,22.542871,22.046839,22.161989,18.786324,51000
2013-08-16,22.073412,22.498583,22.055696,22.188562,18.808849,35700
2013-08-19,22.108843,22.383432,21.878544,22.082270,18.718748,35300
2013-08-20,21.984835,22.489725,21.984835,22.161989,18.958027,28300
2013-08-21,22.179705,22.383432,21.807682,21.931690,18.761023,27200
2013-08-22,21.922832,22.480867,21.922832,22.418863,19.177767,20400
2013-08-23,22.392290,22.454294,22.011408,22.250566,19.033798,51900
2013-08-26,22.215136,22.560587,22.161989,22.392290,19.155033,87100
2013-08-27,22.179705,22.383432,21.763393,21.931690,18.761023,103800
2013-08-28,21.869686,22.250566,21.807682,21.905117,18.738293,42400
2013-08-29,21.922832,22.383432,21.922832,22.197420,18.988338,27300
2013-08-30,22.250566,22.427721,21.931690,22.037981,18.851950,91000
2013-09-03,22.277140,22.693453,22.108843,22.498583,19.245958,93600
2013-09-04,22.551729,22.702311,22.463152,22.507441,19.253538,36600
2013-09-05,22.613733,22.737741,22.312571,22.418863,19.177767,44300
2013-09-06,22.551729,22.790888,21.860828,22.684595,19.405081,62600
2013-09-09,22.684595,22.923754,22.480867,22.675737,19.397503,56000
2013-09-10,22.808603,22.941469,22.454294,22.649164,19.374773,29400
2013-09-11,22.622591,22.675737,22.321428,22.489725,19.238382,22300
2013-09-12,22.569445,22.649164,22.392290,22.454294,19.208075,21100
2013-09-13,22.551729,22.764315,22.507441,22.604876,19.336885,30100
2013-09-16,22.826319,23.021187,22.675737,22.976898,19.655123,68400
2013-09-17,22.941469,23.641228,22.888323,23.534935,20.132486,44800
2013-09-18,23.499504,24.270124,23.464073,24.022108,20.549232,72100
2013-09-19,24.084112,24.358702,23.658943,23.915817,20.458305,52000
2013-09-20,23.906960,24.225836,23.818382,23.844955,20.397690,72200
2013-09-23,23.977819,24.323271,23.818382,24.119543,20.632582,34400
2013-09-24,24.199263,24.358702,23.720947,23.968962,20.503765,38500
2013-09-25,24.022108,24.323271,23.915817,24.154974,20.662888,47100
2013-09-26,24.287840,24.429564,23.703232,23.827240,20.382534,40200
2013-09-27,23.712090,24.199263,23.596939,23.818382,20.374954,18100
2013-09-30,23.729805,23.951246,23.632370,23.774094,20.337067,67200
2013-10-01,23.827240,24.154974,23.384354,23.924675,20.465879,24200
2013-10-02,23.915817,23.915817,23.534935,23.552650,20.147640,27200
2013-10-03,23.517220,23.650085,23.180626,23.322350,19.950632,34400
2013-10-04,23.260345,23.871529,23.260345,23.782951,20.344646,21700
2013-10-07,23.720947,23.853813,23.464073,23.472931,20.079447,22200
2013-10-08,23.543793,23.738663,23.278061,23.304634,19.935480,31300
2013-10-09,23.428642,23.844955,23.224915,23.402069,20.018829,28900
2013-10-10,23.658943,24.332129,23.561508,24.172689,20.678040,23900
2013-10-11,24.208120,24.571287,24.030966,24.571287,21.019016,37800
2013-10-14,24.420706,24.828161,24.208120,24.633291,21.072054,41500
2013-10-15,24.668722,24.713011,24.234694,24.535856,20.988703,32300
2013-10-16,24.713011,24.757299,24.447279,24.615576,21.056896,44000
2013-10-17,24.526999,25.102749,24.526999,24.766157,21.185711,28600
2013-10-18,25.058460,25.430485,24.775015,24.961025,21.352406,57800
2013-10-21,24.934452,25.563351,24.934452,25.111607,21.481218,44300
2013-10-22,25.173611,25.501347,24.748442,24.783873,21.200863,66100
2013-10-23,24.668722,25.377338,24.668722,24.739584,21.162977,143700
2013-10-24,24.801588,25.023029,24.686438,24.854734,21.261488,61400
2013-10-25,24.881308,25.333050,24.881308,25.333050,21.670647,182500
2013-10-28,25.288761,25.492489,24.801588,25.111607,21.481218,81800
2013-10-29,25.155895,25.155895,24.837019,24.978741,21.367561,44400
2013-10-30,24.978741,25.164753,24.571287,24.659864,21.094782,72600
2013-10-31,24.739584,24.766157,24.030966,24.181547,20.685621,56000
2013-11-01,24.314413,24.314413,23.464073,23.543793,20.140062,128100
2013-11-04,23.561508,23.774094,23.030045,23.127480,19.783937,200700
2013-11-05,23.030045,23.446358,22.835176,23.047760,19.715744,125000
2013-11-06,23.118622,23.118622,22.985756,22.985756,19.662704,50600
2013-11-07,23.118622,23.419785,22.826319,22.976898,19.655123,116800
2013-11-08,23.030045,23.960104,23.021187,23.809525,20.367376,80200
2013-11-11,23.853813,23.960104,23.703232,23.933531,20.473457,79500
2013-11-12,23.951246,24.394133,23.942389,24.349844,20.829582,88100
2013-11-13,24.305555,24.482710,23.933531,24.216978,20.715929,48100
2013-11-14,24.278982,24.278982,23.933531,24.084112,20.602270,35800
2013-11-15,24.172689,24.172689,23.924675,23.960104,20.496187,42500
2013-11-18,23.968962,24.181547,23.853813,23.898102,20.443153,26800
2013-11-19,23.712090,24.022108,23.472931,23.526077,20.303320,30200
2013-11-20,23.517220,23.694374,23.428642,23.534935,20.310965,35800
2013-11-21,23.685516,24.367559,23.685516,24.154974,20.846069,58100
2013-11-22,24.225836,24.358702,23.933531,24.296698,20.968378,27400
2013-11-25,24.411848,24.606718,24.385275,24.518141,21.159487,29900
2013-11-26,24.535856,24.748442,24.296698,24.597860,21.228285,22100
2013-11-27,24.677580,24.978741,24.677580,24.969883,21.549345,42300
2013-11-29,25.191326,25.333050,24.801588,25.297619,21.832182,23700
2013-12-02,25.244473,25.244473,24.216978,24.349844,21.014240,31800
2013-12-03,24.394133,24.695295,24.305555,24.695295,21.312372,104900
2013-12-04,24.562429,25.023029,24.110685,24.146116,20.838425,37700
2013-12-05,24.146116,24.438421,23.986677,24.039824,20.746693,45300
2013-12-06,24.447279,24.597860,24.270124,24.340986,21.006599,39000
2013-12-09,24.429564,24.597860,23.968962,24.101828,20.800201,39500
2013-12-10,23.942389,24.146116,23.650085,23.703232,20.456205,49600
2013-12-11,23.800667,23.800667,23.083191,23.207199,20.028126,48400
2013-12-12,23.242630,23.508362,23.074333,23.340065,20.142790,33700
2013-12-13,23.348923,23.446358,23.100906,23.286919,20.096928,29700
2013-12-16,23.472931,23.871529,23.189484,23.720947,20.471500,30700
2013-12-17,23.650085,23.650085,23.242630,23.357780,20.158083,23900
2013-12-18,23.464073,24.146116,23.198341,23.986677,20.700825,67400
2013-12-19,23.898102,24.048681,23.526077,23.623512,20.387409,19400
2013-12-20,23.738663,24.314413,23.694374,24.048681,20.754333,177600
2013-12-23,24.199263,24.695295,24.190405,24.606718,21.235926,41900
2013-12-24,24.704153,24.969883,24.668722,24.748442,21.358234,21800
2013-12-26,24.801588,24.801588,24.447279,24.518141,21.159487,21500
2013-12-27,24.642149,24.642149,24.057539,24.208120,20.891935,23700
2013-12-30,24.137259,24.296698,23.977819,24.163832,20.853712,37500
2013-12-31,24.270124,24.571287,24.092970,24.216978,20.899576,24300
2014-01-02,24.092970,24.270124,23.809525,23.818382,20.555584,34000
2014-01-03,23.827240,24.146116,23.827240,23.862671,20.593807,50800
2014-01-06,24.013250,24.013250,23.286919,23.402069,20.196301,26400
2014-01-07,23.428642,23.906960,23.322350,23.756378,20.502075,34400
2014-01-08,23.791809,23.791809,23.118622,23.224915,20.043413,31600
2014-01-09,23.357780,23.464073,23.171768,23.260345,20.073990,19500
2014-01-10,23.322350,23.402069,23.012329,23.384354,20.181013,35000
2014-01-13,23.242630,23.650085,22.835176,23.189484,20.012835,37200
2014-01-14,23.304634,23.596939,23.118622,23.534935,20.310965,14100
2014-01-15,23.517220,23.915817,23.517220,23.836098,20.570875,36500
2014-01-16,23.756378,23.915817,23.198341,23.242630,20.058701,14500
2014-01-17,23.286919,24.491568,23.286919,24.411848,21.067751,105600
2014-01-21,24.491568,24.739584,24.163832,24.261267,20.937801,28000
2014-01-22,24.358702,24.615576,24.092970,24.420706,21.075397,24700
2014-01-23,24.234694,24.606718,24.137259,24.464994,21.113623,35000
2014-01-24,24.252409,24.571287,24.190405,24.367559,21.029531,39700
2014-01-27,24.358702,24.668722,24.296698,24.367559,21.029531,69400
2014-01-28,24.438421,24.651007,24.181547,24.190405,20.876644,75000
2014-01-29,23.968962,24.438421,23.756378,23.844955,20.578520,59600
2014-01-30,24.119543,24.261267,23.375496,23.995535,20.708473,34400
2014-01-31,23.517220,23.738663,23.508362,23.605797,20.372116,39100
2014-02-03,23.579224,23.712090,22.534014,22.693453,19.584753,61100
2014-02-04,22.879465,23.180626,22.578302,22.693453,19.584753,46000
2014-02-05,22.728884,22.790888,22.507441,22.551729,19.462446,39700
2014-02-06,22.622591,22.799746,22.498583,22.542871,19.454800,27400
2014-02-07,22.604876,22.604876,22.241709,22.410006,19.340137,34200
2014-02-10,22.401148,22.401148,21.975977,22.303713,19.248404,37600
2014-02-11,22.454294,24.916737,22.454294,24.651007,21.274149,124100
2014-02-12,24.597860,26.015093,24.597860,25.430485,21.946856,93900
2014-02-13,25.377338,26.130243,25.031887,25.944231,22.390219,65000
2014-02-14,25.970804,25.970804,25.483631,25.837940,22.298494,20700
2014-02-18,25.784794,26.378260,25.660786,25.687359,22.168533,69200
2014-02-19,25.687359,25.820225,24.890165,24.978741,21.556992,62600
2014-02-20,25.120464,25.953089,25.040745,25.784794,22.252619,58300
2014-02-21,25.953089,26.192247,25.687359,25.713932,22.191469,57200
2014-02-24,25.731647,26.697138,25.731647,26.156816,22.573687,56100
2014-02-25,23.712090,25.908800,23.712090,25.563351,22.240068,49700
2014-02-26,25.669643,26.130243,25.457058,25.864513,22.502079,34500
2014-02-27,25.740505,26.201105,25.625355,26.121386,22.725557,28400
2014-02-28,26.183390,26.466837,25.696217,26.156816,22.756386,60000
2014-03-03,26.085955,26.245394,25.775936,26.068239,22.679321,43400
2014-03-04,26.289682,27.512047,26.227678,27.122307,23.596361,95100
2014-03-05,26.980583,27.396896,26.608561,27.104591,23.580946,48000
2014-03-06,27.166595,27.503189,27.069160,27.379181,23.819839,34200
2014-03-07,27.627197,27.839781,27.591766,27.830925,24.212854,39700
2014-03-10,27.910643,29.186153,27.742348,27.990362,24.351564,45200
2014-03-11,28.114370,28.459822,27.264030,27.529762,23.950844,84200
2014-03-12,27.414612,27.662628,27.007156,27.432327,23.866077,57500
2014-03-13,27.644913,27.786636,27.166595,27.334892,23.781311,26300
2014-03-14,27.352608,27.662628,26.954010,27.175453,23.642599,65600
2014-03-17,27.414612,27.609482,26.962868,27.388039,23.827545,66900
2014-03-18,27.450043,27.857496,27.051445,27.396896,23.835251,47600
2014-03-19,27.281746,27.299461,26.847719,26.962868,23.457649,55000
2014-03-20,27.016014,27.627197,26.573130,27.591766,24.004786,44100
2014-03-21,27.954931,28.468679,27.131165,27.441185,23.873783,386500
2014-03-24,27.405754,27.662628,26.927437,27.237457,23.696535,49200
2014-03-25,27.432327,27.937216,27.246315,27.494331,23.920019,34600
2014-03-26,27.777779,28.052366,26.945152,26.998299,23.488472,64100
2014-03-27,27.113449,27.458900,26.776857,27.024872,23.511595,45100
2014-03-28,27.246315,27.839781,27.024872,27.095734,23.573238,35500
2014-03-31,27.219742,27.972647,27.219742,27.795494,24.182032,71300
2014-04-01,27.919500,28.574972,27.724632,28.388960,24.698345,38500
2014-04-02,28.539541,29.017857,28.247236,28.973568,25.206953,62700
2014-04-03,29.115292,29.115292,28.406675,28.734411,24.998888,36900
2014-04-04,28.991283,29.008999,27.901785,28.070082,24.420925,52000
2014-04-07,28.105513,28.619261,27.822067,28.149801,24.490278,55000
2014-04-08,28.320313,28.896950,27.920387,28.413319,24.719538,62600
2014-04-09,28.617931,28.822544,27.790178,28.273809,24.598164,31900
2014-04-10,28.283110,28.329613,27.222843,27.315847,23.764740,64500
2014-04-11,27.008928,27.455357,26.934525,27.250744,23.708099,42200
2014-04-14,27.650669,27.650669,26.990328,27.343750,23.789017,51900
2014-04-15,27.325150,27.520462,26.860119,27.232143,23.691916,34200
2014-04-16,27.408854,27.492559,26.925222,27.306547,23.756649,38400
2014-04-17,27.213541,27.762278,27.167038,27.669271,24.072222,39700
2014-04-21,27.883184,28.348215,27.529762,27.883184,24.258322,39900
2014-04-22,27.836681,28.552828,27.836681,28.376116,24.687174,49200
2014-04-23,28.273809,29.501488,28.273809,28.859747,25.107931,57700
2014-04-24,28.924850,28.934153,28.152903,28.218006,24.549616,30200
2014-04-25,28.022694,28.636532,27.557663,28.143600,24.484882,74100
2014-04-28,28.245907,28.785343,27.938988,28.329613,24.646713,38700
2014-04-29,27.901785,27.901785,25.604538,25.883556,22.518650,696000
2014-04-30,25.948660,26.041666,25.399925,25.651041,22.316362,360800
2014-05-01,25.762650,25.771950,24.879093,25.111607,21.847057,235400
2014-05-02,24.897694,25.093006,24.042038,24.590775,21.393932,400400
2014-05-05,24.525669,24.525669,24.069941,24.228050,21.078362,234300
2014-05-06,24.209450,24.897694,24.209450,24.534969,21.345379,367500
2014-05-07,24.711681,25.111607,24.265253,25.027903,21.774227,202400
2014-05-08,25.148809,25.502232,24.879093,24.925594,21.685226,131800
2014-05-09,24.879093,25.306919,24.879093,25.148809,21.879419,183600
2014-05-12,25.223215,25.920759,24.720982,25.762650,22.413460,125200
2014-05-13,25.725447,25.818453,25.018600,25.055803,21.798508,145900
2014-05-14,25.093006,25.353422,24.135044,24.228050,21.078362,126600
2014-05-15,24.079241,24.228050,23.437500,23.753719,20.665693,151700
2014-05-16,23.697916,24.125744,23.604910,24.125744,20.989355,102800
2014-05-19,24.079241,24.655878,23.744419,24.581472,21.385838,121500
2014-05-20,24.386160,24.507069,23.753719,24.042038,21.096764,156900
2014-05-21,24.228050,24.460566,23.642113,23.930431,20.998825,104800
2014-05-22,23.995535,24.135044,23.772322,23.800222,20.884565,113100
2014-05-23,23.893229,24.069941,23.763021,23.986235,21.047792,93700
2014-05-27,24.293156,24.293156,23.949032,24.172247,21.211018,92900
2014-05-28,24.218750,24.265253,23.809525,23.865328,20.941700,77200
2014-05-29,23.865328,23.902531,23.716518,23.800222,20.884565,65500
2014-05-30,23.911831,24.367559,23.893229,24.014137,21.072277,131700
2014-06-02,24.190847,24.330357,23.874628,24.097843,21.145731,104800
2014-06-03,23.949032,24.274553,23.660715,23.921131,20.990667,132300
2014-06-04,23.874628,24.181547,23.763021,24.051340,21.104923,108700
2014-06-05,24.293156,24.888393,23.735119,24.888393,21.839434,174700
2014-06-06,25.027903,25.046503,24.460566,25.037203,21.970013,259800
2014-06-09,25.111607,25.288319,24.841890,25.279018,22.182203,159400
2014-06-10,25.148809,25.372025,25.009300,25.353422,22.247494,58300
2014-06-11,25.195313,25.511532,25.195313,25.446428,22.329105,117300
2014-06-12,25.437128,25.437128,25.148809,25.362722,22.255655,75600
2014-06-13,25.465031,25.465031,25.130209,25.418528,22.304625,82900
2014-06-16,25.455729,25.455729,25.158110,25.325521,22.223009,222500
2014-06-17,25.353422,25.706844,25.074406,25.660343,22.516815,131100
2014-06-18,25.753347,25.911459,25.492931,25.911459,22.737169,105300
2014-06-19,25.902157,26.199778,25.771950,26.134672,22.933037,248000
2014-06-20,26.274181,26.274181,25.920759,26.143972,22.941198,235200
2014-06-23,26.227678,26.227678,25.669643,26.060268,22.867750,92100
2014-06-24,26.143972,26.311384,25.995163,26.292782,23.071777,283900
2014-06-25,26.106771,26.488094,26.050968,26.469494,23.226837,115300
2014-06-26,26.571800,26.571800,26.199778,26.571800,23.316618,124800
2014-06-27,26.376488,26.990328,26.376488,26.841518,23.553293,374600
2014-06-30,26.729910,27.148438,26.599703,26.934525,23.634901,136600
2014-07-01,26.943825,27.492559,26.720610,27.390253,24.034801,146800
2014-07-02,27.418156,27.418156,26.785715,27.064732,23.749157,210400
2014-07-03,27.139137,27.380953,27.083334,27.306547,23.961349,69000
2014-07-07,27.287947,27.715775,27.064732,27.455357,24.091928,188300
2014-07-08,27.483259,27.659969,27.046131,27.241444,23.904221,99200
2014-07-09,27.446056,27.743675,26.953125,27.055431,23.740999,101200
2014-07-10,26.618303,27.148438,26.525297,26.999628,23.692030,118000
2014-07-11,27.046131,27.222843,26.683407,26.934525,23.634901,120900
2014-07-14,27.074032,27.278646,26.590403,26.739212,23.463516,84300
2014-07-15,26.757813,26.981028,26.385788,26.599703,23.341099,70700
2014-07-16,26.776413,26.915922,26.422991,26.869419,23.577772,147500
2014-07-17,26.692709,26.915922,26.302084,26.488094,23.243160,88800
2014-07-18,26.404390,26.971725,26.404390,26.971725,23.667549,108800
2014-07-21,26.757813,26.869419,26.162575,26.599703,23.341099,114800
2014-07-22,26.795015,27.018229,26.488094,26.934525,23.634901,138900
2014-07-23,27.157738,27.157738,26.785715,26.832218,23.545132,95500
2014-07-24,26.832218,27.101934,26.757813,26.813616,23.528803,99000
2014-07-25,27.204241,27.715775,26.860119,27.511160,24.140894,147800
2014-07-28,27.706472,28.487722,27.492559,28.441219,24.957020,109700
2014-07-29,28.422619,28.422619,27.669271,27.678572,24.287802,88900
2014-07-30,27.855282,28.134300,27.315847,27.334450,23.985834,58300
2014-07-31,27.129837,27.446056,26.683407,27.260044,23.920544,68000
2014-08-01,27.427456,27.427456,26.506697,27.055431,23.740999,79200
2014-08-04,27.083334,27.799479,26.664806,27.650669,24.263319,55100
2014-08-05,27.427456,27.622768,26.553200,26.934525,23.634901,66000
2014-08-06,26.711309,27.325150,26.711309,26.962425,23.659386,43400
2014-08-07,26.971725,27.427456,26.413691,27.427456,24.067450,100400
2014-08-08,27.408854,27.687872,26.915922,27.613468,24.230671,35700
2014-08-11,27.622768,27.901785,27.287947,27.780878,24.377575,50600
2014-08-12,27.669271,27.762278,27.241444,27.548363,24.173540,50800
2014-08-13,27.557663,27.762278,27.129837,27.483259,24.116415,42400
2014-08-14,27.436756,27.892485,27.380953,27.743675,24.344929,62100
2014-08-15,28.013393,28.190104,27.901785,28.106400,24.663214,89000
2014-08-18,28.450521,28.776041,28.115700,28.590031,25.087601,79900
2014-08-19,28.459822,28.673735,27.808781,28.385416,25.101210,55000
2014-08-20,28.376116,28.766741,28.199406,28.376116,25.092983,56500
2014-08-21,28.506325,29.668900,28.459822,29.334078,25.940105,191100
2014-08-22,29.445684,29.985119,29.324778,29.845610,26.392454,93700
2014-08-25,29.464285,31.129093,29.464285,30.459450,26.935272,136300
2014-08-26,30.478050,31.984747,30.478050,31.398809,27.765945,455300
2014-08-27,31.603422,32.300968,31.454613,31.752232,28.078478,131800
2014-08-28,31.724331,32.096355,31.343006,31.873140,28.185402,58800
2014-08-29,32.068451,32.421875,31.631325,31.947544,28.251194,107100
2014-09-02,32.142857,32.273064,30.775669,31.101191,27.502760,101300
2014-09-03,31.129093,31.584822,30.031622,30.226934,26.729662,129400
2014-09-04,30.422247,30.915178,29.454985,29.464285,26.055246,284000
2014-09-05,29.324778,29.761906,29.324778,29.594494,26.170393,69800
2014-09-08,29.482887,29.882813,29.361979,29.873512,26.417130,74300
2014-09-09,29.789806,30.040922,29.371281,29.557291,26.137495,56600
2014-09-10,29.501488,30.078125,29.501488,29.799107,26.351336,46600
2014-09-11,29.557291,30.682663,29.557291,30.226934,26.729662,125500
2014-09-12,30.273438,30.617559,29.882813,30.226934,26.729662,48400
2014-09-15,30.226934,30.496653,29.910715,29.975819,26.507599,96900
2014-09-16,29.957218,30.357143,29.761906,30.096725,26.614511,42300
2014-09-17,30.189732,30.552456,29.864212,30.282738,26.779007,47400
2014-09-18,30.319941,31.119791,30.236235,31.045387,27.453417,95700
2014-09-19,31.315104,31.612722,30.273438,31.389509,27.757721,1191100
2014-09-22,31.250000,31.250000,30.422247,30.794271,27.231354,93600
2014-09-23,30.794271,31.426712,30.682663,30.812872,27.247805,150900
2014-09-24,31.036087,31.212797,30.822172,31.203497,27.593237,78500
2014-09-25,31.250000,31.343006,30.673363,30.701265,27.149111,702500
2014-09-26,30.710566,31.556919,30.682663,31.417410,27.782394,111000
2014-09-29,31.277903,31.352306,30.859375,31.073288,27.478088,137600
2014-09-30,31.147694,31.389509,30.766369,30.924479,27.346500,143800
2014-10-01,30.812872,31.156994,30.691965,30.924479,27.346500,208900
2014-10-02,30.840775,31.324406,30.822172,30.924479,27.346500,143500
2014-10-03,31.138393,31.277903,30.877975,30.896578,27.321825,55000
2014-10-06,31.063988,31.091890,30.729166,30.877975,27.305380,95300
2014-10-07,30.691965,31.026785,30.561756,30.812872,27.247805,89000
2014-10-08,30.840775,31.194197,30.664063,30.924479,27.346500,107200
2014-10-09,30.924479,30.952381,30.124628,30.226934,26.729662,91100
2014-10-10,30.096725,30.887278,30.096725,30.282738,26.779007,96800
2014-10-13,30.245535,31.101191,30.078125,30.459450,26.935272,37600
2014-10-14,30.710566,31.296503,30.292038,30.850075,27.280704,77600
2014-10-15,30.664063,31.277903,29.361979,29.482887,26.071697,179400
2014-10-16,29.213169,30.096725,29.017857,29.901413,26.441803,165200
2014-10-17,30.347843,30.654762,29.929316,30.552456,27.017519,89800
2014-10-20,30.496653,30.943081,30.310640,30.896578,27.321825,87900
2014-10-21,31.101191,31.612722,31.101191,31.361607,27.733051,51700
2014-10-22,31.547619,31.547619,30.682663,30.784969,27.223131,68400
2014-10-23,30.896578,31.417410,30.273438,30.561756,27.025742,111500
2014-10-24,30.840775,30.952381,30.357143,30.719866,27.165558,38700
2014-10-27,29.892113,30.664063,28.896950,28.989956,25.635799,113500
2014-10-28,29.185268,30.152531,29.185268,29.957218,26.491146,114400
2014-10-29,30.180431,30.636160,29.696800,30.245535,26.746109,77900
2014-10-30,30.087425,31.231400,30.013021,31.101191,27.502760,77000
2014-10-31,31.603422,31.603422,31.166294,31.231400,27.617910,93200
2014-11-03,31.277903,31.482515,30.515253,31.073288,27.478088,112000
2014-11-04,30.887278,31.594122,30.636160,31.259300,27.642580,88700
2014-11-05,31.575521,31.575521,30.980282,31.231400,27.617910,54800
2014-11-06,31.352306,31.473215,30.868675,31.380209,27.749500,65400
2014-11-07,31.482515,31.566219,31.008184,31.175594,27.568558,57200
2014-11-10,31.296503,31.296503,30.691965,31.231400,27.617910,74600
2014-11-11,31.194197,31.426712,31.045387,31.147694,27.543888,51700
2014-11-12,31.036087,31.910343,31.036087,31.891741,28.201847,45100
2014-11-13,32.012650,32.031250,31.491816,31.501116,27.856417,65200
2014-11-14,31.631325,32.496281,31.603422,31.901041,28.210073,75200
2014-11-17,31.956844,32.040550,31.491816,31.575521,27.922218,40000
2014-11-18,31.566219,31.566219,30.877975,30.915178,27.530088,34400
2014-11-19,31.008184,31.008184,30.189732,30.254837,26.942055,57000
2014-11-20,30.143229,30.505953,30.143229,30.440847,27.107691,21600
2014-11-21,30.803572,30.859375,29.929316,29.947916,26.668734,54500
2014-11-24,30.003719,30.543156,30.003719,30.366444,27.041435,51700
2014-11-25,30.505953,30.831472,30.189732,30.654762,27.298185,48800
2014-11-26,30.571056,30.682663,30.282738,30.487350,27.149103,43500
2014-11-28,30.431547,30.589657,30.040922,30.068825,26.776403,31100
2014-12-01,30.208334,30.394344,29.203869,29.259672,26.055849,61600
2014-12-02,29.250372,29.622396,29.194569,29.278275,26.072420,65300
2014-12-03,29.222469,29.743303,29.073660,29.557291,26.320885,74200
2014-12-04,29.715403,29.715403,29.157366,29.296875,26.088984,51000
2014-12-05,29.315475,30.208334,29.315475,29.715403,26.461681,58000
2014-12-08,29.715403,30.180431,28.878347,29.110863,25.923340,53800
2014-12-09,28.720238,29.715403,28.543528,29.622396,26.378862,65100
2014-12-10,29.427084,29.659597,28.134300,28.227306,25.136524,115400
2014-12-11,28.162203,28.738840,28.059896,28.348215,25.244198,69100
2014-12-12,27.985491,28.143600,27.632069,27.799479,24.755547,176500
2014-12-15,28.004093,28.627232,27.473959,27.548363,24.531925,82600
2014-12-16,27.529762,28.785343,26.795015,26.860119,23.919041,246500
2014-12-17,26.813616,27.678572,26.395090,27.334450,24.341434,136800
2014-12-18,27.650669,28.710938,27.650669,28.245907,25.153095,82800
2014-12-19,28.180803,28.180803,27.483259,27.762278,24.722414,274700
2014-12-22,27.948288,27.948288,27.157738,27.483259,24.473949,66200
2014-12-23,27.659969,27.994791,27.260044,27.492559,24.482233,123400
2014-12-24,27.594866,27.594866,27.269344,27.418156,24.415976,66400
2014-12-26,27.622768,27.762278,27.278646,27.511160,24.498795,37800
2014-12-29,27.604166,28.087797,27.604166,27.790178,24.747265,91100
2014-12-30,27.790178,28.292410,27.204241,27.315847,24.324869,99000
2014-12-31,27.473959,27.780878,26.627604,26.888021,23.943890,93000
2015-01-02,27.157738,27.157738,26.041666,26.692709,23.769964,55700
2015-01-05,26.488094,26.488094,25.427828,25.455729,22.668430,143800
2015-01-06,25.455729,25.585938,24.600075,24.683781,21.981001,159900
2015-01-07,24.776785,24.823288,24.367559,24.516369,21.831921,111700
2015-01-08,24.730282,25.437128,24.451265,24.860491,22.138363,105800
2015-01-09,24.832590,25.027903,24.525669,24.590775,21.898180,96000
2015-01-12,24.609375,24.627975,24.200150,24.432663,21.757383,73400
2015-01-13,24.488468,24.972097,24.023438,24.172247,21.525482,145900
2015-01-14,23.949032,24.590775,23.725819,24.544271,21.856773,106800
2015-01-15,24.404762,24.618675,24.135044,24.432663,21.757383,67800
2015-01-16,24.330357,24.767485,24.228050,24.758184,22.047262,113400
2015-01-20,24.888393,25.102306,23.874628,24.283854,21.624865,162300
2015-01-21,24.274553,24.544271,23.949032,24.097843,21.459223,73200
2015-01-22,25.251116,26.302084,25.158110,26.236979,23.364132,690700
2015-01-23,26.088169,26.488094,25.957962,26.413691,23.521496,276400
2015-01-26,26.543900,27.399553,26.060268,26.329985,23.446957,3330400
2015-01-27,26.041666,26.292782,25.902157,26.041666,23.190205,318300
2015-01-28,26.013765,26.013765,25.465031,25.790550,22.966583,292200
2015-01-29,25.762650,26.190475,25.306919,26.116072,23.256466,148000
2015-01-30,25.855656,26.106771,25.344122,25.390625,22.610453,176100
2015-02-02,25.492931,26.711309,25.427828,26.636906,23.720268,120300
2015-02-03,26.841518,27.613468,26.506697,27.473959,24.465668,174600
2015-02-04,27.473959,27.994791,27.064732,27.725075,24.689287,124600
2015-02-05,27.725075,28.255209,27.594866,28.208706,25.119963,116500
2015-02-06,28.329613,28.794643,27.864584,28.152903,25.070269,184800
2015-02-09,27.985491,28.766741,26.953125,26.990328,24.034990,177800
2015-02-10,27.483259,27.976191,26.981028,27.883184,24.830084,176600
2015-02-11,27.901785,28.301712,27.148438,27.222843,24.242046,88400
2015-02-12,27.371653,27.501860,26.999628,27.343750,24.349718,71200
2015-02-13,27.520462,27.883184,26.971725,27.334450,24.341434,80300
2015-02-17,27.371653,27.687872,27.083334,27.650669,24.623030,67800
2015-02-18,27.669271,27.883184,27.204241,27.594866,24.573334,85800
2015-02-19,27.594866,27.929688,27.241444,27.492559,24.482233,91900
2015-02-20,27.566965,27.622768,26.953125,27.566965,24.548491,58100
2015-02-23,27.566965,27.566965,27.083334,27.325150,24.333155,43200
2015-02-24,27.241444,27.892485,27.083334,27.706472,24.882158,103600
2015-02-25,27.762278,27.762278,27.176340,27.408854,24.614880,61100
2015-02-26,27.287947,27.622768,27.157738,27.353050,24.564766,48800
2015-02-27,27.334450,27.557663,26.627604,26.702009,23.980085,109200
2015-03-02,26.599703,27.260044,26.357887,27.036831,24.280777,119400
2015-03-03,26.850819,27.083334,26.348587,26.822916,24.088669,112000
2015-03-04,26.813616,26.860119,26.488094,26.590403,23.879854,85200
2015-03-05,26.702009,27.520462,26.209078,26.776413,24.046907,104200
2015-03-06,26.636906,27.529762,26.478794,27.250744,24.472883,86000
2015-03-09,27.408854,27.873884,27.074032,27.548363,24.740164,124300
2015-03-10,27.176340,27.473959,26.757813,26.990328,24.239016,106100
2015-03-11,27.111235,27.604166,26.906622,27.362350,24.573114,86000
2015-03-12,27.678572,28.404018,27.408854,28.357515,25.466837,102600
2015-03-13,28.459822,28.794643,27.687872,28.125000,25.258026,90600
2015-03-16,28.208706,28.776041,27.948288,28.171503,25.299786,89900
2015-03-17,28.004093,28.264509,27.297247,27.418156,24.623232,90900
2015-03-18,27.353050,27.557663,26.571800,26.869419,24.130428,113100
2015-03-19,26.795015,27.092634,26.041666,26.534597,23.829742,122600
2015-03-20,26.664806,27.446056,26.646206,27.111235,24.347597,338600
2015-03-23,27.167038,27.827381,26.413691,26.609003,23.896563,92500
2015-03-24,26.655506,27.808781,26.292782,26.627604,23.913267,43500
2015-03-25,26.748512,27.725075,26.125372,26.246281,23.570814,69100
2015-03-26,26.209078,26.906622,26.050968,26.850819,24.113728,78800
2015-03-27,26.906622,27.148438,26.190475,26.767113,24.038555,71300
2015-03-30,26.934525,27.520462,26.888021,27.111235,24.347597,53800
2015-03-31,27.036831,27.036831,26.450893,26.683407,23.963381,63300
2015-04-01,26.646206,26.897322,26.246281,26.822916,24.088669,56700
2015-04-02,26.953125,26.990328,26.525297,26.822916,24.088669,82900
2015-04-06,26.720610,26.832218,26.134672,26.227678,23.554108,90700
2015-04-07,26.320684,26.525297,25.883556,26.143972,23.478931,53200
2015-04-08,26.041666,26.236979,25.576637,26.013765,23.362001,85300
2015-04-09,26.097469,26.404390,25.930059,26.292782,23.612577,57800
2015-04-10,26.478794,26.506697,26.181175,26.385788,23.696098,71300
2015-04-13,26.246281,27.334450,26.246281,27.139137,24.372656,71600
2015-04-14,27.129837,27.269344,26.171875,26.776413,24.046907,76600
2015-04-15,26.841518,27.613468,26.413691,27.473959,24.673344,90500
2015-04-16,27.501860,27.799479,26.962425,27.585566,24.773575,59000
2015-04-17,27.371653,27.371653,26.655506,26.720610,23.996792,51400
2015-04-20,26.953125,27.194941,26.692709,26.971725,24.222309,51100
2015-04-21,27.018229,27.697172,26.655506,27.083334,24.322538,80400
2015-04-22,27.185640,27.697172,26.804316,27.604166,24.790279,49100
2015-04-23,28.017578,28.066406,26.865234,27.285156,24.503790,53800
2015-04-24,27.324219,27.431641,26.787109,26.884766,24.144213,38000
2015-04-27,27.041016,28.037109,26.591797,26.865234,24.126671,65900
2015-04-28,26.982422,27.578125,26.982422,27.333984,24.547642,44800
2015-04-29,27.275391,28.232422,26.855469,27.763672,24.933527,80700
2015-04-30,27.587891,27.714844,26.660156,26.679688,23.960035,83000
2015-05-01,26.708984,26.708984,25.888672,25.986328,23.337360,144600
2015-05-04,25.898438,26.269531,25.507813,25.576172,22.969015,110700
2015-05-05,25.537109,26.162109,25.537109,25.957031,23.311050,108100
2015-05-06,26.103516,26.494141,25.996094,26.435547,23.740788,68600
2015-05-07,26.484375,26.484375,26.083984,26.250000,23.574154,53800
2015-05-08,26.367188,26.640625,26.113281,26.494141,23.793409,44900
2015-05-11,26.425781,26.875000,26.240234,26.767578,24.038973,67800
2015-05-12,26.650391,27.207031,26.171875,26.982422,24.231916,36100
2015-05-13,27.050781,27.148438,26.679688,27.070313,24.310844,41200
2015-05-14,27.294922,27.529297,26.699219,27.060547,24.302074,80300
2015-05-15,27.109375,27.148438,25.957031,26.455078,23.758327,104200
2015-05-18,26.503906,27.138672,26.337891,26.962891,24.214375,98600
2015-05-19,26.894531,27.138672,26.513672,27.089844,24.537701,101500
2015-05-20,27.246094,27.246094,26.416016,26.992188,24.449247,95800
2015-05-21,27.021484,27.246094,26.777344,26.982422,24.440399,76300
2015-05-22,26.933594,27.441406,26.435547,26.484375,23.989271,42700
2015-05-26,26.367188,26.455078,25.830078,26.230469,23.759287,67000
2015-05-27,26.347656,26.806641,25.781250,26.689453,24.175030,74400
2015-05-28,26.699219,26.953125,26.425781,26.923828,24.387321,74200
2015-05-29,26.933594,27.050781,25.996094,26.220703,23.750444,118100
2015-06-01,26.494141,26.494141,25.771484,25.839844,23.405464,63600
2015-06-02,25.800781,26.279297,25.781250,26.162109,23.697369,101700
2015-06-03,26.142578,26.953125,26.132813,26.445313,23.953892,127700
2015-06-04,26.542969,26.699219,26.005859,26.289063,23.812363,71100
2015-06-05,26.445313,27.060547,26.425781,27.031250,24.484627,106700
2015-06-08,26.923828,27.089844,26.699219,26.962891,24.422707,102200
2015-06-09,26.835938,27.656250,26.777344,27.421875,24.838453,76300
2015-06-10,27.597656,28.916016,27.597656,28.427734,25.749548,140500
2015-06-11,28.447266,28.681641,27.949219,28.574219,25.882231,90200
2015-06-12,28.564453,28.740234,28.212891,28.535156,25.846849,105500
2015-06-15,28.505859,28.769531,27.880859,28.457031,25.776085,147300
2015-06-16,28.193359,28.916016,28.164063,28.398438,25.723007,103400
2015-06-17,28.408203,28.730469,27.675781,27.890625,25.263039,169200
2015-06-18,27.900391,28.369141,27.509766,27.841797,25.218811,104400
2015-06-19,28.085938,28.564453,27.656250,27.812500,25.192274,574800
2015-06-22,27.939453,28.486328,27.939453,28.183594,25.528408,89500
2015-06-23,28.417969,28.789063,28.320313,28.388672,25.714163,105600
2015-06-24,28.183594,28.769531,28.183594,28.457031,25.776085,93700
2015-06-25,28.652344,28.955078,28.369141,28.730469,26.023760,130300
2015-06-26,28.710938,29.101563,28.593750,29.062500,26.324511,290400
2015-06-29,28.759766,29.169922,28.369141,28.408203,25.731857,106100
2015-06-30,28.574219,28.730469,28.222656,28.544922,25.855694,73900
2015-07-01,28.701172,29.121094,28.662109,29.013672,26.280281,65800
2015-07-02,29.042969,29.130859,28.183594,28.251953,25.590326,53100
2015-07-06,28.095703,28.320313,27.861328,28.007813,25.369186,95500
2015-07-07,27.919922,27.919922,27.216797,27.656250,25.050747,80400
2015-07-08,27.519531,27.880859,27.402344,27.812500,25.192274,145200
2015-07-09,28.046875,28.203125,27.460938,27.900391,25.271885,111400
2015-07-10,28.066406,28.349609,28.066406,28.164063,25.510719,82000
2015-07-13,28.330078,28.632813,28.330078,28.525391,25.838005,58400
2015-07-14,28.466797,28.544922,28.066406,28.300781,25.634554,88000
2015-07-15,28.378906,28.710938,28.095703,28.125000,25.475336,59500
2015-07-16,28.310547,28.691406,28.261719,28.496094,25.811468,49800
2015-07-17,28.447266,28.535156,27.812500,27.949219,25.316114,62900
2015-07-20,27.988281,28.271484,27.744141,28.251953,25.590326,73800
2015-07-21,28.251953,28.847656,27.978516,28.027344,25.386877,40800
2015-07-22,28.046875,28.593750,28.046875,28.417969,25.740702,43300
2015-07-23,28.574219,28.740234,27.490234,27.626953,25.024208,98000
2015-07-24,27.382813,27.470703,26.552734,26.884766,24.351940,107100
2015-07-27,26.494141,26.806641,26.337891,26.748047,24.228102,80100
2015-07-28,26.826172,26.914063,26.162109,26.367188,23.883127,89600
2015-07-29,26.416016,26.689453,25.771484,26.406250,23.918510,133300
2015-07-30,26.416016,26.835938,26.132813,26.455078,23.962736,106900
2015-07-31,26.484375,26.806641,26.132813,26.679688,24.166180,63300
2015-08-03,26.562500,26.816406,26.123047,26.445313,23.953892,42600
2015-08-04,26.396484,26.806641,26.396484,26.552734,24.051189,45100
2015-08-05,26.640625,27.324219,26.640625,27.080078,24.528854,78000
2015-08-06,27.031250,27.460938,26.621094,26.962891,24.422707,60400
2015-08-07,26.767578,27.343750,26.601563,26.767578,24.245798,54300
2015-08-10,26.894531,27.363281,26.796875,27.011719,24.466938,93100
2015-08-11,26.884766,27.060547,26.396484,27.031250,24.484627,104400
2015-08-12,26.962891,26.962891,26.406250,26.777344,24.254641,141300
2015-08-13,26.708984,27.060547,26.552734,26.748047,24.228102,64800
2015-08-14,26.591797,27.275391,26.591797,27.226563,24.661539,70800
2015-08-17,27.060547,27.607422,26.923828,27.285156,24.714611,55400
2015-08-18,27.080078,27.099609,26.376953,26.425781,24.139685,50500
2015-08-19,26.201172,26.591797,26.005859,26.162109,23.898819,116500
2015-08-20,26.123047,26.132813,25.292969,25.322266,23.131636,109500
2015-08-21,25.166016,25.966797,25.166016,25.732422,23.506306,147200
2015-08-24,25.615234,25.654297,24.423828,24.541016,22.417969,153600
2015-08-25,25.185547,25.185547,23.750000,23.837891,21.775671,182200
2015-08-26,24.355469,24.482422,23.486328,24.453125,22.337685,135100
2015-08-27,24.638672,25.019531,24.003906,24.824219,22.676674,204600
2015-08-28,24.736328,25.117188,24.658203,24.921875,22.765881,130100
2015-08-31,24.912109,25.478516,24.775391,25.429688,23.229763,78000
2015-09-01,25.039063,25.292969,24.687500,24.804688,22.658833,126600
2015-09-02,25.078125,25.419922,24.775391,25.117188,22.944298,70100
2015-09-03,25.351563,25.605469,25.019531,25.253906,23.069187,77900
2015-09-04,24.814453,25.244141,24.775391,25.185547,23.006741,94200
2015-09-08,25.488281,25.937500,25.488281,25.664063,23.443863,126800
2015-09-09,25.869141,26.035156,25.644531,25.673828,23.452782,72300
2015-09-10,25.527344,25.878906,25.527344,25.742188,23.515228,40800
2015-09-11,25.468750,25.869141,25.429688,25.693359,23.470623,60300
2015-09-14,25.693359,26.103516,25.576172,25.693359,23.470623,67200
2015-09-15,25.761719,26.015625,25.742188,25.869141,23.631199,38300
2015-09-16,25.820313,26.142578,25.595703,26.083984,23.827457,46400
2015-09-17,25.966797,26.591797,25.195313,25.507813,23.301128,121000
2015-09-18,25.058594,25.253906,24.599609,24.873047,22.721275,394800
2015-09-21,24.980469,25.439453,24.765625,25.263672,23.078108,88100
2015-09-22,24.921875,25.263672,24.824219,24.960938,22.801563,63700
2015-09-23,25.078125,25.449219,24.658203,25.029297,22.864008,81500
2015-09-24,24.794922,25.830078,24.794922,25.791016,23.559832,92700
2015-09-25,26.005859,26.826172,25.908203,26.611328,24.309181,128000
2015-09-28,26.406250,26.855469,26.240234,26.601563,24.300259,88900
2015-09-29,26.621094,26.826172,26.289063,26.611328,24.309181,60200
2015-09-30,26.806641,26.962891,26.289063,26.904297,24.576803,103800
2015-10-01,26.816406,26.992188,26.298828,26.650391,24.344862,73700
2015-10-02,26.250000,26.591797,25.439453,26.074219,23.818537,94600
2015-10-05,26.005859,26.474609,26.005859,26.464844,24.175367,46100
2015-10-06,26.474609,26.748047,26.123047,26.357422,24.077238,49900
2015-10-07,26.425781,27.080078,26.162109,27.070313,24.728455,47700
2015-10-08,27.070313,27.509766,26.953125,27.246094,24.889029,95400
2015-10-09,27.246094,27.519531,26.875000,26.894531,24.567883,45900
2015-10-12,26.855469,27.050781,26.748047,26.894531,24.567883,97800
2015-10-13,26.835938,27.343750,26.630859,26.660156,24.353785,52400
2015-10-14,26.611328,26.777344,25.791016,25.927734,23.684723,52700
2015-10-15,25.927734,26.494141,25.761719,26.455078,24.166447,81400
2015-10-16,26.523438,26.806641,26.328125,26.669922,24.362705,39800
2015-10-19,26.455078,26.708984,26.357422,26.562500,24.264574,29200
2015-10-20,26.572266,26.904297,26.484375,26.904297,24.576803,44100
2015-10-21,26.982422,27.070313,26.279297,26.328125,24.050480,54300
2015-10-22,26.494141,27.187500,25.986328,26.904297,24.576803,63800
2015-10-23,26.982422,27.343750,26.728516,27.158203,24.808744,126700
2015-10-26,27.031250,27.294922,26.660156,26.826172,24.505434,59800
2015-10-27,26.777344,27.021484,26.318359,26.484375,24.193209,57500
2015-10-28,26.582031,27.998047,26.582031,27.958984,25.540249,83700
2015-10-29,27.890625,28.564453,27.060547,27.890625,25.477804,90100
2015-10-30,27.675781,28.212891,26.201172,26.269531,23.996952,131800
2015-11-02,26.279297,26.425781,25.712891,26.240234,23.970188,111000
2015-11-03,26.230469,27.080078,26.230469,26.914063,24.585724,58100
2015-11-04,26.982422,27.138672,26.220703,26.914063,24.585724,138600
2015-11-05,26.943359,27.539063,26.767578,27.373047,25.005003,113700
2015-11-06,27.548828,28.271484,27.451172,28.222656,25.781113,176000
2015-11-09,28.027344,28.300781,27.714844,27.822266,25.415358,151500
2015-11-10,27.675781,28.437500,27.392578,27.832031,25.424280,108100
2015-11-11,27.871094,28.144531,27.529297,27.744141,25.343990,42400
2015-11-12,27.558594,27.656250,27.050781,27.236328,24.880110,56800
2015-11-13,26.982422,27.148438,26.474609,26.796875,24.478674,73200
2015-11-16,26.611328,27.031250,26.074219,26.992188,24.657087,130100
2015-11-17,26.767578,27.138672,26.484375,26.738281,24.635065,74100
2015-11-18,26.933594,26.972656,26.406250,26.933594,24.815012,73100
2015-11-19,26.806641,27.167969,26.425781,26.884766,24.770025,55000
2015-11-20,27.060547,27.060547,26.640625,27.031250,24.904989,66100
2015-11-23,27.138672,27.207031,26.748047,27.089844,24.958977,88600
2015-11-24,27.021484,27.333984,26.718750,27.285156,25.138922,108100
2015-11-25,27.226563,27.539063,27.011719,27.460938,25.300879,27500
2015-11-27,27.470703,27.714844,27.285156,27.666016,25.489826,26700
2015-11-30,27.626953,27.900391,27.402344,27.578125,25.408848,93300
2015-12-01,27.636719,27.978516,27.421875,27.705078,25.525812,83100
2015-12-02,27.646484,28.164063,26.923828,27.080078,24.949976,99300
2015-12-03,27.412109,27.724609,26.357422,26.562500,24.473108,115200
2015-12-04,26.542969,27.343750,26.416016,26.533203,24.446115,139400
2015-12-07,26.533203,26.708984,25.175781,25.468750,23.465395,202700
2015-12-08,25.205078,25.537109,24.775391,25.117188,23.141485,141900
2015-12-09,25.117188,25.527344,24.667969,24.707031,22.763594,195000
2015-12-10,24.667969,24.824219,24.160156,24.492188,22.565645,195800
2015-12-11,24.394531,24.619141,24.130859,24.414063,22.493666,230800
2015-12-14,24.638672,24.892578,24.179688,24.511719,22.583641,179900
2015-12-15,24.462891,24.951172,24.208984,24.355469,22.439682,176000
2015-12-16,24.404297,24.531250,23.447266,23.994141,22.106777,249300
2015-12-17,24.091797,24.199219,23.457031,23.789063,21.917830,222100
2015-12-18,23.632813,24.287109,23.447266,23.867188,21.989807,1474300
2015-12-21,23.818359,24.404297,23.613281,23.837891,21.962816,167500
2015-12-22,23.867188,24.042969,23.447266,23.896484,22.016800,118000
2015-12-23,24.072266,24.179688,23.740234,23.828125,21.953819,94500
2015-12-24,23.710938,24.248047,23.710938,24.023438,22.133770,30200
2015-12-28,23.935547,24.121094,23.681641,23.935547,22.052792,65000
2015-12-29,23.945313,24.316406,23.828125,24.287109,22.376701,105500
2015-12-30,24.169922,24.208984,23.925781,23.955078,22.070786,79500
2015-12-31,23.945313,23.964844,23.447266,23.457031,21.611916,146600
2016-01-04,23.378906,23.378906,22.617188,22.763672,20.973095,139400
2016-01-05,22.900391,22.968750,22.470703,22.734375,20.946102,100800
2016-01-06,22.460938,22.929688,22.304688,22.714844,20.928108,146700
2016-01-07,22.275391,22.490234,21.767578,21.777344,20.064350,142100
2016-01-08,21.884766,21.923828,21.396484,21.406250,19.722445,143600
2016-01-11,21.435547,21.552734,21.240234,21.367188,19.686457,86300
2016-01-12,21.435547,21.464844,20.546875,20.908203,19.263575,139800
2016-01-13,20.898438,21.191406,20.029297,20.175781,18.588770,111400
2016-01-14,20.253906,20.507813,19.970703,20.156250,18.570768,136200
2016-01-15,19.687500,20.537109,19.355469,20.087891,18.507790,170700
2016-01-19,20.214844,20.234375,19.746094,19.912109,18.345837,92400
2016-01-20,19.570313,20.068359,19.228516,19.843750,18.282852,142700
2016-01-21,19.931641,20.292969,19.726563,19.863281,18.300852,140600
2016-01-22,20.224609,20.546875,19.833984,20.175781,18.588770,140100
2016-01-25,20.195313,20.468750,19.082031,19.140625,17.635035,174600
2016-01-26,19.130859,19.990234,19.130859,19.804688,18.246864,114000
2016-01-27,19.912109,20.488281,19.736328,19.941406,18.372826,128100
2016-01-28,20.107422,20.898438,20.107422,20.615234,18.993654,104300
2016-01-29,20.507813,22.060547,20.507813,22.001953,20.271292,313500
2016-02-01,21.728516,21.875000,20.810547,20.839844,19.200594,141800
2016-02-02,20.830078,21.376953,20.644531,21.162109,19.497511,147900
2016-02-03,21.503906,22.138672,20.996094,21.757813,20.046358,145000
2016-02-04,21.845703,22.353516,21.552734,21.816406,20.100346,130600
2016-02-05,21.777344,22.275391,21.777344,22.177734,20.433250,192100
2016-02-08,21.972656,22.783203,21.835938,22.705078,20.919111,165800
2016-02-09,22.353516,22.607422,22.216797,22.353516,20.595201,101200
2016-02-10,22.412109,22.675781,22.207031,22.207031,20.460239,103600
2016-02-11,21.728516,22.148438,21.455078,21.835938,20.118334,114200
2016-02-12,21.943359,22.978516,21.943359,22.851563,21.054071,101900
2016-02-16,23.193359,23.388672,22.851563,23.291016,21.458958,121000
2016-02-17,23.349609,23.466797,22.802734,22.968750,21.162043,117800
2016-02-18,22.968750,23.916016,22.197266,22.343750,20.586203,156200
2016-02-19,22.246094,22.861328,22.246094,22.578125,20.802143,128400
2016-02-22,22.851563,23.271484,22.666016,22.988281,21.180038,108200
2016-02-23,22.841797,22.851563,22.363281,22.509766,20.948755,123800
2016-02-24,22.216797,22.675781,21.865234,22.646484,21.075994,97700
2016-02-25,22.646484,23.056641,22.490234,22.978516,21.384996,65300
2016-02-26,23.095703,23.427734,22.880859,23.310547,21.694006,89300
2016-02-29,23.291016,23.330078,22.753906,22.871094,21.285025,143100
2016-03-01,22.968750,23.828125,22.968750,23.349609,21.730358,92600
2016-03-02,23.300781,23.808594,23.193359,23.808594,22.157515,70900
2016-03-03,23.925781,24.814453,23.828125,24.814453,23.093618,149000
2016-03-04,24.882813,25.029297,24.287109,24.707031,22.993649,214700
2016-03-07,24.628906,25.244141,24.628906,25.195313,23.448065,126000
2016-03-08,24.980469,25.175781,24.394531,24.394531,22.702818,107100
2016-03-09,24.599609,25.214844,24.599609,24.902344,23.175413,121900
2016-03-10,25.175781,25.576172,24.736328,25.449219,23.684362,148200
2016-03-11,25.634766,26.083984,24.345703,26.025391,24.220583,85500
2016-03-14,25.888672,25.888672,25.517578,25.644531,23.866131,53100
2016-03-15,25.390625,25.537109,24.804688,24.824219,23.102707,86200
2016-03-16,24.716797,25.380859,24.550781,24.794922,23.075441,68800
2016-03-17,24.794922,25.966797,24.716797,25.800781,24.011543,134000
2016-03-18,26.015625,26.572266,25.888672,26.113281,24.302374,175900
2016-03-21,25.947266,26.142578,25.458984,25.556641,23.784336,89600
2016-03-22,25.292969,25.869141,24.804688,25.771484,23.984280,65900
2016-03-23,25.595703,25.742188,25.058594,25.097656,23.357183,74100
2016-03-24,24.882813,25.146484,24.707031,25.087891,23.348093,92300
2016-03-28,25.136719,25.654297,24.892578,25.097656,23.357183,41400
2016-03-29,24.960938,25.703125,24.755859,25.566406,23.793427,78800
2016-03-30,25.673828,25.869141,25.380859,25.605469,23.829779,69000
2016-03-31,25.605469,25.771484,25.361328,25.458984,23.693453,73700
2016-04-01,25.234375,25.615234,24.843750,25.263672,23.511683,44000
2016-04-04,25.332031,25.400391,24.941406,25.146484,23.402624,68500
2016-04-05,24.892578,25.351563,24.853516,24.912109,23.184500,102500
2016-04-06,24.902344,25.341797,24.609375,25.039063,23.302650,31300
2016-04-07,24.824219,24.824219,24.052734,24.218750,22.539227,45600
2016-04-08,24.609375,24.951172,24.335938,24.472656,22.775522,60300
2016-04-11,24.443359,25.166016,24.443359,24.628906,22.920937,49700
2016-04-12,24.687500,25.234375,24.687500,25.146484,23.402624,65000
2016-04-13,25.292969,26.142578,25.263672,25.947266,24.147875,103000
2016-04-14,25.947266,26.484375,25.839844,26.123047,24.311462,43400
2016-04-15,26.054688,26.113281,25.732422,25.781250,23.993370,43500
2016-04-18,25.605469,26.259766,25.595703,26.132813,24.320553,59100
2016-04-19,26.191406,26.503906,26.074219,26.455078,24.620468,47700
2016-04-20,26.416016,26.992188,26.396484,26.806641,24.947651,52200
2016-04-21,26.845703,27.041016,26.601563,26.865234,25.002180,64300
2016-04-22,26.943359,27.470703,26.943359,27.363281,25.465691,78400
2016-04-25,27.353516,27.363281,26.855469,27.041016,25.165773,56100
2016-04-26,26.992188,27.988281,26.992188,27.968750,26.029169,93500
2016-04-27,27.871094,28.027344,27.431641,27.919922,25.983728,55300
2016-04-28,27.646484,27.998047,27.646484,27.675781,25.756517,51100
2016-04-29,28.320313,29.257813,28.085938,28.525391,26.547209,146500
2016-05-02,28.515625,29.023438,28.496094,28.945313,26.938009,107800
2016-05-03,28.779297,29.062500,28.183594,28.417969,26.447237,67500
2016-05-04,28.164063,28.759766,27.988281,28.466797,26.492680,67400
2016-05-05,28.554688,28.691406,28.183594,28.291016,26.329088,48300
2016-05-06,28.281250,28.583984,28.212891,28.544922,26.565384,83800
2016-05-09,28.427734,28.808594,28.320313,28.564453,26.583561,46400
2016-05-10,28.750000,29.052734,28.544922,28.808594,26.810774,59600
2016-05-11,28.808594,29.072266,28.564453,28.574219,26.592649,49500
2016-05-12,28.701172,28.955078,28.339844,28.554688,26.574472,57000
2016-05-13,28.427734,28.681641,27.617188,28.056641,26.110964,69800
2016-05-16,28.281250,29.208984,28.281250,28.837891,26.838037,225200
2016-05-17,28.818359,28.935547,28.105469,28.310547,26.568375,128800
2016-05-18,28.232422,28.857422,28.232422,28.808594,27.035774,156300
2016-05-19,28.583984,28.935547,28.095703,28.271484,26.531717,83900
2016-05-20,28.408203,28.964844,28.095703,28.906250,27.127420,96400
2016-05-23,28.896484,28.906250,28.603516,28.642578,26.879972,69800
2016-05-24,28.916016,29.296875,28.916016,29.287109,27.484844,122300
2016-05-25,29.296875,30.371094,29.169922,30.361328,28.492954,129300
2016-05-26,29.277344,29.277344,28.369141,28.437500,26.687515,69400
2016-05-27,28.505859,28.759766,28.349609,28.730469,26.962456,59200
2016-05-31,28.750000,28.964844,28.574219,28.798828,27.026608,85500
2016-06-01,28.759766,29.570313,28.681641,29.531250,27.713959,96100
2016-06-02,29.501953,29.804688,29.257813,29.707031,27.878925,94200
2016-06-03,29.560547,29.560547,28.886719,29.414063,27.603981,94600
2016-06-06,29.443359,29.765625,29.375000,29.462891,27.649807,67000
2016-06-07,29.482422,30.058594,29.443359,29.785156,27.952240,97600
2016-06-08,29.785156,30.175781,29.404297,29.980469,28.135532,70200
2016-06-09,29.736328,29.921875,29.326172,29.755859,27.924746,84800
2016-06-10,29.423828,29.794922,29.091797,29.550781,27.732290,104300
2016-06-13,29.384766,29.677734,29.121094,29.267578,27.466515,128100
2016-06-14,29.160156,29.521484,28.750000,28.818359,27.044937,128100
2016-06-15,28.808594,29.375000,28.339844,28.378906,26.632532,72300
2016-06-16,28.281250,28.847656,28.085938,28.750000,26.980787,153100
2016-06-17,28.818359,29.384766,28.818359,29.062500,27.274055,317700
2016-06-20,29.326172,29.638672,29.218750,29.619141,27.796440,88000
2016-06-21,29.638672,29.794922,29.345703,29.677734,27.851427,63600
2016-06-22,29.531250,30.019531,29.414063,29.453125,27.640640,70100
2016-06-23,29.921875,30.693359,29.921875,30.546875,28.667084,80000
2016-06-24,28.867188,29.882813,28.564453,28.671875,26.907469,235700
2016-06-27,28.281250,28.417969,27.597656,28.056641,26.330091,156800
2016-06-28,28.554688,28.574219,28.017578,28.300781,26.559210,104500
2016-06-29,28.632813,29.609375,28.457031,29.580078,27.759779,78700
2016-06-30,29.560547,30.195313,29.257813,30.195313,28.337156,109200
2016-07-01,30.019531,30.195313,29.609375,30.156250,28.300499,109400
2016-07-05,29.892578,29.892578,29.335938,29.541016,27.723124,55400
2016-07-06,29.355469,29.863281,29.335938,29.707031,27.878925,61200
2016-07-07,29.736328,30.205078,29.619141,29.931641,28.089710,53400
2016-07-08,30.214844,30.859375,30.214844,30.654297,28.767897,96800
2016-07-11,30.751953,31.152344,30.693359,31.074219,29.161974,55100
2016-07-12,31.201172,31.914063,31.201172,31.708984,29.757681,118200
2016-07-13,31.826172,32.031250,31.718750,31.962891,29.995960,137800
2016-07-14,32.158203,32.617188,32.158203,32.285156,30.298399,87100
2016-07-15,32.509766,32.832031,32.304688,32.392578,30.399208,66300
2016-07-18,32.246094,32.294922,31.816406,31.835938,29.876818,84000
2016-07-19,31.816406,32.226563,31.748047,32.001953,30.032619,71700
2016-07-20,32.128906,32.187500,31.777344,31.806641,29.849327,45600
2016-07-21,31.669922,31.953125,31.552734,31.835938,29.876818,76100
2016-07-22,31.787109,32.226563,31.494141,32.001953,30.032619,41800
2016-07-25,31.738281,32.031250,31.357422,31.669922,29.721022,52300
2016-07-26,31.630859,31.816406,31.494141,31.679688,29.730183,60900
2016-07-27,31.660156,32.119141,31.660156,31.953125,29.986799,51800
2016-07-28,31.884766,32.031250,31.708984,31.816406,29.858490,39400
2016-07-29,31.220703,31.347656,29.726563,29.873047,28.034723,133600
2016-08-01,29.794922,29.882813,29.316406,29.707031,27.878925,145400
2016-08-02,29.765625,30.566406,29.541016,29.707031,27.878925,79000
2016-08-03,29.775391,30.341797,29.775391,30.195313,28.337156,62700
2016-08-04,30.136719,30.224609,29.785156,29.941406,28.098875,75100
2016-08-05,30.283203,31.191406,30.283203,31.054688,29.143644,85600
2016-08-08,31.035156,31.230469,30.800781,30.849609,28.951189,50300
2016-08-09,30.859375,31.210938,30.810547,30.908203,29.006176,31800
2016-08-10,30.917969,30.917969,30.302734,30.332031,28.465464,40500
2016-08-11,30.458984,30.703125,30.205078,30.429688,28.557106,60000
2016-08-12,30.312500,30.312500,29.960938,30.273438,28.410475,24700
2016-08-15,30.419922,30.585938,30.214844,30.468750,28.593767,63300
2016-08-16,30.195313,30.312500,29.990234,30.039063,28.414339,44200
2016-08-17,30.097656,30.478516,30.039063,30.292969,28.654510,57300
2016-08-18,30.166016,30.478516,30.146484,30.429688,28.783834,47500
2016-08-19,30.380859,30.390625,30.117188,30.351563,28.709938,56400
2016-08-22,30.175781,30.839844,30.146484,30.839844,29.171806,64500
2016-08-23,30.908203,31.240234,30.771484,31.142578,29.458172,46200
2016-08-24,31.132813,31.357422,30.742188,31.289063,29.596729,60800
2016-08-25,31.201172,31.689453,30.820313,31.689453,29.975464,53500
2016-08-26,31.767578,32.021484,31.455078,31.591797,29.883087,81000
2016-08-29,31.699219,32.109375,31.669922,31.865234,30.141739,49200
2016-08-30,31.816406,32.099609,31.718750,31.982422,30.252588,42700
2016-08-31,31.953125,32.119141,31.806641,32.080078,30.344961,88800
2016-09-01,32.109375,32.119141,31.298828,31.718750,30.003178,84500
2016-09-02,31.689453,32.119141,31.630859,32.031250,30.298777,52700
2016-09-06,32.119141,32.119141,31.416016,31.582031,29.873856,49000
2016-09-07,31.464844,31.972656,31.464844,31.777344,30.058601,62400
2016-09-08,31.796875,32.119141,31.796875,32.109375,30.372677,30900
2016-09-09,31.855469,32.119141,31.611328,31.630859,29.920040,61100
2016-09-12,31.406250,32.001953,30.996094,31.855469,30.132504,46500
2016-09-13,31.416016,31.416016,30.800781,31.162109,29.476645,66700
2016-09-14,31.103516,31.250000,30.761719,30.791016,29.125622,57400
2016-09-15,30.800781,31.240234,30.664063,31.064453,29.384270,31300
2016-09-16,30.976563,31.074219,30.615234,30.859375,29.190287,112900
2016-09-19,31.123047,31.435547,30.839844,31.035156,29.356558,32400
2016-09-20,31.152344,31.210938,30.898438,30.908203,29.236471,34200
2016-09-21,30.966797,31.376953,30.966797,31.357422,29.661390,43100
2016-09-22,31.503906,32.119141,31.171875,32.089844,30.354200,109100
2016-09-23,31.953125,32.001953,31.533203,31.621094,29.910805,46500
2016-09-26,31.416016,31.416016,30.654297,30.712891,29.051722,46700
2016-09-27,30.781250,31.093750,30.722656,30.917969,29.245707,72000
2016-09-28,30.986328,31.425781,30.820313,31.406250,29.707581,51500
2016-09-29,31.279297,31.630859,30.898438,30.927734,29.254946,33300
2016-09-30,31.054688,31.718750,31.054688,31.425781,29.726055,81600
2016-10-03,31.201172,31.708984,31.064453,31.308594,29.615204,61900
2016-10-04,31.474609,31.591797,31.240234,31.406250,29.707581,28900
2016-10-05,31.455078,31.875000,31.455078,31.738281,30.021654,99400
2016-10-06,31.757813,32.119141,31.650391,32.109375,30.372677,77700
2016-10-07,32.158203,32.158203,31.660156,31.865234,30.141739,84900
2016-10-10,31.914063,32.187500,31.884766,32.011719,30.280300,51900
2016-10-11,32.060547,32.324219,31.777344,32.031250,30.298777,74700
2016-10-12,31.904297,32.236328,31.865234,31.875000,30.150978,35000
2016-10-13,31.679688,31.679688,30.839844,31.064453,29.384270,68300
2016-10-14,31.435547,32.041016,30.957031,31.865234,30.141739,94300
2016-10-17,31.806641,31.933594,31.015625,31.337891,29.642918,31700
2016-10-18,31.718750,31.826172,31.464844,31.474609,29.772243,33600
2016-10-19,31.679688,31.904297,31.376953,31.748047,30.030890,55200
2016-10-20,31.621094,31.875000,31.503906,31.640625,29.929281,33400
2016-10-21,31.396484,31.875000,31.367188,31.611328,29.901567,30400
2016-10-24,31.738281,32.031250,31.738281,31.894531,30.169453,51700
2016-10-25,31.943359,32.119141,31.855469,32.050781,30.317253,35400
2016-10-26,31.875000,32.265625,31.748047,31.767578,30.049364,30200
2016-10-27,32.041016,32.050781,31.787109,31.884766,30.160215,43000
2016-10-28,31.328125,32.460938,31.328125,32.099609,30.363436,94900
2016-10-31,32.255859,32.324219,31.406250,31.855469,30.132504,96100
2016-11-01,31.845703,31.845703,31.005859,31.289063,29.596729,107600
2016-11-02,31.162109,31.289063,30.537109,30.800781,29.134861,58500
2016-11-03,30.986328,31.269531,30.869141,30.976563,29.301132,44600
2016-11-04,31.044922,31.582031,30.693359,30.996094,29.319609,37400
2016-11-07,31.679688,32.236328,31.289063,32.109375,30.372677,76800
2016-11-08,31.953125,32.314453,31.611328,32.011719,30.280300,60000
2016-11-09,32.158203,33.906250,32.128906,33.496094,31.684391,142700
2016-11-10,33.593750,34.902344,32.949219,34.580078,32.709743,190200
2016-11-11,34.033203,36.582031,34.033203,36.582031,34.603420,178000
2016-11-14,36.914063,37.998047,36.533203,37.109375,35.102242,201900
2016-11-15,36.650391,36.650391,33.398438,36.201172,34.475414,141200
2016-11-16,35.917969,36.464844,33.886719,36.103516,34.382408,111500
2016-11-17,36.171875,37.011719,35.712891,36.494141,34.754421,92800
2016-11-18,36.474609,37.021484,36.347656,36.787109,35.033421,113300
2016-11-21,36.796875,36.884766,35.908203,36.464844,34.726517,87300
2016-11-22,36.650391,37.314453,36.650391,37.216797,35.442623,107900
2016-11-23,37.236328,37.597656,36.904297,37.314453,35.535622,62600
2016-11-25,37.353516,37.695313,37.226563,37.402344,35.619324,27700
2016-11-28,37.382813,37.382813,36.542969,36.679688,34.931118,69700
2016-11-29,36.845703,37.382813,36.748047,37.294922,35.517025,83600
2016-11-30,37.695313,37.968750,37.197266,37.568359,35.777428,76900
2016-12-01,37.626953,38.076172,37.158203,37.324219,35.544926,114500
2016-12-02,37.226563,37.578125,37.001953,37.236328,35.461224,55600
2016-12-05,37.265625,37.822266,37.080078,37.451172,35.665829,115800
2016-12-06,35.839844,36.132813,35.498047,35.976563,34.261509,1449100
2016-12-07,35.966797,36.962891,35.957031,36.484375,34.745113,510500
2016-12-08,36.748047,37.841797,36.621094,37.607422,35.814625,381500
2016-12-09,37.353516,37.919922,36.884766,37.500000,35.712322,206300
2016-12-12,37.431641,37.714844,36.376953,36.582031,34.838120,179700
2016-12-13,36.669922,37.109375,36.376953,37.109375,35.340321,345700
2016-12-14,36.816406,37.187500,36.572266,36.611328,34.866016,216100
2016-12-15,36.865234,37.402344,36.699219,37.392578,35.610023,270400
2016-12-16,37.294922,37.685547,36.845703,36.855469,35.098518,929800
2016-12-19,36.689453,37.099609,36.455078,36.650391,34.903214,283900
2016-12-20,36.806641,37.226563,36.523438,37.050781,35.284519,190500
2016-12-21,36.953125,37.138672,36.601563,36.601563,34.856716,141000
2016-12-22,36.513672,37.236328,36.435547,36.855469,35.098518,118700
2016-12-23,36.767578,37.001953,36.591797,36.855469,35.098518,66000
2016-12-27,36.884766,37.158203,36.630859,36.962891,35.200821,107300
2016-12-28,37.050781,37.089844,36.708984,36.757813,35.005520,63100
2016-12-29,36.757813,37.109375,36.572266,36.816406,35.061317,143200
2016-12-30,36.884766,36.884766,36.328125,36.787109,35.033421,119900
2017-01-03,37.207031,37.207031,36.376953,36.679688,34.931118,193100
2017-01-04,36.738281,37.324219,36.738281,36.982422,35.219421,244100
2017-01-05,36.904297,37.021484,36.376953,36.621094,34.875317,151700
2017-01-06,36.855469,36.875000,36.386719,36.406250,34.670712,82600
2017-01-09,36.279297,36.445313,35.615234,35.673828,33.973209,164300
2017-01-10,35.742188,36.767578,35.732422,36.513672,34.773018,187900
2017-01-11,36.464844,36.894531,36.103516,36.552734,34.810211,182700
2017-01-12,36.347656,36.376953,35.478516,36.152344,34.428909,159700
2017-01-13,36.406250,37.080078,36.406250,36.611328,34.866016,282600
2017-01-17,36.396484,36.562500,35.253906,35.341797,33.657005,146800
2017-01-18,35.644531,35.839844,35.312500,35.810547,34.103409,72700
2017-01-19,35.878906,35.878906,35.166016,35.410156,33.722103,82800
2017-01-20,35.498047,36.279297,35.498047,36.025391,34.308010,119200
2017-01-23,35.917969,36.093750,35.546875,35.927734,34.215012,118000
2017-01-24,36.005859,36.669922,35.830078,36.494141,34.754421,141000
2017-01-25,36.718750,36.816406,36.142578,36.367188,34.633514,139700
2017-01-26,36.425781,36.738281,36.337891,36.523438,34.782310,85800
2017-01-27,35.214844,35.722656,33.867188,34.169922,32.540997,353200
2017-01-30,33.925781,33.955078,32.695313,33.076172,31.499388,210600
2017-01-31,32.978516,33.476563,32.949219,33.359375,31.769087,196300
2017-02-01,33.701172,34.072266,33.632813,33.867188,32.252693,168500
2017-02-02,33.466797,33.525391,33.105469,33.457031,31.862089,117800
2017-02-03,33.808594,33.964844,33.447266,33.945313,32.327095,140900
2017-02-06,33.671875,33.916016,33.212891,33.222656,31.638885,112600
2017-02-07,33.369141,33.574219,33.017578,33.105469,31.527287,163400
2017-02-08,32.978516,34.189453,32.265625,32.548828,30.997183,122600
2017-02-09,32.724609,33.251953,32.470703,33.203125,31.620285,122500
2017-02-10,33.222656,33.369141,32.900391,33.203125,31.620285,66900
2017-02-13,33.349609,33.925781,33.261719,33.886719,32.271294,104500
2017-02-14,33.750000,34.619141,33.359375,34.462891,32.819996,102400
2017-02-15,34.599609,34.638672,34.267578,34.580078,32.931595,63100
2017-02-16,34.492188,35.048828,34.306641,35.029297,33.359398,115100
2017-02-17,34.990234,35.009766,34.443359,34.863281,33.201305,149800
2017-02-21,34.873047,34.990234,34.365234,34.697266,33.281860,88500
2017-02-22,34.599609,35.097656,34.169922,35.058594,33.628452,160500
2017-02-23,35.146484,35.156250,34.589844,35.068359,33.637814,103100
2017-02-24,34.707031,34.980469,34.414063,34.726563,33.309959,117600
2017-02-27,34.287109,34.775391,34.287109,34.589844,33.178822,118200
2017-02-28,34.511719,34.677734,34.179688,34.404297,33.000839,104400
2017-03-01,34.814453,35.537109,34.765625,35.205078,33.768959,218100
2017-03-02,35.292969,35.361328,34.414063,34.462891,33.057045,97000
2017-03-03,34.521484,34.716797,34.296875,34.414063,33.010212,103400
2017-03-06,34.326172,35.058594,33.945313,34.326172,32.925907,95200
2017-03-07,34.365234,34.511719,34.082031,34.150391,32.757294,68500
2017-03-08,34.179688,34.306641,33.212891,33.349609,31.989178,181400
2017-03-09,33.515625,34.082031,32.988281,33.095703,31.745630,92900
2017-03-10,33.291016,33.300781,32.695313,32.998047,31.651958,144700
2017-03-13,33.037109,33.671875,32.949219,33.212891,31.858040,107000
2017-03-14,33.076172,33.076172,32.480469,32.832031,31.492714,196900
2017-03-15,32.949219,33.359375,32.890625,32.900391,31.558287,146400
2017-03-16,33.105469,33.603516,33.085938,33.437500,32.073483,171100
2017-03-17,33.300781,33.916016,32.900391,33.837891,32.457542,898300
2017-03-20,33.662109,33.662109,33.183594,33.222656,31.867403,142800
2017-03-21,33.505859,33.505859,31.669922,31.826172,30.527885,223800
2017-03-22,31.738281,31.816406,30.966797,31.289063,30.012688,145100
2017-03-23,31.318359,31.972656,31.142578,31.708984,30.415480,93900
2017-03-24,31.796875,31.992188,31.416016,31.513672,30.228134,179600
2017-03-27,31.044922,31.669922,30.468750,31.601563,30.312441,95000
2017-03-28,31.523438,31.972656,31.162109,31.894531,30.593458,80100
2017-03-29,31.767578,31.923828,31.621094,31.894531,30.593458,88500
2017-03-30,31.855469,33.085938,31.855469,32.978516,31.633224,143900
2017-03-31,32.939453,33.203125,32.568359,32.783203,31.445881,141900
2017-04-03,32.812500,33.164063,32.050781,32.246094,30.930679,92400
2017-04-04,32.197266,32.460938,31.962891,32.294922,30.977514,103500
2017-04-05,32.568359,32.832031,31.464844,31.494141,30.209400,81400
2017-04-06,31.503906,31.943359,31.367188,31.884766,30.584091,72300
2017-04-07,31.689453,32.031250,31.445313,31.943359,30.640295,213800
2017-04-10,32.021484,32.226563,31.464844,31.796875,30.499784,58800
2017-04-11,31.591797,32.275391,31.552734,32.265625,30.949415,64000
2017-04-12,32.216797,32.500000,31.572266,31.650391,30.359276,46900
2017-04-13,31.464844,31.738281,31.152344,31.152344,29.881544,90900
2017-04-17,31.220703,31.992188,31.181641,31.962891,30.659027,72500
2017-04-18,31.777344,32.001953,31.269531,31.884766,30.584091,59800
2017-04-19,32.080078,32.587891,31.962891,32.148438,30.837006,55900
2017-04-20,32.382813,32.939453,32.343750,32.861328,31.520815,69100
2017-04-21,32.792969,33.173828,32.519531,32.968750,31.623856,77700
2017-04-24,33.681641,34.033203,33.281250,33.789063,32.410706,95500
2017-04-25,34.150391,34.443359,33.847656,33.857422,32.476276,67900
2017-04-26,33.847656,34.824219,33.847656,34.531250,33.122616,126300
2017-04-27,34.599609,34.599609,33.720703,34.277344,32.879066,106200
2017-04-28,35.947266,35.947266,33.720703,33.906250,32.523113,114700
2017-05-01,34.062500,35.000000,33.984375,34.912109,33.487942,80800
2017-05-02,34.980469,35.175781,34.462891,34.755859,33.338062,114300
2017-05-03,34.599609,34.843750,34.257813,34.726563,33.309959,77300
2017-05-04,34.941406,35.419922,34.619141,34.814453,33.394268,100400
2017-05-05,34.931641,35.781250,34.687500,35.156250,33.722122,214600
2017-05-08,35.175781,35.253906,34.882813,35.156250,33.722122,93000
2017-05-09,35.156250,35.195313,34.667969,34.863281,33.441105,108900
2017-05-10,34.755859,34.882813,34.384766,34.570313,33.160091,72100
2017-05-11,34.472656,34.599609,33.916016,34.023438,32.635517,102200
2017-05-12,33.857422,33.964844,33.388672,33.642578,32.270195,88500
2017-05-15,33.691406,34.267578,33.691406,33.945313,32.560581,123900
2017-05-16,33.730469,33.847656,33.291016,33.828125,32.718052,67700
2017-05-17,33.076172,33.203125,31.972656,32.470703,31.405172,179300
2017-05-18,32.304688,32.949219,32.304688,32.734375,31.660192,71800
2017-05-19,32.724609,33.046875,32.548828,32.656250,31.584631,99200
2017-05-22,32.695313,32.763672,32.304688,32.753906,31.679081,68700
2017-05-23,32.744141,33.261719,32.373047,33.076172,31.990774,90300
2017-05-24,33.056641,33.339844,32.587891,32.753906,31.679081,65900
2017-05-25,32.980000,33.549999,32.720001,33.450001,32.352337,122100
2017-05-26,33.520000,34.320000,33.119999,33.320000,32.226597,87500
2017-05-30,33.209999,33.400002,32.820000,32.950001,31.868744,111100
2017-05-31,32.990002,32.990002,32.349998,32.560001,31.491545,106000
2017-06-01,32.860001,33.369999,32.419998,33.330002,32.236271,71900
2017-06-02,33.049999,34.110001,33.040001,33.389999,32.294304,104000
2017-06-05,33.470001,33.779999,32.900002,32.950001,31.868744,47100
2017-06-06,32.689999,33.040001,32.330002,32.720001,31.646292,55500
2017-06-07,32.889999,33.119999,32.730000,32.869999,31.791367,62700
2017-06-08,33.020000,34.849998,32.720001,34.130001,33.010021,132100
2017-06-09,34.369999,36.110001,34.349998,35.639999,34.470467,183800
2017-06-12,35.650002,35.930000,34.480000,35.009998,33.861137,139800
2017-06-13,35.160000,35.189999,34.220001,34.480000,33.348534,107200
2017-06-14,34.270000,35.189999,34.070000,35.060001,33.909508,123400
2017-06-15,34.779999,35.419998,34.610001,35.230000,34.073925,123400
2017-06-16,34.959999,35.450001,34.570000,34.930000,33.783768,459100
2017-06-19,35.240002,35.410000,34.669998,34.950001,33.803112,80900
2017-06-20,35.029999,35.119999,34.580002,34.799999,33.658031,119000
2017-06-21,34.820000,35.000000,33.860001,33.950001,32.835926,109400
2017-06-22,33.880001,33.970001,33.299999,33.470001,32.371677,56000
2017-06-23,33.459999,33.720001,33.330002,33.630001,32.526428,230600
2017-06-26,33.639999,34.250000,33.509998,34.020000,32.903629,81600
2017-06-27,34.189999,34.400002,33.900002,33.959999,32.845596,51500
2017-06-28,34.160000,34.990002,34.160000,34.669998,33.532303,109200
2017-06-29,34.750000,35.500000,34.720001,35.049999,33.899830,100100
2017-06-30,35.200001,35.439999,34.680000,34.939999,33.793438,83400
2017-07-03,35.110001,36.189999,35.110001,35.889999,34.712269,86100
2017-07-05,36.020000,36.020000,35.169998,35.400002,34.238346,62600
2017-07-06,35.279999,35.669998,35.000000,35.150002,33.996552,130300
2017-07-07,35.430000,35.610001,35.060001,35.459999,34.296375,92800
2017-07-10,35.110001,35.400002,34.939999,34.980000,33.832127,37000
2017-07-11,34.970001,34.970001,34.410000,34.830002,33.687050,84700
2017-07-12,34.830002,35.349998,34.750000,35.020000,33.870815,113600
2017-07-13,35.009998,35.099998,34.650002,34.939999,33.793438,50400
2017-07-14,34.840000,35.130001,34.509998,34.930000,33.783768,88900
2017-07-17,34.910000,35.070000,34.639999,34.849998,33.706394,72500
2017-07-18,34.630001,35.040001,34.630001,34.900002,33.754753,43600
2017-07-19,34.869999,35.110001,34.770000,35.090000,33.938515,56400
2017-07-20,35.070000,35.380001,34.709999,35.009998,33.861137,62100
2017-07-21,35.299999,35.349998,34.970001,35.099998,33.948189,111200
2017-07-24,35.070000,35.349998,34.840000,35.049999,33.899830,65600
2017-07-25,35.330002,36.220001,35.330002,35.950001,34.770298,105200
2017-07-26,35.939999,35.939999,35.130001,35.599998,34.431782,62700
2017-07-27,35.689999,35.980000,35.400002,35.599998,34.431782,68100
2017-07-28,34.810001,35.459999,34.669998,34.720001,33.580658,107900
2017-07-31,34.619999,34.860001,34.480000,34.730000,33.590328,191600
2017-08-01,35.049999,35.119999,34.750000,35.070000,33.919174,67700
2017-08-02,35.080002,35.209999,34.680000,35.049999,33.899830,78200
2017-08-03,34.869999,34.880001,34.099998,34.150002,33.029366,96300
2017-08-04,34.599998,34.639999,34.169998,34.270000,33.145428,84000
2017-08-07,34.389999,34.389999,33.799999,33.930000,32.816582,97800
2017-08-08,33.939999,34.889999,33.770000,34.099998,32.981003,80700
2017-08-09,33.689999,34.000000,33.450001,33.549999,32.449051,99800
2017-08-10,33.419998,33.450001,32.810001,32.959999,31.878414,100700
2017-08-11,33.160000,33.189999,32.439999,32.779999,31.704319,77500
2017-08-14,33.029999,33.799999,33.000000,33.720001,32.613472,82300
2017-08-15,33.770000,33.840000,33.150002,33.150002,32.330647,45300
2017-08-16,33.270000,33.410000,32.990002,33.119999,32.301380,40600
2017-08-17,32.860001,33.020000,32.070000,32.119999,31.326099,86800
2017-08-18,31.820000,32.480000,31.620001,32.209999,31.413876,91200
2017-08-21,32.360001,32.400002,32.070000,32.220001,31.423632,45900
2017-08-22,32.220001,32.500000,32.099998,32.299999,31.501652,61300
2017-08-23,31.950001,32.610001,31.950001,32.380001,31.579676,73400
2017-08-24,32.389999,32.869999,32.389999,32.759998,31.950281,55200
2017-08-25,32.950001,33.259998,32.950001,33.099998,32.281879,70000
2017-08-28,33.369999,33.369999,32.500000,32.720001,31.911272,54600
2017-08-29,32.320000,32.860001,32.259998,32.799999,31.989292,92000
2017-08-30,32.810001,32.869999,32.509998,32.759998,31.950281,53200
2017-08-31,32.849998,33.130001,32.549999,32.669998,31.862505,79300
2017-09-01,32.779999,33.119999,32.700001,33.009998,32.194103,80300
2017-09-05,32.880001,33.230000,32.320000,32.439999,31.638189,123800
2017-09-06,32.630001,32.810001,32.090000,32.099998,31.306593,238100
2017-09-07,32.049999,32.080002,31.200001,31.570000,30.789694,114800
2017-09-08,31.530001,31.900000,31.430000,31.780001,30.994505,138100
2017-09-11,32.130001,32.580002,32.070000,32.459999,31.657696,70000
2017-09-12,32.419998,33.259998,32.419998,33.130001,32.311138,78100
2017-09-13,33.029999,33.330002,32.900002,33.180000,32.359901,62000
2017-09-14,33.290001,33.500000,32.779999,32.959999,32.145336,53200
2017-09-15,32.790001,33.119999,32.549999,32.950001,32.135582,256800
2017-09-18,33.150002,33.369999,33.020000,33.180000,32.359901,73300
2017-09-19,33.250000,33.680000,33.150002,33.470001,32.642735,107500
2017-09-20,33.360001,34.240002,33.340000,33.910000,33.071857,77500
2017-09-21,34.060001,34.160000,33.790001,33.810001,32.974327,46100
2017-09-22,33.770000,34.060001,33.689999,33.799999,32.964581,84200
2017-09-25,33.790001,34.279999,33.740002,34.200001,33.354687,120900
2017-09-26,34.369999,34.750000,33.919998,34.680000,33.822823,94100
2017-09-27,34.910000,35.990002,34.500000,35.930000,35.041927,206800
2017-09-28,36.000000,36.320000,35.419998,36.040001,35.149216,82100
2017-09-29,36.150002,36.560001,35.910000,36.360001,35.461304,125900
2017-10-02,36.439999,36.950001,36.130001,36.930000,36.017216,92200
2017-10-03,37.000000,37.080002,36.240002,36.660000,35.753887,100900
2017-10-04,36.709999,36.810001,36.160000,36.189999,35.295502,69200
2017-10-05,36.349998,36.770000,36.230000,36.750000,35.841663,77500
2017-10-06,36.820000,37.080002,36.520000,36.650002,35.744133,80600
2017-10-09,36.650002,36.980000,36.450001,36.490002,35.588089,71900
2017-10-10,36.700001,37.110001,36.590000,37.040001,36.124493,51800
2017-10-11,36.990002,37.130001,36.799999,36.900002,35.987957,88700
2017-10-12,36.950001,36.950001,36.480000,36.580002,35.675865,57700
2017-10-13,36.549999,36.849998,36.360001,36.580002,35.675865,65500
2017-10-16,36.410000,37.119999,36.349998,36.860001,35.948948,65200
2017-10-17,36.970001,37.130001,36.439999,36.509998,35.607594,54600
2017-10-18,36.700001,37.099998,36.660000,36.840000,35.929440,50400
2017-10-19,36.700001,37.029999,35.119999,36.830002,35.919685,48800
2017-10-20,37.279999,37.570000,36.709999,36.869999,35.958694,86400
2017-10-23,37.060001,37.500000,36.380001,36.540001,35.636856,52100
2017-10-24,36.730000,37.049999,36.610001,36.700001,35.792900,50700
2017-10-25,36.820000,36.930000,36.299999,36.790001,35.880672,42500
2017-10-26,37.000000,37.270000,36.709999,37.000000,36.085484,52000
2017-10-27,37.000000,37.119999,35.779999,36.660000,35.753887,114000
2017-10-30,36.430000,36.430000,34.770000,35.250000,34.378738,142500
2017-10-31,35.209999,35.930000,35.070000,35.410000,34.534782,119800
2017-11-01,35.840000,36.279999,34.959999,35.560001,34.681076,98200
2017-11-02,35.630001,36.230000,35.330002,36.029999,35.139458,51800
2017-11-03,36.020000,36.029999,35.439999,35.500000,34.622559,90400
2017-11-06,35.490002,35.720001,35.080002,35.169998,34.300713,104400
2017-11-07,35.180000,35.680000,33.980000,34.430000,33.579006,157600
2017-11-08,34.220001,34.259998,33.380001,33.980000,33.140125,138100
2017-11-09,33.950001,34.180000,33.439999,33.849998,33.013340,62400
2017-11-10,33.860001,34.230000,33.740002,34.020000,33.179142,75600
2017-11-13,33.919998,34.400002,33.619999,34.340000,33.491230,50600
2017-11-14,34.220001,34.490002,34.020000,34.459999,33.608261,97700
2017-11-15,33.900002,34.430000,33.770000,34.119999,33.549267,53900
2017-11-16,34.330002,34.740002,34.049999,34.220001,33.647594,46400
2017-11-17,34.029999,34.450001,33.340000,34.320000,33.745922,52100
2017-11-20,34.400002,34.660000,33.849998,34.630001,34.050735,64600
2017-11-21,34.869999,35.110001,34.650002,35.040001,34.453880,91300
2017-11-22,35.130001,35.970001,34.610001,34.660000,34.080235,49500
2017-11-24,34.820000,35.000000,34.259998,34.349998,33.775417,28300
2017-11-27,34.360001,34.950001,34.360001,34.529999,33.952408,45700
2017-11-28,34.720001,36.000000,34.630001,35.970001,35.368324,114400
2017-11-29,36.139999,37.540001,35.790001,37.099998,36.479420,130900
2017-11-30,37.349998,37.349998,36.009998,36.200001,35.594475,110800
2017-12-01,36.340000,36.340000,34.759998,36.189999,35.584641,88300
2017-12-04,36.779999,37.060001,36.200001,36.279999,35.673134,86600
2017-12-05,36.490002,36.490002,35.000000,35.160000,34.571873,122800
2017-12-06,35.080002,35.259998,34.380001,34.459999,33.883579,204900
2017-12-07,34.450001,35.130001,34.070000,34.610001,34.031071,115900
2017-12-08,34.820000,34.820000,34.110001,34.439999,33.863914,88500
2017-12-11,34.410000,34.480000,33.529999,33.740002,33.175625,149700
2017-12-12,33.860001,34.380001,33.549999,34.000000,33.431274,196300
2017-12-13,34.040001,34.599998,33.910000,33.959999,33.391945,98700
2017-12-14,34.099998,34.470001,33.520000,33.860001,33.293617,159900
2017-12-15,33.930000,35.349998,33.930000,34.639999,34.060570,788500
2017-12-18,34.900002,35.860001,34.880001,35.220001,34.630871,120300
2017-12-19,35.299999,35.299999,34.660000,34.849998,34.267056,74900
2017-12-20,35.110001,35.270000,34.310001,34.730000,34.149063,68500
2017-12-21,34.889999,35.160000,34.759998,34.830002,34.247395,66200
2017-12-22,34.820000,34.869999,34.150002,34.259998,33.686924,80900
2017-12-26,34.099998,34.459999,33.970001,34.389999,33.814751,109500
2017-12-27,34.369999,34.549999,33.889999,33.959999,33.391945,55900
2017-12-28,34.049999,34.160000,33.889999,34.009998,33.441105,34500
2017-12-29,34.060001,34.060001,33.650002,33.680000,33.116627,96200
2018-01-02,33.869999,34.160000,33.599998,34.000000,33.431274,129100
2018-01-03,33.950001,34.000000,33.490002,33.750000,33.185459,66100
2018-01-04,33.939999,34.349998,33.880001,33.900002,33.332947,111500
2018-01-05,34.180000,34.349998,33.959999,34.349998,33.775417,75400
2018-01-08,34.380001,34.650002,34.150002,34.240002,33.667259,118400
2018-01-09,34.389999,34.799999,34.299999,34.790001,34.208061,183700
2018-01-10,34.779999,35.680000,34.630001,35.049999,34.463711,157400
2018-01-11,35.200001,35.810001,35.099998,35.619999,35.024174,126100
2018-01-12,35.810001,36.119999,35.680000,35.770000,35.171669,109100
2018-01-16,35.939999,36.130001,35.040001,35.110001,34.522709,123400
2018-01-17,35.259998,35.580002,34.849998,35.529999,34.935680,162400
2018-01-18,35.540001,35.650002,35.070000,35.099998,34.512871,76700
2018-01-19,35.220001,35.570000,35.220001,35.529999,34.935680,80300
2018-01-22,35.520000,35.520000,35.130001,35.330002,34.739029,60500
2018-01-23,35.240002,35.529999,34.950001,35.130001,34.542374,102800
2018-01-24,35.240002,35.240002,34.889999,34.959999,34.375217,74000
2018-01-25,35.150002,35.150002,34.540001,34.669998,34.090065,63300
2018-01-26,34.740002,34.900002,34.500000,34.700001,34.119568,81000
2018-01-29,34.470001,35.000000,34.470001,34.599998,34.021236,51100
2018-01-30,34.599998,34.820000,34.340000,34.430000,33.854084,112100
2018-01-31,34.560001,34.619999,34.299999,34.330002,33.755756,134400
2018-02-01,34.250000,34.750000,34.009998,34.740002,34.158897,200500
2018-02-02,34.740002,35.189999,34.610001,34.860001,34.276890,268400
2018-02-05,34.509998,34.779999,33.490002,33.509998,32.949467,199400
2018-02-06,33.310001,34.590000,33.310001,34.099998,33.529602,314000
2018-02-07,34.110001,34.849998,33.910000,34.669998,34.090065,160700
2018-02-08,34.700001,34.700001,33.860001,33.869999,33.303448,162300
2018-02-09,34.279999,34.340000,33.610001,34.130001,33.559101,210900
2018-02-12,34.250000,34.580002,33.750000,34.029999,33.460770,200400
2018-02-13,33.880001,34.279999,33.770000,34.080002,33.509937,92900
2018-02-14,33.900002,34.500000,33.549999,34.439999,33.863914,184200
2018-02-15,34.580002,34.830002,34.380001,34.549999,33.972073,123800
2018-02-16,34.450001,35.250000,34.410000,34.939999,34.355549,856700
2018-02-20,34.910000,35.150002,34.410000,34.570000,33.991741,228100
2018-02-21,34.509998,34.990002,34.450001,34.540001,34.239567,169300
2018-02-22,34.689999,34.790001,34.169998,34.220001,33.922352,183900
2018-02-23,34.389999,34.709999,34.240002,34.590000,34.289131,104400
2018-02-26,34.689999,34.709999,34.240002,34.500000,34.199913,88600
2018-02-27,34.410000,34.910000,34.000000,34.009998,33.714172,146700
2018-02-28,34.209999,34.320000,33.270000,33.400002,33.109482,248900
2018-03-01,33.470001,33.930000,33.029999,33.820000,33.525829,150600
2018-03-02,33.630001,34.259998,33.160000,34.180000,33.882698,138100
2018-03-05,34.029999,34.880001,33.630001,34.720001,34.417999,187200
2018-03-06,34.869999,35.490002,34.490002,35.380001,35.072262,236600
2018-03-07,35.180000,35.970001,35.180000,35.810001,35.498520,498000
2018-03-08,35.980000,36.110001,34.869999,35.160000,34.854172,167200
2018-03-09,35.430000,35.840000,35.090000,35.779999,35.468777,196200
2018-03-12,35.889999,36.029999,35.459999,35.939999,35.627388,162200
2018-03-13,35.790001,36.009998,34.029999,35.720001,35.409302,113900
2018-03-14,35.939999,35.980000,35.230000,35.299999,34.992954,96400
2018-03-15,35.430000,35.619999,35.139999,35.459999,35.151562,113300
2018-03-16,35.459999,35.900002,35.240002,35.840000,35.528259,737900
2018-03-19,35.820000,36.040001,35.470001,35.990002,35.676956,148000
2018-03-20,36.080002,36.080002,35.669998,35.759998,35.448952,88900
2018-03-21,35.830002,35.950001,35.520000,35.799999,35.488605,96000
2018-03-22,35.509998,35.759998,34.880001,34.930000,34.626175,122200
2018-03-23,35.070000,35.070000,33.650002,33.709999,33.416782,215500
2018-03-26,34.139999,34.910000,34.110001,34.860001,34.556782,134700
2018-03-27,34.910000,35.049999,34.150002,34.349998,34.051216,123500
2018-03-28,34.389999,35.000000,34.119999,34.689999,34.388260,111600
2018-03-29,34.910000,35.099998,34.459999,34.740002,34.437828,183500
2018-04-02,34.709999,34.939999,33.730000,34.049999,33.753826,154800
2018-04-03,34.209999,34.660000,34.139999,34.610001,34.308956,118000
2018-04-04,34.180000,35.049999,34.169998,34.919998,34.616257,108500
2018-04-05,35.029999,35.049999,34.520000,35.029999,34.725304,110000
2018-04-06,34.779999,34.930000,33.950001,34.259998,33.961998,348500
2018-04-09,34.389999,34.990002,34.250000,34.290001,33.991741,114700
2018-04-10,34.639999,34.950001,34.369999,34.759998,34.457649,78400
2018-04-11,34.630001,34.720001,34.320000,34.529999,34.229652,95400
2018-04-12,34.709999,35.349998,34.529999,35.119999,34.814518,83400
2018-04-13,35.360001,35.360001,34.869999,34.980000,34.675739,183000
2018-04-16,35.139999,35.169998,34.750000,35.040001,34.735218,71400
2018-04-17,35.299999,35.310001,34.580002,34.750000,34.447739,148600
2018-04-18,34.759998,34.860001,34.619999,34.619999,34.318867,111600
2018-04-19,34.590000,35.220001,34.590000,34.970001,34.665825,141600
2018-04-20,34.919998,35.490002,34.759998,35.110001,34.804607,85200
2018-04-23,35.250000,35.689999,35.119999,35.480000,35.171391,103500
2018-04-24,35.599998,36.090000,35.540001,35.810001,35.498520,108200
2018-04-25,35.820000,35.930000,35.490002,35.689999,35.379562,104500
2018-04-26,35.700001,35.700001,35.299999,35.299999,34.992954,115600
2018-04-27,35.470001,35.900002,35.320000,35.410000,35.101997,88300
2018-04-30,35.490002,35.490002,34.830002,34.830002,34.527046,96400
2018-05-01,34.000000,34.860001,33.349998,33.540001,33.248264,246500
2018-05-02,33.320000,33.509998,33.009998,33.070000,32.782352,159000
2018-05-03,33.000000,33.099998,32.150002,32.470001,32.187572,339400
2018-05-04,32.009998,33.009998,31.730000,32.680000,32.395744,286800
2018-05-07,32.869999,33.480000,32.619999,33.080002,32.792267,121100
2018-05-08,33.240002,33.709999,32.830002,33.689999,33.396957,129800
2018-05-09,33.849998,33.919998,33.349998,33.639999,33.347393,80000
2018-05-10,33.610001,33.820000,33.279999,33.599998,33.307739,189900
2018-05-11,33.709999,33.889999,33.540001,33.630001,33.337482,70400
2018-05-14,33.619999,33.790001,33.259998,33.299999,33.010349,71300
2018-05-15,33.299999,33.759998,33.299999,33.580002,33.287918,104700
2018-05-16,33.549999,33.930000,33.389999,33.810001,33.515915,112700
2018-05-17,33.840000,34.139999,33.669998,33.900002,33.605133,89300
2018-05-18,34.060001,34.060001,33.790001,33.860001,33.565479,130700
2018-05-21,33.919998,34.450001,33.910000,34.320000,34.021481,88800
2018-05-22,34.419998,34.770000,34.419998,34.490002,34.190002,82400
2018-05-23,34.189999,34.380001,33.900002,34.180000,34.180000,129600
2018-05-24,34.130001,34.509998,33.650002,34.130001,34.130001,76300
2018-05-25,33.980000,34.200001,33.849998,34.040001,34.040001,87200
2018-05-29,33.810001,34.040001,33.349998,33.730000,33.730000,141900
2018-05-30,33.959999,34.389999,33.919998,34.290001,34.290001,130500
2018-05-31,34.320000,34.480000,34.029999,34.150002,34.150002,138600
2018-06-01,34.389999,34.689999,34.389999,34.560001,34.560001,128100
2018-06-04,34.709999,34.900002,34.520000,34.880001,34.880001,116100
2018-06-05,34.889999,35.020000,34.669998,35.020000,35.020000,171800
2018-06-06,35.090000,35.299999,34.889999,35.230000,35.230000,363500
2018-06-07,35.340000,35.639999,34.830002,35.369999,35.369999,315100
2018-06-08,35.369999,35.529999,35.130001,35.299999,35.299999,201900
2018-06-11,35.349998,35.410000,34.759998,34.889999,34.889999,132000
2018-06-12,34.910000,35.000000,34.540001,34.730000,34.730000,96800
2018-06-13,34.740002,34.930000,34.320000,34.480000,34.480000,297800
2018-06-14,34.639999,34.980000,34.060001,34.450001,34.450001,173400
2018-06-15,34.470001,34.790001,34.209999,34.689999,34.689999,272200
2018-06-18,34.439999,34.820000,34.299999,34.500000,34.500000,136000
2018-06-19,34.369999,34.930000,34.340000,34.720001,34.720001,170200
2018-06-20,34.889999,35.000000,34.619999,34.810001,34.810001,184600
2018-06-21,34.849998,34.910000,34.459999,34.630001,34.630001,176600
2018-06-22,34.810001,35.000000,34.380001,34.720001,34.720001,800300
2018-06-25,34.560001,34.660000,34.080002,34.400002,34.400002,145400
2018-06-26,34.570000,34.570000,34.009998,34.250000,34.250000,101100
2018-06-27,34.259998,34.259998,33.680000,33.700001,33.700001,163200
2018-06-28,33.730000,33.959999,33.520000,33.599998,33.599998,118100
2018-06-29,33.810001,34.029999,33.630001,33.680000,33.680000,134400
