Date,Open,High,Low,Close,Adj Close,Volume
2013-01-02,83.480003,84.400002,81.260002,81.410004,81.410004,709800
2013-01-03,81.650002,82.269997,81.019997,81.910004,81.910004,452400
2013-01-04,82.290001,82.480003,80.900002,82.250000,82.250000,1304700
2013-01-07,83.349998,85.870003,83.000000,85.019997,85.019997,661500
2013-01-08,85.199997,85.650002,81.199997,84.360001,84.360001,610900
2013-01-09,84.360001,87.849998,83.669998,86.699997,86.699997,505500
2013-01-10,87.000000,87.000000,81.900002,83.580002,83.580002,903800
2013-01-11,84.309998,85.820000,84.029999,84.320000,84.320000,430900
2013-01-14,85.489998,86.000000,81.779999,83.199997,83.199997,399300
2013-01-15,82.839996,84.769997,82.099998,84.489998,84.489998,316000
2013-01-16,84.419998,84.889999,84.000000,84.489998,84.489998,265100
2013-01-17,85.230003,87.239998,85.000000,85.949997,85.949997,607900
2013-01-18,86.150002,89.820000,85.410004,89.690002,89.690002,701400
2013-01-22,91.730003,92.300003,89.309998,89.529999,89.529999,1188500
2013-01-23,90.400002,90.489998,85.400002,86.510002,86.510002,893600
2013-01-24,86.400002,87.690002,83.330002,85.300003,85.300003,837200
2013-01-25,85.610001,88.849998,85.610001,87.110001,87.110001,762600
2013-01-28,87.190002,87.699997,77.629997,78.470001,78.470001,2216900
2013-01-29,77.220001,81.389999,76.400002,79.239998,79.239998,917300
2013-01-30,80.599998,81.050003,76.580002,77.250000,77.250000,1053100
2013-01-31,77.250000,79.470001,74.089996,78.480003,78.480003,813600
2013-02-01,79.150002,82.110001,78.139999,80.760002,80.760002,626200
2013-02-04,81.000000,82.000000,77.889999,79.339996,79.339996,409800
2013-02-05,79.800003,82.349998,79.550003,80.570000,80.570000,545800
2013-02-06,81.290001,83.620003,79.750000,83.400002,83.400002,753700
2013-02-07,83.300003,83.389999,79.739998,82.339996,82.339996,515100
2013-02-08,82.589996,84.099998,81.489998,81.580002,81.580002,386200
2013-02-11,82.000000,82.459999,80.160004,80.660004,80.660004,334500
2013-02-12,80.500000,81.620003,75.260002,75.519997,75.519997,937100
2013-02-13,76.269997,77.570000,73.519997,75.809998,75.809998,1067000
2013-02-14,75.500000,75.500000,69.250000,71.199997,71.199997,2254900
2013-02-15,71.000000,71.769997,68.000000,68.620003,68.620003,1389100
2013-02-19,69.000000,70.279999,67.320000,69.500000,69.500000,833300
2013-02-20,69.500000,70.699997,68.050003,68.309998,68.309998,840900
2013-02-21,67.910004,67.910004,64.739998,66.150002,66.150002,1182400
2013-02-22,66.550003,68.010002,66.099998,67.349998,67.349998,596900
2013-02-25,63.160000,66.680000,60.790001,63.799999,63.799999,2378000
2013-02-26,64.050003,64.349998,60.200001,62.500000,62.500000,1091800
2013-02-27,62.500000,65.250000,62.000000,63.939999,63.939999,659200
2013-02-28,63.880001,64.000000,61.150002,63.110001,63.110001,1236400
2013-03-01,61.980000,64.800003,61.619999,64.260002,64.260002,915200
2013-03-04,70.000000,72.690002,67.529999,68.820000,68.820000,3755400
2013-03-05,70.110001,74.169998,67.889999,68.160004,68.160004,2446900
2013-03-06,68.040001,68.790001,65.290001,66.989998,66.989998,1307700
2013-03-07,66.910004,70.449997,66.339996,68.900002,68.900002,1087800
2013-03-08,69.330002,70.760002,67.540001,69.949997,69.949997,688200
2013-03-11,69.760002,70.250000,68.589996,69.519997,69.519997,414800
2013-03-12,69.260002,70.489998,68.300003,68.589996,68.589996,476300
2013-03-13,68.180000,71.790001,68.010002,71.199997,71.199997,1088100
2013-03-14,71.339996,73.379997,70.410004,73.250000,73.250000,941400
2013-03-15,72.970001,73.000000,69.470001,69.610001,69.610001,927700
2013-03-18,68.489998,70.250000,67.029999,69.699997,69.699997,597500
2013-03-19,69.760002,70.650002,68.260002,68.639999,68.639999,414700
2013-03-20,68.989998,71.489998,68.680000,70.620003,70.620003,336500
2013-03-21,69.949997,72.550003,69.790001,72.309998,72.309998,357000
2013-03-22,72.900002,76.610001,72.550003,74.800003,74.800003,987200
2013-03-25,75.580002,76.470001,71.820000,73.120003,73.120003,495700
2013-03-26,73.430000,74.720001,72.529999,73.099998,73.099998,273400
2013-03-27,72.459999,74.459999,71.279999,73.519997,73.519997,301600
2013-03-28,74.570000,74.940002,73.489998,74.220001,74.220001,299600
2013-04-01,74.930000,75.790001,73.860001,74.150002,74.150002,396100
2013-04-02,75.000000,75.489998,72.120003,72.389999,72.389999,358900
2013-04-03,72.370003,73.050003,69.230003,70.019997,70.019997,658000
2013-04-04,69.629997,70.889999,69.370003,70.720001,70.720001,256600
2013-04-05,69.430000,70.750000,69.269997,69.449997,69.449997,324300
2013-04-08,69.250000,70.239998,67.919998,68.330002,68.330002,316900
2013-04-09,69.540001,73.980003,69.139999,73.040001,73.040001,662500
2013-04-10,73.300003,78.959999,73.239998,78.379997,78.379997,1080000
2013-04-11,77.430000,81.449997,77.110001,77.550003,77.550003,1016600
2013-04-12,77.089996,78.809998,75.150002,77.230003,77.230003,611300
2013-04-15,77.029999,78.500000,73.610001,73.919998,73.919998,582800
2013-04-16,75.029999,76.480003,74.260002,75.760002,75.760002,472900
2013-04-17,74.510002,74.970001,71.720001,73.970001,73.970001,463100
2013-04-18,75.000000,75.169998,70.000000,70.519997,70.519997,421200
2013-04-19,70.250000,71.980003,69.959999,70.699997,70.699997,228100
2013-04-22,70.959999,71.660004,69.599998,71.309998,71.309998,359000
2013-04-23,71.669998,75.660004,71.669998,75.500000,75.500000,501000
2013-04-24,75.919998,77.400002,75.879997,76.110001,76.110001,443100
2013-04-25,75.809998,77.199997,75.620003,76.610001,76.610001,306900
2013-04-26,76.139999,76.779999,74.500000,75.970001,75.970001,372900
2013-04-29,76.650002,79.750000,76.000000,79.000000,79.000000,492000
2013-04-30,79.470001,83.400002,78.320000,83.050003,83.050003,806600
2013-05-01,82.820000,82.989998,78.739998,79.800003,79.800003,518800
2013-05-02,80.529999,82.290001,80.099998,81.760002,81.760002,479800
2013-05-03,83.860001,84.989998,83.029999,83.529999,83.529999,580500
2013-05-06,84.199997,86.970001,82.739998,83.089996,83.089996,757400
2013-05-07,83.820000,83.919998,80.699997,83.000000,83.000000,534200
2013-05-08,83.169998,84.500000,82.580002,83.070000,83.070000,569800
2013-05-09,83.190002,84.300003,82.010002,82.199997,82.199997,449500
2013-05-10,83.199997,85.410004,83.000000,83.389999,83.389999,1112200
2013-05-13,85.410004,86.480003,80.400002,85.339996,85.339996,2333900
2013-05-14,87.239998,94.900002,87.099998,90.269997,90.269997,2788600
2013-05-15,89.379997,92.769997,88.099998,90.900002,90.900002,958200
2013-05-16,88.199997,90.730003,85.680000,86.379997,86.379997,1022200
2013-05-17,87.230003,89.220001,86.400002,88.010002,88.010002,596700
2013-05-20,87.730003,92.870003,87.730003,91.300003,91.300003,816600
2013-05-21,92.419998,92.900002,88.680000,90.389999,90.389999,610000
2013-05-22,90.449997,90.680000,81.589996,83.919998,83.919998,1152900
2013-05-23,82.559998,86.440002,81.639999,85.930000,85.930000,818400
2013-05-24,85.470001,86.400002,83.269997,85.099998,85.099998,396800
2013-05-28,87.959999,88.989998,86.550003,87.580002,87.580002,532000
2013-05-29,87.000000,89.000000,85.629997,87.239998,87.239998,391700
2013-05-30,87.320000,89.730003,87.260002,88.489998,88.489998,449400
2013-05-31,88.190002,90.400002,83.900002,84.050003,84.050003,716200
2013-06-03,83.349998,83.400002,75.559998,80.150002,80.150002,1840900
2013-06-04,80.150002,81.000000,77.000000,77.580002,77.580002,956300
2013-06-05,76.750000,77.709999,74.540001,76.510002,76.510002,863600
2013-06-06,77.500000,79.690002,76.669998,79.589996,79.589996,801200
2013-06-07,79.620003,81.000000,78.169998,78.480003,78.480003,471200
2013-06-10,80.110001,84.379997,79.309998,82.650002,82.650002,1092800
2013-06-11,82.180000,84.370003,81.010002,82.559998,82.559998,786000
2013-06-12,83.040001,83.970001,81.019997,81.809998,81.809998,352900
2013-06-13,81.629997,83.459999,81.000000,83.239998,83.239998,470000
2013-06-14,83.470001,86.400002,83.419998,84.160004,84.160004,499500
2013-06-17,85.839996,87.000000,85.099998,86.980003,86.980003,664100
2013-06-18,87.470001,87.879997,85.400002,86.120003,86.120003,510700
2013-06-19,86.129997,86.129997,83.790001,84.599998,84.599998,453600
2013-06-20,85.910004,87.989998,84.050003,85.599998,85.599998,1374100
2013-06-21,87.300003,87.470001,79.690002,82.150002,82.150002,917500
2013-06-24,82.099998,82.099998,77.790001,79.190002,79.190002,933200
2013-06-25,80.000000,81.930000,79.830002,80.669998,80.669998,616900
2013-06-26,81.339996,83.000000,80.199997,82.519997,82.519997,591600
2013-06-27,83.980003,84.129997,81.599998,83.190002,83.190002,585400
2013-06-28,83.059998,84.269997,82.040001,83.739998,83.739998,469500
2013-07-01,84.400002,86.620003,83.150002,85.120003,85.120003,637800
2013-07-02,85.980003,86.010002,83.410004,84.900002,84.900002,356900
2013-07-03,84.440002,85.150002,83.029999,84.300003,84.300003,294500
2013-07-05,85.930000,91.000000,84.830002,90.919998,90.919998,1299100
2013-07-08,94.000000,94.000000,90.279999,90.349998,90.349998,1452200
2013-07-09,91.000000,91.000000,87.400002,87.730003,87.730003,1206300
2013-07-10,88.120003,93.129997,87.150002,93.129997,93.129997,1103000
2013-07-11,93.900002,95.750000,91.419998,93.470001,93.470001,1130900
2013-07-12,93.820000,94.000000,91.589996,92.320000,92.320000,612700
2013-07-15,92.480003,96.440002,91.599998,95.160004,95.160004,788500
2013-07-16,95.160004,95.160004,89.180000,89.419998,89.419998,1799100
2013-07-17,90.750000,91.980003,90.029999,91.089996,91.089996,442400
2013-07-18,91.949997,91.949997,89.099998,89.540001,89.540001,518100
2013-07-19,89.500000,90.099998,87.650002,90.070000,90.070000,428100
2013-07-22,90.800003,92.180000,88.760002,90.269997,90.269997,437900
2013-07-23,90.599998,91.029999,87.199997,87.690002,87.690002,535600
2013-07-24,88.599998,89.470001,85.949997,86.669998,86.669998,354400
2013-07-25,86.470001,89.580002,86.110001,89.550003,89.550003,315000
2013-07-26,89.730003,89.730003,87.870003,88.150002,88.150002,371800
2013-07-29,89.489998,93.449997,88.400002,92.320000,92.320000,1006300
2013-07-30,92.959999,92.959999,86.910004,87.449997,87.449997,1254800
2013-07-31,88.970001,90.000000,88.080002,88.650002,88.650002,683900
2013-08-01,90.050003,90.879997,88.779999,90.400002,90.400002,578600
2013-08-02,91.400002,91.500000,88.570000,90.000000,90.000000,565000
2013-08-05,90.449997,91.650002,89.709999,90.589996,90.589996,361500
2013-08-06,90.650002,91.129997,86.510002,87.019997,87.019997,619000
2013-08-07,86.510002,87.110001,83.000000,86.160004,86.160004,1045900
2013-08-08,88.099998,99.500000,87.150002,98.260002,98.260002,3448000
2013-08-09,97.510002,97.800003,94.760002,95.040001,95.040001,1614700
2013-08-12,94.500000,103.500000,94.500000,103.110001,103.110001,1640200
2013-08-13,103.000000,104.339996,100.500000,102.440002,102.440002,1013300
2013-08-14,101.900002,102.360001,100.209999,100.349998,100.349998,582500
2013-08-15,98.129997,99.500000,95.430000,96.779999,96.779999,747100
2013-08-16,97.599998,100.000000,96.699997,99.230003,99.230003,637500
2013-08-19,100.989998,107.129997,100.050003,105.199997,105.199997,1614600
2013-08-20,106.099998,106.160004,103.500000,105.120003,105.120003,748700
2013-08-21,104.900002,105.160004,102.940002,104.510002,104.510002,507000
2013-08-22,105.190002,105.970001,103.930000,105.779999,105.779999,334200
2013-08-23,106.339996,107.000000,104.959999,105.820000,105.820000,394100
2013-08-26,108.370003,113.489998,108.209999,110.040001,110.040001,1176900
2013-08-27,108.639999,108.639999,103.040001,104.239998,104.239998,1287400
2013-08-28,104.779999,108.110001,104.500000,104.879997,104.879997,702700
2013-08-29,106.370003,109.720001,106.010002,109.239998,109.239998,715200
2013-08-30,109.800003,110.000000,106.510002,107.269997,107.269997,419500
2013-09-03,111.000000,112.830002,108.000000,110.260002,110.260002,1085700
2013-09-04,109.230003,109.970001,104.250000,107.449997,107.449997,1449300
2013-09-05,108.989998,109.790001,106.809998,107.059998,107.059998,587700
2013-09-06,108.070000,108.949997,104.349998,106.379997,106.379997,753000
2013-09-09,107.470001,107.959999,102.339996,105.220001,105.220001,844500
2013-09-10,104.309998,104.400002,102.260002,103.800003,103.800003,929200
2013-09-11,103.790001,104.000000,101.809998,102.989998,102.989998,599600
2013-09-12,102.309998,103.000000,97.150002,97.790001,97.790001,1672900
2013-09-13,93.150002,94.699997,91.949997,92.320000,92.320000,7151800
2013-09-16,93.510002,97.389999,92.500000,93.449997,93.449997,2532000
2013-09-17,95.000000,96.839996,93.599998,96.820000,96.820000,1618800
2013-09-18,97.949997,98.500000,95.330002,97.709999,97.709999,1366100
2013-09-19,98.449997,99.589996,96.620003,99.150002,99.150002,1341900
2013-09-20,100.010002,101.139999,98.510002,99.489998,99.489998,1173800
2013-09-23,101.000000,101.000000,96.279999,98.230003,98.230003,1112400
2013-09-24,98.199997,102.000000,97.800003,100.559998,100.559998,1221300
2013-09-25,100.730003,102.410004,100.029999,101.620003,101.620003,756900
2013-09-26,102.500000,105.379997,101.550003,103.940002,103.940002,1153300
2013-09-27,104.220001,104.220001,100.550003,101.470001,101.470001,763400
2013-09-30,99.980003,103.199997,98.000000,101.260002,101.260002,698100
2013-10-01,101.279999,104.239998,100.730003,104.089996,104.089996,590300
2013-10-02,103.480003,104.940002,102.419998,103.500000,103.500000,546400
2013-10-03,103.500000,103.809998,97.400002,99.809998,99.809998,1062200
2013-10-04,100.830002,101.150002,99.010002,99.610001,99.610001,794700
2013-10-07,98.629997,99.410004,95.669998,97.389999,97.389999,1109300
2013-10-08,98.120003,98.699997,92.889999,93.919998,93.919998,1262100
2013-10-09,94.930000,94.959999,89.900002,92.779999,92.779999,1118500
2013-10-10,96.339996,100.099998,96.000000,99.239998,99.239998,1338800
2013-10-11,99.500000,103.559998,97.209999,102.940002,102.940002,1351500
2013-10-14,102.500000,106.500000,102.000000,104.370003,104.370003,1441400
2013-10-15,104.349998,107.830002,103.330002,107.510002,107.510002,1500700
2013-10-16,106.879997,109.860001,106.570000,109.720001,109.720001,1501400
2013-10-17,109.000000,111.720001,107.019997,109.639999,109.639999,1372700
2013-10-18,110.000000,112.000000,108.110001,110.849998,110.849998,1046000
2013-10-21,111.430000,112.940002,110.540001,111.379997,111.379997,615200
2013-10-22,111.250000,112.269997,105.910004,109.400002,109.400002,1063300
2013-10-23,108.580002,108.580002,105.809998,107.320000,107.320000,616700
2013-10-24,108.029999,110.150002,106.800003,109.809998,109.809998,449700
2013-10-25,110.250000,110.489998,107.879997,108.010002,108.010002,383700
2013-10-28,108.269997,108.989998,105.820000,106.139999,106.139999,480000
2013-10-29,106.110001,109.449997,104.510002,108.930000,108.930000,988800
2013-10-30,110.680000,112.750000,109.129997,112.669998,112.669998,1072700
2013-10-31,112.160004,115.000000,110.089996,113.279999,113.279999,1012400
2013-11-01,114.199997,117.720001,113.339996,117.599998,117.599998,1055700
2013-11-04,118.000000,118.500000,113.849998,115.489998,115.489998,1000700
2013-11-05,115.669998,120.250000,115.660004,118.389999,118.389999,1728800
2013-11-06,120.000000,120.000000,113.040001,114.349998,114.349998,1681000
2013-11-07,119.199997,124.160004,117.400002,118.150002,118.150002,2934400
2013-11-08,119.419998,121.199997,116.000000,119.050003,119.050003,1364700
2013-11-11,119.699997,128.750000,119.540001,127.120003,127.120003,2165200
2013-11-12,125.839996,126.169998,122.750000,124.269997,124.269997,1325800
2013-11-13,122.900002,126.599998,122.330002,125.349998,125.349998,866700
2013-11-14,127.279999,127.489998,123.250000,124.099998,124.099998,908200
2013-11-15,125.820000,126.959999,124.320000,124.980003,124.980003,896400
2013-11-18,127.000000,134.000000,125.720001,128.169998,128.169998,2537600
2013-11-19,127.790001,128.500000,115.580002,116.919998,116.919998,2723700
2013-11-20,120.059998,121.040001,108.000000,112.239998,112.239998,3234500
2013-11-21,113.470001,118.000000,113.000000,117.010002,117.010002,1510400
2013-11-22,120.000000,120.500000,114.379997,116.970001,116.970001,1109000
2013-11-25,118.529999,119.379997,115.800003,117.779999,117.779999,944100
2013-11-26,117.070000,119.050003,114.580002,118.150002,118.150002,787500
2013-11-27,118.610001,120.349998,117.250000,118.570000,118.570000,574700
2013-11-29,119.750000,119.750000,116.220001,117.769997,117.769997,386400
2013-12-02,117.940002,119.830002,116.500000,118.839996,118.839996,719600
2013-12-03,120.900002,123.519997,119.059998,122.489998,122.489998,1505800
2013-12-04,123.000000,124.809998,120.230003,122.820000,122.820000,718800
2013-12-05,122.870003,123.440002,119.660004,120.589996,120.589996,718600
2013-12-06,121.989998,122.500000,116.620003,117.000000,117.000000,1164400
2013-12-09,117.169998,118.970001,115.269997,117.669998,117.669998,864900
2013-12-10,119.699997,121.959999,118.750000,121.260002,121.260002,971900
2013-12-11,123.550003,124.360001,118.410004,118.760002,118.760002,804400
2013-12-12,119.120003,121.480003,118.190002,119.510002,119.510002,647200
2013-12-13,120.480003,122.900002,118.269997,119.989998,119.989998,718200
2013-12-16,120.260002,120.940002,117.000000,117.919998,117.919998,722800
2013-12-17,117.949997,118.940002,115.889999,118.459999,118.459999,732000
2013-12-18,118.010002,120.129997,116.639999,120.110001,120.110001,820500
2013-12-19,120.000000,123.930000,119.209999,122.809998,122.809998,933500
2013-12-20,122.820000,128.919998,122.269997,125.870003,125.870003,1830700
2013-12-23,127.500000,132.380005,127.500000,131.270004,131.270004,1165100
2013-12-24,131.000000,131.210007,124.220001,125.919998,125.919998,1208800
2013-12-26,127.779999,131.089996,127.000000,130.330002,130.330002,786900
2013-12-27,132.199997,132.809998,127.669998,129.000000,129.000000,720700
2013-12-30,129.270004,131.190002,129.000000,130.529999,130.529999,453200
2013-12-31,131.380005,134.869995,130.779999,134.699997,134.699997,856300
2014-01-02,135.070007,135.520004,130.500000,134.009995,134.009995,865400
2014-01-03,134.550003,138.100006,134.550003,136.460007,136.460007,813100
2014-01-06,136.470001,136.529999,127.660004,127.980003,127.980003,1843000
2014-01-07,130.990005,131.470001,128.289993,130.949997,130.949997,1031100
2014-01-08,132.240005,133.600006,130.070007,133.210007,133.210007,993100
2014-01-09,135.869995,135.880005,131.399994,133.250000,133.250000,625600
2014-01-10,134.000000,134.399994,131.720001,133.649994,133.649994,540500
2014-01-13,134.399994,135.369995,129.279999,130.000000,130.000000,914100
2014-01-14,124.330002,126.410004,113.000000,119.370003,119.370003,5808600
2014-01-15,119.410004,124.970001,119.010002,122.879997,122.879997,2282600
2014-01-16,123.760002,125.559998,122.360001,124.290001,124.290001,897800
2014-01-17,124.839996,125.000000,119.919998,120.559998,120.559998,1007700
2014-01-21,123.230003,123.959999,120.750000,123.449997,123.449997,1094700
2014-01-22,124.750000,126.139999,123.080002,125.800003,125.800003,886700
2014-01-23,125.589996,127.230003,123.699997,126.059998,126.059998,852100
2014-01-24,124.639999,124.639999,118.250000,121.410004,121.410004,1519500
2014-01-27,119.050003,119.959999,111.550003,118.029999,118.029999,2009500
2014-01-28,118.400002,121.910004,117.370003,121.370003,121.370003,991500
2014-01-29,120.830002,122.260002,117.620003,119.000000,119.000000,873600
2014-01-30,120.870003,122.970001,119.989998,121.720001,121.720001,987800
2014-01-31,120.160004,122.900002,119.110001,120.559998,120.559998,1070600
2014-02-03,120.089996,121.919998,110.839996,114.309998,114.309998,1835600
2014-02-04,114.650002,118.500000,112.800003,118.029999,118.029999,1117400
2014-02-05,108.059998,116.120003,102.209999,110.750000,110.750000,3853300
2014-02-06,109.849998,114.489998,109.510002,112.199997,112.199997,1153000
2014-02-07,113.050003,114.849998,110.470001,112.430000,112.430000,1096100
2014-02-10,112.959999,114.339996,111.040001,112.559998,112.559998,1009800
2014-02-11,113.330002,113.570000,110.589996,110.779999,110.779999,908200
2014-02-12,111.260002,115.599998,111.250000,114.800003,114.800003,1293600
2014-02-13,113.959999,118.980003,113.389999,118.230003,118.230003,1109700
2014-02-14,120.150002,124.559998,120.110001,123.690002,123.690002,1575000
2014-02-18,124.940002,129.259995,124.639999,125.889999,125.889999,1817700
2014-02-19,127.580002,127.800003,123.820000,125.839996,125.839996,1273100
2014-02-20,124.540001,128.339996,124.209999,127.110001,127.110001,844600
2014-02-21,128.000000,128.889999,126.260002,126.519997,126.519997,713300
2014-02-24,126.790001,127.000000,123.320000,125.309998,125.309998,1064800
2014-02-25,126.209999,128.940002,125.779999,127.610001,127.610001,1052600
2014-02-26,127.540001,128.710007,125.019997,126.599998,126.599998,982600
2014-02-27,125.980003,128.460007,125.750000,127.150002,127.150002,921500
2014-02-28,129.119995,131.089996,125.419998,127.129997,127.129997,1832500
2014-03-03,125.089996,128.149994,122.360001,123.989998,123.989998,1621900
2014-03-04,125.769997,127.699997,122.760002,123.050003,123.050003,1057600
2014-03-05,123.190002,123.309998,117.089996,119.080002,119.080002,1878600
2014-03-06,120.190002,120.680000,115.550003,116.050003,116.050003,1542400
2014-03-07,117.010002,117.500000,112.500000,114.500000,114.500000,1548200
2014-03-10,110.169998,113.379997,110.110001,112.410004,112.410004,1555300
2014-03-11,113.010002,115.199997,112.099998,113.099998,113.099998,1195300
2014-03-12,112.769997,116.059998,111.260002,114.639999,114.639999,1119900
2014-03-13,115.220001,116.489998,110.570000,112.690002,112.690002,1233700
2014-03-14,111.660004,113.110001,109.419998,111.940002,111.940002,919700
2014-03-17,112.410004,114.500000,112.209999,113.540001,113.540001,634100
2014-03-18,113.970001,117.540001,113.970001,117.290001,117.290001,896200
2014-03-19,117.919998,117.959999,115.029999,116.230003,116.230003,653500
2014-03-20,113.239998,116.849998,112.300003,114.330002,114.330002,956900
2014-03-21,114.010002,114.500000,106.120003,106.449997,106.449997,2002200
2014-03-24,110.279999,111.489998,106.010002,107.019997,107.019997,1517100
2014-03-25,108.000000,108.669998,106.510002,107.800003,107.800003,900300
2014-03-26,108.000000,108.199997,103.449997,103.639999,103.639999,1357500
2014-03-27,102.889999,106.629997,100.459999,104.050003,104.050003,1407300
2014-03-28,103.500000,106.750000,102.739998,104.430000,104.430000,1025100
2014-03-31,105.680000,107.680000,104.750000,106.089996,106.089996,969500
2014-04-01,108.449997,111.699997,108.040001,110.970001,110.970001,1152700
2014-04-02,113.000000,114.410004,109.750000,111.809998,111.809998,1623400
2014-04-03,112.650002,115.639999,112.199997,112.320000,112.320000,1629500
2014-04-04,113.550003,115.750000,109.199997,109.370003,109.370003,1930200
2014-04-07,107.070000,108.379997,98.449997,101.540001,101.540001,2567300
2014-04-08,100.110001,104.199997,99.089996,102.279999,102.279999,1835600
2014-04-09,102.949997,104.639999,101.370003,104.370003,104.370003,1210000
2014-04-10,104.500000,105.000000,95.660004,97.290001,97.290001,1932200
2014-04-11,95.699997,98.239998,93.699997,94.580002,94.580002,1707900
2014-04-14,97.160004,100.570000,95.550003,96.779999,96.779999,1962200
2014-04-15,97.370003,98.320000,94.809998,97.500000,97.500000,1462100
2014-04-16,98.430000,100.519997,96.279999,100.459999,100.459999,988100
2014-04-17,100.199997,102.349998,97.339996,100.209999,100.209999,1152200
2014-04-21,100.250000,101.599998,99.589996,101.360001,101.360001,769400
2014-04-22,101.330002,105.910004,101.290001,105.400002,105.400002,1269200
2014-04-23,105.400002,105.550003,101.070000,102.400002,102.400002,731300
2014-04-24,103.160004,103.349998,100.339996,102.709999,102.709999,733500
2014-04-25,101.260002,102.430000,99.029999,99.379997,99.379997,881800
2014-04-28,101.290001,101.309998,94.250000,97.080002,97.080002,1605600
2014-04-29,94.430000,95.650002,90.650002,94.260002,94.260002,2648900
2014-04-30,93.360001,97.349998,93.360001,96.870003,96.870003,1201700
2014-05-01,96.320000,102.160004,96.050003,98.800003,98.800003,1354100
2014-05-02,98.000000,98.790001,96.010002,97.540001,97.540001,1394900
2014-05-05,96.879997,99.089996,96.370003,99.050003,99.050003,915200
2014-05-06,98.989998,100.879997,96.540001,96.949997,96.949997,968700
2014-05-07,97.029999,97.870003,92.879997,94.220001,94.220001,1191800
2014-05-08,93.349998,97.900002,92.559998,94.320000,94.320000,1319000
2014-05-09,88.269997,89.919998,85.300003,89.900002,89.900002,3625300
2014-05-12,89.639999,90.540001,87.019997,89.419998,89.419998,1770500
2014-05-13,89.040001,91.669998,88.279999,89.599998,89.599998,986400
2014-05-14,89.599998,92.040001,89.360001,90.309998,90.309998,1213300
2014-05-15,89.309998,90.070000,86.000000,88.440002,88.440002,1588700
2014-05-16,89.440002,89.639999,86.500000,89.269997,89.269997,1059300
2014-05-19,88.790001,90.470001,88.099998,89.309998,89.309998,787200
2014-05-20,89.519997,90.610001,87.419998,88.040001,88.040001,962700
2014-05-21,88.120003,89.400002,87.800003,88.199997,88.199997,657200
2014-05-22,88.209999,95.849998,88.209999,94.570000,94.570000,1786600
2014-05-23,95.029999,95.790001,92.599998,94.820000,94.820000,1000600
2014-05-27,95.669998,98.050003,94.709999,94.790001,94.790001,1638700
2014-05-28,94.000000,95.330002,93.099998,94.660004,94.660004,1468900
2014-05-29,95.010002,96.279999,93.260002,94.029999,94.029999,1000000
2014-05-30,94.400002,95.050003,91.739998,93.019997,93.019997,775100
2014-06-02,92.949997,93.309998,91.320000,93.250000,93.250000,738800
2014-06-03,92.489998,93.089996,90.779999,91.500000,91.500000,868600
2014-06-04,91.339996,91.489998,90.089996,90.300003,90.300003,640100
2014-06-05,90.779999,92.160004,89.059998,91.639999,91.639999,968800
2014-06-06,92.080002,93.489998,90.290001,91.750000,91.750000,805200
2014-06-09,91.550003,92.690002,89.930000,89.959999,89.959999,918100
2014-06-10,90.889999,92.760002,89.750000,91.389999,91.389999,1072300
2014-06-11,90.570000,93.389999,90.449997,93.120003,93.120003,835500
2014-06-12,92.580002,95.279999,92.089996,94.070000,94.070000,1058000
2014-06-13,94.239998,96.019997,93.529999,95.599998,95.599998,798300
2014-06-16,95.290001,98.510002,95.019997,97.790001,97.790001,967500
2014-06-17,98.070000,104.400002,98.070000,102.300003,102.300003,1507600
2014-06-18,103.540001,103.690002,100.830002,102.529999,102.529999,1021900
2014-06-19,102.370003,103.260002,100.000000,101.620003,101.620003,711400
2014-06-20,102.800003,102.900002,100.889999,102.120003,102.120003,666600
2014-06-23,102.279999,108.900002,102.150002,108.660004,108.660004,1351000
2014-06-24,107.739998,109.900002,105.779999,107.919998,107.919998,1518900
2014-06-25,107.400002,109.209999,106.589996,108.510002,108.510002,915300
2014-06-26,108.809998,109.599998,107.160004,109.129997,109.129997,775200
2014-06-27,109.000000,112.849998,108.610001,112.139999,112.139999,1849700
2014-06-30,112.000000,115.379997,111.820000,113.629997,113.629997,928800
2014-07-01,114.519997,128.589996,114.489998,116.220001,116.220001,6744400
2014-07-02,115.989998,118.839996,114.110001,116.279999,116.279999,1100000
2014-07-03,116.190002,116.949997,114.120003,116.199997,116.199997,545300
2014-07-07,116.500000,116.930000,113.199997,113.580002,113.580002,731700
2014-07-08,112.650002,112.820000,102.669998,105.309998,105.309998,2551700
2014-07-09,106.190002,108.400002,104.389999,104.980003,104.980003,783100
2014-07-10,102.529999,105.730003,101.000000,103.300003,103.300003,943600
2014-07-11,103.860001,105.680000,103.400002,104.370003,104.370003,527400
2014-07-14,106.029999,107.470001,103.660004,104.620003,104.620003,819000
2014-07-15,107.059998,107.529999,102.900002,104.040001,104.040001,974700
2014-07-16,105.000000,105.889999,102.599998,102.699997,102.699997,558800
2014-07-17,102.500000,105.000000,101.739998,102.279999,102.279999,711100
2014-07-18,101.949997,105.000000,101.800003,104.400002,104.400002,496100
2014-07-21,104.410004,104.410004,102.330002,103.110001,103.110001,528300
2014-07-22,103.750000,105.110001,102.099998,103.160004,103.160004,640700
2014-07-23,103.739998,106.139999,103.040001,103.500000,103.500000,461500
2014-07-24,103.760002,104.500000,102.769997,104.260002,104.260002,410500
2014-07-25,103.730003,105.419998,103.199997,103.940002,103.940002,398800
2014-07-28,103.900002,104.820000,101.320000,101.680000,101.680000,674900
2014-07-29,102.150002,104.599998,101.760002,102.980003,102.980003,840300
2014-07-30,103.730003,105.550003,103.150002,104.949997,104.949997,622400
2014-07-31,101.750000,103.459999,99.879997,100.580002,100.580002,1220200
2014-08-01,99.699997,100.500000,96.430000,98.120003,98.120003,1228000
2014-08-04,98.419998,100.370003,97.010002,98.300003,98.300003,839300
2014-08-05,98.000000,98.709999,95.379997,97.129997,97.129997,1207900
2014-08-06,96.480003,99.680000,96.260002,98.910004,98.910004,1292300
2014-08-07,109.849998,120.860001,109.000000,113.690002,113.690002,8223300
2014-08-08,114.510002,115.650002,112.559998,114.389999,114.389999,1586500
2014-08-11,114.570000,117.199997,113.070000,115.110001,115.110001,1081600
2014-08-12,114.500000,115.489998,112.040001,114.239998,114.239998,865200
2014-08-13,114.330002,114.489998,110.820000,112.570000,112.570000,1637900
2014-08-14,112.400002,112.519997,108.230003,109.449997,109.449997,1114300
2014-08-15,109.709999,110.860001,107.529999,109.239998,109.239998,698000
2014-08-18,109.989998,110.900002,108.330002,110.620003,110.620003,519500
2014-08-19,110.900002,111.919998,109.750000,110.709999,110.709999,461900
2014-08-20,110.050003,111.540001,109.720001,110.610001,110.610001,362300
2014-08-21,111.199997,111.400002,110.000000,111.099998,111.099998,570500
2014-08-22,111.010002,115.940002,110.900002,115.570000,115.570000,1491900
2014-08-25,116.440002,117.000000,114.250000,114.959999,114.959999,807000
2014-08-26,114.959999,116.900002,114.610001,115.940002,115.940002,581000
2014-08-27,116.379997,118.470001,114.500000,117.949997,117.949997,1183200
2014-08-28,117.059998,119.230003,116.500000,117.790001,117.790001,794800
2014-08-29,119.699997,121.650002,118.820000,119.959999,119.959999,1112500
2014-09-02,120.540001,121.750000,119.650002,120.779999,120.779999,1089300
2014-09-03,121.129997,121.500000,118.209999,119.900002,119.900002,853200
2014-09-04,121.010002,122.830002,120.139999,121.080002,121.080002,1285000
2014-09-05,121.000000,121.050003,116.709999,120.760002,120.760002,1104700
2014-09-08,120.349998,124.500000,120.000000,120.629997,120.629997,898000
2014-09-09,121.779999,123.050003,118.470001,119.139999,119.139999,1159000
2014-09-10,119.459999,123.709999,119.099998,123.550003,123.550003,897900
2014-09-11,123.449997,126.559998,122.550003,125.629997,125.629997,1286300
2014-09-12,125.000000,125.239998,122.879997,124.160004,124.160004,894400
2014-09-15,124.000000,124.000000,120.160004,121.580002,121.580002,1230800
2014-09-16,121.000000,124.419998,120.400002,124.129997,124.129997,1073400
2014-09-17,124.000000,130.589996,123.730003,128.649994,128.649994,2242000
2014-09-18,128.809998,130.830002,126.309998,129.279999,129.279999,1478300
2014-09-19,129.509995,129.800003,124.540001,126.059998,126.059998,1418200
2014-09-22,125.360001,125.500000,120.720001,122.370003,122.370003,1115900
2014-09-23,120.330002,124.040001,120.330002,122.500000,122.500000,721500
2014-09-24,123.480003,124.779999,122.690002,124.410004,124.410004,439100
2014-09-25,123.709999,123.940002,119.070000,120.519997,120.519997,1134900
2014-09-26,121.029999,122.660004,121.010002,122.129997,122.129997,535600
2014-09-29,120.339996,122.980003,120.010002,122.150002,122.150002,486400
2014-09-30,122.349998,122.739998,120.000000,120.779999,120.779999,589100
2014-10-01,120.620003,120.989998,113.720001,116.260002,116.260002,2109700
2014-10-02,116.919998,118.470001,112.889999,115.050003,115.050003,1170600
2014-10-03,115.839996,118.940002,115.250000,116.809998,116.809998,864200
2014-10-06,117.699997,118.000000,114.379997,114.980003,114.980003,488300
2014-10-07,114.730003,115.959999,113.500000,113.540001,113.540001,590100
2014-10-08,114.389999,117.750000,113.080002,117.389999,117.389999,795000
2014-10-09,116.900002,117.250000,111.489998,112.190002,112.190002,1180600
2014-10-10,110.440002,112.110001,105.570000,105.669998,105.669998,1564400
2014-10-13,105.699997,109.980003,104.860001,107.190002,107.190002,1010700
2014-10-14,108.470001,114.230003,108.470001,110.699997,110.699997,973300
2014-10-15,109.000000,114.400002,108.410004,113.820000,113.820000,1005200
2014-10-16,111.889999,119.379997,111.449997,117.500000,117.500000,1241500
2014-10-17,118.500000,120.760002,117.059998,118.150002,118.150002,888100
2014-10-20,118.349998,118.349998,114.269997,117.230003,117.230003,916100
2014-10-21,118.510002,121.199997,117.400002,119.980003,119.980003,755900
2014-10-22,116.680000,117.760002,114.639999,115.820000,115.820000,1289400
2014-10-23,117.050003,118.419998,115.010002,117.480003,117.480003,795800
2014-10-24,117.900002,118.750000,116.989998,117.529999,117.529999,500800
2014-10-27,117.110001,117.500000,114.139999,116.250000,116.250000,768100
2014-10-28,117.199997,118.500000,116.519997,117.800003,117.800003,1092400
2014-10-29,117.589996,117.989998,110.309998,116.830002,116.830002,2627500
2014-10-30,115.320000,116.959999,114.129997,115.410004,115.410004,842300
2014-10-31,117.059998,120.500000,116.250000,120.360001,120.360001,1127600
2014-11-03,120.360001,125.000000,119.510002,122.570000,122.570000,1184700
2014-11-04,122.099998,123.500000,120.480003,121.250000,121.250000,989900
2014-11-05,112.500000,113.489998,103.129997,108.160004,108.160004,6619700
2014-11-06,108.820000,109.110001,105.000000,106.330002,106.330002,2562100
2014-11-07,105.879997,106.320000,101.650002,103.070000,103.070000,2273900
2014-11-10,103.800003,105.389999,103.000000,104.889999,104.889999,1404900
2014-11-11,105.000000,105.750000,100.889999,102.080002,102.080002,1747100
2014-11-12,100.940002,102.110001,98.839996,102.070000,102.070000,2260100
2014-11-13,101.500000,103.230003,100.699997,101.110001,101.110001,1546000
2014-11-14,101.150002,105.910004,101.150002,104.849998,104.849998,1059900
2014-11-17,105.169998,106.779999,103.449997,104.160004,104.160004,697000
2014-11-18,104.570000,106.860001,104.510002,104.800003,104.800003,706300
2014-11-19,104.800003,105.379997,102.910004,103.209999,103.209999,1000000
2014-11-20,102.620003,103.550003,101.169998,101.949997,101.949997,1254800
2014-11-21,103.300003,103.500000,101.720001,102.419998,102.419998,813900
2014-11-24,102.720001,105.160004,102.610001,104.540001,104.540001,1493300
2014-11-25,105.339996,106.000000,103.730003,104.529999,104.529999,1092900
2014-11-26,104.510002,106.440002,101.459999,102.059998,102.059998,1516900
2014-11-28,101.879997,102.940002,100.599998,101.970001,101.970001,508300
2014-12-01,101.519997,102.360001,97.139999,97.320000,97.320000,1560900
2014-12-02,97.000000,98.570000,96.269997,96.800003,96.800003,1292900
2014-12-03,96.250000,96.699997,91.769997,92.989998,92.989998,2923200
2014-12-04,92.900002,94.800003,92.360001,92.489998,92.489998,1260000
2014-12-05,92.589996,94.540001,92.449997,93.250000,93.250000,1019900
2014-12-08,93.120003,94.169998,88.000000,88.050003,88.050003,1815700
2014-12-09,86.570000,88.519997,85.000000,88.309998,88.309998,1487200
2014-12-10,88.129997,89.059998,85.510002,86.129997,86.129997,2219700
2014-12-11,86.599998,91.419998,86.300003,86.980003,86.980003,1513800
2014-12-12,86.500000,87.889999,85.510002,86.309998,86.309998,1141000
2014-12-15,87.169998,87.750000,83.699997,83.910004,83.910004,1693400
2014-12-16,83.760002,83.760002,78.940002,79.070000,79.070000,3102300
2014-12-17,79.199997,81.980003,78.529999,81.010002,81.010002,2593600
2014-12-18,82.959999,82.959999,76.910004,78.639999,78.639999,2923300
2014-12-19,78.000000,81.410004,76.599998,81.150002,81.150002,2100500
2014-12-22,82.010002,83.279999,80.430000,82.599998,82.599998,1275700
2014-12-23,82.599998,83.739998,80.580002,80.879997,80.879997,792200
2014-12-24,80.879997,81.290001,79.400002,81.120003,81.120003,656100
2014-12-26,81.459999,84.910004,80.410004,83.879997,83.879997,1965100
2014-12-29,84.010002,84.809998,82.330002,82.650002,82.650002,1713700
2014-12-30,82.000000,83.790001,81.230003,81.639999,81.639999,1872800
2014-12-31,81.919998,83.919998,80.540001,83.110001,83.110001,1632100
2015-01-02,83.709999,84.470001,80.129997,81.050003,81.050003,846600
2015-01-05,80.379997,81.000000,76.080002,77.010002,77.010002,1562000
2015-01-06,77.330002,78.580002,73.769997,76.379997,76.379997,1924900
2015-01-07,77.410004,78.760002,77.070000,77.760002,77.760002,848100
2015-01-08,79.110001,80.129997,77.980003,79.250000,79.250000,844200
2015-01-09,79.510002,79.919998,76.849998,77.760002,77.760002,886500
2015-01-12,79.580002,79.580002,74.790001,75.650002,75.650002,908200
2015-01-13,76.599998,77.000000,73.870003,74.860001,74.860001,717400
2015-01-14,73.769997,74.349998,72.250000,73.190002,73.190002,1523300
2015-01-15,73.110001,73.419998,70.000000,70.019997,70.019997,1407600
2015-01-16,70.050003,72.989998,70.040001,72.739998,72.739998,1319900
2015-01-20,73.010002,73.300003,71.540001,71.629997,71.629997,1295700
2015-01-21,71.330002,75.290001,71.330002,75.190002,75.190002,1026000
2015-01-22,76.070000,76.410004,74.230003,76.010002,76.010002,884000
2015-01-23,76.180000,77.160004,75.879997,77.110001,77.110001,863200
2015-01-26,77.339996,80.599998,77.110001,79.349998,79.349998,1159500
2015-01-27,78.510002,80.260002,78.000000,80.169998,80.169998,872800
2015-01-28,81.639999,82.790001,78.870003,79.040001,79.040001,1188300
2015-01-29,79.320000,80.750000,76.330002,78.309998,78.309998,982200
2015-01-30,77.349998,80.230003,77.250000,79.489998,79.489998,660500
2015-02-02,80.360001,81.000000,78.699997,80.080002,80.080002,1715500
2015-02-03,57.000000,57.750000,51.549999,57.360001,57.360001,23261800
2015-02-04,57.680000,59.599998,56.520000,58.380001,58.380001,3314600
2015-02-05,59.000000,63.009998,58.799999,62.340000,62.340000,2847000
2015-02-06,62.610001,63.299999,60.529999,61.369999,61.369999,1124200
2015-02-09,60.860001,63.540001,60.630001,62.970001,62.970001,1174000
2015-02-10,63.580002,64.430000,62.910000,63.880001,63.880001,1064100
2015-02-11,64.330002,66.089996,63.299999,65.959999,65.959999,1074500
2015-02-12,66.019997,67.550003,65.519997,67.500000,67.500000,946400
2015-02-13,67.129997,67.750000,65.550003,67.160004,67.160004,882800
2015-02-17,67.000000,67.250000,63.040001,63.540001,63.540001,1478000
2015-02-18,63.130001,63.459999,61.130001,61.490002,61.490002,988700
2015-02-19,61.349998,63.459999,61.130001,62.590000,62.590000,877200
2015-02-20,62.750000,63.959999,62.180000,63.880001,63.880001,664900
2015-02-23,63.740002,63.880001,62.150002,62.599998,62.599998,627900
2015-02-24,62.830002,63.299999,61.500000,62.320000,62.320000,547500
2015-02-25,61.930000,62.299999,60.099998,61.189999,61.189999,1068800
2015-02-26,60.500000,63.150002,60.310001,61.450001,61.450001,940400
2015-02-27,61.830002,62.520000,61.049999,62.060001,62.060001,804000
2015-03-02,64.760002,65.230003,62.450001,62.900002,62.900002,1477700
2015-03-03,62.590000,63.389999,61.750000,61.770000,61.770000,945100
2015-03-04,61.459999,62.090000,59.580002,61.869999,61.869999,1348700
2015-03-05,62.150002,64.959999,61.799999,64.309998,64.309998,1115300
2015-03-06,63.919998,64.190002,61.959999,62.340000,62.340000,854000
2015-03-09,62.009998,63.310001,60.450001,61.410000,61.410000,700300
2015-03-10,60.610001,61.349998,59.650002,60.119999,60.119999,672700
2015-03-11,59.540001,61.820000,58.900002,61.090000,61.090000,839100
2015-03-12,60.700001,60.849998,58.299999,59.410000,59.410000,1191700
2015-03-13,58.860001,59.389999,57.639999,57.790001,57.790001,881900
2015-03-16,57.770000,58.110001,56.549999,57.950001,57.950001,776200
2015-03-17,57.439999,58.200001,57.369999,57.610001,57.610001,643600
2015-03-18,57.169998,60.910000,56.689999,59.250000,59.250000,1473700
2015-03-19,59.070000,59.150002,57.730000,58.389999,58.389999,581700
2015-03-20,58.610001,59.009998,57.919998,58.889999,58.889999,637700
2015-03-23,58.490002,59.910000,58.000000,59.330002,59.330002,536000
2015-03-24,59.330002,60.410000,59.070000,59.869999,59.869999,557900
2015-03-25,59.580002,60.099998,58.029999,58.240002,58.240002,965700
2015-03-26,58.040001,58.400002,56.900002,57.380001,57.380001,701700
2015-03-27,57.250000,57.410000,54.389999,54.720001,54.720001,1572700
2015-03-30,54.720001,54.900002,52.840000,53.660000,53.660000,1491800
2015-03-31,53.200001,53.349998,51.500000,52.779999,52.779999,1747200
2015-04-01,52.430000,53.770000,52.180000,53.200001,53.200001,1310900
2015-04-02,53.230000,54.139999,52.369999,52.889999,52.889999,1099100
2015-04-06,52.340000,53.889999,51.860001,53.380001,53.380001,1407200
2015-04-07,53.380001,55.770000,53.380001,54.630001,54.630001,860000
2015-04-08,54.450001,56.950001,54.450001,56.650002,56.650002,697600
2015-04-09,56.470001,57.169998,55.799999,56.779999,56.779999,646000
2015-04-10,56.860001,57.369999,56.209999,57.060001,57.060001,594200
2015-04-13,57.000000,57.799999,56.910000,56.959999,56.959999,603700
2015-04-14,56.599998,58.299999,55.820000,58.060001,58.060001,764800
2015-04-15,58.029999,61.790001,57.820000,61.430000,61.430000,1692600
2015-04-16,61.400002,62.580002,57.930000,58.000000,58.000000,1489000
2015-04-17,57.500000,57.570000,54.669998,55.590000,55.590000,1330400
2015-04-20,55.740002,56.830002,55.400002,56.369999,56.369999,847200
2015-04-21,56.360001,56.849998,53.060001,53.430000,53.430000,1805000
2015-04-22,53.660000,54.099998,52.590000,53.599998,53.599998,770600
2015-04-23,53.810001,54.720001,53.430000,54.570000,54.570000,1017700
2015-04-24,52.250000,53.570000,50.700001,51.279999,51.279999,2305500
2015-04-27,50.419998,51.209999,49.119999,49.230000,49.230000,1848200
2015-04-28,49.020000,51.660000,48.389999,51.299999,51.299999,1833300
2015-04-29,41.209999,43.200001,39.750000,39.930000,39.930000,11410200
2015-04-30,39.750000,40.730000,36.779999,37.450001,37.450001,5857500
2015-05-01,37.869999,37.889999,36.660000,36.709999,36.709999,2288800
2015-05-04,36.900002,38.299999,36.889999,37.709999,37.709999,1805700
2015-05-05,38.000000,38.150002,36.799999,36.950001,36.950001,1314700
2015-05-06,37.070000,37.250000,36.020000,36.290001,36.290001,1432400
2015-05-07,36.180000,36.549999,34.830002,34.970001,34.970001,3068200
2015-05-08,35.299999,35.599998,34.779999,35.330002,35.330002,2388100
2015-05-11,36.389999,36.590000,35.340000,35.540001,35.540001,2180400
2015-05-12,35.910000,35.970001,34.660000,34.880001,34.880001,1996600
2015-05-13,35.139999,35.450001,34.820000,35.070000,35.070000,1155800
2015-05-14,35.189999,35.540001,34.520000,34.660000,34.660000,1126900
2015-05-15,34.709999,34.840000,33.849998,34.779999,34.779999,1478000
2015-05-18,34.720001,35.320000,34.080002,35.259998,35.259998,1299400
2015-05-19,35.500000,36.700001,35.380001,35.680000,35.680000,2251500
2015-05-20,35.689999,36.049999,34.930000,34.970001,34.970001,931600
2015-05-21,36.330002,38.099998,36.000000,37.310001,37.310001,1967000
2015-05-22,37.349998,37.660000,36.240002,36.250000,36.250000,1148900
2015-05-26,36.189999,36.730000,35.529999,35.799999,35.799999,825900
2015-05-27,35.869999,36.560001,35.360001,35.830002,35.830002,1080000
2015-05-28,35.959999,36.720001,35.330002,36.419998,36.419998,1095800
2015-05-29,36.490002,36.639999,35.520000,35.560001,35.560001,970500
2015-06-01,35.630001,35.970001,34.830002,35.320000,35.320000,1147900
2015-06-02,35.150002,35.990002,35.099998,35.369999,35.369999,1061200
2015-06-03,35.419998,36.220001,35.410000,35.820000,35.820000,693600
2015-06-04,35.619999,36.400002,35.369999,35.650002,35.650002,1197100
2015-06-05,35.480000,38.020000,35.299999,37.990002,37.990002,1888000
2015-06-08,38.060001,38.080002,36.919998,37.060001,37.060001,1605800
2015-06-09,37.310001,37.799999,36.740002,37.060001,37.060001,957600
2015-06-10,37.200001,38.439999,37.000000,37.070000,37.070000,1155100
2015-06-11,37.250000,37.349998,36.070000,36.220001,36.220001,1196300
2015-06-12,36.189999,36.400002,34.990002,35.330002,35.330002,1690300
2015-06-15,35.000000,35.619999,34.520000,35.369999,35.369999,1056200
2015-06-16,35.310001,35.910000,35.139999,35.900002,35.900002,761400
2015-06-17,36.040001,37.380001,36.009998,37.009998,37.009998,1340000
2015-06-18,37.009998,37.639999,36.900002,37.410000,37.410000,1023000
2015-06-19,37.299999,37.540001,36.700001,36.980000,36.980000,1111200
2015-06-22,37.119999,38.380001,37.000000,37.980000,37.980000,1145500
2015-06-23,37.950001,39.450001,37.840000,38.930000,38.930000,1457700
2015-06-24,38.689999,38.889999,37.349998,37.740002,37.740002,1196200
2015-06-25,38.060001,38.060001,37.150002,37.540001,37.540001,940800
2015-06-26,37.380001,37.500000,36.189999,36.660000,36.660000,6017600
2015-06-29,36.020000,36.849998,35.299999,35.799999,35.799999,1549800
2015-06-30,36.000000,36.630001,34.869999,34.930000,34.930000,1153700
2015-07-01,35.110001,35.630001,34.099998,34.330002,34.330002,1123400
2015-07-02,34.410000,34.799999,33.680000,34.560001,34.560001,725200
2015-07-06,34.139999,34.439999,33.709999,34.040001,34.040001,885600
2015-07-07,34.020000,34.529999,32.110001,34.490002,34.490002,1359100
2015-07-08,34.150002,34.770000,33.799999,34.029999,34.029999,876300
2015-07-09,34.180000,34.340000,31.879999,32.070000,32.070000,1694300
2015-07-10,32.500000,33.610001,32.480000,33.060001,33.060001,1073300
2015-07-13,33.419998,34.490002,32.900002,33.799999,33.799999,1000000
2015-07-14,33.869999,34.750000,33.169998,34.630001,34.630001,1041400
2015-07-15,34.509998,34.580002,33.419998,33.759998,33.759998,1301100
2015-07-16,33.939999,34.470001,33.759998,34.200001,34.200001,1271100
2015-07-17,34.130001,34.180000,33.529999,33.590000,33.590000,1013400
2015-07-20,33.549999,33.590000,31.059999,31.440001,31.440001,1545400
2015-07-21,31.170000,33.590000,30.950001,33.529999,33.529999,1371200
2015-07-22,33.110001,33.500000,32.369999,32.869999,32.869999,988500
2015-07-23,32.790001,33.709999,32.790001,33.630001,33.630001,1015600
2015-07-24,33.750000,34.990002,33.500000,34.470001,34.470001,1340900
2015-07-27,35.400002,36.200001,34.619999,36.110001,36.110001,1828100
2015-07-28,36.139999,37.820000,34.419998,37.730000,37.730000,2709500
2015-07-29,37.439999,37.540001,36.139999,36.490002,36.490002,3157500
2015-07-30,30.500000,33.700001,30.250000,32.669998,32.669998,6477900
2015-07-31,31.379999,32.910000,30.420000,30.730000,30.730000,4097700
2015-08-03,30.410000,30.410000,28.059999,28.950001,28.950001,3760400
2015-08-04,29.969999,29.969999,27.660000,28.400000,28.400000,2952100
2015-08-05,28.370001,28.870001,27.969999,28.000000,28.000000,1936200
2015-08-06,28.700001,30.850000,28.610001,30.610001,30.610001,3336600
2015-08-07,30.400000,31.680000,29.660000,29.750000,29.750000,1434100
2015-08-10,29.750000,32.930000,29.750000,32.619999,32.619999,2264200
2015-08-11,32.029999,33.130001,30.860001,31.340000,31.340000,1406000
2015-08-12,30.750000,31.719999,30.209999,31.709999,31.709999,1368400
2015-08-13,31.680000,32.000000,30.980000,31.299999,31.299999,629400
2015-08-14,31.200001,32.360001,31.100000,31.410000,31.410000,869000
2015-08-17,31.490000,31.650000,30.600000,30.690001,30.690001,861800
2015-08-18,30.830000,30.830000,29.440001,29.760000,29.760000,1071500
2015-08-19,29.530001,29.650000,28.120001,28.350000,28.350000,967100
2015-08-20,28.049999,28.230000,27.010000,27.120001,27.120001,1032000
2015-08-21,26.660000,28.860001,26.540001,28.270000,28.270000,2090200
2015-08-24,26.000000,29.709999,25.309999,27.889999,27.889999,1941800
2015-08-25,28.930000,29.070000,26.750000,26.840000,26.840000,1401000
2015-08-26,27.410000,27.770000,27.070000,27.660000,27.660000,940500
2015-08-27,27.920000,29.299999,27.670000,29.209999,29.209999,1049200
2015-08-28,29.190001,30.600000,29.190001,30.020000,30.020000,940600
2015-08-31,29.959999,31.120001,29.549999,30.660000,30.660000,795700
2015-09-01,30.049999,30.980000,28.660000,28.900000,28.900000,1085600
2015-09-02,29.180000,29.480000,27.910000,29.450001,29.450001,754600
2015-09-03,29.389999,29.950001,28.440001,28.920000,28.920000,685200
2015-09-04,28.600000,29.070000,28.299999,28.389999,28.389999,513200
2015-09-08,28.830000,29.950001,28.410000,29.570000,29.570000,748100
2015-09-09,29.820000,30.150000,28.740000,28.780001,28.780001,1084300
2015-09-10,28.850000,29.860001,28.650000,28.910000,28.910000,765500
2015-09-11,28.889999,29.200001,28.219999,28.950001,28.950001,510700
2015-09-14,28.959999,30.330000,28.469999,30.180000,30.180000,939000
2015-09-15,30.379999,30.820000,29.219999,29.760000,29.760000,779800
2015-09-16,29.889999,30.620001,29.639999,29.719999,29.719999,799100
2015-09-17,29.639999,30.750000,29.320000,29.889999,29.889999,840600
2015-09-18,29.490000,29.580000,28.549999,28.840000,28.840000,857800
2015-09-21,28.980000,29.549999,28.709999,28.830000,28.830000,712900
2015-09-22,28.680000,30.879999,28.320000,30.620001,30.620001,1754100
2015-09-23,30.709999,31.160000,28.799999,29.160000,29.160000,1159500
2015-09-24,29.000000,30.290001,28.750000,29.730000,29.730000,1142700
2015-09-25,30.299999,30.320000,28.500000,28.840000,28.840000,1001500
2015-09-28,28.760000,29.750000,28.500000,28.840000,28.840000,1436100
2015-09-29,28.959999,29.090000,26.030001,26.170000,26.170000,1535300
2015-09-30,26.600000,27.370001,26.000000,26.490000,26.490000,1727200
2015-10-01,26.570000,26.809999,25.049999,25.600000,25.600000,1047500
2015-10-02,25.090000,26.610001,24.820000,26.600000,26.600000,881300
2015-10-05,26.770000,28.969999,26.770000,28.350000,28.350000,1325300
2015-10-06,27.920000,29.840000,27.660000,29.660000,29.660000,1288400
2015-10-07,30.080000,30.900000,28.980000,30.260000,30.260000,1314800
2015-10-08,30.670000,31.980000,30.340000,31.889999,31.889999,1359500
2015-10-09,32.160000,32.349998,31.309999,31.900000,31.900000,820200
2015-10-12,32.330002,32.520000,30.160000,30.820000,30.820000,648900
2015-10-13,30.799999,31.740000,30.240000,30.990000,30.990000,881800
2015-10-14,31.000000,31.600000,30.340000,30.709999,30.709999,731900
2015-10-15,30.889999,31.030001,30.100000,31.000000,31.000000,680100
2015-10-16,31.250000,31.250000,29.879999,30.940001,30.940001,804500
2015-10-19,30.600000,31.020000,29.540001,29.700001,29.700001,709300
2015-10-20,29.320000,31.250000,29.320000,30.490000,30.490000,800800
2015-10-21,30.340000,30.559999,29.250000,29.320000,29.320000,612000
2015-10-22,29.620001,31.350000,29.490000,30.870001,30.870001,1286900
2015-10-23,25.170000,27.790001,24.799999,27.670000,27.670000,4032600
2015-10-26,27.370001,27.790001,26.219999,26.410000,26.410000,1575900
2015-10-27,26.010000,26.260000,25.209999,25.639999,25.639999,1084800
2015-10-28,25.639999,26.730000,25.500000,26.690001,26.690001,1412600
2015-10-29,26.350000,26.870001,26.110001,26.129999,26.129999,690500
2015-10-30,26.049999,26.350000,25.500000,25.500000,25.500000,1019400
2015-11-02,25.639999,27.170000,25.490000,26.830000,26.830000,816400
2015-11-03,26.730000,28.639999,26.700001,27.219999,27.219999,1575300
2015-11-04,26.010000,29.850000,25.360001,28.670000,28.670000,4013700
2015-11-05,28.500000,28.660000,26.549999,27.330000,27.330000,1718400
2015-11-06,27.139999,27.850000,25.730000,27.590000,27.590000,1113600
2015-11-09,27.010000,27.540001,26.309999,26.730000,26.730000,773300
2015-11-10,26.340000,26.559999,24.930000,25.290001,25.290001,1191800
2015-11-11,25.250000,25.280001,23.730000,23.969999,23.969999,1497900
2015-11-12,23.430000,23.980000,23.000000,23.370001,23.370001,1049400
2015-11-13,23.139999,23.230000,22.400000,22.860001,22.860001,1117900
2015-11-16,22.240000,23.100000,22.240000,22.990000,22.990000,747700
2015-11-17,23.000000,23.190001,22.150000,22.580000,22.580000,988000
2015-11-18,22.870001,24.040001,22.850000,23.410000,23.410000,1101900
2015-11-19,23.540001,23.750000,22.910000,23.129999,23.129999,636000
2015-11-20,23.309999,23.580000,23.020000,23.080000,23.080000,612400
2015-11-23,22.969999,24.400000,22.780001,23.780001,23.780001,1154900
2015-11-24,23.840000,24.100000,23.270000,23.750000,23.750000,927300
2015-11-25,23.660000,25.410000,23.440001,25.180000,25.180000,1038900
2015-11-27,25.180000,25.200001,24.230000,24.379999,24.379999,443100
2015-11-30,24.410000,25.410000,24.260000,25.000000,25.000000,1175600
2015-12-01,24.700001,25.379999,24.340000,24.670000,24.670000,927700
2015-12-02,24.570000,25.190001,24.570000,24.990000,24.990000,661800
2015-12-03,25.180000,25.860001,24.809999,25.120001,25.120001,969300
2015-12-04,25.180000,25.530001,24.750000,25.090000,25.090000,914500
2015-12-07,25.000000,25.000000,23.809999,24.530001,24.530001,781100
2015-12-08,24.230000,25.100000,23.940001,24.750000,24.750000,685800
2015-12-09,24.559999,25.580000,24.520000,24.910000,24.910000,892700
2015-12-10,24.860001,25.969999,24.610001,25.580000,25.580000,736400
2015-12-11,25.160000,25.340000,23.920000,24.260000,24.260000,1268700
2015-12-14,23.620001,24.309999,23.080000,23.520000,23.520000,996400
2015-12-15,23.780001,24.879999,23.549999,24.610001,24.610001,892600
2015-12-16,24.650000,25.590000,23.809999,24.879999,24.879999,1145100
2015-12-17,24.959999,26.290001,24.950001,25.850000,25.850000,1846100
2015-12-18,25.790001,26.209999,25.420000,25.820000,25.820000,1074800
2015-12-21,25.820000,26.090000,24.500000,24.990000,24.990000,916200
2015-12-22,24.920000,25.660000,24.510000,25.520000,25.520000,675100
2015-12-23,25.590000,26.990000,25.580000,26.780001,26.780001,683700
2015-12-24,26.750000,27.690001,26.700001,26.790001,26.790001,445600
2015-12-28,26.700001,26.860001,24.990000,25.180000,25.180000,924700
2015-12-29,25.150000,25.570000,24.250000,24.809999,24.809999,932200
2015-12-30,24.480000,25.129999,23.799999,23.980000,23.980000,930900
2015-12-31,23.879999,24.459999,23.360001,23.480000,23.480000,1130800
2016-01-04,23.250000,24.910000,23.080000,24.549999,24.549999,1388000
2016-01-05,24.820000,24.860001,23.799999,24.559999,24.559999,768500
2016-01-06,24.379999,24.559999,23.510000,23.610001,23.610001,911000
2016-01-07,23.200001,23.480000,22.000000,22.440001,22.440001,1107400
2016-01-08,22.709999,23.480000,21.500000,21.770000,21.770000,1277500
2016-01-11,22.190001,22.440001,20.740000,21.000000,21.000000,1174700
2016-01-12,21.309999,21.760000,20.030001,20.570000,20.570000,859300
2016-01-13,20.500000,21.180000,19.299999,19.520000,19.520000,1506300
2016-01-14,19.639999,20.000000,18.879999,19.120001,19.120001,1496700
2016-01-15,18.610001,18.900000,17.850000,18.670000,18.670000,1004800
2016-01-19,18.950001,18.959999,17.360001,17.590000,17.590000,943600
2016-01-20,17.230000,17.620001,16.260000,17.209999,17.209999,1559100
2016-01-21,17.290001,18.879999,17.000000,18.070000,18.070000,2331900
2016-01-22,18.510000,18.930000,17.559999,17.850000,17.850000,1191900
2016-01-25,17.850000,17.850000,16.500000,16.809999,16.809999,2042400
2016-01-26,16.280001,16.459999,14.880000,16.129999,16.129999,3326800
2016-01-27,16.080000,16.969999,15.670000,16.120001,16.120001,1431300
2016-01-28,16.230000,16.740000,15.210000,15.240000,15.240000,1274900
2016-01-29,15.380000,16.430000,15.370000,16.299999,16.299999,1201000
2016-02-01,16.200001,16.520000,15.410000,16.160000,16.160000,1790000
2016-02-02,16.100000,16.180000,15.630000,15.660000,15.660000,751400
2016-02-03,15.860000,16.520000,15.710000,16.430000,16.430000,937200
2016-02-04,16.420000,17.680000,16.400000,16.990000,16.990000,1563800
2016-02-05,16.850000,17.370001,16.360001,16.840000,16.840000,919400
2016-02-08,16.650000,16.799999,15.500000,16.090000,16.090000,1070200
2016-02-09,15.770000,16.379999,15.350000,15.940000,15.940000,838200
2016-02-10,16.000000,16.290001,15.380000,15.510000,15.510000,894200
2016-02-11,15.900000,16.240000,15.460000,15.510000,15.510000,1506700
2016-02-12,15.750000,15.960000,14.480000,15.610000,15.610000,892100
2016-02-16,15.910000,16.770000,15.470000,16.660000,16.660000,814800
2016-02-17,16.830000,17.700001,16.719999,17.110001,17.110001,741300
2016-02-18,17.180000,17.650000,16.750000,17.559999,17.559999,842000
2016-02-19,17.389999,17.910000,16.920000,17.600000,17.600000,880600
2016-02-22,17.840000,19.020000,17.760000,18.490000,18.490000,980700
2016-02-23,18.980000,18.980000,17.719999,17.900000,17.900000,607900
2016-02-24,17.590000,18.320000,16.920000,18.280001,18.280001,561600
2016-02-25,18.200001,18.639999,17.629999,18.110001,18.110001,607400
2016-02-26,18.320000,19.230000,18.290001,18.850000,18.850000,789800
2016-02-29,19.150000,19.490000,18.730000,18.850000,18.850000,745400
2016-03-01,19.040001,20.559999,18.850000,20.270000,20.270000,1674100
2016-03-02,20.150000,21.670000,19.760000,20.889999,20.889999,1773000
2016-03-03,23.170000,25.070000,21.930000,24.530001,24.530001,5678200
2016-03-04,25.240000,29.600000,25.100000,27.639999,27.639999,5623800
2016-03-07,26.230000,27.820000,24.510000,27.820000,27.820000,2992500
2016-03-08,27.709999,27.709999,24.820000,24.889999,24.889999,1632700
2016-03-09,25.240000,26.000000,24.690001,25.440001,25.440001,895400
2016-03-10,25.520000,26.420000,23.360001,23.490000,23.490000,1938100
2016-03-11,23.950001,24.370001,23.010000,24.190001,24.190001,1093000
2016-03-14,25.580000,26.440001,24.860001,25.160000,25.160000,2431000
2016-03-15,24.799999,25.000000,22.040001,22.190001,22.190001,1864800
2016-03-16,22.250000,23.340000,22.110001,23.100000,23.100000,1357900
2016-03-17,23.160000,24.049999,22.900000,23.709999,23.709999,1000200
2016-03-18,23.980000,25.340000,23.980000,25.010000,25.010000,1451400
2016-03-21,24.980000,25.879999,24.650000,24.980000,24.980000,1150200
2016-03-22,24.780001,25.799999,24.629999,25.440001,25.440001,805300
2016-03-23,25.700001,25.700001,23.120001,23.250000,23.250000,1242900
2016-03-24,23.000000,23.940001,22.059999,23.799999,23.799999,690700
2016-03-28,23.959999,24.520000,23.530001,23.990000,23.990000,641700
2016-03-29,23.750000,25.410000,23.250000,25.139999,25.139999,740300
2016-03-30,25.400000,25.840000,24.690001,25.129999,25.129999,896800
2016-03-31,24.990000,26.100000,24.799999,25.920000,25.920000,912900
2016-04-01,25.520000,25.760000,25.129999,25.400000,25.400000,596700
2016-04-04,25.400000,27.760000,25.379999,27.650000,27.650000,1974400
2016-04-05,27.500000,28.000000,26.629999,27.150000,27.150000,1252600
2016-04-06,27.250000,27.570000,26.559999,27.250000,27.250000,1098200
2016-04-07,27.250000,28.260000,27.080000,27.280001,27.280001,816200
2016-04-08,27.540001,28.049999,26.400000,26.510000,26.510000,783300
2016-04-11,26.639999,27.230000,26.330000,27.059999,27.059999,907700
2016-04-12,27.940001,27.940001,26.209999,27.270000,27.270000,703600
2016-04-13,27.299999,28.010000,27.100000,27.709999,27.709999,980600
2016-04-14,28.910000,30.459999,28.400000,29.350000,29.350000,3615000
2016-04-15,28.400000,28.670000,25.290001,25.480000,25.480000,4017400
2016-04-18,25.420000,26.530001,25.110001,26.139999,26.139999,1432600
2016-04-19,26.250000,27.270000,25.790001,25.820000,25.820000,901200
2016-04-20,25.740000,27.750000,25.559999,26.660000,26.660000,1324600
2016-04-21,26.700001,27.830000,26.700001,27.290001,27.290001,831200
2016-04-22,26.889999,27.799999,25.900000,26.209999,26.209999,1748200
2016-04-25,26.209999,26.440001,25.590000,25.830000,25.830000,819300
2016-04-26,25.459999,26.219999,24.920000,26.000000,26.000000,715300
2016-04-27,25.840000,27.209999,25.600000,27.129999,27.129999,839000
2016-04-28,26.879999,27.670000,25.590000,25.730000,25.730000,1020300
2016-04-29,25.719999,26.040001,24.350000,24.469999,24.469999,1115300
2016-05-02,24.670000,24.889999,23.139999,23.830000,23.830000,1246300
2016-05-03,23.580000,23.670000,22.170000,22.840000,22.840000,1306000
2016-05-04,22.840000,22.959999,21.820000,21.870001,21.870001,1364500
2016-05-05,22.400000,22.400000,20.850000,21.280001,21.280001,1818100
2016-05-06,20.879999,21.280001,20.000000,21.059999,21.059999,2021500
2016-05-09,23.549999,23.549999,19.809999,20.790001,20.790001,3932900
2016-05-10,20.650000,22.280001,20.590000,21.690001,21.690001,2139600
2016-05-11,21.389999,22.020000,21.000000,21.139999,21.139999,1111100
2016-05-12,21.320000,21.680000,19.730000,20.010000,20.010000,1290400
2016-05-13,20.600000,21.709999,20.030001,20.370001,20.370001,1147600
2016-05-16,20.639999,21.100000,20.370001,20.660000,20.660000,724200
2016-05-17,20.280001,21.780001,19.850000,21.059999,21.059999,1046000
2016-05-18,20.459999,21.350000,20.040001,20.430000,20.430000,1035900
2016-05-19,20.240000,20.420000,19.400000,19.740000,19.740000,1398500
2016-05-20,19.799999,20.299999,19.760000,20.160000,20.160000,772100
2016-05-23,20.100000,20.900000,20.059999,20.459999,20.459999,779200
2016-05-24,21.110001,22.650000,21.049999,22.080000,22.080000,1641400
2016-05-25,22.180000,22.549999,21.650000,22.330000,22.330000,994500
2016-05-26,22.860001,23.299999,22.340000,22.770000,22.770000,793700
2016-05-27,22.760000,23.299999,22.230000,22.260000,22.260000,706800
2016-05-31,22.299999,23.120001,22.270000,22.820000,22.820000,736300
2016-06-01,22.420000,22.930000,22.230000,22.879999,22.879999,602300
2016-06-02,22.450001,23.340000,22.379999,23.290001,23.290001,711800
2016-06-03,23.190001,23.400000,22.670000,23.049999,23.049999,547900
2016-06-06,22.930000,23.770000,22.860001,23.680000,23.680000,612000
2016-06-07,23.799999,24.170000,22.969999,23.000000,23.000000,983800
2016-06-08,22.900000,23.490000,22.799999,22.950001,22.950001,519100
2016-06-09,22.799999,22.889999,21.900000,21.900000,21.900000,954300
2016-06-10,21.500000,21.709999,20.629999,21.049999,21.049999,1323500
2016-06-13,20.840000,21.879999,20.799999,21.190001,21.190001,1026800
2016-06-14,21.040001,21.559999,20.920000,21.450001,21.450001,763700
2016-06-15,21.620001,22.600000,21.500000,22.040001,22.040001,1010300
2016-06-16,21.730000,22.209999,20.799999,21.549999,21.549999,666900
2016-06-17,21.500000,22.850000,21.420000,22.100000,22.100000,892900
2016-06-20,22.490000,22.900000,22.280001,22.350000,22.350000,589400
2016-06-21,22.290001,22.730000,22.049999,22.549999,22.549999,424400
2016-06-22,22.459999,22.860001,21.770000,21.799999,21.799999,536900
2016-06-23,22.020000,23.320000,21.969999,23.260000,23.260000,1091400
2016-06-24,21.660000,22.670000,21.250000,21.590000,21.590000,1743300
2016-06-27,21.290001,21.480000,19.920000,20.020000,20.020000,1144500
2016-06-28,20.459999,21.139999,20.139999,20.910000,20.910000,981800
2016-06-29,21.049999,22.070000,20.910000,21.830000,21.830000,1048200
2016-06-30,21.900000,23.100000,21.799999,22.889999,22.889999,1136600
2016-07-01,23.150000,23.500000,22.620001,22.790001,22.790001,1095700
2016-07-05,22.430000,22.629999,21.820000,22.340000,22.340000,745000
2016-07-06,22.080000,22.370001,21.709999,22.040001,22.040001,821400
2016-07-07,22.250000,22.389999,22.030001,22.250000,22.250000,843100
2016-07-08,22.450001,23.250000,22.219999,23.190001,23.190001,1120400
2016-07-11,23.500000,23.510000,22.540001,22.540001,22.540001,885500
2016-07-12,22.910000,23.680000,22.760000,23.570000,23.570000,974800
2016-07-13,23.670000,24.139999,23.290001,23.469999,23.469999,729800
2016-07-14,23.670000,24.299999,23.440001,23.540001,23.540001,1386200
2016-07-15,23.549999,23.959999,22.730000,23.290001,23.290001,858300
2016-07-18,21.549999,21.920000,20.129999,21.170000,21.170000,3833800
2016-07-19,21.000000,21.090000,20.170000,20.350000,20.350000,1740700
2016-07-20,20.370001,20.709999,20.320000,20.520000,20.520000,1001200
2016-07-21,20.400000,21.090000,20.080000,20.150000,20.150000,764500
2016-07-22,20.120001,20.620001,19.770000,20.049999,20.049999,535100
2016-07-25,20.200001,20.360001,19.469999,19.650000,19.650000,964900
2016-07-26,19.740000,20.250000,19.570000,20.150000,20.150000,687900
2016-07-27,20.219999,20.639999,20.000000,20.400000,20.400000,579300
2016-07-28,20.540001,20.690001,20.139999,20.430000,20.430000,806200
2016-07-29,20.459999,21.030001,20.170000,20.940001,20.940001,1002700
2016-08-01,21.090000,21.129999,19.799999,20.090000,20.090000,1115000
2016-08-02,19.850000,20.200001,19.309999,19.360001,19.360001,1000600
2016-08-03,20.010000,20.910000,19.700001,20.400000,20.400000,3311500
2016-08-04,22.000000,22.000000,19.360001,19.549999,19.549999,2397600
2016-08-05,19.520000,20.450001,19.389999,20.150000,20.150000,1312900
2016-08-08,20.200001,21.590000,20.160000,20.900000,20.900000,1123700
2016-08-09,21.020000,21.049999,20.440001,20.740000,20.740000,734300
2016-08-10,20.690001,21.370001,20.650000,20.910000,20.910000,751500
2016-08-11,21.010000,21.280001,20.700001,21.180000,21.180000,590600
2016-08-12,21.010000,21.629999,20.760000,20.990000,20.990000,871300
2016-08-15,21.000000,21.400000,20.750000,21.290001,21.290001,1001800
2016-08-16,21.290001,21.500000,20.860001,21.320000,21.320000,859100
2016-08-17,21.299999,21.700001,20.910000,21.360001,21.360001,756600
2016-08-18,21.459999,22.000000,21.280001,21.780001,21.780001,682600
2016-08-19,21.600000,21.900000,21.400000,21.770000,21.770000,426200
2016-08-22,21.650000,23.309999,21.549999,22.400000,22.400000,1525600
2016-08-23,22.530001,22.680000,22.000000,22.530001,22.530001,596700
2016-08-24,22.680000,23.850000,22.510000,23.170000,23.170000,1478300
2016-08-25,23.120001,23.430000,22.920000,23.190001,23.190001,973600
2016-08-26,23.330000,23.879999,22.870001,23.049999,23.049999,768800
2016-08-29,23.219999,23.309999,22.910000,23.040001,23.040001,465800
2016-08-30,22.910000,23.260000,22.719999,22.790001,22.790001,507700
2016-08-31,22.510000,22.790001,21.209999,21.340000,21.340000,1104000
2016-09-01,22.000000,22.000000,20.879999,21.330000,21.330000,888900
2016-09-02,21.580000,22.370001,21.410000,21.930000,21.930000,900800
2016-09-06,23.000000,23.730000,22.719999,22.760000,22.760000,2299900
2016-09-07,23.000000,23.070000,21.750000,21.969999,21.969999,1261300
2016-09-08,21.850000,22.690001,21.780001,22.309999,22.309999,892700
2016-09-09,22.010000,22.200001,21.650000,21.690001,21.690001,828700
2016-09-12,21.500000,21.580000,20.910000,21.520000,21.520000,807400
2016-09-13,21.219999,21.549999,20.639999,21.360001,21.360001,1024300
2016-09-14,21.270000,21.889999,21.129999,21.530001,21.530001,672500
2016-09-15,21.750000,22.270000,21.660000,22.030001,22.030001,945900
2016-09-16,21.930000,22.389999,21.540001,21.709999,21.709999,651800
2016-09-19,21.879999,22.350000,21.780001,22.000000,22.000000,796700
2016-09-20,22.139999,22.190001,21.799999,21.990000,21.990000,693600
2016-09-21,22.020000,22.370001,21.940001,22.219999,22.219999,693200
2016-09-22,22.480000,22.600000,22.200001,22.450001,22.450001,711700
2016-09-23,22.540001,22.590000,21.889999,22.030001,22.030001,598800
2016-09-26,22.129999,23.360001,22.120001,22.959999,22.959999,1490100
2016-09-27,23.020000,23.379999,22.629999,23.040001,23.040001,699800
2016-09-28,23.100000,24.129999,23.070000,23.850000,23.850000,1165500
2016-09-29,23.709999,24.280001,23.650000,23.950001,23.950001,1036700
2016-09-30,24.200001,25.160000,24.000000,24.090000,24.090000,1584500
2016-10-03,24.410000,24.450001,23.629999,23.780001,23.780001,942100
2016-10-04,23.990000,24.219999,23.400000,23.719999,23.719999,674900
2016-10-05,23.870001,24.440001,23.840000,24.330000,24.330000,779300
2016-10-06,24.350000,24.440001,23.860001,24.139999,24.139999,532500
2016-10-07,24.120001,24.270000,23.230000,23.270000,23.270000,788000
2016-10-10,23.389999,23.830000,23.309999,23.740000,23.740000,400700
2016-10-11,23.820000,23.990000,22.690001,22.760000,22.760000,622000
2016-10-12,22.860001,22.950001,21.959999,22.000000,22.000000,582700
2016-10-13,21.260000,21.820000,20.830000,21.230000,21.230000,1329500
2016-10-14,21.370001,21.730000,20.469999,20.790001,20.790001,940600
2016-10-17,20.719999,20.930000,19.910000,20.590000,20.590000,803200
2016-10-18,20.600000,20.930000,20.340000,20.389999,20.389999,618200
2016-10-19,20.389999,20.740000,20.000000,20.350000,20.350000,538500
2016-10-20,20.270000,20.440001,19.950001,20.299999,20.299999,585900
2016-10-21,20.270000,20.900000,19.809999,19.930000,19.930000,1173000
2016-10-24,19.969999,20.330000,19.969999,20.059999,20.059999,525000
2016-10-25,20.110001,20.200001,19.620001,19.750000,19.750000,581100
2016-10-26,19.680000,20.250000,19.639999,19.920000,19.920000,557900
2016-10-27,19.940001,20.170000,19.360001,19.450001,19.450001,707600
2016-10-28,19.469999,19.690001,18.940001,19.000000,19.000000,671200
2016-10-31,18.860001,19.290001,18.770000,19.120001,19.120001,692600
2016-11-01,19.230000,19.340000,18.750000,18.950001,18.950001,937900
2016-11-02,18.860001,19.030001,18.360001,18.559999,18.559999,961100
2016-11-03,18.809999,19.420000,18.520000,18.740000,18.740000,1104900
2016-11-04,18.690001,18.910000,18.200001,18.280001,18.280001,856200
2016-11-07,18.410000,19.440001,18.410000,19.070000,19.070000,928700
2016-11-08,19.010000,19.190001,18.530001,19.040001,19.040001,545300
2016-11-09,18.650000,19.680000,18.500000,19.620001,19.620001,937500
2016-11-10,19.920000,20.590000,19.670000,19.950001,19.950001,1231100
2016-11-11,19.950001,21.090000,19.910000,20.980000,20.980000,1025600
2016-11-14,21.000000,21.049999,19.700001,20.500000,20.500000,1957300
2016-11-15,18.360001,19.100000,16.930000,17.950001,17.950001,8123200
2016-11-16,17.809999,18.610001,17.450001,17.980000,17.980000,2547300
2016-11-17,18.030001,18.700001,17.549999,18.660000,18.660000,1585800
2016-11-18,18.629999,18.900000,18.410000,18.639999,18.639999,1036100
2016-11-21,18.580000,18.980000,18.450001,18.650000,18.650000,858100
2016-11-22,18.719999,19.200001,18.660000,19.180000,19.180000,1093400
2016-11-23,19.129999,19.290001,18.940001,19.180000,19.180000,595400
2016-11-25,19.180000,19.180000,18.730000,19.020000,19.020000,377500
2016-11-28,18.889999,19.000000,18.389999,18.600000,18.600000,991800
2016-11-29,18.559999,18.700001,18.120001,18.170000,18.170000,880100
2016-11-30,18.260000,18.430000,17.930000,18.049999,18.049999,536500
2016-12-01,18.049999,18.270000,17.360001,17.530001,17.530001,963300
2016-12-02,17.430000,17.920000,17.420000,17.830000,17.830000,633000
2016-12-05,18.000000,19.090000,18.000000,19.049999,19.049999,1462600
2016-12-06,19.059999,19.299999,18.910000,19.150000,19.150000,890700
2016-12-07,18.969999,19.000000,18.740000,18.940001,18.940001,926100
2016-12-08,18.900000,19.709999,18.719999,19.620001,19.620001,813600
2016-12-09,19.650000,19.910000,19.510000,19.629999,19.629999,815600
2016-12-12,19.580000,19.809999,19.160000,19.740000,19.740000,751000
2016-12-13,19.799999,20.129999,19.520000,19.959999,19.959999,975500
2016-12-14,19.860001,19.900000,19.040001,19.129999,19.129999,1057300
2016-12-15,19.120001,19.490000,18.610001,19.030001,19.030001,637400
2016-12-16,19.080000,19.559999,18.799999,18.950001,18.950001,784900
2016-12-19,18.950001,19.250000,18.830000,19.059999,19.059999,529600
2016-12-20,19.020000,19.129999,18.280001,18.680000,18.680000,722300
2016-12-21,18.570000,18.790001,18.100000,18.250000,18.250000,530300
2016-12-22,18.180000,18.209999,17.730000,17.830000,17.830000,546600
2016-12-23,17.830000,18.170000,17.780001,17.889999,17.889999,497500
2016-12-27,17.670000,18.059999,17.610001,17.770000,17.770000,608600
2016-12-28,17.770000,17.770000,16.950001,17.010000,17.010000,980800
2016-12-29,16.950001,17.090000,16.450001,16.670000,16.670000,969000
2016-12-30,16.629999,16.809999,16.370001,16.540001,16.540001,876100
2017-01-03,16.879999,17.930000,16.879999,17.889999,17.889999,1901600
2017-01-04,18.000000,18.570000,18.000000,18.209999,18.209999,1007800
2017-01-05,18.180000,18.490000,17.629999,17.770000,17.770000,560700
2017-01-06,17.940001,18.170000,17.719999,17.980000,17.980000,446400
2017-01-09,18.010000,19.049999,17.889999,18.750000,18.750000,1118800
2017-01-10,19.590000,19.930000,18.690001,18.780001,18.780001,1242000
2017-01-11,18.879999,19.120001,18.629999,18.870001,18.870001,505600
2017-01-12,18.790001,18.980000,18.240000,18.840000,18.840000,418600
2017-01-13,18.900000,19.490000,18.900000,19.370001,19.370001,593400
2017-01-17,19.350000,19.520000,19.110001,19.440001,19.440001,611600
2017-01-18,19.440001,19.690001,19.270000,19.450001,19.450001,489000
2017-01-19,19.420000,20.299999,19.160000,19.879999,19.879999,952000
2017-01-20,19.900000,20.240000,19.709999,19.760000,19.760000,721800
2017-01-23,19.809999,19.910000,19.160000,19.610001,19.610001,622400
2017-01-24,19.570000,20.090000,19.540001,19.870001,19.870001,696200
2017-01-25,19.709999,20.200001,19.709999,20.000000,20.000000,700300
2017-01-26,20.160000,20.240000,19.809999,19.910000,19.910000,456600
2017-01-27,19.959999,20.090000,19.510000,19.650000,19.650000,387700
2017-01-30,19.620001,19.690001,19.190001,19.480000,19.480000,564900
2017-01-31,19.420000,19.750000,19.280001,19.719999,19.719999,437700
2017-02-01,19.850000,20.170000,19.420000,19.670000,19.670000,559800
2017-02-02,19.719999,19.879999,19.559999,19.660000,19.660000,416100
2017-02-03,19.730000,20.090000,19.730000,19.920000,19.920000,588600
2017-02-06,19.809999,20.129999,19.590000,19.600000,19.600000,488500
2017-02-07,19.799999,19.969999,19.360001,19.639999,19.639999,542200
2017-02-08,19.600000,19.820000,19.360001,19.709999,19.709999,533200
2017-02-09,19.750000,20.930000,19.750000,20.850000,20.850000,1030900
2017-02-10,21.340000,21.670000,21.010000,21.250000,21.250000,1113300
2017-02-13,21.820000,21.940001,21.100000,21.870001,21.870001,953400
2017-02-14,21.910000,22.129999,21.740000,21.969999,21.969999,719900
2017-02-15,22.000000,22.110001,21.270000,21.570000,21.570000,871400
2017-02-16,21.500000,21.750000,20.799999,20.910000,20.910000,768100
2017-02-17,20.830000,21.209999,20.680000,21.200001,21.200001,531400
2017-02-21,21.240000,21.480000,20.620001,21.139999,21.139999,856800
2017-02-22,21.020000,21.160000,20.690001,20.850000,20.850000,463000
2017-02-23,20.860001,20.910000,20.530001,20.709999,20.709999,599300
2017-02-24,20.629999,20.700001,20.120001,20.430000,20.430000,599100
2017-02-27,20.440001,21.020000,20.360001,20.940001,20.940001,458500
2017-02-28,20.889999,20.889999,19.700001,19.770000,19.770000,1172800
2017-03-01,19.930000,20.260000,19.799999,20.150000,20.150000,580800
2017-03-02,19.889999,20.160000,19.500000,19.520000,19.520000,646900
2017-03-03,19.450001,19.930000,19.139999,19.350000,19.350000,539400
2017-03-06,19.299999,19.889999,19.209999,19.549999,19.549999,754700
2017-03-07,19.500000,19.639999,19.299999,19.490000,19.490000,573800
2017-03-08,19.590000,20.250000,19.440001,20.059999,20.059999,1218300
2017-03-09,18.500000,19.440001,18.059999,18.170000,18.170000,2524100
2017-03-10,18.250000,18.760000,18.040001,18.709999,18.709999,1063700
2017-03-13,18.770000,19.660000,18.740000,19.650000,19.650000,1122600
2017-03-14,19.520000,19.520000,18.940001,19.350000,19.350000,886500
2017-03-15,19.379999,19.790001,19.200001,19.719999,19.719999,605200
2017-03-16,19.830000,20.209999,19.740000,20.160000,20.160000,476800
2017-03-17,20.160000,20.440001,20.020000,20.260000,20.260000,685200
2017-03-20,20.110001,20.450001,19.969999,20.330000,20.330000,677500
2017-03-21,20.360001,20.770000,19.500000,19.580000,19.580000,862500
2017-03-22,19.500000,19.590000,18.790001,18.790001,18.790001,736600
2017-03-23,18.799999,19.160000,18.700001,19.150000,19.150000,568200
2017-03-24,19.240000,19.500000,19.070000,19.190001,19.190001,336500
2017-03-27,18.980000,19.530001,18.750000,19.440001,19.440001,433200
2017-03-28,19.340000,19.780001,19.250000,19.660000,19.660000,347200
2017-03-29,19.600000,20.290001,19.330000,20.110001,20.110001,493200
2017-03-30,20.120001,20.340000,20.049999,20.290001,20.290001,553000
2017-03-31,20.299999,20.730000,20.190001,20.490000,20.490000,666300
2017-04-03,20.639999,20.690001,20.120001,20.250000,20.250000,456600
2017-04-04,20.139999,20.340000,19.840000,19.910000,19.910000,424600
2017-04-05,20.040001,20.400000,19.870001,19.959999,19.959999,455000
2017-04-06,20.080000,20.430000,19.910000,20.410000,20.410000,431500
2017-04-07,20.260000,20.620001,20.200001,20.459999,20.459999,371400
2017-04-10,20.450001,21.180000,20.280001,20.770000,20.770000,703500
2017-04-11,20.590000,21.100000,20.559999,21.100000,21.100000,387500
2017-04-12,21.100000,21.370001,20.809999,21.000000,21.000000,489600
2017-04-13,20.980000,21.290001,20.850000,21.000000,21.000000,398900
2017-04-17,21.020000,21.400000,20.889999,21.299999,21.299999,435200
2017-04-18,22.100000,23.809999,22.049999,23.770000,23.770000,3140000
2017-04-19,23.660000,24.150000,23.180000,23.920000,23.920000,1340900
2017-04-20,24.000000,24.799999,23.920000,24.309999,24.309999,1228600
2017-04-21,24.280001,24.299999,24.000000,24.030001,24.030001,718200
2017-04-24,24.080000,24.580000,24.000000,24.040001,24.040001,1071100
2017-04-25,24.070000,24.469999,24.070000,24.370001,24.370001,693800
2017-04-26,24.370001,25.379999,24.230000,25.299999,25.299999,1013600
2017-04-27,25.230000,25.290001,24.690001,24.830000,24.830000,733100
2017-04-28,24.920000,24.920000,24.660000,24.760000,24.760000,536800
2017-05-01,24.959999,25.639999,24.770000,25.520000,25.520000,604100
2017-05-02,25.530001,25.889999,25.309999,25.850000,25.850000,744400
2017-05-03,25.850000,26.510000,25.670000,26.129999,26.129999,1026700
2017-05-04,26.150000,26.440001,25.110001,25.639999,25.639999,1209800
2017-05-05,25.790001,26.549999,25.639999,26.510000,26.510000,774400
2017-05-08,26.510000,27.250000,26.330000,27.219999,27.219999,807300
2017-05-09,27.219999,28.000000,26.610001,27.860001,27.860001,1173800
2017-05-10,27.870001,29.379999,27.870001,29.150000,29.150000,1494000
2017-05-11,29.000000,29.940001,28.639999,29.660000,29.660000,1459300
2017-05-12,29.549999,30.260000,28.920000,29.959999,29.959999,1273900
2017-05-15,28.559999,30.750000,28.549999,29.930000,29.930000,2909500
2017-05-16,28.000000,30.879999,26.830000,30.660000,30.660000,4481200
2017-05-17,29.580000,30.549999,27.280001,27.799999,27.799999,3597200
2017-05-18,27.219999,28.440001,27.049999,28.010000,28.010000,1489900
2017-05-19,28.150000,28.459999,27.680000,27.980000,27.980000,1157100
2017-05-22,28.059999,28.730000,27.850000,28.660000,28.660000,1076400
2017-05-23,28.799999,29.000000,27.840000,28.240000,28.240000,884000
2017-05-24,28.240000,28.680000,27.969999,28.049999,28.049999,836700
2017-05-25,28.350000,28.600000,27.959999,28.350000,28.350000,773000
2017-05-26,28.270000,28.500000,27.860001,28.139999,28.139999,540400
2017-05-30,28.049999,28.240000,27.049999,27.070000,27.070000,832800
2017-05-31,27.070000,27.070000,26.219999,26.900000,26.900000,941200
2017-06-01,27.000000,27.879999,26.920000,27.830000,27.830000,756700
2017-06-02,27.830000,28.090000,27.299999,27.770000,27.770000,540900
2017-06-05,27.600000,27.889999,27.430000,27.600000,27.600000,367500
2017-06-06,27.360001,27.860001,27.209999,27.650000,27.650000,624600
2017-06-07,27.690001,28.240000,27.309999,27.650000,27.650000,677200
2017-06-08,27.700001,28.400000,27.420000,28.350000,28.350000,651200
2017-06-09,28.389999,28.879999,26.430000,26.510000,26.510000,883400
2017-06-12,26.400000,26.690001,25.420000,26.260000,26.260000,837100
2017-06-13,26.540001,26.850000,26.049999,26.670000,26.670000,484000
2017-06-14,26.700001,26.969999,25.930000,26.200001,26.200001,483000
2017-06-15,25.660000,26.559999,25.500000,26.410000,26.410000,493400
2017-06-16,26.299999,26.750000,26.110001,26.320000,26.320000,603900
2017-06-19,26.620001,27.740000,26.500000,27.580000,27.580000,533900
2017-06-20,27.610001,27.760000,26.820000,27.030001,27.030001,373300
2017-06-21,26.900000,27.709999,26.590000,27.250000,27.250000,591400
2017-06-22,27.260000,28.150000,27.200001,27.709999,27.709999,727200
2017-06-23,27.730000,27.950001,27.540001,27.610001,27.610001,662300
2017-06-26,26.030001,26.540001,24.090000,24.389999,24.389999,2312200
2017-06-27,24.340000,24.760000,24.049999,24.160000,24.160000,804000
2017-06-28,24.219999,24.600000,23.490000,24.230000,24.230000,697700
2017-06-29,24.200001,24.200001,23.110001,24.059999,24.059999,778900
2017-06-30,24.260000,24.260000,23.219999,23.309999,23.309999,519100
2017-07-03,23.420000,23.510000,22.940001,23.389999,23.389999,369100
2017-07-05,23.389999,23.510000,23.010000,23.459999,23.459999,515700
2017-07-06,23.219999,23.469999,22.690001,22.809999,22.809999,530500
2017-07-07,22.950001,23.690001,22.860001,23.090000,23.090000,389000
2017-07-10,23.040001,23.690001,23.040001,23.510000,23.510000,450100
2017-07-11,23.559999,24.170000,23.180000,23.930000,23.930000,415900
2017-07-12,24.040001,24.530001,23.840000,24.190001,24.190001,495800
2017-07-13,24.299999,24.360001,23.600000,23.650000,23.650000,615700
2017-07-14,23.660000,24.240000,23.200001,24.000000,24.000000,582400
2017-07-17,23.959999,24.180000,23.570000,23.709999,23.709999,321700
2017-07-18,23.690001,24.459999,23.600000,23.760000,23.760000,610300
2017-07-19,23.879999,24.350000,23.709999,24.010000,24.010000,381000
2017-07-20,24.100000,24.100000,23.200001,23.600000,23.600000,452800
2017-07-21,23.799999,24.129999,23.340000,24.110001,24.110001,535000
2017-07-24,24.200001,24.480000,23.990000,24.360001,24.360001,359200
2017-07-25,24.309999,25.170000,24.250000,25.110001,25.110001,481300
2017-07-26,25.160000,25.350000,24.660000,24.740000,24.740000,480100
2017-07-27,24.760000,25.230000,24.190001,24.559999,24.559999,521000
2017-07-28,24.360001,24.690001,24.139999,24.389999,24.389999,260200
2017-07-31,24.389999,24.480000,23.629999,23.990000,23.990000,375200
2017-08-01,24.139999,24.389999,23.930000,24.340000,24.340000,348700
2017-08-02,24.400000,24.580000,23.709999,24.250000,24.250000,374500
2017-08-03,23.400000,23.830000,23.030001,23.250000,23.250000,970100
2017-08-04,22.610001,23.719999,22.610001,23.500000,23.500000,347200
2017-08-07,23.520000,23.610001,22.549999,22.590000,22.590000,880500
2017-08-08,22.590000,23.070000,22.250000,22.389999,22.389999,1426600
2017-08-09,23.049999,23.840000,21.750000,22.290001,22.290001,1306400
2017-08-10,23.150000,23.450001,21.950001,22.250000,22.250000,1291000
2017-08-11,22.469999,23.200001,22.350000,22.950001,22.950001,728200
2017-08-14,23.180000,23.280001,22.790001,22.879999,22.879999,455700
2017-08-15,22.990000,23.040001,22.059999,22.219999,22.219999,741000
2017-08-16,22.150000,22.320000,21.860001,21.879999,21.879999,559700
2017-08-17,21.809999,22.219999,21.280001,21.389999,21.389999,979100
2017-08-18,21.340000,21.549999,20.920000,20.950001,20.950001,637800
2017-08-21,20.959999,21.309999,20.670000,21.090000,21.090000,689300
2017-08-22,21.129999,21.870001,21.120001,21.750000,21.750000,410900
2017-08-23,21.780001,22.090000,21.549999,21.889999,21.889999,376900
2017-08-24,21.990000,22.000000,21.559999,21.740000,21.740000,399000
2017-08-25,21.799999,22.200001,21.660000,21.730000,21.730000,285800
2017-08-28,21.820000,22.000000,21.620001,21.969999,21.969999,248400
2017-08-29,21.760000,22.740000,21.660000,22.520000,22.520000,563200
2017-08-30,22.549999,22.860001,22.500000,22.570000,22.570000,372800
2017-08-31,22.580000,22.780001,22.330000,22.379999,22.379999,311200
2017-09-01,22.360001,22.969999,22.360001,22.709999,22.709999,315000
2017-09-05,22.629999,23.219999,22.459999,22.879999,22.879999,361000
2017-09-06,23.040001,23.129999,22.459999,22.930000,22.930000,261300
2017-09-07,22.950001,23.120001,22.559999,23.049999,23.049999,317000
2017-09-08,23.030001,23.200001,22.510000,22.700001,22.700001,306500
2017-09-11,22.860001,23.400000,22.860001,23.320000,23.320000,367800
2017-09-12,23.370001,24.170000,23.370001,23.870001,23.870001,535000
2017-09-13,23.790001,24.010000,23.440001,23.930000,23.930000,347800
2017-09-14,23.680000,24.209999,23.510000,23.740000,23.740000,451100
2017-09-15,23.650000,24.190001,23.510000,24.059999,24.059999,556100
2017-09-18,24.230000,24.430000,23.510000,23.680000,23.680000,333600
2017-09-19,23.799999,24.059999,23.620001,23.660000,23.660000,262800
2017-09-20,23.570000,23.570000,22.760000,22.910000,22.910000,561300
2017-09-21,22.850000,23.080000,22.530001,22.770000,22.770000,302900
2017-09-22,22.610001,23.080000,22.530001,22.940001,22.940001,213700
2017-09-25,22.750000,22.799999,21.900000,22.410000,22.410000,339200
2017-09-26,22.580000,22.700001,22.219999,22.629999,22.629999,193600
2017-09-27,22.690001,23.549999,22.600000,23.490000,23.490000,408700
2017-09-28,23.490000,23.549999,22.620001,22.790001,22.790001,448000
2017-09-29,22.860001,23.150000,22.700001,23.120001,23.120001,507900
2017-10-02,23.330000,24.379999,23.090000,24.379999,24.379999,712600
2017-10-03,24.420000,24.639999,24.240000,24.530001,24.530001,594200
2017-10-04,24.570000,25.000000,24.170000,24.299999,24.299999,685100
2017-10-05,24.370001,24.430000,23.809999,24.129999,24.129999,462700
2017-10-06,24.049999,24.049999,23.410000,23.639999,23.639999,356000
2017-10-09,23.639999,23.740000,23.230000,23.389999,23.389999,243000
2017-10-10,23.410000,23.520000,22.480000,22.590000,22.590000,796900
2017-10-11,22.500000,22.990000,22.209999,22.920000,22.920000,497100
2017-10-12,22.920000,23.650000,22.870001,23.110001,23.110001,658100
2017-10-13,22.340000,22.340000,20.450001,21.410000,21.410000,2610900
2017-10-16,21.639999,22.200001,21.299999,21.350000,21.350000,1592700
2017-10-17,21.299999,21.370001,20.690001,20.820000,20.820000,778100
2017-10-18,21.650000,22.290001,21.250000,21.990000,21.990000,2035000
2017-10-19,22.000000,22.040001,20.690001,20.950001,20.950001,1776800
2017-10-20,21.760000,23.450001,21.670000,23.209999,23.209999,2535600
2017-10-23,23.389999,23.389999,22.320000,22.770000,22.770000,1359100
2017-10-24,22.760000,23.900000,22.760000,23.469999,23.469999,850900
2017-10-25,23.469999,23.879999,22.600000,22.780001,22.780001,586500
2017-10-26,22.969999,23.170000,22.510000,22.709999,22.709999,414600
2017-10-27,22.809999,22.910000,21.910000,22.080000,22.080000,1022300
2017-10-30,22.100000,22.480000,21.930000,22.129999,22.129999,584200
2017-10-31,22.250000,22.600000,22.020000,22.520000,22.520000,638600
2017-11-01,21.059999,22.209999,20.780001,20.980000,20.980000,1982800
2017-11-02,20.830000,21.020000,20.100000,20.639999,20.639999,1319400
2017-11-03,20.600000,21.260000,20.410000,21.230000,21.230000,1006300
2017-11-06,21.150000,21.620001,20.600000,21.309999,21.309999,702400
2017-11-07,21.270000,21.870001,21.120001,21.260000,21.260000,896300
2017-11-08,21.170000,21.219999,20.299999,21.209999,21.209999,695000
2017-11-09,21.000000,21.150000,20.469999,20.799999,20.799999,392800
2017-11-10,20.709999,21.040001,20.400000,20.450001,20.450001,870500
2017-11-13,20.230000,20.490000,19.559999,20.120001,20.120001,2014400
2017-11-14,22.059999,23.750000,20.010000,20.980000,20.980000,5403100
2017-11-15,20.900000,20.990000,20.240000,20.360001,20.360001,1080300
2017-11-16,20.690001,21.150000,20.610001,20.850000,20.850000,1063600
2017-11-17,20.910000,21.170000,20.700001,20.980000,20.980000,674000
2017-11-20,21.110001,21.559999,20.719999,21.309999,21.309999,628200
2017-11-21,21.520000,22.219999,21.430000,22.120001,22.120001,724200
2017-11-22,22.170000,22.570000,21.809999,22.160000,22.160000,436500
2017-11-24,22.290001,22.330000,21.910000,22.150000,22.150000,347100
2017-11-27,22.100000,22.510000,21.940001,22.360001,22.360001,471100
2017-11-28,22.370001,22.830000,21.969999,22.700001,22.700001,749100
2017-11-29,22.780001,22.889999,21.830000,22.110001,22.110001,620000
2017-11-30,22.230000,22.320000,21.610001,21.780001,21.780001,447700
2017-12-01,21.740000,21.990000,20.860001,21.709999,21.709999,502800
2017-12-04,21.750000,22.180000,20.700001,20.760000,20.760000,809000
2017-12-05,20.790001,21.570000,20.790001,21.430000,21.430000,580400
2017-12-06,21.270000,21.530001,20.770000,21.150000,21.150000,444400
2017-12-07,21.180000,21.870001,21.150000,21.520000,21.520000,546500
2017-12-08,21.610001,21.610001,21.180000,21.270000,21.270000,390600
2017-12-11,21.350000,21.639999,20.860001,20.940001,20.940001,507900
2017-12-12,21.010000,21.750000,20.980000,21.520000,21.520000,616400
2017-12-13,21.480000,21.750000,21.420000,21.590000,21.590000,570000
2017-12-14,21.549999,22.480000,21.549999,21.680000,21.680000,577300
2017-12-15,21.830000,22.520000,21.709999,22.450001,22.450001,1027700
2017-12-18,22.690001,22.950001,21.600000,21.850000,21.850000,1065900
2017-12-19,21.900000,22.020000,21.410000,21.440001,21.440001,750400
2017-12-20,21.629999,21.740000,21.139999,21.270000,21.270000,428500
2017-12-21,21.250000,21.600000,21.250000,21.379999,21.379999,475200
2017-12-22,21.240000,21.350000,20.570000,20.830000,20.830000,551200
2017-12-26,20.690001,20.700001,20.129999,20.450001,20.450001,460300
2017-12-27,20.500000,20.879999,20.400000,20.510000,20.510000,527200
2017-12-28,20.610001,20.750000,19.830000,20.020000,20.020000,1020100
2017-12-29,20.010000,20.209999,19.549999,19.959999,19.959999,788900
2018-01-02,20.330000,20.740000,20.049999,20.740000,20.740000,429600
2018-01-03,20.959999,21.290001,20.840000,21.200001,21.200001,505200
2018-01-04,21.350000,21.469999,20.950001,21.139999,21.139999,559400
2018-01-05,21.290001,21.379999,20.830000,21.110001,21.110001,482300
2018-01-08,21.100000,21.290001,20.700001,21.209999,21.209999,471300
2018-01-09,21.350000,21.549999,20.900000,21.340000,21.340000,421700
2018-01-10,21.240000,21.650000,21.110001,21.620001,21.620001,588300
2018-01-11,21.610001,22.309999,21.530001,22.290001,22.290001,705600
2018-01-12,22.290001,23.430000,22.290001,23.240000,23.240000,814400
2018-01-16,23.520000,24.200001,23.070000,23.299999,23.299999,1440900
2018-01-17,23.370001,23.530001,22.309999,22.400000,22.400000,882400
2018-01-18,22.400000,22.830000,22.049999,22.790001,22.790001,520700
2018-01-19,22.820000,23.250000,22.709999,22.820000,22.820000,545400
2018-01-22,22.910000,23.059999,22.370001,22.690001,22.690001,514900
2018-01-23,22.700001,23.250000,22.490000,22.680000,22.680000,952900
2018-01-24,22.780001,23.040001,22.030001,22.469999,22.469999,615100
2018-01-25,22.500000,22.629999,22.150000,22.379999,22.379999,440300
2018-01-26,22.379999,22.450001,21.670000,22.290001,22.290001,537000
2018-01-29,22.110001,22.280001,21.809999,21.959999,21.959999,647900
2018-01-30,21.799999,21.850000,21.240000,21.379999,21.379999,648700
2018-01-31,21.500000,21.760000,21.190001,21.389999,21.389999,360200
2018-02-01,21.299999,21.480000,21.070000,21.360001,21.360001,473100
2018-02-02,21.219999,21.410000,20.150000,20.209999,20.209999,634800
2018-02-05,20.000000,20.379999,19.370001,19.459999,19.459999,945200
2018-02-06,18.910000,20.250000,18.469999,20.100000,20.100000,910100
2018-02-07,20.070000,20.530001,19.920000,20.379999,20.379999,570100
2018-02-08,20.660000,20.889999,19.570000,19.809999,19.809999,622200
2018-02-09,20.030001,20.090000,19.049999,19.620001,19.620001,990400
2018-02-12,19.670000,19.990000,19.400000,19.860001,19.860001,529300
2018-02-13,19.709999,20.309999,19.670000,20.209999,20.209999,490900
2018-02-14,19.980000,20.910000,19.920000,20.760000,20.760000,494100
2018-02-15,20.959999,21.450001,20.760000,21.170000,21.170000,502400
2018-02-16,21.160000,21.370001,20.940001,21.030001,21.030001,354500
2018-02-20,20.969999,21.490000,20.969999,21.350000,21.350000,416000
2018-02-21,21.350000,21.870001,21.340000,21.490000,21.490000,536500
2018-02-22,21.540001,21.709999,21.160000,21.250000,21.250000,363500
2018-02-23,21.320000,21.660000,21.190001,21.440001,21.440001,326800
2018-02-26,21.510000,22.240000,21.500000,22.240000,22.240000,527900
2018-02-27,22.340000,22.639999,21.760000,21.820000,21.820000,1032200
2018-02-28,21.030001,21.250000,18.120001,18.230000,18.230000,4301300
2018-03-01,18.570000,19.350000,18.000000,18.730000,18.730000,2702900
2018-03-02,18.420000,20.430000,18.350000,20.340000,20.340000,1498400
2018-03-05,20.180000,21.930000,20.090000,21.809999,21.809999,1632900
2018-03-06,22.000000,22.959999,21.950001,22.680000,22.680000,2256900
2018-03-07,22.410000,23.170000,21.969999,22.139999,22.139999,1138100
2018-03-08,22.160000,22.760000,22.129999,22.629999,22.629999,610400
2018-03-09,22.910000,23.150000,22.250000,22.490000,22.490000,943800
2018-03-12,22.480000,22.760000,22.230000,22.280001,22.280001,942200
2018-03-13,22.480000,22.760000,22.230000,22.520000,22.520000,733200
2018-03-14,22.580000,22.610001,22.120001,22.230000,22.230000,462600
2018-03-15,22.389999,22.650000,21.889999,22.129999,22.129999,505800
2018-03-16,22.090000,22.370001,21.969999,22.280001,22.280001,553100
2018-03-19,22.150000,22.240000,21.360001,21.760000,21.760000,459400
2018-03-20,21.840000,22.330000,21.629999,21.910000,21.910000,272000
2018-03-21,21.809999,22.200001,21.580000,21.799999,21.799999,388100
2018-03-22,21.510000,21.770000,21.010000,21.070000,21.070000,434300
2018-03-23,21.120001,21.309999,20.160000,20.160000,20.160000,686600
2018-03-26,20.610001,20.770000,19.950001,20.559999,20.559999,385400
2018-03-27,20.600000,20.790001,19.969999,20.030001,20.030001,377700
2018-03-28,19.950001,20.080000,19.520000,19.750000,19.750000,566400
2018-03-29,19.930000,20.530001,19.639999,20.180000,20.180000,1436700
2018-04-02,20.010000,20.150000,19.530001,19.690001,19.690001,691100
2018-04-03,19.910000,19.930000,19.230000,19.580000,19.580000,642600
2018-04-04,19.049999,19.670000,18.400000,19.620001,19.620001,1189100
2018-04-05,19.799999,20.070000,19.600000,19.730000,19.730000,370400
2018-04-06,19.469999,19.770000,19.129999,19.450001,19.450001,517500
2018-04-09,19.600000,19.750000,19.350000,19.360001,19.360001,530900
2018-04-10,19.700001,20.250000,19.530001,20.040001,20.040001,498400
2018-04-11,19.900000,20.530001,19.770000,20.260000,20.260000,349200
2018-04-12,20.410000,20.799999,20.290001,20.490000,20.490000,365600
2018-04-13,20.580000,20.690001,20.160000,20.610001,20.610001,354300
2018-04-16,20.770000,21.049999,20.540001,20.940001,20.940001,406400
2018-04-17,21.010000,21.629999,21.010000,21.280001,21.280001,619500
2018-04-18,21.430000,21.930000,21.219999,21.510000,21.510000,781200
2018-04-19,21.459999,21.510000,20.879999,21.110001,21.110001,531200
2018-04-20,21.040001,21.570000,20.940001,21.520000,21.520000,391000
2018-04-23,21.590000,21.629999,21.000000,21.170000,21.170000,299600
2018-04-24,21.219999,21.340000,20.420000,20.650000,20.650000,401400
2018-04-25,20.690001,20.820000,20.420000,20.660000,20.660000,432000
2018-04-26,19.010000,19.910000,18.700001,19.480000,19.480000,1315000
2018-04-27,19.500000,19.639999,18.780001,19.010000,19.010000,783900
2018-04-30,19.049999,19.500000,19.000000,19.170000,19.170000,444000
2018-05-01,19.100000,19.930000,19.100000,19.860001,19.860001,677600
2018-05-02,18.030001,18.219999,17.299999,17.860001,17.860001,4153700
2018-05-03,17.870001,18.020000,17.170000,17.350000,17.350000,2056000
2018-05-04,17.590000,18.100000,17.270000,17.969999,17.969999,1491700
2018-05-07,18.000000,18.889999,18.000000,18.620001,18.620001,1045000
2018-05-08,18.629999,19.530001,18.600000,19.510000,19.510000,779000
2018-05-09,19.549999,20.440001,19.330000,20.420000,20.420000,844000
2018-05-10,20.480000,20.950001,20.280001,20.620001,20.620001,1442300
2018-05-11,20.680000,20.889999,20.100000,20.219999,20.219999,505000
2018-05-14,20.240000,20.330000,19.790001,19.840000,19.840000,594900
2018-05-15,19.570000,20.480000,19.510000,20.430000,20.430000,481100
2018-05-16,20.510000,20.510000,19.860001,19.959999,19.959999,603400
2018-05-17,19.920000,20.270000,19.750000,19.900000,19.900000,588400
2018-05-18,19.930000,20.139999,19.900000,19.980000,19.980000,242800
2018-05-21,20.170000,20.379999,19.959999,20.110001,20.110001,328700
2018-05-22,20.190001,20.299999,19.850000,19.870001,19.870001,280900
2018-05-23,19.730000,19.840000,19.459999,19.780001,19.780001,568800
2018-05-24,19.760000,19.760000,19.139999,19.250000,19.250000,510800
2018-05-25,19.280001,19.450001,18.990000,19.000000,19.000000,398300
2018-05-29,18.480000,19.320000,18.299999,18.950001,18.950001,528600
2018-05-30,18.950001,19.219999,18.600000,18.850000,18.850000,878700
2018-05-31,18.879999,19.040001,18.450001,18.600000,18.600000,701700
2018-06-01,18.780001,19.139999,18.620001,18.809999,18.809999,461100
2018-06-04,18.879999,19.660000,18.850000,19.160000,19.160000,703100
2018-06-05,19.139999,19.719999,19.139999,19.650000,19.650000,619600
2018-06-06,19.709999,19.950001,19.400000,19.950001,19.950001,377100
2018-06-07,19.969999,20.139999,19.500000,19.709999,19.709999,407800
2018-06-08,19.660000,19.920000,19.510000,19.680000,19.680000,344200
2018-06-11,19.740000,20.620001,19.740000,20.540001,20.540001,695800
2018-06-12,20.580000,20.969999,20.250000,20.370001,20.370001,513400
2018-06-13,20.410000,20.719999,20.059999,20.080000,20.080000,509200
2018-06-14,20.100000,20.459999,19.900000,20.080000,20.080000,338400
2018-06-15,19.969999,20.170000,19.629999,20.160000,20.160000,745700
2018-06-18,20.000000,20.520000,19.940001,20.469999,20.469999,332000
2018-06-19,20.190001,20.379999,19.610001,20.139999,20.139999,536900
2018-06-20,20.459999,20.549999,20.049999,20.500000,20.500000,433400
2018-06-21,20.570000,20.670000,18.809999,19.010000,19.010000,971800
2018-06-22,19.120001,19.430000,18.870001,19.000000,19.000000,1399100
2018-06-25,18.969999,19.170000,18.530001,18.910000,18.910000,571200
2018-06-26,18.780001,19.340000,18.750000,19.049999,19.049999,464700
2018-06-27,19.040001,19.270000,18.520000,18.530001,18.530001,456400
2018-06-28,18.530001,18.990000,18.420000,18.910000,18.910000,311200
2018-06-29,19.049999,19.540001,19.049999,19.139999,19.139999,1460100
