Date,Open,High,Low,Close,Adj Close,Volume
2015-01-02,3.300000,3.540000,3.300000,3.340000,3.340000,54800
2015-01-05,3.340000,3.340000,3.180000,3.220000,3.220000,60000
2015-01-06,3.220000,3.220000,3.000000,3.040000,3.040000,72200
2015-01-07,3.110000,3.210000,3.000000,3.160000,3.160000,59900
2015-01-08,3.210000,3.460000,3.150000,3.290000,3.290000,42600
2015-01-09,3.330000,3.420000,3.260000,3.350000,3.350000,25300
2015-01-12,3.430000,3.460000,3.320000,3.400000,3.400000,66900
2015-01-13,3.480000,3.500000,3.400000,3.470000,3.470000,86000
2015-01-14,3.440000,3.470000,3.370000,3.430000,3.430000,22400
2015-01-15,3.510000,3.510000,3.360000,3.430000,3.430000,51400
2015-01-16,3.350000,3.440000,3.330000,3.340000,3.340000,45400
2015-01-20,3.370000,3.380000,3.180000,3.360000,3.360000,50400
2015-01-21,3.440000,3.440000,3.290000,3.300000,3.300000,110500
2015-01-22,3.300000,3.350000,3.210000,3.230000,3.230000,14900
2015-01-23,3.210000,3.320000,3.170000,3.300000,3.300000,89900
2015-01-26,3.250000,3.300000,3.040000,3.210000,3.210000,66700
2015-01-27,3.090000,3.290000,3.090000,3.260000,3.260000,10000
2015-01-28,3.230000,3.290000,3.180000,3.290000,3.290000,7500
2015-01-29,3.270000,3.320000,3.130000,3.170000,3.170000,46400
2015-01-30,3.120000,3.220000,3.080000,3.080000,3.080000,43000
2015-02-02,3.080000,3.180000,3.070000,3.150000,3.150000,12300
2015-02-03,3.120000,3.180000,3.120000,3.160000,3.160000,49500
2015-02-04,3.140000,3.180000,3.070000,3.070000,3.070000,11300
2015-02-05,3.060000,3.100000,3.020000,3.060000,3.060000,91500
2015-02-06,3.040000,3.120000,2.960000,3.000000,3.000000,70100
2015-02-09,2.960000,3.030000,2.960000,3.020000,3.020000,19100
2015-02-10,3.070000,3.070000,2.970000,3.000000,3.000000,27800
2015-02-11,3.010000,3.020000,2.980000,3.000000,3.000000,3400
2015-02-12,2.990000,2.990000,2.810000,2.890000,2.890000,77200
2015-02-13,2.880000,2.960000,2.830000,2.910000,2.910000,11000
2015-02-17,2.940000,2.940000,2.650000,2.710000,2.710000,83000
2015-02-18,2.680000,2.750000,2.650000,2.690000,2.690000,31400
2015-02-19,null,null,null,null,null,null
2015-02-20,2.650000,2.670000,2.610000,2.650000,2.650000,23400
2015-02-23,2.620000,2.880000,2.620000,2.840000,2.840000,36300
2015-02-24,2.870000,2.980000,2.830000,2.850000,2.850000,36600
2015-02-25,2.860000,2.890000,2.780000,2.780000,2.780000,47300
2015-02-26,2.810000,2.990000,2.640000,2.640000,2.640000,16700
2015-02-27,2.650000,2.780000,2.650000,2.720000,2.720000,20200
2015-03-02,2.720000,2.750000,2.720000,2.750000,2.750000,15800
2015-03-03,2.750000,2.890000,2.660000,2.850000,2.850000,74500
2015-03-04,2.880000,3.090000,2.850000,2.920000,2.920000,183200
2015-03-05,2.950000,3.160000,2.950000,3.000000,3.000000,36200
2015-03-06,3.000000,3.080000,2.810000,3.000000,3.000000,90200
2015-03-09,3.020000,3.020000,2.840000,2.870000,2.870000,30200
2015-03-10,2.870000,2.870000,2.750000,2.800000,2.800000,50600
2015-03-11,null,null,null,null,null,null
2015-03-12,2.650000,2.760000,2.610000,2.710000,2.710000,38800
2015-03-13,2.720000,2.770000,2.570000,2.720000,2.720000,57700
2015-03-16,2.700000,2.780000,2.610000,2.630000,2.630000,41400
2015-03-17,2.670000,2.700000,2.600000,2.660000,2.660000,14100
2015-03-18,2.760000,2.760000,2.580000,2.630000,2.630000,17500
2015-03-19,null,null,null,null,null,null
2015-03-20,2.610000,2.620000,2.530000,2.530000,2.530000,17800
2015-03-23,2.510000,2.670000,2.510000,2.530000,2.530000,25000
2015-03-24,2.530000,2.640000,2.520000,2.640000,2.640000,28000
2015-03-25,2.670000,2.770000,2.620000,2.630000,2.630000,24800
2015-03-26,2.590000,2.710000,2.570000,2.570000,2.570000,16000
2015-03-27,2.700000,2.710000,2.610000,2.690000,2.690000,21700
2015-03-30,2.730000,2.730000,2.620000,2.650000,2.650000,6700
2015-03-31,2.650000,2.740000,2.620000,2.700000,2.700000,22400
2015-04-01,2.700000,2.850000,2.610000,2.750000,2.750000,52600
2015-04-02,2.780000,2.970000,2.670000,2.940000,2.940000,45800
2015-04-06,2.720000,3.210000,2.640000,3.110000,3.110000,74200
2015-04-07,3.040000,3.160000,3.000000,3.140000,3.140000,11600
2015-04-08,3.050000,3.140000,3.030000,3.120000,3.120000,11900
2015-04-09,3.100000,3.150000,3.050000,3.080000,3.080000,35100
2015-04-10,3.140000,3.140000,3.070000,3.110000,3.110000,6500
2015-04-13,3.150000,3.150000,2.960000,3.050000,3.050000,29500
2015-04-14,3.070000,3.120000,3.060000,3.060000,3.060000,22500
2015-04-15,null,null,null,null,null,null
2015-04-16,null,null,null,null,null,null
2015-04-17,2.940000,3.030000,2.910000,2.990000,2.990000,27600
2015-04-20,3.040000,3.140000,2.920000,3.010000,3.010000,15200
2015-04-21,null,null,null,null,null,null
2015-04-22,null,null,null,null,null,null
2015-04-23,3.050000,3.240000,3.050000,3.160000,3.160000,10900
2015-04-24,3.120000,3.160000,3.100000,3.160000,3.160000,22800
2015-04-27,3.160000,3.160000,3.000000,3.040000,3.040000,13100
2015-04-28,3.040000,3.120000,3.040000,3.100000,3.100000,17500
2015-04-29,3.050000,3.140000,3.040000,3.130000,3.130000,38000
2015-04-30,3.120000,3.120000,3.060000,3.080000,3.080000,1300
2015-05-01,3.060000,3.160000,3.050000,3.090000,3.090000,56100
2015-05-04,3.090000,3.130000,3.000000,3.060000,3.060000,29200
2015-05-05,3.100000,3.100000,2.930000,2.940000,2.940000,135200
2015-05-06,3.010000,3.010000,2.360000,2.490000,2.490000,220600
2015-05-07,2.480000,2.490000,2.250000,2.260000,2.260000,323600
2015-05-08,2.230000,2.560000,2.220000,2.500000,2.500000,406100
2015-05-11,2.580000,2.670000,2.420000,2.600000,2.600000,51000
2015-05-12,2.670000,2.680000,2.550000,2.650000,2.650000,43400
2015-05-13,2.690000,2.690000,2.530000,2.590000,2.590000,62500
2015-05-14,2.550000,2.690000,2.500000,2.520000,2.520000,78100
2015-05-15,2.570000,2.640000,2.400000,2.580000,2.580000,189200
2015-05-18,2.610000,2.680000,2.530000,2.620000,2.620000,51700
2015-05-19,null,null,null,null,null,null
2015-05-20,2.560000,2.790000,2.560000,2.610000,2.610000,49600
2015-05-21,2.760000,2.760000,2.480000,2.540000,2.540000,28700
2015-05-22,2.600000,2.690000,2.500000,2.540000,2.540000,23400
2015-05-26,2.500000,2.600000,2.470000,2.540000,2.540000,28600
2015-05-27,2.510000,2.570000,2.480000,2.500000,2.500000,36200
2015-05-28,2.420000,2.500000,2.350000,2.480000,2.480000,47100
2015-05-29,2.500000,2.540000,2.330000,2.490000,2.490000,111900
2015-06-01,null,null,null,null,null,null
2015-06-02,2.330000,2.400000,2.300000,2.360000,2.360000,146800
2015-06-03,null,null,null,null,null,null
2015-06-04,2.380000,2.380000,2.250000,2.280000,2.280000,130000
2015-06-05,2.250000,2.360000,2.100000,2.300000,2.300000,93300
2015-06-08,2.290000,2.380000,2.290000,2.320000,2.320000,78000
2015-06-09,null,null,null,null,null,null
2015-06-10,2.290000,2.350000,2.150000,2.270000,2.270000,47500
2015-06-11,2.240000,2.250000,2.100000,2.200000,2.200000,66600
2015-06-12,2.240000,2.320000,2.200000,2.310000,2.310000,38900
2015-06-15,2.260000,2.290000,2.210000,2.250000,2.250000,21400
2015-06-16,2.270000,2.330000,2.250000,2.320000,2.320000,11100
2015-06-17,2.230000,2.300000,2.180000,2.230000,2.230000,24200
2015-06-18,2.250000,2.270000,2.230000,2.240000,2.240000,23200
2015-06-19,2.220000,2.230000,2.190000,2.220000,2.220000,25200
2015-06-22,2.240000,2.240000,2.160000,2.200000,2.200000,59600
2015-06-23,2.220000,2.260000,2.160000,2.240000,2.240000,87400
2015-06-24,2.250000,2.270000,2.220000,2.220000,2.220000,6900
2015-06-25,2.260000,2.270000,2.170000,2.210000,2.210000,6700
2015-06-26,2.180000,2.270000,2.170000,2.270000,2.270000,14800
2015-06-29,2.210000,2.210000,2.120000,2.160000,2.160000,24200
2015-06-30,2.200000,2.200000,2.000000,2.020000,2.020000,39100
2015-07-01,2.070000,2.250000,2.040000,2.060000,2.060000,51300
2015-07-02,2.220000,2.220000,2.110000,2.160000,2.160000,10600
2015-07-06,2.160000,2.200000,2.110000,2.140000,2.140000,42700
2015-07-07,2.020000,2.180000,2.010000,2.180000,2.180000,29400
2015-07-08,2.210000,2.220000,2.120000,2.180000,2.180000,20300
2015-07-09,2.210000,2.300000,2.100000,2.290000,2.290000,34700
2015-07-10,2.280000,2.360000,2.270000,2.330000,2.330000,36600
2015-07-13,2.340000,2.350000,2.300000,2.350000,2.350000,8200
2015-07-14,2.350000,2.350000,2.200000,2.280000,2.280000,14100
2015-07-15,2.280000,2.290000,2.170000,2.280000,2.280000,17900
2015-07-16,2.250000,2.330000,2.200000,2.320000,2.320000,6500
2015-07-17,2.120000,2.330000,2.120000,2.330000,2.330000,2500
2015-07-20,2.300000,2.320000,2.190000,2.300000,2.300000,16600
2015-07-21,2.100000,2.320000,2.100000,2.250000,2.250000,22800
2015-07-22,2.210000,2.290000,2.180000,2.260000,2.260000,5700
2015-07-23,2.110000,2.300000,2.090000,2.150000,2.150000,54000
2015-07-24,2.120000,2.150000,2.060000,2.110000,2.110000,12300
2015-07-27,2.210000,2.210000,2.050000,2.080000,2.080000,14300
2015-07-28,2.070000,2.100000,2.030000,2.050000,2.050000,5000
2015-07-29,2.230000,2.240000,2.020000,2.100000,2.100000,2200
2015-07-30,2.120000,2.120000,2.070000,2.080000,2.080000,7200
2015-07-31,2.130000,2.130000,2.000000,2.000000,2.000000,12800
2015-08-03,2.000000,2.050000,1.720000,1.830000,1.830000,75800
2015-08-04,1.830000,1.870000,1.750000,1.780000,1.780000,28400
2015-08-05,1.770000,1.950000,1.770000,1.940000,1.940000,19900
2015-08-06,1.800000,2.110000,1.200000,2.110000,2.110000,750300
2015-08-07,1.920000,1.960000,1.760000,1.880000,1.880000,36700
2015-08-10,2.010000,2.100000,1.890000,1.980000,1.980000,133100
2015-08-11,1.980000,1.980000,1.840000,1.910000,1.910000,11300
2015-08-12,null,null,null,null,null,null
2015-08-13,null,null,null,null,null,null
2015-08-14,1.810000,1.850000,1.810000,1.850000,1.850000,2500
2015-08-17,null,null,null,null,null,null
2015-08-18,1.800000,1.870000,1.800000,1.810000,1.810000,2300
2015-08-19,1.820000,1.820000,1.800000,1.800000,1.800000,15200
2015-08-20,1.770000,1.840000,1.700000,1.790000,1.790000,8700
2015-08-21,1.740000,1.740000,1.670000,1.700000,1.700000,4100
2015-08-24,1.740000,1.740000,1.670000,1.710000,1.710000,16400
2015-08-25,1.800000,1.870000,1.600000,1.600000,1.600000,167300
2015-08-26,1.650000,1.880000,1.560000,1.560000,1.560000,202900
2015-08-27,1.540000,1.750000,1.540000,1.650000,1.650000,38100
2015-08-28,1.730000,1.840000,1.680000,1.810000,1.810000,51800
2015-08-31,1.770000,1.770000,1.680000,1.700000,1.700000,29600
2015-09-01,null,null,null,null,null,null
2015-09-02,null,null,null,null,null,null
2015-09-03,null,null,null,null,null,null
2015-09-04,1.420000,1.510000,1.410000,1.410000,1.410000,25900
2015-09-08,1.430000,1.450000,1.350000,1.350000,1.350000,29800
2015-09-09,1.340000,1.430000,1.340000,1.370000,1.370000,43200
2015-09-10,null,null,null,null,null,null
2015-09-11,null,null,null,null,null,null
2015-09-14,null,null,null,null,null,null
2015-09-15,1.350000,1.440000,1.300000,1.310000,1.310000,15600
2015-09-16,null,null,null,null,null,null
2015-09-17,1.380000,1.530000,1.380000,1.510000,1.510000,64900
2015-09-18,1.550000,1.630000,1.550000,1.630000,1.630000,34900
2015-09-21,null,null,null,null,null,null
2015-09-22,1.720000,1.740000,1.650000,1.680000,1.680000,12900
2015-09-23,1.550000,1.700000,1.550000,1.670000,1.670000,4600
2015-09-24,1.660000,1.670000,1.600000,1.620000,1.620000,24800
2015-09-25,1.640000,1.730000,1.640000,1.680000,1.680000,19200
2015-09-28,1.700000,1.700000,1.640000,1.700000,1.700000,25500
2015-09-29,1.700000,1.750000,1.700000,1.730000,1.730000,2100
2015-09-30,1.730000,1.740000,1.700000,1.720000,1.720000,10900
2015-10-01,1.740000,1.740000,1.700000,1.710000,1.710000,5900
2015-10-02,1.700000,1.790000,1.700000,1.790000,1.790000,13700
2015-10-05,1.800000,1.800000,1.750000,1.750000,1.750000,10000
2015-10-06,1.750000,1.870000,1.750000,1.770000,1.770000,9900
2015-10-07,1.790000,1.800000,1.750000,1.770000,1.770000,13800
2015-10-08,1.800000,1.800000,1.750000,1.770000,1.770000,4600
2015-10-09,1.750000,1.770000,1.750000,1.770000,1.770000,13900
2015-10-12,1.770000,1.820000,1.730000,1.750000,1.750000,8400
2015-10-13,1.750000,1.770000,1.710000,1.760000,1.760000,20400
2015-10-14,1.750000,1.810000,1.700000,1.760000,1.760000,110000
2015-10-15,1.750000,1.750000,1.660000,1.750000,1.750000,61200
2015-10-16,1.730000,1.850000,1.730000,1.800000,1.800000,59900
2015-10-19,1.770000,1.820000,1.750000,1.790000,1.790000,101200
2015-10-20,1.790000,1.820000,1.770000,1.770000,1.770000,11700
2015-10-21,1.790000,1.850000,1.780000,1.840000,1.840000,13100
2015-10-22,1.810000,1.850000,1.810000,1.840000,1.840000,8900
2015-10-23,1.840000,1.850000,1.800000,1.850000,1.850000,28500
2015-10-26,1.780000,1.850000,1.780000,1.850000,1.850000,8900
2015-10-27,1.850000,1.850000,1.850000,1.850000,1.850000,400
2015-10-28,1.850000,1.850000,1.750000,1.750000,1.750000,4800
2015-10-29,1.850000,1.850000,1.710000,1.720000,1.720000,7000
2015-10-30,1.780000,1.780000,1.710000,1.730000,1.730000,7800
2015-11-02,1.730000,1.770000,1.670000,1.730000,1.730000,29100
2015-11-03,1.700000,1.700000,1.610000,1.650000,1.650000,46100
2015-11-04,1.690000,1.690000,1.640000,1.640000,1.640000,6000
2015-11-05,1.560000,1.850000,1.560000,1.800000,1.800000,36300
2015-11-06,1.810000,1.870000,1.800000,1.870000,1.870000,47000
2015-11-09,1.900000,1.980000,1.870000,1.960000,1.960000,190900
2015-11-10,1.980000,2.110000,1.960000,2.050000,2.050000,453100
2015-11-11,2.040000,2.250000,2.010000,2.010000,2.010000,46200
2015-11-12,1.960000,2.160000,1.930000,2.000000,2.000000,28100
2015-11-13,2.160000,2.160000,2.030000,2.070000,2.070000,17800
2015-11-16,2.070000,2.070000,2.010000,2.010000,2.010000,3100
2015-11-17,2.060000,2.060000,2.010000,2.020000,2.020000,10700
2015-11-18,2.000000,2.060000,1.870000,1.870000,1.870000,282100
2015-11-19,2.010000,2.080000,1.800000,1.890000,1.890000,50700
2015-11-20,1.980000,1.980000,1.850000,1.900000,1.900000,10100
2015-11-23,1.910000,1.970000,1.870000,1.920000,1.920000,16800
2015-11-24,1.950000,2.060000,1.920000,2.040000,2.040000,30400
2015-11-25,1.980000,2.070000,1.980000,2.050000,2.050000,11500
2015-11-27,2.020000,2.030000,1.950000,2.000000,2.000000,4100
2015-11-30,2.000000,2.000000,1.900000,1.970000,1.970000,7800
2015-12-01,1.950000,2.200000,1.950000,2.150000,2.150000,43600
2015-12-02,2.060000,2.210000,2.050000,2.080000,2.080000,7700
2015-12-03,2.080000,2.080000,2.000000,2.050000,2.050000,31500
2015-12-04,2.020000,2.150000,2.010000,2.100000,2.100000,19400
2015-12-07,2.100000,2.100000,2.000000,2.000000,2.000000,24300
2015-12-08,2.020000,2.100000,1.960000,2.030000,2.030000,30700
2015-12-09,1.990000,2.000000,1.800000,1.890000,1.890000,32400
2015-12-10,1.910000,2.000000,1.830000,1.830000,1.830000,19400
2015-12-11,1.840000,1.880000,1.760000,1.760000,1.760000,8600
2015-12-14,1.750000,1.930000,1.700000,1.810000,1.810000,25300
2015-12-15,1.840000,1.880000,1.830000,1.840000,1.840000,15300
2015-12-16,1.850000,2.000000,1.850000,1.900000,1.900000,81100
2015-12-17,1.950000,1.970000,1.900000,1.900000,1.900000,16200
2015-12-18,1.950000,1.980000,1.900000,1.950000,1.950000,22400
2015-12-21,1.950000,2.000000,1.870000,1.990000,1.990000,21500
2015-12-22,1.930000,2.000000,1.910000,1.980000,1.980000,10200
2015-12-23,1.880000,2.100000,1.880000,2.050000,2.050000,36700
2015-12-24,2.030000,2.150000,2.030000,2.120000,2.120000,4900
2015-12-28,2.150000,2.190000,1.960000,2.090000,2.090000,22900
2015-12-29,2.100000,2.190000,2.080000,2.160000,2.160000,24300
2015-12-30,2.150000,2.250000,2.140000,2.250000,2.250000,39500
2015-12-31,2.250000,2.250000,2.200000,2.230000,2.230000,46400
2016-01-04,2.140000,2.250000,2.140000,2.190000,2.190000,16900
2016-01-05,2.220000,2.230000,2.120000,2.210000,2.210000,14800
2016-01-06,2.190000,2.200000,2.110000,2.200000,2.200000,19700
2016-01-07,2.180000,2.200000,2.130000,2.170000,2.170000,9800
2016-01-08,2.180000,2.200000,2.010000,2.160000,2.160000,13500
2016-01-11,2.160000,2.190000,2.050000,2.180000,2.180000,8100
2016-01-12,2.090000,2.170000,2.090000,2.130000,2.130000,6000
2016-01-13,2.010000,2.070000,1.940000,2.010000,2.010000,13300
2016-01-14,2.120000,2.120000,1.890000,1.980000,1.980000,15200
2016-01-15,1.950000,2.130000,1.880000,1.970000,1.970000,19800
2016-01-19,1.880000,2.190000,1.880000,2.040000,2.040000,8400
2016-01-20,1.950000,2.000000,1.930000,2.000000,2.000000,10600
2016-01-21,2.140000,2.140000,2.040000,2.090000,2.090000,1200
2016-01-22,2.000000,2.120000,2.000000,2.120000,2.120000,11500
2016-01-25,2.080000,2.110000,1.920000,2.110000,2.110000,2100
2016-01-26,2.090000,2.130000,1.990000,2.050000,2.050000,4400
2016-01-27,2.130000,2.130000,2.040000,2.060000,2.060000,1200
2016-01-28,2.110000,2.120000,2.010000,2.010000,2.010000,2400
2016-01-29,2.000000,2.010000,1.950000,1.950000,1.950000,4500
2016-02-01,1.950000,2.000000,1.950000,2.000000,2.000000,1300
2016-02-02,2.000000,2.000000,1.890000,1.950000,1.950000,30100
2016-02-03,1.950000,2.010000,1.880000,1.900000,1.900000,32200
2016-02-04,1.900000,1.980000,1.710000,1.800000,1.800000,68700
2016-02-05,1.850000,1.870000,1.580000,1.750000,1.750000,24800
2016-02-08,1.900000,1.900000,1.640000,1.860000,1.860000,11100
2016-02-09,1.430000,1.820000,1.430000,1.820000,1.820000,1200
2016-02-10,1.700000,1.880000,1.660000,1.670000,1.670000,16800
2016-02-11,1.720000,1.750000,1.610000,1.730000,1.730000,4400
2016-02-12,1.790000,1.830000,1.670000,1.670000,1.670000,15300
2016-02-16,1.770000,1.790000,1.560000,1.690000,1.690000,18900
2016-02-17,1.720000,1.750000,1.600000,1.600000,1.600000,3500
2016-02-18,1.660000,1.700000,1.660000,1.690000,1.690000,6600
2016-02-19,1.730000,1.760000,1.680000,1.760000,1.760000,2000
2016-02-22,1.710000,1.770000,1.710000,1.770000,1.770000,1400
2016-02-23,1.490000,1.790000,1.490000,1.750000,1.750000,2800
2016-02-24,1.740000,1.740000,1.680000,1.710000,1.710000,5100
2016-02-25,1.980000,1.980000,1.670000,1.800000,1.800000,37600
2016-02-26,1.680000,1.940000,1.670000,1.860000,1.860000,46900
2016-02-29,1.910000,1.980000,1.910000,1.940000,1.940000,25900
2016-03-01,1.870000,1.920000,1.710000,1.710000,1.710000,29800
2016-03-02,1.770000,1.800000,1.540000,1.750000,1.750000,2600
2016-03-03,1.610000,1.770000,1.610000,1.670000,1.670000,18600
2016-03-04,1.750000,1.780000,1.700000,1.700000,1.700000,6700
2016-03-07,1.660000,1.750000,1.660000,1.660000,1.660000,10900
2016-03-08,1.700000,1.700000,1.580000,1.580000,1.580000,14800
2016-03-09,1.650000,1.700000,1.620000,1.620000,1.620000,4700
2016-03-10,1.630000,1.710000,1.600000,1.620000,1.620000,12400
2016-03-11,1.640000,1.750000,1.590000,1.590000,1.590000,5000
2016-03-14,1.640000,1.810000,1.640000,1.810000,1.810000,22100
2016-03-15,1.740000,1.740000,1.660000,1.690000,1.690000,9200
2016-03-16,1.610000,1.790000,1.610000,1.780000,1.780000,13300
2016-03-17,1.780000,1.820000,1.650000,1.680000,1.680000,24600
2016-03-18,1.640000,1.680000,1.590000,1.590000,1.590000,24500
2016-03-21,1.650000,1.740000,1.590000,1.690000,1.690000,8300
2016-03-22,1.670000,1.760000,1.590000,1.600000,1.600000,17700
2016-03-23,1.680000,1.760000,1.620000,1.640000,1.640000,8600
2016-03-24,1.630000,1.660000,1.620000,1.620000,1.620000,3400
2016-03-28,1.700000,1.740000,1.660000,1.700000,1.700000,10100
2016-03-29,1.630000,1.810000,1.630000,1.750000,1.750000,21900
2016-03-30,1.760000,1.800000,1.640000,1.710000,1.710000,48900
2016-03-31,1.660000,1.750000,1.640000,1.750000,1.750000,18900
2016-04-01,1.670000,1.830000,1.640000,1.680000,1.680000,5900
2016-04-04,1.640000,1.710000,1.600000,1.620000,1.620000,27000
2016-04-05,1.580000,1.690000,1.580000,1.680000,1.680000,2100
2016-04-06,1.680000,1.690000,1.600000,1.660000,1.660000,2800
2016-04-07,1.630000,1.680000,1.600000,1.680000,1.680000,4100
2016-04-08,1.690000,1.690000,1.650000,1.660000,1.660000,1000
2016-04-11,1.620000,1.730000,1.610000,1.730000,1.730000,20300
2016-04-12,1.610000,1.750000,1.610000,1.630000,1.630000,18200
2016-04-13,1.620000,1.700000,1.620000,1.640000,1.640000,5600
2016-04-14,1.600000,1.660000,1.600000,1.610000,1.610000,21400
2016-04-15,1.610000,1.610000,1.520000,1.530000,1.530000,20100
2016-04-18,1.540000,1.580000,1.490000,1.500000,1.500000,22500
2016-04-19,1.520000,1.540000,1.460000,1.530000,1.530000,9800
2016-04-20,1.500000,1.550000,1.380000,1.510000,1.510000,25400
2016-04-21,1.500000,1.500000,1.430000,1.470000,1.470000,14900
2016-04-22,1.490000,1.500000,1.390000,1.450000,1.450000,10800
2016-04-25,1.500000,1.630000,1.470000,1.550000,1.550000,3500
2016-04-26,1.520000,1.570000,1.420000,1.510000,1.510000,19100
2016-04-27,1.470000,1.510000,1.450000,1.450000,1.450000,14200
2016-04-28,1.480000,1.590000,1.420000,1.460000,1.460000,25800
2016-04-29,1.460000,1.600000,1.380000,1.430000,1.430000,27200
2016-05-02,1.410000,1.420000,1.320000,1.320000,1.320000,39400
2016-05-03,1.360000,1.360000,1.250000,1.270000,1.270000,41100
2016-05-04,1.280000,1.340000,1.220000,1.260000,1.260000,15700
2016-05-05,1.270000,1.430000,1.240000,1.290000,1.290000,62300
2016-05-06,1.470000,1.700000,1.220000,1.540000,1.540000,501500
2016-05-09,1.570000,1.570000,1.460000,1.540000,1.540000,12600
2016-05-10,1.530000,1.550000,1.400000,1.510000,1.510000,117800
2016-05-11,1.510000,1.510000,1.400000,1.500000,1.500000,19800
2016-05-12,1.500000,1.500000,1.420000,1.500000,1.500000,14000
2016-05-13,1.410000,1.550000,1.410000,1.550000,1.550000,8500
2016-05-16,1.530000,1.530000,1.470000,1.470000,1.470000,5100
2016-05-17,1.430000,1.510000,1.430000,1.500000,1.500000,1500
2016-05-18,1.530000,1.600000,1.430000,1.540000,1.540000,24500
2016-05-19,1.530000,1.600000,1.470000,1.550000,1.550000,7000
2016-05-20,1.570000,1.600000,1.520000,1.520000,1.520000,7700
2016-05-23,1.540000,1.540000,1.530000,1.530000,1.530000,1600
2016-05-24,1.470000,1.590000,1.470000,1.540000,1.540000,7300
2016-05-25,1.560000,1.590000,1.490000,1.590000,1.590000,10600
2016-05-26,1.600000,1.600000,1.540000,1.540000,1.540000,8800
2016-05-27,1.550000,1.550000,1.400000,1.400000,1.400000,78000
2016-05-31,1.410000,1.470000,1.410000,1.460000,1.460000,56600
2016-06-01,1.460000,1.470000,1.440000,1.470000,1.470000,69000
2016-06-02,1.470000,1.470000,1.400000,1.410000,1.410000,36300
2016-06-03,1.460000,1.470000,1.380000,1.380000,1.380000,26900
2016-06-06,1.400000,1.440000,1.380000,1.420000,1.420000,11400
2016-06-07,1.400000,1.460000,1.400000,1.440000,1.440000,3300
2016-06-08,1.400000,1.460000,1.400000,1.450000,1.450000,52800
2016-06-09,1.450000,1.500000,1.430000,1.480000,1.480000,33500
2016-06-10,1.490000,1.500000,1.440000,1.450000,1.450000,8000
2016-06-13,1.430000,1.480000,1.430000,1.480000,1.480000,14600
2016-06-14,1.450000,1.550000,1.450000,1.510000,1.510000,9000
2016-06-15,1.550000,1.620000,1.500000,1.600000,1.600000,33300
2016-06-16,1.600000,1.800000,1.490000,1.750000,1.750000,49300
2016-06-17,1.740000,1.950000,1.740000,1.820000,1.820000,56900
2016-06-20,1.830000,1.830000,1.680000,1.830000,1.830000,33700
2016-06-21,1.880000,1.880000,1.800000,1.820000,1.820000,6000
2016-06-22,1.810000,1.890000,1.810000,1.850000,1.850000,15000
2016-06-23,1.890000,1.890000,1.790000,1.800000,1.800000,35900
2016-06-24,1.790000,1.820000,1.730000,1.780000,1.780000,26600
2016-06-27,1.790000,1.830000,1.740000,1.820000,1.820000,28900
2016-06-28,1.800000,1.840000,1.700000,1.700000,1.700000,1800
2016-06-29,1.700000,1.720000,1.630000,1.710000,1.710000,24800
2016-06-30,1.750000,1.850000,1.650000,1.660000,1.660000,14700
2016-07-01,1.720000,1.730000,1.660000,1.710000,1.710000,800
2016-07-05,1.740000,1.740000,1.620000,1.620000,1.620000,400
2016-07-06,1.630000,1.730000,1.630000,1.720000,1.720000,4700
2016-07-07,1.700000,1.740000,1.640000,1.700000,1.700000,5800
2016-07-08,1.680000,1.830000,1.680000,1.770000,1.770000,5700
2016-07-11,1.780000,1.780000,1.740000,1.780000,1.780000,1100
2016-07-12,1.800000,1.800000,1.670000,1.680000,1.680000,7200
2016-07-13,1.750000,1.800000,1.700000,1.700000,1.700000,1300
2016-07-14,1.750000,1.810000,1.680000,1.750000,1.750000,3900
2016-07-15,1.770000,1.770000,1.730000,1.730000,1.730000,400
2016-07-18,1.700000,1.750000,1.650000,1.680000,1.680000,7500
2016-07-19,1.660000,1.750000,1.650000,1.750000,1.750000,17700
2016-07-20,1.730000,1.760000,1.700000,1.760000,1.760000,2200
2016-07-21,1.760000,1.900000,1.750000,1.840000,1.840000,44300
2016-07-22,1.790000,1.850000,1.750000,1.850000,1.850000,9100
2016-07-25,1.880000,1.880000,1.760000,1.800000,1.800000,20000
2016-07-26,1.800000,1.810000,1.770000,1.770000,1.770000,8200
2016-07-27,1.780000,1.780000,1.780000,1.780000,1.780000,200
2016-07-28,1.800000,1.820000,1.800000,1.820000,1.820000,8800
2016-07-29,1.850000,1.970000,1.840000,1.950000,1.950000,44100
2016-08-01,1.950000,2.010000,1.950000,1.980000,1.980000,18600
2016-08-02,1.820000,1.880000,1.610000,1.860000,1.860000,135200
2016-08-03,2.040000,2.040000,1.800000,1.950000,1.950000,16700
2016-08-04,1.990000,2.000000,1.930000,1.980000,1.980000,14100
2016-08-05,2.000000,2.310000,2.000000,2.200000,2.200000,159500
2016-08-08,2.250000,2.250000,2.160000,2.250000,2.250000,52400
2016-08-09,2.240000,2.250000,2.230000,2.250000,2.250000,7900
2016-08-10,2.230000,2.270000,2.150000,2.240000,2.240000,149300
2016-08-11,2.240000,2.240000,2.200000,2.220000,2.220000,28400
2016-08-12,2.200000,2.220000,2.200000,2.220000,2.220000,9500
2016-08-15,2.200000,2.240000,2.140000,2.210000,2.210000,69500
2016-08-16,2.220000,2.220000,2.160000,2.170000,2.170000,51600
2016-08-17,2.140000,2.200000,2.140000,2.150000,2.150000,1200
2016-08-18,2.200000,2.220000,2.100000,2.200000,2.200000,26300
2016-08-19,2.220000,2.220000,2.160000,2.180000,2.180000,92000
2016-08-22,2.200000,2.290000,2.160000,2.220000,2.220000,101400
2016-08-23,2.220000,2.440000,2.220000,2.300000,2.300000,61200
2016-08-24,2.320000,2.330000,2.220000,2.300000,2.300000,26800
2016-08-25,2.230000,2.300000,2.230000,2.290000,2.290000,27300
2016-08-26,2.300000,2.300000,2.270000,2.270000,2.270000,16800
2016-08-29,2.300000,2.310000,2.250000,2.270000,2.270000,30000
2016-08-30,2.250000,2.340000,2.240000,2.280000,2.280000,25300
2016-08-31,2.260000,2.340000,2.260000,2.340000,2.340000,10500
2016-09-01,2.300000,2.310000,2.280000,2.290000,2.290000,9500
2016-09-02,2.320000,2.340000,2.260000,2.270000,2.270000,5200
2016-09-06,2.310000,2.370000,2.250000,2.370000,2.370000,36400
2016-09-07,2.350000,2.360000,2.220000,2.220000,2.220000,56300
2016-09-08,2.250000,2.300000,2.250000,2.250000,2.250000,40000
2016-09-09,2.250000,2.320000,2.080000,2.080000,2.080000,99400
2016-09-12,2.100000,2.180000,2.100000,2.100000,2.100000,20400
2016-09-13,2.100000,2.180000,2.000000,2.120000,2.120000,37400
2016-09-14,2.050000,2.140000,2.030000,2.030000,2.030000,11300
2016-09-15,2.100000,2.240000,1.950000,2.170000,2.170000,91500
2016-09-16,2.200000,2.260000,2.120000,2.260000,2.260000,55000
2016-09-19,2.220000,2.300000,2.200000,2.250000,2.250000,27700
2016-09-20,2.220000,2.280000,2.220000,2.280000,2.280000,25000
2016-09-21,2.240000,2.250000,2.180000,2.180000,2.180000,10400
2016-09-22,2.180000,2.250000,2.180000,2.180000,2.180000,5200
2016-09-23,2.210000,2.270000,2.180000,2.210000,2.210000,9600
2016-09-26,2.180000,2.250000,2.110000,2.110000,2.110000,15400
2016-09-27,2.150000,2.260000,2.070000,2.200000,2.200000,6300
2016-09-28,2.200000,2.200000,2.110000,2.120000,2.120000,5300
2016-09-29,2.140000,2.140000,2.090000,2.090000,2.090000,24400
2016-09-30,2.070000,2.200000,2.070000,2.160000,2.160000,24900
2016-10-03,2.160000,2.200000,2.120000,2.200000,2.200000,7000
2016-10-04,2.200000,2.200000,2.100000,2.100000,2.100000,4300
2016-10-05,2.130000,2.140000,2.070000,2.070000,2.070000,1400
2016-10-06,2.090000,2.140000,2.050000,2.050000,2.050000,8300
2016-10-07,2.090000,2.150000,2.090000,2.150000,2.150000,15800
2016-10-10,2.150000,2.150000,2.110000,2.130000,2.130000,900
2016-10-11,2.070000,2.150000,2.070000,2.120000,2.120000,2800
2016-10-12,2.130000,2.130000,2.090000,2.100000,2.100000,1200
2016-10-13,2.090000,2.150000,2.060000,2.060000,2.060000,5300
2016-10-14,2.130000,2.130000,2.020000,2.100000,2.100000,7200
2016-10-17,2.030000,2.050000,2.020000,2.030000,2.030000,2700
2016-10-18,2.030000,2.040000,2.020000,2.020000,2.020000,1900
2016-10-19,2.030000,2.040000,2.030000,2.030000,2.030000,1300
2016-10-20,2.040000,2.090000,2.020000,2.070000,2.070000,8000
2016-10-21,2.100000,2.100000,2.090000,2.090000,2.090000,1300
2016-10-24,2.100000,2.100000,2.090000,2.090000,2.090000,400
2016-10-25,2.070000,2.080000,2.010000,2.040000,2.040000,11400
2016-10-26,2.060000,2.100000,2.060000,2.080000,2.080000,3000
2016-10-27,2.090000,2.150000,2.080000,2.150000,2.150000,9000
2016-10-28,2.170000,2.180000,2.080000,2.110000,2.110000,7000
2016-10-31,2.180000,2.180000,2.110000,2.120000,2.120000,5900
2016-11-01,2.120000,2.130000,2.120000,2.130000,2.130000,500
2016-11-02,2.130000,2.130000,2.020000,2.030000,2.030000,7600
2016-11-03,2.030000,2.030000,1.650000,1.780000,1.780000,101500
2016-11-04,1.760000,1.800000,1.700000,1.700000,1.700000,41300
2016-11-07,1.770000,2.040000,1.700000,1.980000,1.980000,62900
2016-11-08,1.980000,1.980000,1.830000,1.850000,1.850000,22800
2016-11-09,1.800000,1.940000,1.730000,1.810000,1.810000,24300
2016-11-10,1.920000,1.970000,1.810000,1.920000,1.920000,33500
2016-11-11,1.930000,1.980000,1.830000,1.920000,1.920000,22800
2016-11-14,1.920000,1.940000,1.860000,1.930000,1.930000,24400
2016-11-15,1.910000,1.930000,1.730000,1.830000,1.830000,31300
2016-11-16,1.810000,1.890000,1.730000,1.880000,1.880000,434700
2016-11-17,1.910000,2.060000,1.910000,2.030000,2.030000,123900
2016-11-18,2.040000,2.110000,1.980000,2.000000,2.000000,43800
2016-11-21,1.940000,2.100000,1.940000,2.100000,2.100000,146000
2016-11-22,2.100000,2.110000,2.000000,2.000000,2.000000,38400
2016-11-23,2.000000,2.100000,1.990000,2.090000,2.090000,367300
2016-11-25,2.100000,2.100000,2.070000,2.090000,2.090000,2900
2016-11-28,2.140000,2.180000,2.130000,2.140000,2.140000,5000
2016-11-29,2.120000,2.270000,2.120000,2.210000,2.210000,23500
2016-11-30,2.270000,2.320000,2.180000,2.270000,2.270000,13800
2016-12-01,2.260000,2.280000,2.240000,2.250000,2.250000,21900
2016-12-02,2.250000,2.270000,2.250000,2.260000,2.260000,7200
2016-12-05,2.300000,2.310000,2.170000,2.280000,2.280000,21400
2016-12-06,2.280000,2.280000,2.120000,2.160000,2.160000,11100
2016-12-07,2.130000,2.170000,2.040000,2.090000,2.090000,20500
2016-12-08,2.080000,2.130000,2.000000,2.050000,2.050000,10200
2016-12-09,2.060000,2.110000,2.000000,2.030000,2.030000,15400
2016-12-12,2.000000,2.020000,1.980000,1.980000,1.980000,19800
2016-12-13,2.010000,2.020000,1.960000,2.020000,2.020000,15700
2016-12-14,1.970000,2.060000,1.970000,2.030000,2.030000,14600
2016-12-15,2.020000,2.060000,1.980000,2.040000,2.040000,6400
2016-12-16,2.050000,2.080000,2.030000,2.060000,2.060000,15000
2016-12-19,2.090000,2.090000,2.070000,2.070000,2.070000,1800
2016-12-20,2.100000,2.100000,1.970000,2.010000,2.010000,26700
2016-12-21,2.000000,2.000000,1.980000,1.980000,1.980000,10600
2016-12-22,2.020000,2.020000,1.970000,1.980000,1.980000,3600
2016-12-23,1.970000,2.000000,1.970000,2.000000,2.000000,4400
2016-12-27,2.030000,2.090000,1.970000,2.000000,2.000000,2300
2016-12-28,1.980000,1.990000,1.980000,1.980000,1.980000,1500
2016-12-29,2.030000,2.040000,1.980000,2.010000,2.010000,5200
2016-12-30,2.010000,2.070000,1.990000,2.000000,2.000000,6100
2017-01-03,2.110000,2.110000,2.020000,2.020000,2.020000,1800
2017-01-04,2.100000,2.240000,2.030000,2.080000,2.080000,19300
2017-01-05,2.050000,2.050000,2.030000,2.030000,2.030000,25200
2017-01-06,2.060000,2.090000,2.010000,2.010000,2.010000,8400
2017-01-09,2.050000,2.050000,2.000000,2.010000,2.010000,5800
2017-01-10,2.050000,2.050000,2.000000,2.000000,2.000000,6600
2017-01-11,2.020000,2.040000,1.990000,2.020000,2.020000,5000
2017-01-12,1.990000,2.000000,1.970000,1.970000,1.970000,3900
2017-01-13,1.970000,2.000000,1.890000,1.900000,1.900000,34000
2017-01-17,1.880000,1.960000,1.870000,1.900000,1.900000,33800
2017-01-18,1.900000,1.910000,1.850000,1.890000,1.890000,10300
2017-01-19,1.900000,1.980000,1.860000,1.890000,1.890000,4500
2017-01-20,1.970000,1.980000,1.970000,1.980000,1.980000,500
2017-01-23,1.990000,1.990000,1.760000,1.950000,1.950000,52200
2017-01-24,1.880000,1.970000,1.800000,1.840000,1.840000,37500
2017-01-25,1.840000,1.870000,1.830000,1.850000,1.850000,16700
2017-01-26,1.820000,1.880000,1.820000,1.850000,1.850000,16800
2017-01-27,1.800000,2.000000,1.750000,2.000000,2.000000,111800
2017-01-30,1.900000,1.950000,1.730000,1.880000,1.880000,132200
2017-01-31,1.830000,1.860000,1.830000,1.840000,1.840000,2800
2017-02-01,1.820000,1.990000,1.820000,1.990000,1.990000,16600
2017-02-02,1.950000,1.990000,1.800000,1.880000,1.880000,63500
2017-02-03,1.900000,2.000000,1.890000,1.980000,1.980000,41500
2017-02-06,1.910000,2.000000,1.900000,1.980000,1.980000,14200
2017-02-07,1.910000,2.000000,1.820000,1.980000,1.980000,53900
2017-02-08,1.950000,2.000000,1.830000,1.980000,1.980000,95100
2017-02-09,1.960000,2.000000,1.840000,1.960000,1.960000,35100
2017-02-10,1.860000,2.100000,1.850000,2.100000,2.100000,64900
2017-02-13,2.070000,2.170000,1.960000,2.050000,2.050000,120400
2017-02-14,1.980000,2.060000,1.900000,1.920000,1.920000,20300
2017-02-15,1.910000,2.090000,1.820000,2.080000,2.080000,80100
2017-02-16,2.080000,2.140000,1.970000,2.040000,2.040000,111800
2017-02-17,2.000000,2.080000,1.910000,1.930000,1.930000,26900
2017-02-21,2.000000,2.000000,1.900000,1.900000,1.900000,26000
2017-02-22,1.920000,1.980000,1.850000,1.970000,1.970000,34900
2017-02-23,1.910000,1.930000,1.850000,1.870000,1.870000,53100
2017-02-24,1.850000,1.890000,1.770000,1.820000,1.820000,25200
2017-02-27,1.750000,1.900000,1.750000,1.830000,1.830000,96700
2017-02-28,1.830000,1.860000,1.790000,1.820000,1.820000,36000
2017-03-01,1.870000,1.890000,1.820000,1.820000,1.820000,25700
2017-03-02,1.880000,1.880000,1.820000,1.840000,1.840000,9000
2017-03-03,1.850000,1.850000,1.820000,1.820000,1.820000,38000
2017-03-06,1.820000,1.850000,1.780000,1.850000,1.850000,41400
2017-03-07,1.840000,1.870000,1.820000,1.840000,1.840000,24300
2017-03-08,1.820000,1.830000,1.820000,1.820000,1.820000,5700
2017-03-09,1.900000,1.910000,1.850000,1.860000,1.860000,63200
2017-03-10,1.910000,1.910000,1.820000,1.840000,1.840000,30300
2017-03-13,1.870000,2.040000,1.860000,1.960000,1.960000,36600
2017-03-14,1.990000,1.990000,1.920000,1.930000,1.930000,4700
2017-03-15,2.010000,2.060000,2.010000,2.040000,2.040000,38900
2017-03-16,2.010000,2.050000,2.010000,2.030000,2.030000,11400
2017-03-17,2.030000,2.040000,1.940000,2.040000,2.040000,35800
2017-03-20,2.010000,2.050000,1.950000,2.000000,2.000000,6100
2017-03-21,2.050000,2.050000,1.880000,1.920000,1.920000,8300
2017-03-22,1.880000,1.980000,1.800000,1.900000,1.900000,36000
2017-03-23,1.920000,1.920000,1.900000,1.900000,1.900000,200
2017-03-24,1.950000,1.950000,1.880000,1.880000,1.880000,1400
2017-03-27,1.950000,1.950000,1.850000,1.890000,1.890000,6100
2017-03-28,1.850000,1.910000,1.800000,1.870000,1.870000,9600
2017-03-29,1.900000,1.970000,1.880000,1.930000,1.930000,41900
2017-03-30,1.880000,1.900000,1.880000,1.890000,1.890000,900
2017-03-31,2.000000,2.000000,1.900000,1.900000,1.900000,3200
2017-04-03,1.910000,1.940000,1.850000,1.900000,1.900000,17700
2017-04-04,1.920000,1.940000,1.830000,1.900000,1.900000,27700
2017-04-05,1.900000,1.920000,1.860000,1.900000,1.900000,7300
2017-04-06,1.890000,1.920000,1.890000,1.920000,1.920000,500
2017-04-07,1.900000,1.940000,1.900000,1.910000,1.910000,15000
2017-04-10,1.870000,1.900000,1.860000,1.860000,1.860000,7500
2017-04-11,1.880000,1.910000,1.850000,1.880000,1.880000,4800
2017-04-12,1.850000,1.860000,1.820000,1.820000,1.820000,11900
2017-04-13,1.820000,1.930000,1.800000,1.810000,1.810000,24000
2017-04-17,1.800000,1.920000,1.800000,1.830000,1.830000,28000
2017-04-18,1.810000,1.850000,1.790000,1.810000,1.810000,5700
2017-04-19,1.780000,1.810000,1.720000,1.800000,1.800000,54900
2017-04-20,1.780000,1.790000,1.710000,1.730000,1.730000,41700
2017-04-21,1.750000,1.800000,1.700000,1.710000,1.710000,14500
2017-04-24,1.730000,1.830000,1.730000,1.820000,1.820000,27500
2017-04-25,1.750000,1.830000,1.750000,1.790000,1.790000,27900
2017-04-26,1.810000,1.840000,1.760000,1.760000,1.760000,18100
2017-04-27,1.760000,1.870000,1.760000,1.760000,1.760000,22800
2017-04-28,1.830000,1.870000,1.810000,1.850000,1.850000,18900
2017-05-01,1.860000,1.900000,1.840000,1.900000,1.900000,28100
2017-05-02,1.870000,1.900000,1.850000,1.900000,1.900000,24500
2017-05-03,1.850000,1.860000,1.820000,1.850000,1.850000,30900
2017-05-04,1.890000,1.900000,1.850000,1.890000,1.890000,20300
2017-05-05,1.850000,1.900000,1.840000,1.870000,1.870000,13800
2017-05-08,1.820000,1.870000,1.780000,1.790000,1.790000,23500
2017-05-09,1.800000,1.800000,1.660000,1.670000,1.670000,59300
2017-05-10,1.690000,1.800000,1.690000,1.730000,1.730000,81300
2017-05-11,1.690000,1.750000,1.690000,1.690000,1.690000,71100
2017-05-12,1.710000,1.750000,1.650000,1.700000,1.700000,205100
2017-05-15,1.700000,1.740000,1.660000,1.740000,1.740000,131200
2017-05-16,1.780000,1.900000,1.750000,1.800000,1.800000,271500
2017-05-17,1.800000,1.850000,1.750000,1.780000,1.780000,112800
2017-05-18,1.790000,1.790000,1.710000,1.730000,1.730000,91000
2017-05-19,1.730000,1.780000,1.730000,1.750000,1.750000,44600
2017-05-22,1.780000,1.780000,1.700000,1.710000,1.710000,121700
2017-05-23,1.770000,1.830000,1.660000,1.770000,1.770000,487800
2017-05-24,1.800000,1.800000,1.770000,1.780000,1.780000,78000
2017-05-25,1.790000,1.790000,1.680000,1.790000,1.790000,264000
2017-05-26,1.760000,1.790000,1.730000,1.760000,1.760000,24600
2017-05-30,1.770000,1.770000,1.720000,1.760000,1.760000,40600
2017-05-31,1.770000,1.800000,1.720000,1.800000,1.800000,119900
2017-06-01,1.800000,1.800000,1.750000,1.770000,1.770000,82000
2017-06-02,1.750000,1.800000,1.750000,1.790000,1.790000,54600
2017-06-05,1.790000,1.900000,1.780000,1.880000,1.880000,167800
2017-06-06,1.890000,1.940000,1.870000,1.870000,1.870000,115300
2017-06-07,1.900000,1.960000,1.890000,1.930000,1.930000,33900
2017-06-08,1.980000,2.060000,1.950000,2.000000,2.000000,125800
2017-06-09,1.990000,1.990000,1.880000,1.900000,1.900000,62900
2017-06-12,1.870000,1.950000,1.820000,1.870000,1.870000,62900
2017-06-13,1.850000,1.900000,1.820000,1.890000,1.890000,17100
2017-06-14,1.840000,1.900000,1.820000,1.860000,1.860000,30600
2017-06-15,1.820000,1.890000,1.800000,1.870000,1.870000,36200
2017-06-16,1.870000,1.890000,1.820000,1.860000,1.860000,29800
2017-06-19,1.870000,1.940000,1.830000,1.860000,1.860000,247000
2017-06-20,1.870000,1.880000,1.770000,1.790000,1.790000,73800
2017-06-21,1.750000,1.850000,1.750000,1.820000,1.820000,75200
2017-06-22,1.760000,1.810000,1.710000,1.770000,1.770000,105900
2017-06-23,1.760000,1.820000,1.730000,1.820000,1.820000,70100
2017-06-26,1.820000,1.820000,1.770000,1.820000,1.820000,108900
2017-06-27,1.810000,1.820000,1.790000,1.820000,1.820000,6400
2017-06-28,1.820000,1.820000,1.730000,1.750000,1.750000,40200
2017-06-29,1.770000,1.770000,1.730000,1.730000,1.730000,22300
2017-06-30,1.760000,1.800000,1.750000,1.770000,1.770000,25600
2017-07-03,1.780000,1.790000,1.750000,1.760000,1.760000,25100
2017-07-05,1.750000,1.790000,1.750000,1.760000,1.760000,38800
2017-07-06,1.790000,1.800000,1.750000,1.780000,1.780000,32700
2017-07-07,1.800000,1.800000,1.750000,1.760000,1.760000,25600
2017-07-10,1.760000,1.800000,1.750000,1.760000,1.760000,36800
2017-07-11,1.760000,1.790000,1.710000,1.750000,1.750000,64200
2017-07-12,1.740000,1.790000,1.680000,1.690000,1.690000,32700
2017-07-13,1.690000,1.730000,1.690000,1.710000,1.710000,29200
2017-07-14,1.720000,1.740000,1.700000,1.720000,1.720000,9700
2017-07-17,1.730000,1.750000,1.710000,1.740000,1.740000,17000
2017-07-18,1.740000,1.790000,1.700000,1.790000,1.790000,26500
2017-07-19,1.790000,1.800000,1.690000,1.690000,1.690000,97000
2017-07-20,1.700000,1.730000,1.660000,1.700000,1.700000,114200
2017-07-21,1.670000,1.730000,1.660000,1.710000,1.710000,66700
2017-07-24,1.690000,1.730000,1.660000,1.730000,1.730000,22300
2017-07-25,1.720000,1.770000,1.670000,1.680000,1.680000,48100
2017-07-26,1.680000,1.730000,1.680000,1.680000,1.680000,6000
2017-07-27,1.690000,1.720000,1.680000,1.710000,1.710000,13200
2017-07-28,1.680000,1.770000,1.680000,1.740000,1.740000,30300
2017-07-31,1.710000,1.780000,1.700000,1.760000,1.760000,13500
2017-08-01,1.670000,1.760000,1.670000,1.710000,1.710000,44400
2017-08-02,1.700000,1.730000,1.700000,1.710000,1.710000,15900
2017-08-03,1.700000,1.810000,1.700000,1.800000,1.800000,135800
2017-08-04,1.800000,1.870000,1.800000,1.830000,1.830000,51100
2017-08-07,1.830000,1.870000,1.810000,1.840000,1.840000,80300
2017-08-08,1.850000,1.870000,1.810000,1.870000,1.870000,48700
2017-08-09,1.880000,1.900000,1.750000,1.850000,1.850000,29900
2017-08-10,1.850000,1.860000,1.800000,1.850000,1.850000,23400
2017-08-11,1.850000,1.860000,1.820000,1.860000,1.860000,54100
2017-08-14,1.910000,1.930000,1.870000,1.930000,1.930000,45400
2017-08-15,1.920000,1.950000,1.910000,1.910000,1.910000,39400
2017-08-16,1.900000,1.940000,1.860000,1.910000,1.910000,9300
2017-08-17,1.910000,1.940000,1.870000,1.940000,1.940000,30000
2017-08-18,1.930000,1.950000,1.870000,1.950000,1.950000,22600
2017-08-21,1.960000,1.970000,1.920000,1.950000,1.950000,10600
2017-08-22,1.900000,1.940000,1.870000,1.900000,1.900000,26100
2017-08-23,1.890000,1.910000,1.850000,1.870000,1.870000,16000
2017-08-24,1.870000,1.940000,1.860000,1.930000,1.930000,43500
2017-08-25,1.990000,1.990000,1.840000,1.990000,1.990000,98900
2017-08-28,1.990000,2.050000,1.950000,2.010000,2.010000,37700
2017-08-29,2.020000,2.250000,2.010000,2.010000,2.010000,63300
2017-08-30,2.170000,2.190000,2.060000,2.150000,2.150000,116400
2017-08-31,2.150000,2.180000,2.010000,2.040000,2.040000,83100
2017-09-01,2.050000,2.150000,1.900000,2.010000,2.010000,62300
2017-09-05,2.060000,2.060000,1.980000,2.050000,2.050000,38100
2017-09-06,2.000000,2.050000,1.910000,2.010000,2.010000,62900
2017-09-07,2.000000,2.050000,1.930000,2.010000,2.010000,34900
2017-09-08,1.990000,1.990000,1.930000,1.980000,1.980000,48900
2017-09-11,1.980000,2.050000,1.980000,2.050000,2.050000,37100
2017-09-12,2.050000,2.060000,2.000000,2.060000,2.060000,35500
2017-09-13,2.060000,2.060000,1.960000,2.030000,2.030000,35000
2017-09-14,2.010000,2.060000,1.960000,2.000000,2.000000,30800
2017-09-15,2.000000,2.040000,1.910000,1.910000,1.910000,97500
2017-09-18,1.910000,1.950000,1.810000,1.810000,1.810000,57600
2017-09-19,1.800000,1.950000,1.800000,1.860000,1.860000,109800
2017-09-20,1.890000,1.950000,1.890000,1.910000,1.910000,59000
2017-09-21,1.920000,1.970000,1.920000,1.920000,1.920000,29700
2017-09-22,1.930000,1.960000,1.920000,1.950000,1.950000,27200
2017-09-25,2.000000,2.000000,1.870000,1.870000,1.870000,23200
2017-09-26,1.900000,1.950000,1.900000,1.930000,1.930000,20200
2017-09-27,1.930000,1.960000,1.860000,1.900000,1.900000,26500
2017-09-28,1.890000,1.960000,1.890000,1.960000,1.960000,7600
2017-09-29,1.930000,1.950000,1.890000,1.890000,1.890000,21900
2017-10-02,1.870000,1.960000,1.860000,1.940000,1.940000,10000
2017-10-03,1.920000,1.920000,1.850000,1.850000,1.850000,33800
2017-10-04,1.850000,1.920000,1.850000,1.880000,1.880000,22200
2017-10-05,1.870000,1.880000,1.860000,1.860000,1.860000,5400
2017-10-06,1.850000,1.890000,1.760000,1.790000,1.790000,59900
2017-10-09,1.750000,1.840000,1.710000,1.770000,1.770000,70800
2017-10-10,1.750000,1.850000,1.740000,1.760000,1.760000,32200
2017-10-11,1.770000,1.780000,1.720000,1.760000,1.760000,36800
2017-10-12,1.740000,1.820000,1.730000,1.730000,1.730000,13300
2017-10-13,1.720000,1.770000,1.720000,1.750000,1.750000,44900
2017-10-16,1.730000,1.790000,1.720000,1.740000,1.740000,34400
2017-10-17,1.720000,1.750000,1.680000,1.720000,1.720000,28100
2017-10-18,1.720000,1.750000,1.670000,1.740000,1.740000,32500
2017-10-19,1.710000,1.740000,1.680000,1.680000,1.680000,22800
2017-10-20,1.680000,1.700000,1.650000,1.650000,1.650000,51600
2017-10-23,1.660000,1.720000,1.650000,1.700000,1.700000,45100
2017-10-24,1.710000,1.730000,1.690000,1.700000,1.700000,13000
2017-10-25,1.680000,1.700000,1.660000,1.700000,1.700000,18400
2017-10-26,1.710000,1.720000,1.670000,1.710000,1.710000,6100
2017-10-27,1.700000,1.720000,1.670000,1.700000,1.700000,21500
2017-10-30,1.720000,1.720000,1.690000,1.690000,1.690000,22000
2017-10-31,1.690000,1.710000,1.610000,1.610000,1.610000,50500
2017-11-01,1.610000,1.700000,1.530000,1.700000,1.700000,36200
2017-11-02,1.690000,1.690000,1.550000,1.560000,1.560000,13600
2017-11-03,1.600000,1.600000,1.550000,1.560000,1.560000,12600
2017-11-06,1.560000,1.640000,1.560000,1.580000,1.580000,25300
2017-11-07,1.590000,1.620000,1.580000,1.580000,1.580000,8000
2017-11-08,1.590000,1.680000,1.580000,1.630000,1.630000,90700
2017-11-09,1.660000,1.660000,1.610000,1.620000,1.620000,7100
2017-11-10,1.610000,1.650000,1.580000,1.590000,1.590000,28800
2017-11-13,1.580000,1.630000,1.580000,1.600000,1.600000,14800
2017-11-14,1.620000,1.640000,1.580000,1.610000,1.610000,9900
2017-11-15,1.630000,1.630000,1.580000,1.600000,1.600000,11000
2017-11-16,1.620000,1.620000,1.500000,1.620000,1.620000,78100
2017-11-17,1.580000,1.620000,1.510000,1.590000,1.590000,69000
2017-11-20,1.570000,1.620000,1.460000,1.530000,1.530000,92200
2017-11-21,1.470000,1.590000,1.460000,1.540000,1.540000,47400
2017-11-22,1.550000,1.580000,1.500000,1.570000,1.570000,13200
2017-11-24,1.570000,1.570000,1.510000,1.560000,1.560000,3300
2017-11-27,1.540000,1.570000,1.520000,1.520000,1.520000,23100
2017-11-28,1.550000,1.560000,1.520000,1.520000,1.520000,2200
2017-11-29,1.520000,1.540000,1.490000,1.500000,1.500000,27300
2017-11-30,1.520000,1.520000,1.500000,1.500000,1.500000,7600
2017-12-01,1.500000,1.500000,1.370000,1.400000,1.400000,81300
2017-12-04,1.390000,1.500000,1.390000,1.430000,1.430000,35200
2017-12-05,1.450000,1.460000,1.370000,1.400000,1.400000,20600
2017-12-06,1.390000,1.400000,1.320000,1.350000,1.350000,310900
2017-12-07,1.380000,1.450000,1.340000,1.380000,1.380000,95000
2017-12-08,1.390000,1.440000,1.340000,1.430000,1.430000,69400
2017-12-11,1.420000,1.420000,1.360000,1.390000,1.390000,62400
2017-12-12,1.400000,1.440000,1.390000,1.390000,1.390000,11100
2017-12-13,1.380000,1.430000,1.380000,1.400000,1.400000,27100
2017-12-14,1.400000,1.450000,1.400000,1.440000,1.440000,16900
2017-12-15,1.490000,1.490000,1.410000,1.410000,1.410000,30900
2017-12-18,1.430000,1.490000,1.430000,1.450000,1.450000,14500
2017-12-19,1.450000,1.450000,1.420000,1.440000,1.440000,9400
2017-12-20,1.420000,1.490000,1.420000,1.440000,1.440000,28500
2017-12-21,1.460000,1.490000,1.440000,1.450000,1.450000,15900
2017-12-22,1.470000,1.480000,1.460000,1.480000,1.480000,1100
2017-12-26,1.490000,1.500000,1.380000,1.380000,1.380000,47400
2017-12-27,1.400000,1.460000,1.400000,1.440000,1.440000,49100
2017-12-28,1.430000,1.480000,1.410000,1.440000,1.440000,23600
2017-12-29,1.450000,1.530000,1.450000,1.500000,1.500000,49300
2018-01-02,1.520000,1.570000,1.430000,1.430000,1.430000,38800
2018-01-03,1.440000,1.450000,1.420000,1.420000,1.420000,37900
2018-01-04,1.420000,1.430000,1.400000,1.430000,1.430000,25300
2018-01-05,1.410000,1.420000,1.400000,1.410000,1.410000,13300
2018-01-08,1.440000,1.450000,1.370000,1.380000,1.380000,31200
2018-01-09,1.390000,1.400000,1.350000,1.360000,1.360000,41600
2018-01-10,1.350000,1.370000,1.310000,1.330000,1.330000,46500
2018-01-11,1.350000,1.390000,1.330000,1.350000,1.350000,33300
2018-01-12,1.360000,1.400000,1.330000,1.360000,1.360000,21800
2018-01-16,1.330000,1.400000,1.330000,1.350000,1.350000,13900
2018-01-17,1.370000,1.370000,1.320000,1.340000,1.340000,50800
2018-01-18,1.320000,1.340000,1.320000,1.320000,1.320000,1700
2018-01-19,1.320000,1.340000,1.320000,1.320000,1.320000,10700
2018-01-22,1.340000,1.360000,1.340000,1.360000,1.360000,19900
2018-01-23,1.340000,1.370000,1.340000,1.340000,1.340000,2500
2018-01-24,1.340000,1.400000,1.340000,1.340000,1.340000,6500
2018-01-25,1.340000,1.350000,1.340000,1.340000,1.340000,1600
2018-01-26,1.340000,1.350000,1.330000,1.350000,1.350000,18300
2018-01-29,1.350000,1.360000,1.290000,1.290000,1.290000,41600
2018-01-30,1.250000,1.270000,1.250000,1.250000,1.250000,16800
2018-01-31,1.260000,1.300000,1.250000,1.260000,1.260000,55300
2018-02-01,1.300000,1.300000,1.280000,1.300000,1.300000,23200
2018-02-02,1.280000,1.290000,1.240000,1.260000,1.260000,59900
2018-02-05,1.270000,1.270000,1.220000,1.220000,1.220000,165900
2018-02-06,1.220000,1.230000,1.140000,1.180000,1.180000,22300
2018-02-07,1.190000,1.240000,1.170000,1.180000,1.180000,18300
2018-02-08,1.190000,1.200000,1.150000,1.180000,1.180000,4700
2018-02-09,1.170000,1.180000,1.150000,1.150000,1.150000,6200
2018-02-12,1.170000,1.240000,1.160000,1.170000,1.170000,75700
2018-02-13,1.170000,1.190000,1.160000,1.170000,1.170000,9900
2018-02-14,1.170000,1.180000,1.150000,1.170000,1.170000,25400
2018-02-15,1.150000,1.170000,1.120000,1.160000,1.160000,79000
2018-02-16,1.150000,1.170000,1.150000,1.170000,1.170000,2600
2018-02-20,1.160000,1.210000,1.160000,1.190000,1.190000,12300
2018-02-21,1.240000,1.240000,1.030000,1.150000,1.150000,90600
2018-02-22,1.110000,1.140000,1.080000,1.090000,1.090000,12300
2018-02-23,1.070000,1.070000,0.900000,1.070000,1.070000,66800
2018-02-26,1.060000,1.100000,1.060000,1.090000,1.090000,13500
2018-02-27,1.090000,1.120000,1.080000,1.090000,1.090000,6600
2018-02-28,1.080000,1.100000,1.060000,1.070000,1.070000,4200
2018-03-01,1.060000,1.070000,1.040000,1.040000,1.040000,20800
2018-03-02,1.040000,1.170000,1.030000,1.170000,1.170000,62800
2018-03-05,1.160000,1.340000,1.160000,1.220000,1.220000,63100
2018-03-06,1.230000,1.390000,1.180000,1.330000,1.330000,102400
2018-03-07,1.420000,1.420000,1.240000,1.300000,1.300000,26000
2018-03-08,1.320000,1.330000,1.270000,1.290000,1.290000,17300
2018-03-09,1.300000,1.300000,1.180000,1.250000,1.250000,91900
2018-03-12,1.210000,1.270000,1.190000,1.270000,1.270000,52200
2018-03-13,1.210000,1.330000,1.190000,1.270000,1.270000,54000
2018-03-14,1.250000,1.280000,1.250000,1.280000,1.280000,20600
2018-03-15,1.230000,1.260000,1.200000,1.200000,1.200000,49700
2018-03-16,1.220000,1.230000,1.190000,1.190000,1.190000,12800
2018-03-19,1.190000,1.210000,1.160000,1.190000,1.190000,33400
2018-03-20,1.170000,1.170000,1.160000,1.160000,1.160000,6800
2018-03-21,1.160000,1.250000,1.130000,1.250000,1.250000,33400
2018-03-22,1.220000,1.230000,1.180000,1.210000,1.210000,11200
2018-03-23,1.190000,1.190000,1.170000,1.190000,1.190000,4900
2018-03-26,1.160000,1.160000,1.150000,1.150000,1.150000,5200
2018-03-27,1.160000,1.180000,1.150000,1.160000,1.160000,6100
2018-03-28,1.160000,1.160000,1.150000,1.160000,1.160000,1900
2018-03-29,1.160000,1.180000,1.150000,1.150000,1.150000,2800
2018-04-02,1.200000,1.220000,1.160000,1.170000,1.170000,39900
2018-04-03,1.210000,1.210000,1.150000,1.150000,1.150000,5700
2018-04-04,1.150000,1.170000,1.150000,1.160000,1.160000,1400
2018-04-05,1.150000,1.150000,1.140000,1.150000,1.150000,4600
2018-04-06,1.150000,1.160000,1.150000,1.160000,1.160000,1500
2018-04-09,1.170000,1.170000,1.130000,1.140000,1.140000,17900
2018-04-10,1.140000,1.160000,1.140000,1.140000,1.140000,2000
2018-04-11,1.140000,1.150000,1.120000,1.120000,1.120000,11800
2018-04-12,1.120000,1.120000,1.050000,1.060000,1.060000,35400
2018-04-13,1.050000,1.100000,1.050000,1.070000,1.070000,55000
2018-04-16,1.100000,1.110000,1.060000,1.060000,1.060000,3100
2018-04-17,1.050000,1.100000,1.050000,1.100000,1.100000,9600
2018-04-18,1.080000,1.100000,1.050000,1.050000,1.050000,14700
2018-04-19,1.050000,1.080000,1.030000,1.030000,1.030000,11200
2018-04-20,1.030000,1.040000,1.030000,1.040000,1.040000,11400
2018-04-23,1.040000,1.050000,1.020000,1.020000,1.020000,29100
2018-04-24,1.060000,1.060000,0.970000,0.970000,0.970000,94300
2018-04-25,0.910000,0.950000,0.840000,0.870000,0.870000,81800
2018-04-26,0.850000,0.910000,0.850000,0.890000,0.890000,9100
2018-04-27,0.870000,0.880000,0.860000,0.870000,0.870000,28000
2018-04-30,0.860000,0.860000,0.800000,0.820000,0.820000,134300
2018-05-01,0.850000,0.850000,0.820000,0.840000,0.840000,16000
2018-05-02,0.840000,0.840000,0.800000,0.820000,0.820000,73100
2018-05-03,0.830000,0.830000,0.720000,0.760000,0.760000,197400
2018-05-04,0.760000,0.780000,0.730000,0.770000,0.770000,183800
2018-05-07,0.850000,1.200000,0.760000,1.000000,1.000000,814900
2018-05-08,0.990000,0.990000,0.920000,0.930000,0.930000,91300
2018-05-09,0.980000,0.980000,0.890000,0.920000,0.920000,105300
2018-05-10,0.930000,0.930000,0.900000,0.930000,0.930000,45800
2018-05-11,0.930000,0.970000,0.930000,0.970000,0.970000,14300
2018-05-14,0.970000,0.970000,0.900000,0.920000,0.920000,118900
2018-05-15,0.910000,0.960000,0.900000,0.920000,0.920000,29000
2018-05-16,0.900000,0.980000,0.900000,0.940000,0.940000,37200
2018-05-17,0.940000,0.960000,0.920000,0.930000,0.930000,13900
2018-05-18,0.940000,1.040000,0.940000,1.040000,1.040000,39800
2018-05-21,0.990000,1.010000,0.970000,0.980000,0.980000,31700
2018-05-22,0.980000,0.980000,0.900000,0.920000,0.920000,116600
2018-05-23,0.970000,0.970000,0.800000,0.920000,0.920000,109200
2018-05-24,0.850000,0.900000,0.850000,0.880000,0.880000,14500
2018-05-25,0.920000,0.960000,0.880000,0.960000,0.960000,30500
2018-05-29,0.990000,0.990000,0.960000,0.990000,0.990000,6300
2018-05-30,1.040000,1.540000,1.040000,1.180000,1.180000,1845000
2018-05-31,1.160000,1.380000,1.150000,1.250000,1.250000,377600
2018-06-01,1.280000,1.310000,1.210000,1.230000,1.230000,84900
2018-06-04,1.220000,1.300000,1.220000,1.260000,1.260000,58800
2018-06-05,1.310000,1.360000,1.270000,1.310000,1.310000,132500
2018-06-06,1.310000,1.320000,1.210000,1.250000,1.250000,41800
2018-06-07,1.260000,1.290000,1.210000,1.250000,1.250000,25000
2018-06-08,1.240000,1.280000,1.240000,1.240000,1.240000,33500
2018-06-11,1.250000,1.320000,1.250000,1.270000,1.270000,17400
2018-06-12,1.260000,1.340000,1.240000,1.290000,1.290000,50200
2018-06-13,1.280000,1.310000,1.270000,1.280000,1.280000,53900
2018-06-14,1.310000,1.310000,1.260000,1.280000,1.280000,25500
2018-06-15,1.280000,1.300000,1.260000,1.290000,1.290000,41100
2018-06-18,1.290000,1.360000,1.260000,1.350000,1.350000,160400
2018-06-19,1.360000,1.430000,1.280000,1.390000,1.390000,283600
2018-06-20,1.410000,1.430000,1.300000,1.340000,1.340000,113000
2018-06-21,1.340000,1.340000,1.290000,1.300000,1.300000,51100
2018-06-22,1.300000,1.350000,1.280000,1.300000,1.300000,152900
2018-06-25,1.300000,1.320000,1.280000,1.310000,1.310000,18600
2018-06-26,1.340000,1.380000,1.310000,1.350000,1.350000,5100
2018-06-27,1.300000,1.360000,1.270000,1.310000,1.310000,8700
2018-06-28,1.290000,1.310000,1.270000,1.300000,1.300000,13800
2018-06-29,1.300000,1.410000,1.280000,1.390000,1.390000,145600
