Date,Open,High,Low,Close,Adj Close,Volume
2013-01-02,27.370001,27.370001,27.025000,27.295000,17.693100,601000
2013-01-03,27.350000,27.830000,27.350000,27.655001,17.926458,296200
2013-01-04,27.795000,28.030001,27.684999,27.830000,18.039896,338400
2013-01-07,27.465000,27.680000,25.975000,25.990000,16.847176,668200
2013-01-08,25.889999,26.889999,25.889999,26.820000,17.385197,570800
2013-01-09,26.975000,27.500000,26.910000,27.209999,17.638000,190000
2013-01-10,27.385000,27.559999,27.125000,27.450001,17.793573,180600
2013-01-11,27.584999,28.174999,27.584999,28.045000,18.179264,322200
2013-01-14,27.920000,28.075001,27.760000,27.900000,18.085272,186200
2013-01-15,27.735001,27.860001,27.445000,27.795000,18.017208,245000
2013-01-16,27.684999,27.955000,27.684999,27.790001,18.013968,116600
2013-01-17,27.875000,28.129999,27.820000,28.014999,18.159817,279600
2013-01-18,27.965000,28.030001,27.870001,27.995001,18.146852,107200
2013-01-22,28.180000,28.200001,28.075001,28.160000,18.253809,111200
2013-01-23,28.200001,28.219999,27.965000,28.010000,18.156576,125000
2013-01-24,27.990000,28.170000,27.885000,28.030001,18.169540,112000
2013-01-25,28.184999,28.184999,27.775000,28.059999,18.188986,164200
2013-01-28,28.129999,28.200001,27.860001,28.125000,18.231121,256400
2013-01-29,28.250000,28.525000,27.955000,28.504999,18.477442,302600
2013-01-30,28.555000,28.840000,28.440001,28.684999,18.594122,311800
2013-01-31,28.815001,29.225000,28.764999,29.145000,18.892303,277600
2013-02-01,29.225000,29.365000,28.959999,29.205000,18.931196,157800
2013-02-04,29.100000,29.100000,28.375000,28.580000,18.526060,183400
2013-02-05,28.740000,29.105000,28.469999,28.985001,18.788588,164600
2013-02-06,28.920000,28.975000,28.680000,28.950001,18.765900,113400
2013-02-07,28.895000,29.230000,28.415001,28.690001,18.597364,199200
2013-02-08,28.780001,29.375000,28.780001,29.209999,18.934437,79200
2013-02-11,29.165001,29.264999,28.610001,28.725000,18.620050,147400
2013-02-12,28.740000,28.860001,28.600000,28.760000,18.642738,216400
2013-02-13,28.785000,28.975000,28.690001,28.770000,18.649221,144400
2013-02-14,29.365000,29.395000,28.924999,29.125000,18.879337,355600
2013-02-15,29.250000,29.740000,29.125000,29.629999,19.206688,303200
2013-02-19,29.775000,30.434999,29.650000,30.080000,19.498386,269800
2013-02-20,30.030001,30.190001,29.815001,29.860001,19.355778,178000
2013-02-21,29.795000,29.825001,29.240000,29.405001,19.060839,194800
2013-02-22,29.600000,29.715000,29.280001,29.520000,19.135384,205000
2013-02-25,29.740000,30.045000,29.434999,29.440001,19.083527,150800
2013-02-26,29.575001,29.674999,29.280001,29.590000,19.180759,142800
2013-02-27,29.635000,30.040001,29.635000,29.915001,19.391430,150200
2013-02-28,30.025000,30.325001,29.969999,30.080000,19.498386,136200
2013-03-01,29.865000,30.430000,29.590000,30.370001,19.686369,263000
2013-03-04,30.385000,30.514999,29.590000,30.485001,19.760914,248000
2013-03-05,30.650000,31.250000,30.650000,31.245001,20.253559,176000
2013-03-06,31.250000,31.540001,31.200001,31.530001,20.438301,206600
2013-03-07,31.610001,31.670000,31.475000,31.650000,20.516087,147200
2013-03-08,31.950001,31.950001,31.254999,31.905001,20.681383,155400
2013-03-11,31.879999,31.955000,31.660000,31.895000,20.674902,154000
2013-03-12,31.815001,31.889999,31.629999,31.825001,20.629526,89400
2013-03-13,31.780001,31.915001,31.615000,31.709999,20.554979,201000
2013-03-14,31.730000,31.985001,31.709999,31.980000,20.730000,134800
2013-03-15,32.000000,32.439999,31.900000,32.325001,20.953634,279600
2013-03-18,31.885000,32.264999,31.665001,31.875000,20.661936,103000
2013-03-19,31.855000,32.450001,31.600000,31.915001,20.687866,141200
2013-03-20,32.595001,33.645000,32.590000,33.435001,21.673157,293600
2013-03-21,33.275002,33.630001,32.715000,33.035000,21.413870,192600
2013-03-22,33.139999,33.375000,32.735001,32.994999,21.387939,137400
2013-03-25,33.220001,33.340000,32.849998,33.250000,21.553236,117200
2013-03-26,33.305000,33.884998,33.224998,33.650002,21.812525,152400
2013-03-27,33.430000,33.535000,33.250000,33.395000,21.647228,67600
2013-03-28,33.314999,33.910000,33.035000,33.759998,21.883825,137400
2013-04-01,33.825001,33.825001,32.830002,33.320000,21.598610,171600
2013-04-02,33.480000,33.735001,33.349998,33.505001,21.718533,92400
2013-04-03,33.525002,33.525002,32.805000,33.250000,21.553236,239400
2013-04-04,33.250000,33.639999,33.165001,33.630001,21.799559,155200
2013-04-05,33.134998,33.875000,32.849998,33.810001,21.916239,190200
2013-04-08,33.915001,34.009998,33.439999,33.980000,22.026434,213800
2013-04-09,34.134998,34.134998,33.860001,33.950001,22.006989,134600
2013-04-10,33.935001,34.455002,33.535000,34.165001,22.146355,203200
2013-04-11,34.060001,34.209999,33.959999,34.169998,22.149595,114600
2013-04-12,33.759998,33.820000,32.700001,33.355000,21.621298,321000
2013-04-15,33.150002,33.625000,32.845001,32.990002,21.384701,222600
2013-04-16,33.150002,33.605000,32.904999,33.455002,21.686121,113200
2013-04-17,33.294998,33.294998,32.330002,32.794998,21.258295,202400
2013-04-18,33.200001,34.240002,32.285000,32.654999,21.167545,302400
2013-04-19,32.695000,33.060001,32.584999,32.775002,21.245333,264400
2013-04-22,32.965000,33.160000,32.369999,32.880001,21.313396,193200
2013-04-23,33.029999,33.525002,32.680000,32.860001,21.300432,196600
2013-04-24,32.785000,32.994999,31.850000,32.174999,20.856401,452800
2013-04-25,32.244999,32.599998,31.860001,32.099998,20.807785,257800
2013-04-26,31.940001,32.070000,31.174999,31.385000,20.344311,391000
2013-04-29,31.475000,31.820000,31.375000,31.674999,20.532293,149200
2013-04-30,31.520000,31.770000,31.389999,31.584999,20.473953,378000
2013-05-01,31.584999,31.955000,31.290001,31.590000,20.477194,325200
2013-05-02,31.639999,32.474998,31.629999,32.340000,20.963358,267800
2013-05-03,32.695000,33.145000,32.634998,32.705002,21.199959,215800
2013-05-06,32.700001,32.700001,32.139999,32.389999,20.995768,144600
2013-05-07,32.365002,33.450001,32.020000,33.075001,21.439798,373400
2013-05-08,32.889999,33.250000,32.619999,32.869999,21.306913,236000
2013-05-09,32.790001,33.180000,32.654999,32.834999,21.284225,238800
2013-05-10,32.880001,33.665001,32.860001,32.985001,21.381458,296200
2013-05-13,32.990002,33.180000,32.639999,32.980000,21.378218,230000
2013-05-14,32.990002,34.290001,32.990002,34.009998,22.045879,319000
2013-05-15,34.020000,34.195000,33.584999,33.799999,21.909756,237800
2013-05-16,33.700001,33.724998,32.889999,32.980000,21.378218,297600
2013-05-17,33.029999,33.334999,32.895000,33.169998,21.501377,277800
2013-05-20,33.060001,33.305000,32.974998,33.134998,21.478689,162400
2013-05-21,33.095001,33.165001,32.814999,32.930000,21.345806,215400
2013-05-22,32.889999,33.305000,32.744999,33.160000,21.494896,478800
2013-05-23,32.810001,33.195000,32.189999,32.305000,20.940670,364800
2013-05-24,32.150002,32.275002,31.405001,31.815001,20.623043,318000
2013-05-28,32.095001,32.680000,31.850000,32.215000,20.882330,304200
2013-05-29,32.130001,32.275002,31.625000,32.215000,20.882330,235200
2013-05-30,32.299999,32.685001,32.139999,32.255001,20.908260,318800
2013-05-31,32.115002,32.320000,31.870001,31.955000,20.713795,272200
2013-06-03,32.145000,32.439999,31.834999,32.200001,20.872608,439200
2013-06-04,32.345001,32.575001,31.475000,31.830000,20.632767,367600
2013-06-05,31.875000,31.995001,31.180000,31.360001,20.328104,159800
2013-06-06,31.275000,31.900000,31.045000,31.875000,20.661936,219000
2013-06-07,32.139999,32.384998,31.840000,32.174999,20.856401,158200
2013-06-10,32.340000,32.465000,31.969999,32.380001,20.989286,185800
2013-06-11,32.119999,32.695000,31.889999,32.465000,21.044386,170000
2013-06-12,32.639999,32.750000,31.629999,32.070000,20.788340,201200
2013-06-13,31.985001,32.709999,31.825001,32.645000,21.161064,177800
2013-06-14,32.645000,32.645000,32.145000,32.270000,20.917982,120800
2013-06-17,32.445000,32.580002,32.259998,32.490002,21.060591,273600
2013-06-18,32.549999,32.770000,32.480000,32.590000,21.125412,240000
2013-06-19,32.500000,32.680000,32.314999,32.395000,20.999010,185800
2013-06-20,32.084999,32.400002,31.840000,31.945000,20.707312,192000
2013-06-21,32.040001,32.040001,31.260000,31.625000,20.499882,242800
2013-06-24,31.260000,31.365000,30.865000,30.885000,20.020201,192600
2013-06-25,31.250000,31.600000,30.760000,31.530001,20.438301,166600
2013-06-26,31.780001,31.830000,31.250000,31.540001,20.444784,165200
2013-06-27,31.625000,32.355000,31.469999,31.934999,20.700829,288200
2013-06-28,31.770000,31.799999,30.990000,31.434999,20.376720,367600
2013-07-01,31.695000,31.915001,31.375000,31.684999,20.538774,212800
2013-07-02,31.455000,31.969999,31.455000,31.870001,20.658695,142800
2013-07-03,31.820000,32.389999,31.820000,32.360001,20.976322,85800
2013-07-05,33.205002,33.209999,32.595001,32.755001,21.232368,150600
2013-07-08,32.855000,33.185001,32.779999,33.000000,21.391182,98200
2013-07-09,33.075001,33.290001,32.860001,32.985001,21.381458,108000
2013-07-10,33.064999,33.639999,33.064999,33.494999,21.712048,172200
2013-07-11,33.939999,34.685001,33.865002,34.615002,22.438053,192000
2013-07-12,34.849998,34.990002,34.075001,34.520000,22.376472,225400
2013-07-15,34.785000,35.105000,34.455002,34.590000,22.421848,177400
2013-07-16,34.695000,34.884998,34.435001,34.715000,22.502874,344200
2013-07-17,34.930000,35.169998,34.599998,34.810001,22.564457,336800
2013-07-18,36.000000,36.404999,34.974998,35.939999,23.296940,299600
2013-07-19,36.005001,36.215000,35.150002,35.630001,23.095995,331400
2013-07-22,35.544998,35.915001,35.340000,35.849998,23.238600,181600
2013-07-23,35.865002,35.865002,35.250000,35.514999,23.021448,193200
2013-07-24,35.610001,35.834999,35.435001,35.615002,23.086271,140000
2013-07-25,35.599998,36.049999,35.540001,36.029999,23.355280,167200
2013-07-26,35.770000,35.770000,35.235001,35.450001,22.979315,106600
2013-07-29,35.450001,35.500000,35.189999,35.445000,22.976074,60400
2013-07-30,35.744999,35.895000,35.264999,35.500000,23.011726,125800
2013-07-31,35.715000,36.064999,35.619999,35.889999,23.264530,272400
2013-08-01,36.200001,36.529999,36.130001,36.455002,23.630774,274200
2013-08-02,36.250000,36.435001,35.950001,36.325001,23.546505,129800
2013-08-05,36.224998,36.465000,36.095001,36.224998,23.481682,88800
2013-08-06,35.705002,36.189999,35.705002,35.939999,23.296940,132800
2013-08-07,35.785000,36.029999,35.560001,35.669998,23.121922,73600
2013-08-08,35.715000,36.110001,35.520000,36.035000,23.358522,89800
2013-08-09,37.139999,37.459999,35.775002,36.205002,23.468719,147600
2013-08-12,36.145000,36.455002,36.009998,36.150002,23.433067,43600
2013-08-13,36.110001,36.285000,35.634998,36.009998,23.342316,73800
2013-08-14,36.125000,36.259998,35.755001,36.139999,23.426584,85000
2013-08-15,35.825001,36.020000,35.630001,35.730000,23.160814,117200
2013-08-16,35.615002,35.825001,35.450001,35.744999,23.170538,150000
2013-08-19,35.764999,35.945000,35.680000,35.860001,23.245085,61400
2013-08-20,35.875000,36.494999,35.764999,36.375000,23.578917,126000
2013-08-21,36.195000,36.580002,36.174999,36.410000,23.601603,104800
2013-08-22,36.520000,36.974998,36.259998,36.950001,23.951641,147800
2013-08-23,36.950001,37.665001,36.669998,37.404999,24.246580,230000
2013-08-26,37.570000,37.750000,36.849998,36.945000,23.948400,97400
2013-08-27,36.665001,36.924999,35.915001,36.174999,23.449272,123800
2013-08-28,36.070000,36.395000,36.070000,36.174999,23.449272,55800
2013-08-29,36.029999,36.924999,36.014999,36.830002,23.873856,102800
2013-08-30,36.715000,36.994999,35.779999,35.935001,23.293701,217200
2013-09-03,36.250000,36.494999,35.775002,36.250000,23.497889,96400
2013-09-04,36.180000,36.950001,36.095001,36.860001,23.893301,188400
2013-09-05,36.814999,37.080002,36.535000,36.855000,23.890060,194400
2013-09-06,37.055000,37.055000,36.220001,36.880001,23.906267,87800
2013-09-09,36.895000,37.189999,36.730000,37.009998,23.990534,147200
2013-09-10,37.255001,37.355000,36.639999,37.330002,24.197966,198200
2013-09-11,37.154999,37.689999,37.154999,37.375000,24.227133,179200
2013-09-12,37.455002,37.705002,37.080002,37.340000,24.204447,167200
2013-09-13,37.535000,38.244999,37.365002,38.070000,24.677645,264600
2013-09-16,38.380001,38.689999,37.709999,38.259998,24.800804,167400
2013-09-17,38.380001,39.505001,38.290001,39.345001,25.504124,262600
2013-09-18,39.500000,39.709999,39.025002,39.529999,25.624043,204800
2013-09-19,39.619999,39.650002,39.125000,39.270000,25.455505,101600
2013-09-20,39.279999,39.709999,39.215000,39.590000,25.662935,376800
2013-09-23,39.480000,39.855000,39.095001,39.645000,25.698587,117000
2013-09-24,39.615002,40.105000,39.570000,39.955002,25.899536,208000
2013-09-25,39.910000,40.205002,39.660000,39.805000,25.802303,178600
2013-09-26,39.790001,40.110001,39.575001,39.994999,25.925463,116000
2013-09-27,39.709999,40.099998,39.669998,39.875000,25.847677,80600
2013-09-30,39.610001,40.334999,39.310001,40.049999,25.961115,274800
2013-10-01,40.165001,41.084999,39.965000,41.060001,26.615816,190200
2013-10-02,40.650002,41.080002,40.250000,40.715000,26.392179,222600
2013-10-03,40.500000,40.630001,39.605000,39.779999,25.786097,109000
2013-10-04,39.779999,40.410000,39.779999,40.125000,26.009731,78400
2013-10-07,39.900002,40.025002,39.005001,39.480000,25.591631,229800
2013-10-08,39.455002,40.049999,39.455002,39.529999,25.624043,158600
2013-10-09,39.575001,39.915001,39.264999,39.490002,25.598114,210400
2013-10-10,40.009998,41.294998,39.825001,41.169998,26.687119,475000
2013-10-11,41.235001,41.919998,40.595001,41.875000,27.144114,167600
2013-10-14,41.770000,42.099998,41.674999,41.915001,27.170042,172800
2013-10-15,41.720001,41.935001,41.459999,41.785000,27.085773,275600
2013-10-16,42.174999,42.650002,41.759998,41.915001,27.170042,221000
2013-10-17,41.980000,42.665001,40.695000,41.709999,27.037157,327600
2013-10-18,42.125000,43.599998,41.779999,43.509998,28.203947,308000
2013-10-21,42.750000,44.380001,42.750000,43.990002,28.515095,213600
2013-10-22,44.035000,44.200001,43.674999,43.930000,28.476200,170800
2013-10-23,43.540001,43.980000,43.150002,43.384998,28.122921,130800
2013-10-24,43.525002,44.360001,43.220001,43.935001,28.479443,227000
2013-10-25,43.860001,44.105000,43.195000,43.590000,28.255806,243400
2013-10-28,43.480000,43.794998,43.244999,43.544998,28.226635,167000
2013-10-29,43.490002,44.485001,43.334999,43.625000,28.278494,118400
2013-10-30,43.770000,43.770000,42.955002,43.090000,27.931698,126800
2013-10-31,42.924999,43.389999,42.805000,42.919998,27.821499,158000
2013-11-01,42.779999,43.105000,41.955002,42.380001,27.471464,174000
2013-11-04,42.395000,42.830002,41.605000,42.744999,27.708061,121800
2013-11-05,42.505001,42.985001,42.064999,42.680000,27.665928,125200
2013-11-06,43.014999,43.514999,42.735001,42.930000,27.827982,137000
2013-11-07,42.834999,43.320000,42.110001,42.235001,27.377472,138800
2013-11-08,42.209999,43.134998,42.014999,42.950001,27.840948,103600
2013-11-11,42.750000,43.299999,42.669998,42.810001,27.750196,151000
2013-11-12,42.605000,43.095001,42.580002,42.945000,27.837706,120400
2013-11-13,42.674999,43.450001,42.674999,43.424999,28.148849,118200
2013-11-14,43.325001,43.605000,42.840000,43.355000,28.103474,94800
2013-11-15,43.285000,43.430000,42.855000,43.235001,28.025690,102200
2013-11-18,43.525002,43.525002,42.869999,43.025002,27.889565,183000
2013-11-19,43.174999,43.220001,42.455002,42.840000,27.769644,226600
2013-11-20,42.889999,43.160000,42.345001,42.880001,27.795572,179000
2013-11-21,43.090000,43.759998,42.990002,43.665001,28.304422,128200
2013-11-22,43.810001,43.865002,43.470001,43.634998,28.284975,129400
2013-11-25,43.875000,43.974998,43.244999,43.705002,28.330353,196800
2013-11-26,43.790001,43.980000,43.000000,43.695000,28.323868,101800
2013-11-27,43.855000,44.480000,43.290001,44.340000,28.741970,202000
2013-11-29,44.595001,44.994999,43.985001,44.185001,28.641497,101000
2013-12-02,44.305000,44.865002,44.294998,44.740002,29.001257,317400
2013-12-03,44.790001,44.959999,44.320000,44.705002,28.978569,343000
2013-12-04,44.669998,44.884998,43.794998,44.310001,28.722523,214600
2013-12-05,44.055000,44.410000,43.910000,44.055000,28.557228,71400
2013-12-06,44.279999,45.090000,44.174999,44.970001,29.150347,160600
2013-12-09,45.049999,45.080002,44.514999,44.805000,29.043390,204800
2013-12-10,44.840000,45.134998,44.654999,44.750000,29.007738,178600
2013-12-11,44.955002,45.154999,43.400002,43.689999,28.320627,238000
2013-12-12,43.595001,44.305000,43.044998,43.785000,28.382208,233000
2013-12-13,43.810001,44.560001,43.474998,43.689999,28.320627,140600
2013-12-16,43.770000,44.669998,43.360001,44.459999,28.819756,257000
2013-12-17,44.320000,44.450001,43.889999,44.275002,28.699837,144600
2013-12-18,44.439999,45.055000,43.930000,44.910000,29.111454,174000
2013-12-19,45.025002,45.314999,44.470001,44.695000,28.972086,156800
2013-12-20,44.685001,45.700001,44.525002,45.544998,29.523069,343600
2013-12-23,45.884998,46.000000,45.150002,45.590000,29.552240,114000
2013-12-24,45.610001,45.974998,45.415001,45.755001,29.659199,100000
2013-12-26,45.924999,45.950001,45.535000,45.630001,29.578171,109600
2013-12-27,45.500000,45.945000,45.465000,45.849998,29.720778,130800
2013-12-30,45.935001,45.970001,45.500000,45.724998,29.639750,133000
2013-12-31,45.814999,46.185001,45.369999,45.474998,29.477695,91400
2014-01-02,45.330002,45.645000,44.709999,45.064999,29.211926,213000
2014-01-03,45.139999,46.189999,45.064999,45.965000,29.795322,269600
2014-01-06,46.040001,46.134998,45.349998,45.650002,29.591135,189200
2014-01-07,45.919998,46.424999,45.630001,45.970001,29.798565,251400
2014-01-08,45.950001,46.005001,45.525002,45.849998,29.720778,103400
2014-01-09,45.900002,45.900002,45.049999,45.770000,29.668921,280600
2014-01-10,45.834999,46.439999,45.480000,46.395000,30.074057,188600
2014-01-13,46.165001,46.395000,45.474998,45.764999,29.665678,135200
2014-01-14,45.669998,46.494999,45.424999,46.355000,30.048128,161400
2014-01-15,46.244999,46.724998,45.919998,46.230000,29.967100,139200
2014-01-16,46.535000,46.544998,45.459999,45.750000,29.655956,232000
2014-01-17,45.480000,45.930000,45.180000,45.590000,29.552240,127400
2014-01-21,45.705002,45.884998,45.099998,45.494999,29.490660,204200
2014-01-22,45.494999,45.935001,45.375000,45.730000,29.642992,148000
2014-01-23,45.689999,45.744999,45.130001,45.564999,29.536036,166600
2014-01-24,45.215000,45.220001,43.465000,43.669998,28.307663,186400
2014-01-27,43.700001,44.029999,42.415001,42.540001,27.575178,248800
2014-01-28,42.599998,42.830002,42.395000,42.575001,27.597866,156000
2014-01-29,42.375000,42.875000,41.410000,42.654999,27.649721,350000
2014-01-30,42.884998,43.224998,42.314999,42.834999,27.766401,250800
2014-01-31,42.134998,42.599998,41.599998,42.125000,27.306168,202400
2014-02-03,42.080002,42.465000,40.605000,40.660000,26.356527,281800
2014-02-04,40.990002,41.230000,40.544998,40.730000,26.401903,146200
2014-02-05,40.535000,40.825001,39.570000,40.415001,26.197716,209400
2014-02-06,40.419998,41.605000,40.419998,41.480000,26.888067,266400
2014-02-07,41.540001,41.625000,40.889999,41.169998,26.687119,186000
2014-02-10,41.169998,41.174999,40.250000,41.105000,26.644985,205400
2014-02-11,41.099998,41.680000,41.040001,41.275002,26.755182,220600
2014-02-12,41.439999,42.084999,41.439999,41.919998,27.173281,239200
2014-02-13,42.500000,46.340000,42.500000,45.785000,29.678644,427600
2014-02-14,45.985001,45.985001,44.564999,44.669998,28.955879,333600
2014-02-18,44.994999,45.535000,44.695000,44.945000,29.134140,373800
2014-02-19,44.820000,45.185001,44.075001,44.314999,28.725763,263600
2014-02-20,44.500000,45.750000,44.060001,45.439999,29.455008,221400
2014-02-21,45.685001,46.290001,45.305000,46.014999,29.827734,247000
2014-02-24,46.235001,46.935001,45.919998,46.525002,30.158325,202000
2014-02-25,46.680000,47.139999,46.355000,47.070000,30.511602,243800
2014-02-26,47.110001,47.570000,46.805000,47.215000,30.605595,179800
2014-02-27,47.185001,47.654999,47.009998,47.580002,30.842196,210200
2014-02-28,47.500000,47.939999,46.935001,47.180000,30.582907,142800
2014-03-03,46.634998,47.145000,45.994999,46.764999,30.313896,212800
2014-03-04,47.505001,48.615002,47.419998,48.384998,31.364008,296200
2014-03-05,48.415001,48.535000,47.935001,48.075001,31.163063,236200
2014-03-06,48.369999,48.369999,47.919998,48.029999,31.133892,223400
2014-03-07,48.314999,48.580002,47.775002,47.994999,31.111204,189600
2014-03-10,47.775002,48.139999,47.029999,47.160000,30.569942,311000
2014-03-11,47.119999,47.235001,46.130001,46.634998,30.229628,233800
2014-03-12,46.224998,46.935001,46.040001,46.200001,29.947655,215200
2014-03-13,46.459999,46.779999,45.490002,45.755001,29.659199,175200
2014-03-14,45.615002,46.099998,45.369999,45.459999,29.467972,207000
2014-03-17,45.985001,46.259998,45.320000,45.685001,29.613823,178200
2014-03-18,45.695000,46.930000,45.695000,46.724998,30.287968,182400
2014-03-19,46.724998,47.095001,45.505001,46.025002,29.834217,115800
2014-03-20,45.860001,46.509998,45.500000,45.860001,29.727261,204200
2014-03-21,46.169998,46.369999,45.325001,45.400002,29.429081,221800
2014-03-24,45.595001,45.865002,44.139999,44.810001,29.046633,178800
2014-03-25,45.029999,45.459999,44.310001,44.730000,28.994774,185800
2014-03-26,44.904999,45.410000,44.320000,44.334999,28.738728,217400
2014-03-27,44.250000,44.424999,43.544998,44.095001,28.583157,174600
2014-03-28,44.064999,45.000000,43.759998,43.955002,28.492407,117800
2014-03-31,44.125000,45.270000,44.125000,44.950001,29.137383,116200
2014-04-01,45.180000,45.695000,44.689999,45.430000,29.448526,236600
2014-04-02,45.435001,45.685001,44.950001,45.474998,29.477695,182600
2014-04-03,45.665001,45.665001,44.174999,44.529999,28.865129,144800
2014-04-04,44.930000,44.930000,43.060001,43.540001,28.223396,231200
2014-04-07,43.474998,43.525002,42.235001,42.520000,27.562214,227200
2014-04-08,42.500000,44.064999,42.180000,42.740002,27.704823,155200
2014-04-09,42.985001,43.540001,42.590000,42.950001,27.840948,204400
2014-04-10,42.849998,43.445000,41.500000,41.695000,27.027433,376200
2014-04-11,41.395000,42.365002,41.025002,41.139999,26.667673,279600
2014-04-14,41.654999,41.939999,40.759998,41.500000,26.901031,266200
2014-04-15,41.544998,41.904999,40.794998,41.639999,26.991781,292000
2014-04-16,41.834999,42.674999,41.660000,42.560001,27.588142,149000
2014-04-17,42.639999,42.700001,41.250000,41.895000,27.157078,195800
2014-04-21,41.860001,41.974998,41.150002,41.500000,26.901031,189400
2014-04-22,41.470001,41.810001,40.860001,41.299999,26.771387,318000
2014-04-23,41.125000,41.264999,40.535000,40.639999,26.343563,256800
2014-04-24,41.000000,41.000000,39.884998,40.060001,25.967598,312000
2014-04-25,39.759998,40.049999,39.174999,39.360001,25.513845,196400
2014-04-28,39.615002,39.700001,38.259998,39.000000,25.280487,237400
2014-04-29,39.125000,39.470001,38.759998,39.439999,25.565702,339000
2014-04-30,39.395000,40.235001,39.139999,40.160000,26.032419,313800
2014-05-01,40.020000,40.924999,39.860001,40.834999,26.469965,442800
2014-05-02,41.084999,41.564999,40.535000,40.985001,26.567200,349600
2014-05-05,40.709999,40.935001,40.305000,40.875000,26.495895,184200
2014-05-06,40.794998,41.095001,40.250000,40.299999,26.123169,256000
2014-05-07,40.180000,40.599998,39.340000,40.404999,26.191233,259000
2014-05-08,40.230000,41.174999,39.970001,40.014999,25.938427,204400
2014-05-09,39.799999,40.639999,39.660000,40.334999,26.145857,196000
2014-05-12,40.580002,41.619999,40.580002,41.325001,26.787594,199800
2014-05-13,41.389999,41.775002,40.384998,40.445000,26.217161,319800
2014-05-14,40.220001,40.250000,39.145000,39.345001,25.504124,359000
2014-05-15,39.029999,39.634998,38.424999,39.064999,25.322620,174200
2014-05-16,39.220001,39.465000,38.660000,39.459999,25.578667,106400
2014-05-19,39.200001,39.685001,39.150002,39.680000,25.721275,202600
2014-05-20,39.485001,40.169998,39.220001,39.865002,25.841196,359000
2014-05-21,39.919998,40.299999,39.869999,39.919998,25.876846,180400
2014-05-22,39.950001,40.139999,39.674999,39.884998,25.854158,123800
2014-05-23,39.950001,40.720001,39.705002,40.480000,26.239849,160200
2014-05-27,40.994999,41.349998,40.480000,41.169998,26.687119,169400
2014-05-28,41.130001,41.270000,40.685001,41.049999,26.609333,165200
2014-05-29,41.134998,41.224998,40.575001,40.715000,26.392179,197200
2014-05-30,40.849998,40.849998,40.270000,40.450001,26.220404,204800
2014-06-02,40.555000,40.595001,39.779999,40.080002,25.980564,111000
2014-06-03,40.055000,40.169998,39.275002,39.685001,25.724518,143400
2014-06-04,39.395000,39.695000,39.090000,39.345001,25.504124,244200
2014-06-05,39.529999,40.290001,39.299999,40.125000,26.009731,254800
2014-06-06,40.424999,41.035000,40.389999,40.665001,26.359770,142600
2014-06-09,40.990002,41.389999,40.615002,41.349998,26.803797,169600
2014-06-10,41.195000,41.349998,40.865002,41.080002,26.628780,177000
2014-06-11,40.785000,41.349998,40.540001,40.919998,26.525064,155000
2014-06-12,40.955002,41.154999,40.455002,40.759998,26.421349,154000
2014-06-13,40.974998,41.145000,40.564999,40.770000,26.427832,139200
2014-06-16,40.660000,41.040001,40.360001,40.744999,26.411627,151400
2014-06-17,40.685001,41.590000,40.595001,41.520000,26.913996,175200
2014-06-18,41.384998,41.610001,40.825001,41.290001,26.764906,161400
2014-06-19,41.480000,41.689999,41.180000,41.514999,26.910753,92000
2014-06-20,41.564999,41.915001,41.500000,41.779999,27.082531,209200
2014-06-23,41.735001,42.095001,41.555000,41.939999,27.186247,139200
2014-06-24,41.919998,42.365002,41.630001,41.849998,27.127907,198200
2014-06-25,41.570000,42.470001,41.570000,42.450001,27.516838,248600
2014-06-26,42.509998,42.590000,41.919998,42.505001,27.552490,149600
2014-06-27,42.169998,43.035000,42.169998,42.959999,27.847427,215200
2014-06-30,42.740002,43.169998,42.610001,42.980000,27.860394,110000
2014-07-01,43.000000,44.235001,43.000000,43.860001,28.430824,166000
2014-07-02,43.695000,44.235001,43.695000,44.029999,28.541021,195400
2014-07-03,44.240002,44.320000,43.939999,44.314999,28.725763,44400
2014-07-07,44.345001,44.525002,43.689999,43.744999,28.356279,187200
2014-07-08,43.770000,43.919998,43.125000,43.255001,28.038654,298400
2014-07-09,43.320000,43.570000,42.794998,42.889999,27.802053,217600
2014-07-10,42.470001,42.930000,42.110001,42.544998,27.578417,129200
2014-07-11,42.450001,42.494999,42.049999,42.244999,27.383953,97600
2014-07-14,42.755001,42.759998,42.259998,42.459999,27.523319,122800
2014-07-15,42.540001,42.570000,41.775002,42.165001,27.332096,107200
2014-07-16,42.270000,42.955002,42.240002,42.730000,27.698339,216200
2014-07-17,43.000000,44.000000,42.275002,42.994999,27.870115,297800
2014-07-18,42.959999,44.384998,42.919998,44.250000,28.683630,200400
2014-07-21,44.455002,44.599998,43.900002,44.014999,28.531298,208800
2014-07-22,44.244999,44.669998,44.005001,44.465000,28.822996,142800
2014-07-23,44.480000,44.764999,44.150002,44.564999,28.887817,84600
2014-07-24,44.715000,45.224998,44.570000,45.000000,29.169792,140800
2014-07-25,44.580002,45.130001,44.215000,44.445000,28.810032,126200
2014-07-28,44.445000,44.445000,43.790001,44.154999,28.622047,91200
2014-07-29,44.349998,44.480000,44.035000,44.369999,28.761415,123000
2014-07-30,44.625000,44.794998,44.040001,44.560001,28.884579,160800
2014-07-31,44.020000,44.299999,43.165001,43.185001,27.993279,160600
2014-08-01,43.360001,43.709999,42.820000,43.119999,27.951143,145800
2014-08-04,43.375000,43.779999,42.450001,43.639999,28.288216,158000
2014-08-05,43.320000,43.950001,43.154999,43.549999,28.229877,98800
2014-08-06,43.055000,43.730000,42.980000,43.264999,28.045135,177200
2014-08-07,43.264999,44.084999,43.115002,43.450001,28.165056,113800
2014-08-08,43.419998,43.855000,43.320000,43.735001,28.349798,89400
2014-08-11,43.845001,44.520000,43.634998,44.165001,28.628532,102000
2014-08-12,43.900002,44.014999,43.285000,43.480000,28.184502,108200
2014-08-13,43.549999,44.044998,43.540001,43.860001,28.430824,106000
2014-08-14,43.735001,45.900002,43.599998,45.590000,29.552240,400400
2014-08-15,46.049999,46.080002,44.494999,44.650002,28.942917,228000
2014-08-18,45.244999,45.435001,44.915001,45.154999,29.270266,159400
2014-08-19,45.285000,45.834999,45.285000,45.599998,29.558722,120200
2014-08-20,45.220001,45.365002,44.299999,44.709999,28.981810,147400
2014-08-21,44.564999,45.244999,44.355000,45.075001,29.218410,108800
2014-08-22,45.064999,45.064999,44.465000,44.584999,28.900782,135800
2014-08-25,44.950001,45.250000,44.555000,44.849998,29.072559,154800
2014-08-26,44.845001,45.259998,44.709999,44.965000,29.147106,104400
2014-08-27,45.195000,45.195000,44.639999,44.669998,28.955879,87000
2014-08-28,44.389999,44.645000,44.220001,44.549999,28.878094,84600
2014-08-29,44.990002,44.990002,43.845001,44.685001,28.965605,134800
2014-09-02,44.715000,45.154999,44.650002,44.980000,29.156828,80400
2014-09-03,45.125000,45.325001,44.654999,44.900002,29.104973,126400
2014-09-04,44.875000,45.084999,44.805000,44.814999,29.049871,89200
2014-09-05,44.590000,44.825001,44.325001,44.709999,28.981810,102600
2014-09-08,44.470001,44.794998,44.325001,44.669998,28.955879,109800
2014-09-09,44.470001,44.529999,43.970001,44.150002,28.618809,140200
2014-09-10,44.275002,44.349998,43.764999,44.320000,28.729004,212400
2014-09-11,44.115002,44.439999,43.970001,44.299999,28.716040,148000
2014-09-12,44.169998,44.275002,43.825001,44.125000,28.602602,154600
2014-09-15,44.259998,44.259998,43.660000,43.970001,28.502129,183000
2014-09-16,43.744999,45.384998,43.740002,44.544998,28.874853,234200
2014-09-17,44.485001,44.740002,43.900002,44.185001,28.641497,112800
2014-09-18,44.474998,44.834999,44.084999,44.750000,29.007738,124400
2014-09-19,44.764999,44.959999,43.935001,44.075001,28.570192,147200
2014-09-22,43.889999,43.930000,43.455002,43.680000,28.314146,107200
2014-09-23,43.485001,43.599998,43.044998,43.250000,28.035412,153600
2014-09-24,43.209999,43.889999,43.020000,43.750000,28.359520,92200
2014-09-25,43.544998,43.544998,42.875000,43.250000,28.035412,155400
2014-09-26,43.514999,43.709999,43.095001,43.560001,28.236361,93000
2014-09-29,43.020000,43.910000,43.020000,43.840000,28.417860,103600
2014-09-30,43.720001,44.369999,43.689999,43.970001,28.502129,233000
2014-10-01,44.064999,44.119999,43.040001,43.040001,27.899286,163400
2014-10-02,43.035000,43.730000,42.750000,43.450001,28.165056,108200
2014-10-03,43.880001,44.259998,43.720001,43.860001,28.430824,77400
2014-10-06,43.889999,44.264999,43.584999,43.744999,28.356279,90400
2014-10-07,43.750000,44.375000,43.549999,43.639999,28.288216,234400
2014-10-08,43.669998,44.814999,43.520000,44.674999,28.959122,181400
2014-10-09,44.825001,44.915001,43.665001,43.799999,28.391932,160800
2014-10-10,43.564999,44.654999,43.349998,43.520000,28.210430,241400
2014-10-13,43.520000,44.130001,43.520000,43.759998,28.366001,196600
2014-10-14,44.154999,44.665001,43.610001,44.474998,28.829477,209000
2014-10-15,44.450001,45.345001,43.849998,45.285000,29.354534,243000
2014-10-16,40.000000,42.044998,38.750000,40.220001,26.071314,688000
2014-10-17,40.915001,41.314999,39.794998,40.974998,26.560717,353600
2014-10-20,40.625000,41.490002,40.130001,40.250000,26.090759,232000
2014-10-21,40.355000,40.645000,40.000000,40.130001,26.012974,496000
2014-10-22,40.080002,40.974998,39.470001,39.674999,25.718033,464200
2014-10-23,40.025002,40.200001,39.645000,39.970001,25.909260,323200
2014-10-24,39.919998,40.470001,39.764999,40.250000,26.090759,268200
2014-10-27,39.990002,40.610001,39.990002,40.215000,26.068071,172000
2014-10-28,40.419998,41.435001,40.419998,41.345001,26.800558,195200
2014-10-29,41.470001,42.430000,41.450001,42.080002,27.276999,229000
2014-10-30,41.965000,42.884998,41.889999,42.740002,27.704823,289600
2014-10-31,43.634998,43.985001,43.049999,43.305000,28.071064,224400
2014-11-03,43.494999,43.715000,42.639999,42.775002,27.727510,223600
2014-11-04,42.889999,43.130001,42.080002,42.410000,27.490910,183300
2014-11-05,42.910000,44.490002,42.750000,43.180000,27.990036,192900
2014-11-06,43.340000,43.759998,43.029999,43.520000,28.210430,126100
2014-11-07,43.619999,44.169998,42.860001,43.990002,28.515095,228100
2014-11-10,44.099998,45.360001,43.869999,45.299999,29.364258,351900
2014-11-11,45.029999,45.340000,44.770000,45.119999,29.247578,132900
2014-11-12,45.060001,45.650002,44.790001,45.480000,29.480936,175500
2014-11-13,45.700001,45.790001,44.759998,45.000000,29.169792,113900
2014-11-14,45.040001,45.430000,44.639999,44.880001,29.092007,121100
2014-11-17,44.900002,44.959999,43.770000,43.939999,28.482681,240900
2014-11-18,44.029999,44.439999,43.580002,44.000000,28.521576,192800
2014-11-19,44.169998,44.169998,42.560001,43.259998,28.041893,200800
2014-11-20,43.189999,43.770000,42.759998,43.700001,28.327110,174900
2014-11-21,44.349998,44.619999,43.689999,44.389999,28.774380,235200
2014-11-24,44.610001,44.930000,44.180000,44.630001,28.929953,241300
2014-11-25,44.599998,45.020000,44.240002,44.540001,28.871613,265800
2014-11-26,44.680000,44.680000,44.009998,44.509998,28.852165,169500
2014-11-28,44.459999,44.970001,44.459999,44.500000,28.845684,80500
2014-12-01,44.439999,44.900002,44.299999,44.509998,28.852165,244300
2014-12-02,44.650002,44.830002,44.299999,44.750000,29.007738,103200
2014-12-03,44.889999,45.299999,44.509998,45.040001,29.195723,121600
2014-12-04,45.000000,45.270000,44.720001,45.139999,29.260544,162800
2014-12-05,45.150002,45.939999,45.150002,45.919998,29.766151,245600
2014-12-08,46.000000,46.700001,45.529999,46.200001,29.947655,276500
2014-12-09,45.830002,46.630001,45.320000,46.380001,30.064333,213000
2014-12-10,46.330002,46.529999,45.130001,45.150002,29.267027,192800
2014-12-11,45.290001,45.959999,45.220001,45.400002,29.429081,93700
2014-12-12,45.020000,45.200001,44.139999,44.180000,28.638254,127900
2014-12-15,44.310001,44.380001,43.150002,43.480000,28.184502,191100
2014-12-16,43.470001,44.270000,43.169998,43.209999,28.009483,205600
2014-12-17,43.209999,44.750000,43.040001,44.680000,28.962364,193900
2014-12-18,45.349998,46.090000,44.709999,45.910000,29.759670,147000
2014-12-19,45.830002,46.380001,45.520000,45.650002,29.591135,215400
2014-12-22,45.580002,45.889999,45.139999,45.680000,29.610580,85600
2014-12-23,45.730000,46.099998,45.220001,45.389999,29.422598,135800
2014-12-24,45.340000,45.910000,45.070000,45.570000,29.539276,45400
2014-12-26,45.790001,46.070000,45.270000,45.740002,29.649475,60300
2014-12-29,45.619999,46.080002,45.470001,45.740002,29.649475,80300
2014-12-30,45.419998,46.000000,45.419998,45.560001,29.532795,70200
2014-12-31,45.799999,45.910000,44.919998,44.980000,29.156828,75600
2015-01-02,45.259998,45.490002,44.509998,45.009998,29.176273,194000
2015-01-05,44.689999,45.220001,44.549999,44.980000,29.156828,163100
2015-01-06,44.980000,45.160000,43.950001,44.160000,28.625290,233700
2015-01-07,44.480000,44.869999,44.009998,44.799999,29.040150,142100
2015-01-08,45.150002,45.939999,44.580002,45.740002,29.649475,104900
2015-01-09,46.000000,46.250000,45.750000,45.840000,29.714296,151100
2015-01-12,45.759998,45.830002,45.139999,45.320000,29.377222,128800
2015-01-13,45.730000,46.700001,45.110001,45.689999,29.617062,106000
2015-01-14,45.240002,45.459999,44.759998,45.000000,29.169792,252900
2015-01-15,45.349998,45.599998,44.630001,45.040001,29.195723,207900
2015-01-16,44.880001,45.990002,44.770000,45.930000,29.772635,147000
2015-01-20,46.139999,46.490002,45.380001,45.660000,29.597616,229600
2015-01-21,45.459999,45.730000,44.910000,45.189999,29.292953,207600
2015-01-22,45.369999,45.660000,44.919998,45.299999,29.364258,257400
2015-01-23,45.320000,45.450001,45.060001,45.169998,29.279989,107500
2015-01-26,45.180000,45.349998,44.900002,45.090000,29.228132,206900
2015-01-27,44.720001,45.290001,44.200001,44.930000,29.124418,228400
2015-01-28,45.139999,45.200001,44.580002,44.650002,28.942917,101200
2015-01-29,44.860001,44.860001,43.980000,44.540001,28.871613,205600
2015-01-30,44.290001,44.480000,43.189999,43.250000,28.035412,110400
2015-02-02,43.250000,43.459999,42.680000,43.130001,27.957626,122000
2015-02-03,43.450001,44.160000,43.450001,43.889999,28.450272,136100
2015-02-04,43.759998,44.430000,43.630001,43.770000,28.372486,194000
2015-02-05,44.029999,44.669998,43.919998,44.540001,28.871613,151400
2015-02-06,44.680000,45.000000,44.310001,44.430000,28.800308,121700
2015-02-09,44.310001,44.990002,43.869999,43.939999,28.482681,135800
2015-02-10,44.070000,44.279999,43.709999,44.090000,28.579914,100500
2015-02-11,44.070000,44.590000,43.910000,44.360001,28.754934,254200
2015-02-12,44.509998,45.049999,44.480000,44.770000,29.020702,99500
2015-02-13,44.770000,45.380001,44.500000,45.230000,29.318882,139600
2015-02-17,45.220001,45.369999,44.869999,45.000000,29.169792,117700
2015-02-18,44.790001,45.180000,44.790001,45.150002,29.267027,139000
2015-02-19,46.500000,49.330002,46.250000,49.279999,31.944164,300300
2015-02-20,49.029999,49.950001,48.450001,49.680000,32.203453,187200
2015-02-23,49.450001,49.470001,48.770000,49.270000,31.937683,131400
2015-02-24,49.430000,49.639999,49.029999,49.360001,31.996021,103300
2015-02-25,49.360001,49.669998,49.099998,49.599998,32.151592,69400
2015-02-26,49.400002,49.880001,49.209999,49.630001,32.171040,87900
2015-02-27,49.299999,49.910000,49.119999,49.400002,32.021950,125100
2015-03-02,49.470001,49.810001,49.290001,49.680000,32.203453,105800
2015-03-03,49.549999,49.680000,49.119999,49.509998,32.093254,122800
2015-03-04,49.380001,50.200001,48.860001,50.130001,32.495152,168100
2015-03-05,50.150002,50.459999,49.869999,50.169998,32.521076,146400
2015-03-06,49.970001,50.369999,49.099998,49.490002,32.080292,173400
2015-03-09,49.490002,50.360001,49.490002,50.060001,32.449776,141300
2015-03-10,49.529999,49.779999,49.119999,49.529999,32.106216,162100
2015-03-11,49.500000,49.709999,48.900002,49.310001,31.963612,108400
2015-03-12,49.639999,50.500000,49.209999,50.430000,32.689613,152100
2015-03-13,50.500000,50.750000,49.599998,50.189999,32.534042,137100
2015-03-16,50.560001,51.070000,50.279999,50.970001,33.039654,168100
2015-03-17,50.700001,50.970001,50.209999,50.759998,32.903526,221400
2015-03-18,50.990002,51.930000,50.880001,51.799999,33.577671,241100
2015-03-19,51.720001,52.450001,51.459999,52.320000,33.914745,244200
2015-03-20,52.680000,52.990002,52.000000,52.590000,34.089764,221400
2015-03-23,52.470001,52.849998,52.299999,52.500000,34.031425,141000
2015-03-24,52.500000,52.650002,52.380001,52.490002,34.024944,124500
2015-03-25,52.419998,52.680000,51.450001,51.619999,33.460991,220700
2015-03-26,51.639999,52.230000,51.020000,51.970001,33.687870,135700
2015-03-27,52.060001,52.520000,51.650002,52.360001,33.940674,143600
2015-03-30,51.630001,52.660000,51.630001,52.459999,34.005497,214900
2015-03-31,52.060001,52.160000,51.680000,51.730000,33.532295,189000
2015-04-01,51.070000,51.299999,50.540001,50.980000,33.046135,325800
2015-04-02,50.910000,51.619999,50.820000,51.310001,33.260048,105700
2015-04-06,51.130001,51.570000,50.900002,51.400002,33.318386,112100
2015-04-07,51.240002,51.660000,51.049999,51.389999,33.311905,205500
2015-04-08,51.369999,51.790001,51.230000,51.549999,33.415619,122900
2015-04-09,51.560001,51.950001,51.009998,51.580002,33.435066,886200
2015-04-10,51.779999,51.779999,51.389999,51.720001,33.525818,173000
2015-04-13,51.570000,52.259998,51.240002,51.459999,33.357277,128400
2015-04-14,51.400002,51.830002,50.770000,51.730000,33.532295,355700
2015-04-15,52.040001,52.099998,51.599998,52.020000,33.720280,126200
2015-04-16,51.660000,52.209999,51.660000,52.090000,33.765656,112000
2015-04-17,51.910000,52.189999,50.869999,51.330002,33.273010,144900
2015-04-20,51.490002,52.169998,51.340000,52.099998,33.772137,459400
2015-04-21,52.240002,52.529999,52.090000,52.299999,33.901779,129200
2015-04-22,52.150002,52.900002,52.049999,52.580002,34.083282,267100
2015-04-23,46.939999,50.599998,46.000000,48.599998,31.503376,907000
2015-04-24,48.419998,48.880001,46.060001,46.630001,30.226389,694500
2015-04-27,47.610001,47.860001,45.970001,45.990002,29.811529,391800
2015-04-28,46.099998,46.529999,45.560001,45.730000,29.642992,397600
2015-04-29,45.669998,46.389999,45.380001,45.389999,29.422598,244100
2015-04-30,45.200001,45.619999,44.560001,45.020000,29.182758,633600
2015-05-01,45.099998,45.549999,44.930000,45.139999,29.260544,367900
2015-05-04,45.110001,46.119999,45.110001,45.630001,29.578171,523000
2015-05-05,45.599998,45.849998,44.900002,45.180000,29.286472,823000
2015-05-06,45.480000,45.500000,44.160000,44.500000,28.845684,338500
2015-05-07,44.540001,45.279999,44.299999,44.959999,29.143864,233100
2015-05-08,45.490002,45.490002,44.689999,44.860001,29.079042,208500
2015-05-11,44.720001,45.400002,44.439999,44.549999,28.878094,193300
2015-05-12,44.490002,44.549999,44.029999,44.500000,28.845684,306600
2015-05-13,44.669998,45.020000,44.009998,44.759998,29.014219,240300
2015-05-14,44.950001,45.310001,44.669998,45.200001,29.299437,127100
2015-05-15,45.160000,45.160000,44.660000,44.720001,28.988293,75800
2015-05-18,44.480000,44.990002,44.150002,44.930000,29.124418,127100
2015-05-19,44.980000,45.070000,44.290001,45.009998,29.176273,129200
2015-05-20,45.169998,45.169998,44.590000,44.639999,28.936434,71700
2015-05-21,44.630001,44.900002,44.220001,44.650002,28.942917,321100
2015-05-22,44.509998,45.099998,44.340000,44.419998,28.793825,218400
2015-05-26,44.349998,47.240002,44.279999,47.000000,30.466228,624000
2015-05-27,46.990002,47.990002,46.860001,47.700001,30.919981,287400
2015-05-28,47.459999,47.759998,47.130001,47.700001,30.919981,137000
2015-05-29,47.500000,47.900002,47.349998,47.509998,30.796818,183100
2015-06-01,47.639999,48.099998,47.400002,48.080002,31.166304,263900
2015-06-02,47.889999,48.660000,47.610001,48.090000,31.172785,270800
2015-06-03,48.209999,48.599998,47.410000,48.380001,31.360769,193100
2015-06-04,48.200001,48.459999,47.900002,48.299999,31.308910,289300
2015-06-05,48.099998,48.480000,47.610001,48.290001,31.302429,156900
2015-06-08,48.040001,48.480000,47.520000,47.590000,30.848677,148000
2015-06-09,47.509998,47.730000,46.650002,47.070000,30.511602,394500
2015-06-10,47.380001,47.810001,46.849998,47.599998,30.855158,303600
2015-06-11,47.790001,47.790001,47.410000,47.540001,30.816267,79200
2015-06-12,47.490002,47.650002,46.830002,46.919998,30.414370,112300
2015-06-15,46.750000,46.750000,45.919998,46.570000,30.187494,97000
2015-06-16,47.090000,48.000000,46.889999,47.770000,30.965357,179100
2015-06-17,47.730000,47.810001,47.389999,47.430000,30.744963,91900
2015-06-18,47.610001,48.000000,47.360001,47.689999,30.913498,135700
2015-06-19,47.830002,47.939999,47.290001,47.520000,30.803301,180200
2015-06-22,47.720001,47.840000,47.270000,47.430000,30.744963,159700
2015-06-23,47.650002,47.650002,47.330002,47.410000,30.731997,256800
2015-06-24,47.290001,47.599998,46.740002,46.779999,30.323620,141900
2015-06-25,47.090000,47.560001,46.950001,47.310001,30.667177,111300
2015-06-26,47.470001,47.720001,46.939999,47.439999,30.751444,230900
2015-06-29,47.209999,47.209999,46.560001,46.980000,30.453264,189000
2015-06-30,47.070000,47.740002,46.889999,47.480000,30.777372,429500
2015-07-01,47.709999,47.880001,46.860001,47.320000,30.673658,186900
2015-07-02,47.389999,47.389999,46.330002,46.590000,30.200459,180900
2015-07-06,46.549999,46.939999,46.110001,46.320000,30.025440,203600
2015-07-07,46.240002,46.439999,45.450001,45.869999,29.733742,186600
2015-07-08,44.849998,45.970001,43.330002,43.810001,28.398415,466500
2015-07-09,44.389999,45.840000,43.660000,43.730000,28.346556,220100
2015-07-10,44.040001,44.200001,43.709999,43.970001,28.502129,249800
2015-07-13,44.049999,44.250000,43.689999,43.790001,28.385450,292000
2015-07-14,44.180000,44.180000,43.450001,43.689999,28.320627,327600
2015-07-15,43.549999,43.849998,43.310001,43.369999,28.113197,284900
2015-07-16,43.700001,44.000000,43.529999,43.660000,28.301182,218300
2015-07-17,43.150002,43.349998,41.240002,42.049999,27.257551,529000
2015-07-20,41.910000,42.560001,41.770000,42.290001,27.413124,276500
2015-07-21,42.340000,42.730000,42.070000,42.279999,27.406641,427400
2015-07-22,42.310001,42.910000,42.240002,42.330002,27.439053,425700
2015-07-23,45.900002,49.110001,44.290001,45.389999,29.422598,870800
2015-07-24,44.970001,44.970001,43.930000,44.119999,28.599361,428300
2015-07-27,44.009998,44.090000,42.910000,43.070000,27.918732,237700
2015-07-28,43.250000,43.490002,42.770000,43.209999,28.009483,345000
2015-07-29,43.099998,43.360001,42.880001,43.209999,28.009483,210600
2015-07-30,42.970001,44.029999,42.709999,43.209999,28.009483,242000
2015-07-31,43.189999,43.869999,43.139999,43.689999,28.320627,222000
2015-08-03,43.849998,43.900002,43.320000,43.799999,28.391932,153700
2015-08-04,43.720001,44.130001,43.520000,43.790001,28.385450,101500
2015-08-05,44.209999,44.360001,43.660000,43.750000,28.359520,149500
2015-08-06,43.939999,44.209999,43.040001,43.380001,28.119680,374300
2015-08-07,43.099998,43.560001,42.790001,43.450001,28.165056,100800
2015-08-10,43.209999,44.139999,43.189999,43.660000,28.301182,137400
2015-08-11,43.250000,43.500000,42.889999,43.330002,28.087271,126700
2015-08-12,43.320000,44.080002,43.029999,43.570000,28.242842,127300
2015-08-13,43.500000,43.840000,43.230000,43.580002,28.249325,136700
2015-08-14,43.700001,44.060001,43.400002,43.860001,28.430824,129900
2015-08-17,43.709999,44.080002,43.480000,43.990002,28.515095,105200
2015-08-18,43.799999,44.099998,43.580002,44.000000,28.521576,99800
2015-08-19,43.750000,43.880001,43.169998,43.459999,28.171537,91700
2015-08-20,44.330002,44.759998,43.299999,44.610001,28.916988,247400
2015-08-21,43.889999,44.770000,43.889999,44.110001,28.592880,296500
2015-08-24,41.439999,42.959999,41.070000,42.830002,27.763163,364400
2015-08-25,44.000000,44.000000,41.740002,41.840000,27.121426,199600
2015-08-26,42.560001,42.560001,41.169998,42.380001,27.471464,180100
2015-08-27,42.590000,45.020000,42.060001,44.580002,28.897543,479100
2015-08-28,44.290001,44.770000,44.009998,44.689999,28.968845,163400
2015-08-31,44.389999,44.689999,44.060001,44.450001,28.813274,181700
2015-09-01,43.680000,44.040001,42.389999,42.820000,27.756678,157600
2015-09-02,43.259998,43.320000,42.580002,43.270000,28.048376,105600
2015-09-03,43.200001,43.540001,42.700001,42.910000,27.815018,140200
2015-09-04,42.380001,42.709999,41.910000,42.090000,27.283480,92400
2015-09-08,42.610001,43.669998,41.869999,43.580002,28.249325,180500
2015-09-09,44.009998,44.119999,42.520000,42.650002,27.646482,127300
2015-09-10,43.049999,44.060001,42.619999,43.759998,28.366001,171400
2015-09-11,43.430000,44.180000,43.090000,44.009998,28.528057,134300
2015-09-14,43.980000,44.049999,43.500000,43.630001,28.281734,81900
2015-09-15,43.740002,44.200001,43.470001,44.110001,28.592880,134100
2015-09-16,44.189999,44.340000,43.860001,44.180000,28.638254,114100
2015-09-17,44.099998,44.840000,43.900002,44.130001,28.605844,147400
2015-09-18,43.599998,44.279999,43.200001,43.950001,28.489164,438900
2015-09-21,44.180000,44.939999,44.080002,44.580002,28.897543,159100
2015-09-22,44.090000,44.259998,43.500000,44.090000,28.579914,114800
2015-09-23,44.209999,44.570000,43.860001,44.490002,28.839203,197700
2015-09-24,44.290001,44.630001,43.830002,44.520000,28.858648,180600
2015-09-25,44.799999,45.340000,44.200001,44.529999,28.865129,253100
2015-09-28,44.259998,44.509998,43.840000,44.130001,28.605844,174200
2015-09-29,44.160000,44.660000,43.959999,44.459999,28.819756,200800
2015-09-30,44.869999,45.709999,44.869999,45.310001,29.370741,333100
2015-10-01,45.200001,45.700001,44.619999,45.439999,29.455008,304000
2015-10-02,45.009998,45.220001,44.080002,44.900002,29.104973,217800
2015-10-05,45.200001,46.410000,45.200001,46.290001,30.005995,125900
2015-10-06,46.029999,46.500000,45.490002,45.660000,29.597616,258100
2015-10-07,45.860001,46.610001,45.709999,46.330002,30.031923,171700
2015-10-08,46.250000,46.790001,46.090000,46.520000,30.155085,158000
2015-10-09,46.639999,47.099998,46.360001,46.860001,30.375479,92000
2015-10-12,46.750000,47.680000,46.560001,47.450001,30.757927,155600
2015-10-13,47.180000,47.400002,46.310001,46.480000,30.129154,157600
2015-10-14,46.549999,46.869999,45.720001,45.869999,29.733742,171700
2015-10-15,46.020000,47.220001,45.919998,47.090000,30.524569,237300
2015-10-16,47.189999,47.189999,46.000000,46.419998,30.090261,155800
2015-10-19,46.240002,47.000000,46.240002,46.610001,30.213423,180300
2015-10-20,46.509998,46.880001,46.430000,46.720001,30.284727,156800
2015-10-21,48.090000,48.970001,46.150002,46.299999,30.012476,369600
2015-10-22,46.650002,47.540001,45.279999,47.529999,30.809782,255400
2015-10-23,47.860001,48.340000,47.500000,47.939999,31.075552,155200
2015-10-26,48.000000,48.400002,46.740002,46.869999,30.381960,125900
2015-10-27,46.750000,47.049999,46.029999,46.220001,29.960619,216600
2015-10-28,46.220001,47.610001,46.139999,47.610001,30.861641,268500
2015-10-29,47.400002,47.500000,46.910000,47.290001,30.654211,109500
2015-10-30,47.189999,47.860001,46.910000,47.040001,30.492157,151800
2015-11-02,47.169998,47.250000,46.520000,47.160000,30.569942,135700
2015-11-03,47.000000,47.720001,46.619999,47.700001,30.919981,190400
2015-11-04,47.700001,48.250000,47.509998,47.970001,31.094999,135700
2015-11-05,47.750000,48.209999,47.689999,47.779999,30.971836,120200
2015-11-06,47.540001,48.450001,46.880001,48.400002,31.373734,133700
2015-11-09,48.029999,48.250000,47.560001,48.060001,31.153339,126700
2015-11-10,47.950001,47.990002,46.990002,47.509998,30.796818,115400
2015-11-11,47.500000,47.709999,47.200001,47.570000,30.835712,110400
2015-11-12,47.480000,47.590000,46.880001,47.070000,30.511602,96400
2015-11-13,46.830002,46.849998,46.090000,46.240002,29.973583,97400
2015-11-16,46.320000,46.700001,46.230000,46.660000,30.245834,159500
2015-11-17,46.509998,47.180000,46.310001,46.770000,30.317139,108800
2015-11-18,46.980000,47.400002,46.419998,47.340000,30.686623,118500
2015-11-19,47.250000,47.980000,46.880001,47.419998,30.738478,160700
2015-11-20,47.619999,47.970001,47.369999,47.630001,30.874605,102200
2015-11-23,47.580002,47.759998,47.490002,47.590000,30.848677,70800
2015-11-24,47.380001,47.720001,46.720001,47.540001,30.816267,92300
2015-11-25,47.610001,47.990002,47.380001,47.759998,30.958872,59200
2015-11-27,47.700001,48.169998,47.669998,48.060001,31.153339,56100
2015-11-30,48.770000,48.849998,48.049999,48.430000,31.393179,263800
2015-12-01,48.279999,48.900002,48.119999,48.570000,31.483929,180600
2015-12-02,48.639999,48.639999,47.959999,48.070000,31.159821,74600
2015-12-03,48.279999,48.279999,46.750000,46.880001,30.388443,121800
2015-12-04,46.990002,47.849998,46.990002,47.700001,30.919981,137600
2015-12-07,47.750000,47.910000,47.020000,47.240002,30.621801,80700
2015-12-08,46.889999,47.320000,46.270000,46.980000,30.453264,192300
2015-12-09,46.849998,47.110001,45.779999,45.869999,29.733742,127400
2015-12-10,45.919998,47.410000,45.570000,47.009998,30.472710,212100
2015-12-11,46.270000,46.450001,45.330002,45.430000,29.448526,130000
2015-12-14,45.580002,45.889999,44.970001,45.099998,29.234613,137800
2015-12-15,45.430000,45.930000,45.200001,45.650002,29.591135,118600
2015-12-16,45.830002,46.349998,45.759998,46.230000,29.967100,96900
2015-12-17,46.270000,46.500000,45.549999,45.570000,29.539276,85100
2015-12-18,45.310001,45.810001,43.880001,44.160000,28.625290,223300
2015-12-21,44.150002,44.730000,44.139999,44.509998,28.852165,97500
2015-12-22,44.369999,44.849998,44.080002,44.700001,28.975328,150900
2015-12-23,44.959999,45.360001,44.820000,45.230000,29.318882,157700
2015-12-24,45.330002,45.840000,45.330002,45.439999,29.455008,39500
2015-12-28,45.349998,45.549999,44.880001,45.240002,29.325367,88100
2015-12-29,45.430000,46.259998,45.430000,46.049999,29.850420,88700
2015-12-30,46.049999,46.560001,45.939999,46.220001,29.960619,130100
2015-12-31,46.090000,46.160000,45.230000,45.250000,29.331848,123900
2016-01-04,44.480000,44.480000,43.950001,44.349998,28.748451,277500
2016-01-05,44.490002,45.750000,44.119999,44.310001,28.722523,83700
2016-01-06,43.650002,44.540001,43.650002,44.509998,28.852165,164400
2016-01-07,43.639999,44.200001,43.639999,43.980000,28.508610,261400
2016-01-08,44.279999,44.680000,43.950001,44.150002,28.618809,322300
2016-01-11,45.580002,45.619999,44.240002,45.209999,29.305918,238900
2016-01-12,45.660000,45.750000,44.880001,45.380001,29.416117,296900
2016-01-13,45.610001,45.939999,44.240002,44.480000,28.832720,382700
2016-01-14,44.700001,45.669998,44.500000,44.980000,29.156828,317200
2016-01-15,43.799999,44.750000,43.619999,44.340000,28.741970,213700
2016-01-19,44.419998,45.779999,44.400002,45.439999,29.455008,296200
2016-01-20,45.000000,46.540001,44.650002,46.080002,29.869869,329900
2016-01-21,45.980000,46.020000,45.009998,45.830002,29.707815,380000
2016-01-22,46.000000,47.860001,45.880001,47.700001,30.919981,355900
2016-01-25,47.340000,47.779999,47.020000,47.230000,30.615318,291000
2016-01-26,47.529999,48.130001,46.980000,47.360001,30.699587,339800
2016-01-27,47.139999,47.250000,45.400002,45.590000,29.552240,157100
2016-01-28,45.970001,46.130001,45.439999,45.799999,29.688366,121600
2016-01-29,46.000000,47.410000,46.000000,47.340000,30.686623,266000
2016-02-01,47.110001,48.439999,47.080002,48.070000,31.159821,222600
2016-02-02,47.750000,47.770000,47.020000,47.070000,30.511602,172000
2016-02-03,48.099998,48.279999,47.150002,47.990002,31.107965,379800
2016-02-04,47.910000,48.500000,47.599998,47.939999,31.075552,135700
2016-02-05,47.750000,48.259998,46.200001,46.220001,29.960619,189100
2016-02-08,45.049999,46.099998,43.270000,43.599998,28.262287,284000
2016-02-09,43.150002,43.980000,42.840000,43.320000,28.080788,126700
2016-02-10,43.529999,44.220001,42.889999,43.200001,28.003002,254900
2016-02-11,42.400002,43.340000,42.400002,43.029999,27.892803,110200
2016-02-12,43.369999,43.680000,42.419998,43.410000,28.139126,120000
2016-02-16,44.090000,45.049999,44.090000,44.889999,29.098488,134700
2016-02-17,45.220001,45.959999,44.700001,45.700001,29.623547,232600
2016-02-18,45.790001,45.830002,43.889999,45.150002,29.267027,218200
2016-02-19,44.590000,44.590000,43.660000,43.799999,28.391932,256800
2016-02-22,44.080002,44.799999,44.080002,44.439999,28.806789,138400
2016-02-23,44.349998,44.889999,44.220001,44.599998,28.910505,117600
2016-02-24,44.110001,45.180000,44.110001,45.049999,29.202204,117700
2016-02-25,45.169998,45.689999,44.770000,45.560001,29.532795,74500
2016-02-26,45.779999,46.070000,45.080002,45.549999,29.526312,144600
2016-02-29,45.639999,46.330002,45.619999,45.720001,29.636511,147500
2016-03-01,46.169998,46.990002,45.950001,46.209999,29.954136,99700
2016-03-02,46.139999,46.220001,45.689999,46.200001,29.947655,82100
2016-03-03,46.060001,46.400002,45.930000,46.279999,29.999510,99400
2016-03-04,46.450001,47.000000,46.049999,46.680000,30.258799,90800
2016-03-07,46.360001,46.419998,45.439999,45.669998,29.604097,138500
2016-03-08,45.189999,45.740002,45.160000,45.349998,29.396667,99600
2016-03-09,45.509998,45.759998,44.830002,45.029999,29.189240,99700
2016-03-10,45.130001,45.560001,44.380001,44.669998,28.955879,101500
2016-03-11,45.000000,45.490002,44.630001,45.410000,29.435562,84800
2016-03-14,45.169998,45.490002,44.910000,45.240002,29.325367,101100
2016-03-15,45.119999,45.209999,44.650002,44.669998,28.955879,82100
2016-03-16,44.459999,45.400002,44.439999,45.290001,29.357777,104200
2016-03-17,45.330002,46.400002,45.150002,46.090000,29.876350,119800
2016-03-18,46.369999,46.830002,46.080002,46.730000,30.291208,157200
2016-03-21,46.570000,46.730000,46.259998,46.450001,30.109709,85200
2016-03-22,46.320000,46.939999,45.939999,46.770000,30.317139,121900
2016-03-23,46.759998,47.209999,46.570000,46.830002,30.356031,154900
2016-03-24,46.580002,47.020000,46.480000,46.889999,30.394924,130600
2016-03-28,47.340000,49.270000,47.139999,48.680000,31.555233,383400
2016-03-29,48.520000,50.369999,48.520000,50.189999,32.534042,185200
2016-03-30,50.330002,50.869999,49.959999,50.209999,32.547005,190300
2016-03-31,49.869999,50.610001,49.869999,49.930000,32.365505,373600
2016-04-01,49.500000,50.840000,49.369999,50.459999,32.709061,185100
2016-04-04,50.610001,50.919998,49.630001,49.900002,32.346062,246900
2016-04-05,49.349998,50.049999,49.250000,49.470001,32.067326,212100
2016-04-06,49.709999,49.799999,49.009998,49.740002,32.242344,220200
2016-04-07,49.340000,49.709999,48.189999,48.400002,31.373734,196200
2016-04-08,48.599998,48.790001,48.340000,48.750000,31.600609,133000
2016-04-11,48.889999,49.189999,48.360001,48.410000,31.380215,136100
2016-04-12,48.459999,48.930000,48.189999,48.700001,31.568199,129600
2016-04-13,48.939999,49.590000,48.860001,49.509998,32.093254,138900
2016-04-14,49.349998,49.520000,48.860001,48.950001,31.730253,188200
2016-04-15,49.080002,49.930000,48.950001,49.849998,32.313648,302400
2016-04-18,48.849998,48.900002,47.919998,47.950001,31.082035,230100
2016-04-19,48.150002,48.340000,47.279999,47.299999,30.660692,223200
2016-04-20,47.200001,47.570000,47.130001,47.340000,30.686623,245400
2016-04-21,46.259998,46.259998,42.480000,42.610001,27.620554,716100
2016-04-22,42.220001,44.430000,42.220001,43.939999,28.482681,317000
2016-04-25,43.660000,43.939999,42.980000,43.029999,27.892803,301800
2016-04-26,43.279999,43.549999,42.830002,42.980000,27.860394,237300
2016-04-27,42.880001,43.750000,42.849998,43.610001,28.268770,273500
2016-04-28,43.540001,43.799999,43.150002,43.279999,28.054857,232100
2016-04-29,43.189999,43.189999,42.240002,42.529999,27.568695,138700
2016-05-02,42.700001,43.380001,42.549999,42.740002,27.704823,207600
2016-05-03,42.369999,42.700001,41.740002,41.799999,27.095495,182500
2016-05-04,41.570000,41.970001,41.169998,41.540001,26.926960,153200
2016-05-05,41.700001,41.830002,41.250000,41.560001,26.939924,122200
2016-05-06,41.459999,42.160000,41.299999,42.150002,27.322374,169500
2016-05-09,42.150002,42.650002,42.080002,42.419998,27.497391,162200
2016-05-10,42.709999,42.709999,41.900002,42.389999,27.477945,182800
2016-05-11,42.240002,42.330002,41.570000,41.709999,27.037157,182500
2016-05-12,41.820000,42.369999,41.750000,42.189999,27.348301,126200
2016-05-13,42.299999,42.549999,41.900002,42.000000,27.225140,95500
2016-05-16,42.139999,43.049999,41.810001,42.759998,27.717785,215000
2016-05-17,42.759998,43.029999,41.779999,42.209999,27.361265,249400
2016-05-18,42.110001,42.849998,41.930000,42.799999,27.743713,202200
2016-05-19,42.770000,43.070000,42.080002,42.369999,27.464979,93900
2016-05-20,42.619999,43.220001,42.430000,43.090000,27.931698,135800
2016-05-23,43.279999,43.310001,42.790001,42.910000,27.815018,134800
2016-05-24,43.240002,44.430000,42.970001,44.279999,28.703075,312900
2016-05-25,44.459999,44.610001,44.029999,44.540001,28.871613,191200
2016-05-26,44.549999,44.810001,44.299999,44.639999,28.936434,130700
2016-05-27,44.759998,46.110001,44.759998,45.980000,29.805046,206000
2016-05-31,45.959999,46.240002,45.509998,46.080002,29.869869,285600
2016-06-01,45.900002,46.490002,45.799999,46.450001,30.109709,176300
2016-06-02,46.349998,46.709999,45.820000,46.689999,30.265280,195800
2016-06-03,46.610001,46.610001,45.970001,46.439999,30.103226,195200
2016-06-06,46.480000,46.709999,46.240002,46.540001,30.168049,162400
2016-06-07,46.650002,46.650002,46.279999,46.369999,30.057850,130900
2016-06-08,46.380001,46.759998,45.889999,46.720001,30.284727,135900
2016-06-09,46.250000,46.590000,46.250000,46.509998,30.148600,137900
2016-06-10,45.990002,46.520000,45.990002,46.220001,29.960619,122300
2016-06-13,45.799999,46.270000,45.680000,46.110001,29.889315,181100
2016-06-14,45.980000,46.570000,45.970001,46.270000,29.993029,249300
2016-06-15,46.320000,46.330002,45.270000,45.299999,29.364258,250700
2016-06-16,45.009998,45.250000,44.610001,45.189999,29.292953,192600
2016-06-17,45.279999,45.340000,44.779999,45.080002,29.221651,275800
2016-06-20,45.709999,45.939999,45.450001,45.500000,29.493902,141500
2016-06-21,45.599998,45.799999,45.220001,45.430000,29.448526,143300
2016-06-22,45.509998,45.630001,45.240002,45.310001,29.370741,143100
2016-06-23,45.779999,45.799999,44.930000,45.299999,29.364258,444100
2016-06-24,43.369999,44.110001,42.910000,43.810001,28.398415,453100
2016-06-27,43.150002,43.150002,42.060001,42.240002,27.380713,282300
2016-06-28,42.759998,42.970001,42.310001,42.950001,27.840948,258500
2016-06-29,43.430000,43.840000,43.130001,43.759998,28.366001,224600
2016-06-30,43.820000,45.290001,43.759998,45.259998,29.338327,569300
2016-07-01,45.150002,45.330002,44.700001,44.990002,29.163311,173800
2016-07-05,44.689999,44.869999,44.130001,44.810001,29.046633,373300
2016-07-06,44.709999,45.509998,44.439999,45.360001,29.403152,372000
2016-07-07,45.590000,45.900002,45.279999,45.790001,29.681885,375900
2016-07-08,46.160000,47.169998,46.160000,47.060001,30.505121,485900
2016-07-11,47.220001,47.549999,47.209999,47.470001,30.770891,209100
2016-07-12,47.830002,48.139999,47.439999,47.650002,30.887571,274900
2016-07-13,47.570000,48.040001,47.049999,47.779999,30.971836,186300
2016-07-14,48.250000,48.410000,47.630001,47.639999,30.881086,192100
2016-07-15,47.680000,47.970001,45.950001,46.160000,29.921724,454300
2016-07-18,46.349998,46.700001,45.669998,45.820000,29.701330,378700
2016-07-19,45.630001,45.959999,45.490002,45.529999,29.513348,222200
2016-07-20,45.759998,46.230000,45.689999,46.090000,29.876350,242300
2016-07-21,46.500000,47.099998,43.840000,44.029999,28.541021,437800
2016-07-22,43.689999,44.160000,43.570000,43.830002,28.411379,281400
2016-07-25,43.770000,45.150002,43.770000,45.080002,29.221651,294500
2016-07-26,45.099998,45.650002,45.049999,45.520000,29.506866,197700
2016-07-27,45.490002,45.570000,45.310001,45.509998,29.500383,173400
2016-07-28,45.599998,45.599998,45.200001,45.349998,29.396667,126100
2016-07-29,45.240002,45.459999,44.820000,45.310001,29.370741,219500
2016-08-01,45.349998,45.950001,44.950001,45.820000,29.701330,196900
2016-08-02,45.700001,46.020000,45.139999,45.200001,29.299437,298600
2016-08-03,45.080002,45.509998,44.790001,45.320000,29.377222,170700
2016-08-04,45.320000,45.450001,45.040001,45.160000,29.273508,117800
2016-08-05,45.290001,45.970001,45.209999,45.939999,29.779116,166800
2016-08-08,45.939999,46.660000,45.000000,45.630001,29.578171,126000
2016-08-09,45.599998,45.930000,45.450001,45.549999,29.526312,111700
2016-08-10,45.490002,45.750000,45.419998,45.570000,29.539276,101000
2016-08-11,45.669998,45.959999,45.520000,45.549999,29.526312,61500
2016-08-12,45.439999,45.639999,45.259998,45.540001,29.519831,146400
2016-08-15,45.720001,46.470001,45.570000,45.840000,29.714296,108100
2016-08-16,45.799999,45.799999,45.279999,45.279999,29.351294,80600
2016-08-17,45.189999,45.669998,45.040001,45.250000,29.331848,96200
2016-08-18,45.189999,45.610001,44.889999,45.230000,29.318882,231300
2016-08-19,45.189999,45.709999,44.860001,45.380001,29.416117,225700
2016-08-22,45.200001,46.250000,45.099998,46.209999,29.954136,202000
2016-08-23,46.230000,46.820000,46.230000,46.509998,30.148600,113700
2016-08-24,46.520000,46.889999,46.340000,46.459999,30.116190,79400
2016-08-25,46.290001,46.630001,46.270000,46.540001,30.168049,89100
2016-08-26,46.560001,46.950001,46.080002,46.220001,29.960619,127900
2016-08-29,46.320000,46.889999,46.110001,46.200001,29.947655,155700
2016-08-30,46.320000,46.470001,45.950001,46.419998,30.090261,116800
2016-08-31,46.299999,46.439999,45.910000,46.169998,29.928205,146800
2016-09-01,46.290001,46.590000,45.820000,46.320000,30.025440,207800
2016-09-02,46.560001,46.599998,43.500000,44.009998,28.528057,608000
2016-09-06,44.240002,44.240002,42.220001,42.430000,27.503874,517400
2016-09-07,42.490002,43.389999,42.439999,42.520000,27.562214,342300
2016-09-08,42.299999,42.430000,41.139999,41.860001,27.134390,299500
2016-09-09,41.439999,41.580002,40.680000,40.689999,26.375975,201500
2016-09-12,46.020000,46.500000,42.689999,45.720001,29.636511,1345000
2016-09-13,45.099998,45.830002,43.110001,43.520000,28.210430,959100
2016-09-14,43.369999,43.549999,42.240002,43.040001,27.899286,569400
2016-09-15,42.650002,43.029999,41.009998,42.570000,27.594624,755100
2016-09-16,42.650002,42.709999,41.580002,42.090000,27.283480,814100
2016-09-19,42.669998,42.799999,42.200001,42.480000,27.536283,518700
2016-09-20,42.590000,43.869999,42.119999,42.980000,27.860394,824700
2016-09-21,43.209999,43.430000,42.810001,43.119999,27.951143,641700
2016-09-22,42.680000,43.189999,42.180000,42.820000,27.756678,569800
2016-09-23,42.279999,42.680000,41.259998,41.299999,26.771387,767100
2016-09-26,41.209999,41.250000,40.779999,40.840000,26.473207,844500
2016-09-27,40.889999,41.459999,40.810001,41.090000,26.635262,938000
2016-09-28,41.439999,41.709999,40.880001,41.650002,26.998264,1032200
2016-09-29,41.720001,41.950001,41.320000,41.470001,26.881586,706100
2016-09-30,41.580002,42.070000,41.299999,41.910000,27.166800,788200
2016-10-03,42.029999,43.189999,41.910000,42.639999,27.639999,1598200
2016-10-04,27.750000,27.750000,25.150000,26.059999,26.059999,4210600
2016-10-05,26.260000,26.260000,25.559999,26.049999,26.049999,2473500
2016-10-06,25.990000,27.080000,25.809999,26.959999,26.959999,1753700
2016-10-07,26.990000,27.030001,26.150000,26.500000,26.500000,957100
2016-10-10,26.799999,27.000000,26.549999,26.809999,26.809999,670800
2016-10-11,26.790001,26.790001,25.889999,25.940001,25.940001,1288600
2016-10-12,26.040001,26.469999,26.020000,26.459999,26.459999,627000
2016-10-13,26.320000,26.600000,25.980000,26.490000,26.490000,587100
2016-10-14,26.400000,26.820000,26.370001,26.430000,26.430000,442500
2016-10-17,26.620001,26.620001,26.230000,26.260000,26.260000,323100
2016-10-18,26.639999,26.639999,26.260000,26.510000,26.510000,577300
2016-10-19,26.500000,26.549999,26.280001,26.440001,26.440001,434100
2016-10-20,24.850000,24.879999,21.879999,22.629999,22.629999,3497300
2016-10-21,22.309999,22.639999,21.219999,21.379999,21.379999,1897800
2016-10-24,20.860001,21.160000,20.080000,20.600000,20.600000,1501500
2016-10-25,20.590000,20.799999,20.410000,20.440001,20.440001,902200
2016-10-26,20.400000,20.809999,20.219999,20.240000,20.240000,1086900
2016-10-27,20.379999,20.570000,20.260000,20.459999,20.459999,656200
2016-10-28,20.520000,20.670000,20.100000,20.190001,20.190001,565500
2016-10-31,20.270000,20.309999,19.920000,20.100000,20.100000,1022000
2016-11-01,20.170000,20.190001,19.959999,20.059999,20.059999,740100
2016-11-02,20.000000,20.459999,19.950001,20.180000,20.180000,460700
2016-11-03,20.209999,20.309999,19.860001,19.889999,19.889999,467700
2016-11-04,19.760000,19.760000,19.160000,19.200001,19.200001,901100
2016-11-07,19.559999,19.639999,19.270000,19.400000,19.400000,709100
2016-11-08,19.400000,19.559999,18.790001,18.799999,18.799999,684500
2016-11-09,18.850000,19.200001,18.000000,18.790001,18.790001,819300
2016-11-10,19.070000,19.330000,18.740000,18.980000,18.980000,611800
2016-11-11,18.969999,19.290001,18.959999,19.139999,19.139999,491300
2016-11-14,19.260000,20.360001,19.240000,20.330000,20.330000,1038100
2016-11-15,20.350000,20.469999,19.799999,20.150000,20.150000,897900
2016-11-16,19.969999,20.120001,19.250000,19.410000,19.410000,932200
2016-11-17,19.690001,19.959999,19.410000,19.530001,19.530001,1250200
2016-11-18,19.530001,19.740000,19.370001,19.639999,19.639999,784700
2016-11-21,19.719999,19.830000,19.270000,19.389999,19.389999,692700
2016-11-22,19.389999,19.980000,19.219999,19.940001,19.940001,1019400
2016-11-23,20.030001,20.549999,20.000000,20.150000,20.150000,669900
2016-11-25,20.209999,20.290001,20.030001,20.170000,20.170000,263900
2016-11-28,20.200001,20.430000,19.690001,19.709999,19.709999,822000
2016-11-29,19.680000,19.850000,19.400000,19.400000,19.400000,480500
2016-11-30,19.610001,19.610001,19.299999,19.400000,19.400000,1205100
2016-12-01,19.549999,19.799999,19.309999,19.620001,19.620001,1172600
2016-12-02,19.530001,19.870001,19.430000,19.809999,19.809999,618000
2016-12-05,19.920000,20.190001,19.610001,19.760000,19.760000,642300
2016-12-06,19.889999,20.010000,19.430000,19.959999,19.959999,793400
2016-12-07,20.040001,20.389999,20.020000,20.270000,20.270000,687100
2016-12-08,20.250000,20.309999,20.139999,20.150000,20.150000,420900
2016-12-09,20.080000,20.150000,19.840000,19.889999,19.889999,485400
2016-12-12,19.850000,19.950001,19.719999,19.889999,19.889999,314400
2016-12-13,19.889999,20.440001,19.889999,20.440001,20.440001,367900
2016-12-14,20.440001,20.549999,19.950001,20.000000,20.000000,407500
2016-12-15,19.990000,20.200001,19.850000,20.090000,20.090000,476500
2016-12-16,20.080000,20.190001,20.020000,20.090000,20.090000,510700
2016-12-19,20.000000,20.559999,19.959999,20.540001,20.540001,533700
2016-12-20,20.650000,20.820000,20.270000,20.290001,20.290001,332900
2016-12-21,20.290001,20.440001,19.420000,19.440001,19.440001,618800
2016-12-22,19.450001,19.799999,19.309999,19.740000,19.740000,428600
2016-12-23,19.700001,19.969999,19.639999,19.790001,19.790001,243500
2016-12-27,19.809999,20.180000,19.809999,19.990000,19.990000,216200
2016-12-28,19.990000,20.049999,19.620001,19.680000,19.680000,218000
2016-12-29,19.700001,19.920000,19.660000,19.799999,19.799999,182300
2016-12-30,19.820000,19.840000,19.540001,19.790001,19.790001,238300
2017-01-03,19.889999,20.110001,19.620001,19.920000,19.920000,998400
2017-01-04,20.049999,20.660000,20.020000,20.549999,20.549999,476700
2017-01-05,20.540001,20.930000,19.870001,20.340000,20.340000,527000
2017-01-06,20.270000,20.610001,20.160000,20.389999,20.389999,275300
2017-01-09,20.400000,20.600000,20.110001,20.430000,20.430000,432700
2017-01-10,20.680000,21.150000,20.620001,20.920000,20.920000,413100
2017-01-11,20.840000,21.000000,20.740000,20.930000,20.930000,342900
2017-01-12,20.860001,21.330000,20.629999,21.280001,21.280001,529500
2017-01-13,21.340000,21.730000,21.070000,21.209999,21.209999,343900
2017-01-17,21.100000,21.219999,20.900000,21.200001,21.200001,271600
2017-01-18,21.100000,21.129999,20.900000,21.120001,21.120001,313300
2017-01-19,21.120001,21.160000,20.870001,21.040001,21.040001,391300
2017-01-20,21.139999,21.270000,21.010000,21.250000,21.250000,343600
2017-01-23,21.190001,21.330000,20.969999,21.000000,21.000000,352800
2017-01-24,21.010000,21.299999,20.760000,21.200001,21.200001,327600
2017-01-25,21.389999,21.670000,21.320000,21.540001,21.540001,374700
2017-01-26,21.510000,21.540001,21.270000,21.320000,21.320000,295400
2017-01-27,21.320000,21.360001,21.070000,21.090000,21.090000,196000
2017-01-30,21.350000,21.500000,21.010000,21.200001,21.200001,1183900
2017-01-31,21.139999,21.139999,20.770000,21.059999,21.059999,383500
2017-02-01,21.240000,21.299999,20.730000,20.799999,20.799999,428800
2017-02-02,20.820000,21.100000,20.600000,20.840000,20.840000,299800
2017-02-03,20.870001,21.330000,20.809999,21.299999,21.299999,453600
2017-02-06,21.350000,21.350000,21.049999,21.080000,21.080000,292000
2017-02-07,21.180000,21.180000,20.580000,20.700001,20.700001,338700
2017-02-08,20.750000,21.240000,20.610001,21.139999,21.139999,407700
2017-02-09,21.080000,21.709999,21.080000,21.680000,21.680000,300200
2017-02-10,21.629999,22.280001,21.580000,22.240000,22.240000,562100
2017-02-13,22.410000,22.510000,22.219999,22.490000,22.490000,458400
2017-02-14,22.400000,22.590000,22.000000,22.520000,22.520000,449600
2017-02-15,22.480000,23.540001,22.430000,23.330000,23.330000,1090800
2017-02-16,21.900000,21.950001,19.049999,19.260000,19.260000,5323300
2017-02-17,19.320000,19.370001,18.570000,18.639999,18.639999,2370900
2017-02-21,18.750000,19.250000,18.570000,18.860001,18.860001,1221400
2017-02-22,18.780001,19.040001,18.510000,18.809999,18.809999,760600
2017-02-23,18.799999,18.799999,18.440001,18.459999,18.459999,592800
2017-02-24,18.219999,18.350000,17.799999,17.980000,17.980000,793600
2017-02-27,17.889999,18.070000,17.670000,17.900000,17.900000,885400
2017-02-28,17.809999,18.110001,17.690001,17.690001,17.690001,583900
2017-03-01,17.910000,18.290001,17.700001,18.030001,18.030001,822500
2017-03-02,18.030001,18.200001,17.780001,18.120001,18.120001,815000
2017-03-03,18.049999,18.160000,17.530001,17.610001,17.610001,538100
2017-03-06,17.549999,17.719999,17.350000,17.639999,17.639999,622900
2017-03-07,17.580000,17.700001,17.450001,17.639999,17.639999,750500
2017-03-08,17.660000,17.840000,17.530001,17.570000,17.570000,505000
2017-03-09,17.580000,17.639999,17.330000,17.520000,17.520000,745100
2017-03-10,17.590000,17.830000,17.459999,17.540001,17.540001,313100
2017-03-13,17.540001,17.790001,17.469999,17.670000,17.670000,399800
2017-03-14,17.610001,17.740000,17.559999,17.660000,17.660000,238300
2017-03-15,17.690001,17.770000,17.430000,17.440001,17.440001,572100
2017-03-16,17.450001,17.580000,17.110001,17.410000,17.410000,584100
2017-03-17,17.410000,17.780001,17.299999,17.639999,17.639999,582400
2017-03-20,17.639999,17.639999,17.260000,17.379999,17.379999,400800
2017-03-21,17.459999,17.459999,16.920000,16.930000,16.930000,608900
2017-03-22,16.910000,16.940001,16.450001,16.709999,16.709999,684900
2017-03-23,16.690001,17.080000,16.670000,16.770000,16.770000,447400
2017-03-24,16.770000,16.809999,16.350000,16.379999,16.379999,496900
2017-03-27,16.270000,16.580000,16.219999,16.490000,16.490000,690200
2017-03-28,16.450001,16.740000,16.410000,16.719999,16.719999,892600
2017-03-29,16.700001,17.150000,16.549999,17.059999,17.059999,760100
2017-03-30,17.040001,17.080000,16.719999,16.799999,16.799999,291300
2017-03-31,16.809999,17.010000,16.809999,16.830000,16.830000,342000
2017-04-03,16.850000,16.959999,16.540001,16.580000,16.580000,461600
2017-04-04,16.510000,16.730000,16.459999,16.660000,16.660000,594600
2017-04-05,16.709999,16.900000,16.620001,16.700001,16.700001,521900
2017-04-06,16.709999,16.910000,16.670000,16.850000,16.850000,465200
2017-04-07,16.790001,16.910000,16.540001,16.889999,16.889999,419500
2017-04-10,16.879999,17.170000,16.799999,16.879999,16.879999,447200
2017-04-11,16.830000,16.930000,16.690001,16.719999,16.719999,276100
2017-04-12,16.690001,16.700001,16.480000,16.639999,16.639999,1150900
2017-04-13,16.610001,17.670000,16.610001,17.370001,17.370001,653400
2017-04-17,17.299999,17.309999,16.610001,16.790001,16.790001,654800
2017-04-18,16.809999,17.520000,16.709999,17.469999,17.469999,709300
2017-04-19,17.410000,17.670000,17.020000,17.590000,17.590000,751400
2017-04-20,16.219999,16.940001,15.820000,16.709999,16.709999,1828400
2017-04-21,16.639999,17.290001,16.549999,17.209999,17.209999,1851300
2017-04-24,17.389999,17.480000,16.450001,16.490000,16.490000,1344100
2017-04-25,16.540001,17.379999,16.540001,17.020000,17.020000,947600
2017-04-26,17.129999,17.299999,16.900000,17.180000,17.180000,598600
2017-04-27,17.510000,17.860001,17.469999,17.650000,17.650000,846500
2017-04-28,17.690001,17.860001,17.440001,17.610001,17.610001,770600
2017-05-01,17.670000,17.860001,17.459999,17.600000,17.600000,617100
2017-05-02,17.680000,17.790001,17.469999,17.610001,17.610001,394800
2017-05-03,17.540001,17.620001,17.059999,17.549999,17.549999,699100
2017-05-04,17.580000,18.000000,17.559999,17.959999,17.959999,502000
2017-05-05,18.120001,18.650000,17.820000,18.620001,18.620001,646000
2017-05-08,18.660000,18.730000,18.350000,18.500000,18.500000,349400
2017-05-09,18.559999,18.639999,18.370001,18.500000,18.500000,336400
2017-05-10,18.459999,18.549999,18.110001,18.510000,18.510000,402000
2017-05-11,18.480000,18.590000,18.200001,18.459999,18.459999,324100
2017-05-12,18.389999,18.549999,18.250000,18.410000,18.410000,303800
2017-05-15,18.450001,18.770000,18.330000,18.760000,18.760000,319300
2017-05-16,18.770000,18.840000,18.520000,18.760000,18.760000,337000
2017-05-17,18.610001,18.760000,18.459999,18.600000,18.600000,587800
2017-05-18,18.600000,18.670000,18.440001,18.559999,18.559999,544700
2017-05-19,18.590000,18.700001,18.410000,18.500000,18.500000,510100
2017-05-22,18.520000,18.900000,18.510000,18.809999,18.809999,369000
2017-05-23,18.780001,18.959999,18.240000,18.309999,18.309999,584400
2017-05-24,18.309999,18.590000,18.250000,18.410000,18.410000,480500
2017-05-25,18.530001,18.709999,18.320000,18.490000,18.490000,388200
2017-05-26,18.430000,18.440001,18.120001,18.160000,18.160000,245300
2017-05-30,18.120001,18.200001,17.770000,17.780001,17.780001,317000
2017-05-31,17.799999,17.820000,17.410000,17.480000,17.480000,399400
2017-06-01,17.459999,17.719999,17.230000,17.490000,17.490000,706000
2017-06-02,17.490000,17.540001,17.270000,17.389999,17.389999,369000
2017-06-05,17.389999,17.530001,17.190001,17.209999,17.209999,214700
2017-06-06,17.139999,17.299999,17.070000,17.090000,17.090000,351200
2017-06-07,17.100000,17.160000,16.590000,16.620001,16.620001,363000
2017-06-08,16.650000,16.799999,16.490000,16.620001,16.620001,336600
2017-06-09,16.670000,16.770000,16.459999,16.520000,16.520000,309800
2017-06-12,16.540001,17.010000,16.530001,16.709999,16.709999,344500
2017-06-13,16.730000,16.780001,16.520000,16.559999,16.559999,307800
2017-06-14,16.570000,16.820000,16.420000,16.680000,16.680000,230800
2017-06-15,16.559999,16.650000,16.370001,16.530001,16.530001,199000
2017-06-16,16.420000,16.490000,16.129999,16.420000,16.420000,348500
2017-06-19,16.440001,16.520000,16.250000,16.469999,16.469999,194600
2017-06-20,16.459999,16.480000,16.209999,16.219999,16.219999,262700
2017-06-21,16.230000,16.450001,16.170000,16.400000,16.400000,210700
2017-06-22,16.379999,16.520000,16.219999,16.440001,16.440001,215100
2017-06-23,16.430000,16.680000,16.320000,16.510000,16.510000,283900
2017-06-26,16.540001,16.750000,16.540001,16.639999,16.639999,139000
2017-06-27,16.580000,16.950001,16.430000,16.930000,16.930000,489500
2017-06-28,16.990000,17.080000,16.730000,17.049999,17.049999,231900
2017-06-29,17.040001,17.049999,16.690001,16.879999,16.879999,127300
2017-06-30,16.930000,17.059999,16.840000,16.959999,16.959999,201900
2017-07-03,16.990000,17.139999,16.790001,16.990000,16.990000,99900
2017-07-05,16.879999,16.950001,16.090000,16.160000,16.160000,442100
2017-07-06,16.070000,16.340000,15.880000,15.950000,15.950000,235000
2017-07-07,15.960000,16.170000,15.940000,16.160000,16.160000,185800
2017-07-10,16.170000,16.290001,16.040001,16.090000,16.090000,169900
2017-07-11,16.180000,16.299999,16.030001,16.230000,16.230000,156500
2017-07-12,16.420000,16.600000,16.270000,16.559999,16.559999,322300
2017-07-13,16.549999,16.700001,16.340000,16.660000,16.660000,173900
2017-07-14,16.660000,16.900000,16.660000,16.719999,16.719999,143300
2017-07-17,16.740000,16.820000,16.610001,16.740000,16.740000,155900
2017-07-18,16.610001,16.740000,16.469999,16.610001,16.610001,123400
2017-07-19,16.610001,16.900000,16.510000,16.860001,16.860001,269400
2017-07-20,17.700001,19.950001,17.549999,18.590000,18.590000,2515900
2017-07-21,18.809999,19.700001,18.719999,19.400000,19.400000,1362000
2017-07-24,19.570000,19.680000,19.209999,19.440001,19.440001,514800
2017-07-25,19.430000,19.700001,19.209999,19.620001,19.620001,630400
2017-07-26,19.650000,19.900000,19.459999,19.820000,19.820000,495100
2017-07-27,19.840000,20.370001,19.730000,19.809999,19.809999,465800
2017-07-28,19.730000,19.889999,19.559999,19.730000,19.730000,336400
2017-07-31,19.740000,19.879999,19.340000,19.490000,19.490000,417400
2017-08-01,19.459999,19.570000,19.340000,19.520000,19.520000,541700
2017-08-02,19.420000,19.420000,18.950001,18.969999,18.969999,439000
2017-08-03,18.980000,19.290001,18.799999,18.830000,18.830000,402900
2017-08-04,18.860001,19.030001,18.510000,18.670000,18.670000,333900
2017-08-07,18.639999,18.770000,18.360001,18.410000,18.410000,384800
2017-08-08,18.360001,18.799999,18.360001,18.440001,18.440001,291600
2017-08-09,18.350000,18.629999,18.299999,18.360001,18.360001,283400
2017-08-10,18.320000,18.389999,18.129999,18.200001,18.200001,366600
2017-08-11,18.209999,18.299999,18.129999,18.260000,18.260000,324700
2017-08-14,18.350000,18.670000,18.330000,18.620001,18.620001,322800
2017-08-15,18.680000,18.709999,18.469999,18.580000,18.580000,318100
2017-08-16,18.600000,18.760000,18.440001,18.450001,18.450001,394900
2017-08-17,18.580000,18.920000,18.389999,18.750000,18.750000,487200
2017-08-18,18.570000,18.570000,17.980000,18.010000,18.010000,386400
2017-08-21,18.000000,18.219999,17.879999,18.170000,18.170000,313000
2017-08-22,18.180000,18.280001,18.059999,18.129999,18.129999,220200
2017-08-23,18.120001,18.209999,17.879999,18.170000,18.170000,376000
2017-08-24,18.190001,18.389999,17.790001,17.860001,17.860001,285200
2017-08-25,17.940001,18.170000,17.930000,18.059999,18.059999,215400
2017-08-28,18.059999,18.120001,17.980000,18.080000,18.080000,196400
2017-08-29,17.959999,18.379999,17.959999,18.360001,18.360001,303200
2017-08-30,18.290001,18.360001,18.020000,18.049999,18.049999,180400
2017-08-31,18.070000,18.209999,17.959999,18.059999,18.059999,269400
2017-09-01,18.070000,18.240000,17.980000,18.129999,18.129999,263000
2017-09-05,18.020000,18.110001,17.830000,18.010000,18.010000,390200
2017-09-06,18.080000,18.190001,17.990000,18.139999,18.139999,281300
2017-09-07,18.160000,18.459999,18.129999,18.230000,18.230000,298500
2017-09-08,18.170000,18.330000,17.959999,18.260000,18.260000,214100
2017-09-11,18.340000,18.969999,18.200001,18.850000,18.850000,421000
2017-09-12,18.860001,18.910000,18.530001,18.719999,18.719999,278200
2017-09-13,18.709999,18.889999,18.629999,18.690001,18.690001,196400
2017-09-14,18.600000,18.600000,18.100000,18.150000,18.150000,227200
2017-09-15,18.190001,18.219999,17.969999,18.090000,18.090000,781300
2017-09-18,18.100000,18.540001,18.100000,18.410000,18.410000,261700
2017-09-19,18.440001,18.450001,18.260000,18.389999,18.389999,192900
2017-09-20,18.360001,18.580000,18.309999,18.490000,18.490000,309800
2017-09-21,18.480000,18.709999,18.430000,18.660000,18.660000,342500
2017-09-22,18.650000,19.150000,18.650000,19.059999,19.059999,300900
2017-09-25,18.990000,19.490000,18.840000,19.200001,19.200001,509200
2017-09-26,19.270000,19.440001,19.049999,19.250000,19.250000,307100
2017-09-27,19.290001,19.740000,19.250000,19.580000,19.580000,239900
2017-09-28,19.540001,19.629999,19.309999,19.480000,19.480000,237400
2017-09-29,19.490000,19.700001,18.760000,19.650000,19.650000,233500
2017-10-02,19.680000,19.709999,19.520000,19.660000,19.660000,494900
2017-10-03,19.670000,19.750000,19.340000,19.410000,19.410000,354900
2017-10-04,19.410000,19.670000,19.260000,19.309999,19.309999,244100
2017-10-05,19.330000,19.639999,19.309999,19.590000,19.590000,283100
2017-10-06,19.559999,19.660000,19.430000,19.580000,19.580000,179100
2017-10-09,19.590000,19.730000,19.480000,19.500000,19.500000,137000
2017-10-10,19.570000,19.830000,19.450001,19.790001,19.790001,439600
2017-10-11,19.799999,20.100000,19.600000,19.770000,19.770000,348900
2017-10-12,19.750000,19.879999,19.610001,19.809999,19.809999,206400
2017-10-13,19.690001,19.799999,19.240000,19.389999,19.389999,265200
2017-10-16,19.410000,19.740000,18.820000,19.100000,19.100000,782400
2017-10-17,22.049999,24.500000,21.010000,24.299999,24.299999,3550800
2017-10-18,25.120001,25.799999,23.660000,23.670000,23.670000,2636100
2017-10-19,24.260000,24.600000,23.590000,23.990000,23.990000,1485600
2017-10-20,24.000000,24.440001,23.930000,24.250000,24.250000,911400
2017-10-23,24.240000,24.770000,23.969999,24.379999,24.379999,779100
2017-10-24,24.410000,24.450001,23.860001,23.910000,23.910000,460400
2017-10-25,23.670000,23.889999,23.219999,23.309999,23.309999,787800
2017-10-26,23.340000,23.540001,23.059999,23.360001,23.360001,472500
2017-10-27,23.250000,23.360001,22.670000,22.820000,22.820000,484400
2017-10-30,22.750000,22.840000,22.520000,22.760000,22.760000,342900
2017-10-31,22.770000,23.440001,22.770000,23.360001,23.360001,457300
2017-11-01,23.379999,23.570000,22.830000,23.250000,23.250000,465000
2017-11-02,23.219999,23.780001,23.090000,23.559999,23.559999,811600
2017-11-03,23.549999,23.780001,23.059999,23.610001,23.610001,632800
2017-11-06,23.190001,23.709999,23.170000,23.549999,23.549999,353600
2017-11-07,23.530001,23.730000,23.120001,23.379999,23.379999,362100
2017-11-08,23.370001,23.920000,23.129999,23.709999,23.709999,437800
2017-11-09,23.559999,23.969999,23.389999,23.750000,23.750000,642600
2017-11-10,23.680000,23.700001,23.120001,23.389999,23.389999,373000
2017-11-13,23.230000,23.790001,22.820000,23.559999,23.559999,630400
2017-11-14,23.620001,25.590000,23.620001,25.080000,25.080000,1460600
2017-11-15,24.910000,24.930000,24.059999,24.270000,24.270000,647200
2017-11-16,24.360001,24.889999,24.270000,24.860001,24.860001,559300
2017-11-17,24.820000,25.160000,24.709999,25.120001,25.120001,481000
2017-11-20,25.090000,25.290001,24.860001,25.150000,25.150000,695600
2017-11-21,25.209999,25.299999,25.090000,25.200001,25.200001,516700
2017-11-22,25.260000,25.510000,25.200001,25.240000,25.240000,205200
2017-11-24,25.270000,25.400000,25.100000,25.180000,25.180000,108200
2017-11-27,25.240000,25.330000,24.940001,25.240000,25.240000,242900
2017-11-28,25.320000,25.770000,25.320000,25.590000,25.590000,220100
2017-11-29,25.629999,25.740000,25.350000,25.510000,25.510000,309700
2017-11-30,25.580000,25.799999,25.430000,25.610001,25.610001,292300
2017-12-01,25.629999,25.700001,24.850000,25.350000,25.350000,616700
2017-12-04,25.379999,25.809999,25.309999,25.430000,25.430000,445200
2017-12-05,25.370001,25.629999,25.020000,25.209999,25.209999,459500
2017-12-06,25.219999,25.530001,25.190001,25.400000,25.400000,298700
2017-12-07,25.400000,25.639999,25.180000,25.400000,25.400000,283400
2017-12-08,25.510000,25.900000,25.360001,25.680000,25.680000,346200
2017-12-11,25.620001,25.889999,25.559999,25.870001,25.870001,229600
2017-12-12,24.000000,25.330000,24.000000,25.290001,25.290001,458900
2017-12-13,25.320000,25.620001,24.570000,25.290001,25.290001,322800
2017-12-14,25.299999,25.620001,25.200001,25.260000,25.260000,289900
2017-12-15,25.350000,25.650000,25.280001,25.570000,25.570000,566300
2017-12-18,25.670000,26.240000,25.670000,26.209999,26.209999,327300
2017-12-19,26.280001,26.330000,25.540001,25.590000,25.590000,392900
2017-12-20,25.719999,25.990000,25.450001,25.559999,25.559999,189800
2017-12-21,24.830000,25.410000,24.160000,24.920000,24.920000,245700
2017-12-22,24.820000,24.990000,24.690001,24.730000,24.730000,159800
2017-12-26,24.680000,25.000000,24.680000,24.709999,24.709999,173100
2017-12-27,24.719999,24.750000,24.260000,24.400000,24.400000,205800
2017-12-28,24.459999,24.500000,24.000000,24.160000,24.160000,269700
2017-12-29,23.190001,23.430000,22.340000,22.990000,22.990000,800500
2018-01-02,23.070000,23.639999,23.049999,23.400000,23.400000,549000
2018-01-03,23.389999,23.600000,23.120001,23.299999,23.299999,488200
2018-01-04,23.299999,23.830000,23.290001,23.799999,23.799999,268700
2018-01-05,23.870001,24.000000,23.260000,23.670000,23.670000,418700
2018-01-08,23.629999,23.930000,23.440001,23.860001,23.860001,266300
2018-01-09,23.870001,24.200001,23.610001,23.639999,23.639999,205600
2018-01-10,23.500000,23.809999,23.290001,23.700001,23.700001,261700
2018-01-11,23.690001,23.920000,23.620001,23.730000,23.730000,383100
2018-01-12,23.740000,23.809999,23.309999,23.500000,23.500000,457600
2018-01-16,23.520000,23.680000,23.370001,23.379999,23.379999,326200
2018-01-17,23.530001,23.750000,23.420000,23.620001,23.620001,406200
2018-01-18,23.610001,23.840000,23.420000,23.480000,23.480000,306500
2018-01-19,23.480000,23.740000,23.389999,23.540001,23.540001,367900
2018-01-22,23.530001,23.900000,23.490000,23.549999,23.549999,491500
2018-01-23,23.600000,23.840000,23.450001,23.639999,23.639999,256400
2018-01-24,23.680000,23.860001,23.330000,23.520000,23.520000,390100
2018-01-25,23.660000,23.860001,23.420000,23.540001,23.540001,655700
2018-01-26,23.570000,23.879999,23.410000,23.610001,23.610001,488200
2018-01-29,23.490000,23.920000,22.799999,22.889999,22.889999,364600
2018-01-30,22.780001,22.860001,22.559999,22.680000,22.680000,236900
2018-01-31,22.750000,22.889999,22.230000,22.549999,22.549999,251200
2018-02-01,22.420000,22.760000,22.350000,22.730000,22.730000,439300
2018-02-02,22.530001,22.540001,22.110001,22.250000,22.250000,515600
2018-02-05,22.660000,23.540001,21.250000,21.270000,21.270000,400000
2018-02-06,20.850000,21.570000,20.670000,21.360001,21.360001,505100
2018-02-07,21.400000,21.760000,21.250000,21.500000,21.500000,507200
2018-02-08,21.540001,22.480000,21.190001,21.200001,21.200001,481200
2018-02-09,21.370001,21.700001,21.049999,21.480000,21.480000,816700
2018-02-12,21.570000,21.969999,21.120001,21.660000,21.660000,499800
2018-02-13,21.540001,21.719999,21.330000,21.660000,21.660000,438900
2018-02-14,21.500000,22.260000,21.370001,21.910000,21.910000,508000
2018-02-15,24.100000,26.100000,23.400000,25.709999,25.709999,1739300
2018-02-16,25.840000,27.160000,25.809999,26.870001,26.870001,972100
2018-02-20,26.770000,27.590000,26.629999,27.059999,27.059999,639900
2018-02-21,27.049999,27.389999,26.930000,26.930000,26.930000,516000
2018-02-22,27.080000,27.080000,26.580000,26.620001,26.620001,238400
2018-02-23,26.830000,27.010000,26.520000,26.980000,26.980000,339400
2018-02-26,27.010000,27.010000,26.379999,26.639999,26.639999,636700
2018-02-27,26.709999,26.840000,26.540001,26.680000,26.680000,736300
2018-02-28,26.790001,27.010000,26.590000,26.850000,26.850000,523400
2018-03-01,26.840000,26.980000,26.270000,26.690001,26.690001,630200
2018-03-02,26.660000,27.379999,26.469999,27.309999,27.309999,516500
2018-03-05,27.180000,27.350000,26.900000,27.250000,27.250000,323800
2018-03-06,27.209999,27.490000,27.049999,27.370001,27.370001,348000
2018-03-07,27.240000,27.680000,27.209999,27.440001,27.440001,326400
2018-03-08,27.570000,27.719999,27.110001,27.350000,27.350000,297700
2018-03-09,27.540001,27.610001,27.219999,27.410000,27.410000,470100
2018-03-12,27.500000,27.690001,27.370001,27.410000,27.410000,465200
2018-03-13,27.500000,27.690001,27.299999,27.330000,27.330000,583600
2018-03-14,27.430000,27.570000,27.030001,27.270000,27.270000,629600
2018-03-15,27.330000,27.420000,26.709999,27.290001,27.290001,491000
2018-03-16,27.299999,27.520000,27.049999,27.100000,27.100000,741500
2018-03-19,26.940001,27.010000,26.670000,26.780001,26.780001,349800
2018-03-20,26.870001,27.059999,26.660000,26.830000,26.830000,552100
2018-03-21,26.879999,27.219999,26.840000,26.889999,26.889999,429000
2018-03-22,26.760000,26.990000,26.190001,26.209999,26.209999,340900
2018-03-23,26.200001,26.200001,25.590000,25.610001,25.610001,333600
2018-03-26,25.950001,26.340000,25.600000,25.930000,25.930000,303800
2018-03-27,26.070000,26.150000,25.320000,25.420000,25.420000,355000
2018-03-28,25.440001,25.549999,25.180000,25.389999,25.389999,306400
2018-03-29,25.400000,25.719999,25.309999,25.530001,25.530001,249600
2018-04-02,25.480000,25.660000,25.010000,25.160000,25.160000,275100
2018-04-03,25.219999,26.120001,25.059999,25.219999,25.219999,424300
2018-04-04,25.000000,25.450001,24.959999,25.379999,25.379999,432500
2018-04-05,25.530001,25.840000,25.379999,25.510000,25.510000,365400
2018-04-06,25.360001,25.520000,24.879999,25.059999,25.059999,285800
2018-04-09,25.190001,25.350000,24.980000,24.990000,24.990000,257000
2018-04-10,25.219999,25.450001,25.030001,25.250000,25.250000,359800
2018-04-11,25.070000,25.440001,24.990000,25.010000,25.010000,370400
2018-04-12,25.110001,25.549999,25.070000,25.420000,25.420000,332200
2018-04-13,25.450001,25.530001,25.110001,25.280001,25.280001,392900
2018-04-16,25.459999,25.910000,25.459999,25.620001,25.620001,417400
2018-04-17,25.879999,25.990000,25.530001,25.920000,25.920000,445100
2018-04-18,26.120001,26.549999,25.780001,26.309999,26.309999,819700
2018-04-19,27.549999,28.000000,25.360001,27.879999,27.879999,1135400
2018-04-20,28.230000,28.450001,27.299999,28.139999,28.139999,814300
2018-04-23,28.330000,28.510000,27.820000,27.940001,27.940001,551200
2018-04-24,27.930000,28.719999,27.930000,28.170000,28.170000,627200
2018-04-25,28.240000,28.690001,27.910000,28.469999,28.469999,646900
2018-04-26,28.600000,29.370001,28.299999,29.150000,29.150000,481500
2018-04-27,29.180000,29.309999,28.820000,28.990000,28.990000,193500
2018-04-30,29.100000,29.290001,28.750000,28.879999,28.879999,444600
2018-05-01,28.879999,29.160000,28.520000,28.990000,28.990000,486100
2018-05-02,29.049999,29.049999,28.790001,28.900000,28.900000,430200
2018-05-03,28.680000,29.139999,28.459999,29.110001,29.110001,327500
2018-05-04,29.120001,29.520000,28.900000,29.350000,29.350000,398600
2018-05-07,29.510000,29.650000,29.059999,29.270000,29.270000,423700
2018-05-08,29.280001,29.610001,29.120001,29.530001,29.530001,333800
2018-05-09,29.510000,29.860001,29.450001,29.750000,29.750000,364600
2018-05-10,29.830000,30.290001,29.580000,29.959999,29.959999,415000
2018-05-11,30.000000,30.350000,29.719999,30.070000,30.070000,518700
2018-05-14,30.219999,30.760000,30.100000,30.270000,30.270000,389500
2018-05-15,30.219999,30.280001,29.969999,30.260000,30.260000,462000
2018-05-16,30.350000,30.680000,30.209999,30.309999,30.309999,488300
2018-05-17,30.230000,30.610001,30.049999,30.260000,30.260000,503600
2018-05-18,30.350000,30.620001,30.100000,30.299999,30.299999,533400
2018-05-21,30.230000,30.840000,30.230000,30.809999,30.809999,340600
2018-05-22,30.990000,31.760000,30.910000,31.379999,31.379999,645800
2018-05-23,31.240000,31.690001,31.020000,31.650000,31.650000,397000
2018-05-24,31.760000,32.110001,31.690001,31.889999,31.889999,440700
2018-05-25,31.920000,32.020000,31.330000,31.459999,31.459999,327100
2018-05-29,31.230000,31.520000,31.160000,31.270000,31.270000,696000
2018-05-30,31.440001,31.930000,31.420000,31.670000,31.670000,409600
2018-05-31,31.600000,31.799999,31.430000,31.500000,31.500000,357500
2018-06-01,31.719999,31.860001,31.510000,31.670000,31.670000,294300
2018-06-04,31.840000,32.299999,31.540001,32.299999,32.299999,697400
2018-06-05,32.310001,32.700001,32.110001,32.380001,32.380001,634800
2018-06-06,32.410000,33.090000,32.160000,32.580002,32.580002,766500
2018-06-07,32.599998,32.990002,32.580002,32.730000,32.730000,427100
2018-06-08,32.759998,33.160000,32.700001,33.110001,33.110001,349400
2018-06-11,33.220001,33.540001,32.869999,33.389999,33.389999,431600
2018-06-12,33.529999,33.810001,33.299999,33.439999,33.439999,448400
2018-06-13,33.490002,34.040001,33.450001,33.619999,33.619999,381900
2018-06-14,33.619999,33.820000,33.240002,33.430000,33.430000,360000
2018-06-15,33.419998,33.990002,33.419998,33.570000,33.570000,659200
2018-06-18,33.360001,33.709999,33.099998,33.709999,33.709999,444000
2018-06-19,33.369999,33.619999,32.849998,33.400002,33.400002,335200
2018-06-20,33.480000,34.189999,33.060001,34.070000,34.070000,424600
2018-06-21,31.830000,32.380001,31.400000,31.690001,31.690001,665500
2018-06-22,31.809999,32.209999,31.410000,32.009998,32.009998,857100
2018-06-25,31.920000,32.110001,31.450001,32.049999,32.049999,458800
2018-06-26,32.070000,32.529999,31.940001,32.150002,32.150002,493100
2018-06-27,32.119999,32.490002,31.549999,31.610001,31.610001,306700
2018-06-28,31.559999,32.150002,31.330000,31.980000,31.980000,318300
2018-06-29,32.160000,32.540001,32.020000,32.090000,32.090000,289400
