Date,Open,High,Low,Close,Adj Close,Volume
2018-06-19,10.050000,10.050000,10.020000,10.050000,10.050000,2484400
2018-06-20,10.050000,10.050000,10.040000,10.040000,10.040000,347600
2018-06-21,10.050000,10.050000,10.040000,10.040000,10.040000,394400
2018-06-22,10.039000,10.040000,10.030000,10.030000,10.030000,347300
2018-06-25,10.050000,10.050000,10.030000,10.030000,10.030000,46700
2018-06-26,10.030000,10.040000,10.000000,10.033000,10.033000,98400
2018-06-27,10.030000,10.030000,10.018000,10.030000,10.030000,42200
2018-06-28,10.040000,10.040000,10.030000,10.040000,10.040000,111400
2018-06-29,10.020000,10.040000,10.020000,10.033000,10.033000,2000
