Date,Open,High,Low,Close,Adj Close,Volume
2013-01-02,19.860001,20.049999,19.850000,20.040001,17.549776,20400
2013-01-03,20.049999,20.110001,19.950001,19.980000,17.497227,29800
2013-01-04,19.950001,20.010000,19.879999,19.969999,17.488474,38900
2013-01-07,19.850000,19.990000,19.850000,19.969999,17.488474,22700
2013-01-08,19.930000,19.950001,19.719999,19.820000,17.357111,25200
2013-01-09,19.920000,20.010000,19.910000,19.990000,17.505989,22600
2013-01-10,20.020000,20.150000,19.980000,20.150000,17.646105,140200
2013-01-11,20.150000,20.219999,20.120001,20.150000,17.646105,32500
2013-01-14,20.230000,20.270000,20.120001,20.250000,17.733681,12300
2013-01-15,20.180000,20.230000,20.110001,20.230000,17.716166,32000
2013-01-16,20.190001,20.330000,20.170000,20.299999,17.777468,68500
2013-01-17,20.389999,20.510000,20.340000,20.459999,17.917582,41100
2013-01-18,20.340000,20.420000,20.320000,20.420000,17.882551,35300
2013-01-22,20.410000,20.469999,20.299999,20.469999,17.926336,24600
2013-01-23,20.809999,20.809999,20.459999,20.530001,17.978886,27600
2013-01-24,20.500000,20.639999,20.459999,20.500000,17.952616,89000
2013-01-25,20.530001,20.639999,20.520000,20.549999,17.996401,21200
2013-01-28,20.610001,20.690001,20.549999,20.650000,18.083973,52500
2013-01-29,20.590000,20.590000,20.480000,20.549999,17.996401,33800
2013-01-30,20.620001,20.629999,20.440001,20.450001,17.908829,75000
2013-01-31,20.580000,20.680000,20.520000,20.540001,17.987646,10200
2013-02-01,20.690001,20.799999,20.629999,20.750000,18.171547,15900
2013-02-04,20.680000,20.730000,20.530001,20.530001,17.978886,126200
2013-02-05,20.610001,20.799999,20.610001,20.730000,18.154032,87700
2013-02-06,20.709999,20.750000,20.650000,20.740000,18.162790,49100
2013-02-07,20.719999,20.719999,20.530001,20.650000,18.083973,31600
2013-02-08,20.780001,20.889999,20.719999,20.840000,18.250362,19400
2013-02-11,20.889999,20.889999,20.780001,20.840000,18.250362,19600
2013-02-12,21.000000,21.000000,20.770000,20.850000,18.259121,20700
2013-02-13,20.879999,20.910000,20.799999,20.870001,18.276640,27700
2013-02-14,20.660000,20.770000,20.549999,20.760000,18.180309,55500
2013-02-15,20.780001,20.799999,20.620001,20.650000,18.083973,23400
2013-02-19,20.730000,20.889999,20.730000,20.889999,18.294149,32500
2013-02-20,20.830000,20.830000,20.510000,20.530001,17.978886,32600
2013-02-21,20.480000,20.480000,20.240000,20.280001,17.759953,36800
2013-02-22,20.420000,20.709999,20.420000,20.690001,18.119005,37400
2013-02-25,20.760000,20.850000,20.430000,20.430000,17.891315,28100
2013-02-26,20.480000,20.559999,20.410000,20.559999,18.005157,18400
2013-02-27,20.549999,20.879999,20.530001,20.840000,18.250362,24800
2013-02-28,20.799999,20.910000,20.799999,20.850000,18.259121,22900
2013-03-01,20.690001,20.870001,20.600000,20.830000,18.241606,21400
2013-03-04,20.980000,20.980000,20.719999,20.910000,18.311665,90500
2013-03-05,21.129999,21.230000,21.110001,21.190001,18.556871,91900
2013-03-06,21.250000,21.360001,21.240000,21.299999,18.653204,29000
2013-03-07,21.309999,21.350000,21.230000,21.280001,18.635689,58300
2013-03-08,21.410000,21.500000,21.250000,21.309999,18.661957,63200
2013-03-11,21.309999,21.379999,21.240000,21.379999,18.723265,57500
2013-03-12,21.280001,21.440001,21.280001,21.379999,18.723265,37700
2013-03-13,21.480000,21.480000,21.320000,21.450001,18.784567,20300
2013-03-14,21.500000,21.620001,21.500000,21.610001,18.924681,26500
2013-03-15,21.690001,21.690001,21.389999,21.459999,18.793322,22700
2013-03-18,21.340000,21.520000,21.219999,21.430000,18.767046,45000
2013-03-19,21.490000,21.490000,21.230000,21.360001,18.705748,27300
2013-03-20,21.520000,21.549999,21.459999,21.510000,18.837109,41000
2013-03-21,21.059999,21.120001,20.920000,20.990000,18.571672,43300
2013-03-22,21.040001,21.150000,20.980000,21.070000,18.642450,18100
2013-03-25,21.200001,21.230000,21.010000,21.040001,18.615913,51400
2013-03-26,21.219999,21.270000,21.150000,21.270000,18.819412,29200
2013-03-27,21.120001,21.270000,21.120001,21.250000,18.801712,33600
2013-03-28,21.240000,21.350000,21.209999,21.350000,18.890196,29600
2013-04-01,21.350000,21.350000,21.049999,21.090000,18.660151,79100
2013-04-02,21.200001,21.240000,21.110001,21.150000,18.713242,30200
2013-04-03,21.400000,21.400000,20.950001,20.990000,18.571672,74700
2013-04-04,20.940001,21.020000,20.889999,21.020000,18.598217,43800
2013-04-05,20.690001,20.920000,20.600000,20.889999,18.483194,21900
2013-04-08,20.879999,21.000000,20.780001,21.000000,18.580519,35600
2013-04-09,21.040001,21.290001,21.000000,21.240000,18.792871,67400
2013-04-10,21.299999,21.639999,21.299999,21.620001,19.129091,112500
2013-04-11,21.420000,21.459999,21.330000,21.459999,18.987522,66800
2013-04-12,21.250000,21.590000,21.190001,21.340000,18.881348,92200
2013-04-15,21.240000,21.270000,20.940001,21.000000,18.580519,56500
2013-04-16,21.110001,21.230000,21.030001,21.180000,18.739780,104500
2013-04-17,21.049999,21.190001,20.680000,20.799999,18.403563,74400
2013-04-18,20.930000,20.930000,20.610001,20.709999,18.323929,70700
2013-04-19,20.629999,20.719999,20.450001,20.680000,18.297388,80200
2013-04-22,20.740000,20.900000,20.629999,20.860001,18.456648,30600
2013-04-23,21.170000,21.190001,21.000000,21.120001,18.686697,65300
2013-04-24,21.120001,21.240000,21.040001,21.200001,18.757477,38600
2013-04-25,21.250000,21.410000,21.230000,21.280001,18.828262,83700
2013-04-26,21.250000,21.320000,21.170000,21.299999,18.845957,102000
2013-04-29,21.330000,21.610001,21.270000,21.570000,19.084845,269600
2013-04-30,21.480000,21.700001,21.370001,21.639999,19.146782,90600
2013-05-01,21.709999,21.730000,21.530001,21.559999,19.075998,88600
2013-05-02,21.590000,21.790001,21.500000,21.790001,19.279499,88400
2013-05-03,22.209999,22.209999,21.900000,22.000000,19.465303,215900
2013-05-06,21.980000,22.080000,21.950001,22.010000,19.474155,122200
2013-05-07,22.290001,22.290001,21.950001,21.980000,19.447609,89900
2013-05-08,21.969999,22.160000,21.950001,22.160000,19.606874,78200
2013-05-09,22.100000,22.190001,22.000000,22.000000,19.465303,275300
2013-05-10,22.120001,22.170000,22.049999,22.170000,19.615721,70100
2013-05-13,22.139999,22.150000,22.049999,22.100000,19.553782,43000
2013-05-14,22.080000,22.200001,22.080000,22.139999,19.589176,64100
2013-05-15,22.090000,22.170000,22.030001,22.139999,19.589176,83300
2013-05-16,22.270000,22.510000,22.270000,22.360001,19.783831,71900
2013-05-17,22.430000,22.590000,22.360001,22.590000,19.987329,86400
2013-05-20,22.520000,22.620001,22.520000,22.580000,19.978483,113300
2013-05-21,22.580000,22.639999,22.520000,22.590000,19.987329,79700
2013-05-22,22.590000,22.719999,22.230000,22.309999,19.739594,70300
2013-05-23,22.000000,22.500000,22.000000,22.490000,19.898848,72000
2013-05-24,22.340000,22.389999,22.230000,22.379999,19.801523,50100
2013-05-28,22.620001,22.700001,22.490000,22.549999,19.951941,39000
2013-05-29,22.620001,22.620001,22.370001,22.559999,19.960789,54000
2013-05-30,22.500000,22.760000,22.500000,22.660000,20.049265,170000
2013-05-31,22.790001,22.790001,22.420000,22.420000,19.836916,87100
2013-06-03,22.450001,22.610001,22.400000,22.610001,20.005024,76300
2013-06-04,22.690001,22.799999,22.500000,22.620001,20.013878,74700
2013-06-05,22.510000,22.530001,22.270000,22.350000,19.774979,57600
2013-06-06,22.350000,22.370001,22.100000,22.340000,19.766134,137500
2013-06-07,22.410000,22.559999,22.270000,22.559999,19.960789,122700
2013-06-10,22.580000,22.629999,22.510000,22.549999,19.951941,137300
2013-06-11,22.370001,22.520000,22.250000,22.309999,19.739594,94600
2013-06-12,22.450001,22.480000,22.100000,22.139999,19.589176,197700
2013-06-13,22.110001,22.480000,22.059999,22.459999,19.872307,85000
2013-06-14,22.450001,22.510000,22.260000,22.309999,19.739594,147900
2013-06-17,22.480000,22.639999,22.410000,22.510000,19.916546,189200
2013-06-18,22.549999,22.740000,22.549999,22.670000,20.058117,136400
2013-06-19,22.740000,22.740000,22.360001,22.379999,19.801523,199100
2013-06-20,22.160000,22.160000,21.719999,21.799999,19.288349,322100
2013-06-21,22.020000,22.020000,21.440001,21.650000,19.217339,129600
2013-06-24,21.459999,21.500000,21.209999,21.330000,18.933296,344000
2013-06-25,21.420000,21.639999,21.389999,21.580000,19.155203,117400
2013-06-26,21.840000,21.840000,21.530001,21.620001,19.190710,96700
2013-06-27,21.629999,21.850000,21.629999,21.770000,19.323856,119500
2013-06-28,21.870001,21.879999,21.610001,21.740000,19.297226,78300
2013-07-01,21.940001,22.000000,21.760000,21.760000,19.314980,52100
2013-07-02,21.920000,21.950001,21.629999,21.770000,19.323856,106500
2013-07-03,21.719999,21.950001,21.670000,21.870001,19.412621,88700
2013-07-05,21.980000,22.000000,21.740000,22.000000,19.528008,68700
2013-07-08,22.090000,22.340000,21.820000,21.900000,19.439249,102900
2013-07-09,22.000000,22.049999,21.900000,22.020000,19.545769,99100
2013-07-10,22.020000,22.200001,22.020000,22.190001,19.696661,87000
2013-07-11,22.430000,22.540001,22.350000,22.530001,19.998465,147800
2013-07-12,22.559999,22.570000,22.440001,22.540001,20.007338,126400
2013-07-15,22.570000,22.650000,22.490000,22.629999,20.087221,132500
2013-07-16,22.639999,22.690001,22.600000,22.670000,20.122728,120900
2013-07-17,22.730000,22.730000,22.600000,22.660000,20.113852,119600
2013-07-18,22.670000,22.730000,22.530001,22.580000,20.042841,88900
2013-07-19,22.440001,22.440001,22.219999,22.270000,19.767679,122800
2013-07-22,22.209999,22.360001,22.209999,22.299999,19.794302,143000
2013-07-23,22.420000,22.450001,22.299999,22.299999,19.794302,75800
2013-07-24,22.490000,22.500000,22.330000,22.340000,19.829809,234400
2013-07-25,22.370001,22.379999,22.219999,22.370001,19.856436,42200
2013-07-26,22.330000,22.389999,22.219999,22.389999,19.874193,55400
2013-07-29,22.320000,22.459999,22.320000,22.379999,19.865313,43800
2013-07-30,22.480000,22.650000,22.480000,22.540001,20.007338,49100
2013-07-31,22.530001,22.670000,22.500000,22.549999,20.016214,49800
2013-08-01,22.740000,22.750000,22.629999,22.740000,20.184858,80600
2013-08-02,22.950001,22.950001,22.660000,22.809999,20.247002,64000
2013-08-05,22.750000,22.889999,22.750000,22.870001,20.300253,42200
2013-08-06,22.840000,22.840000,22.600000,22.709999,20.158234,67800
2013-08-07,22.790001,22.790001,22.580000,22.690001,20.140484,48800
2013-08-08,22.740000,22.780001,22.580000,22.730000,20.175983,82400
2013-08-09,22.700001,22.700001,22.549999,22.639999,20.096098,46000
2013-08-12,22.670000,22.809999,22.510000,22.780001,20.220367,73300
2013-08-13,22.840000,22.920000,22.700001,22.889999,20.318005,101400
2013-08-14,22.920000,22.920000,22.760000,22.830000,20.264746,50700
2013-08-15,22.570000,22.600000,22.400000,22.469999,19.945204,160000
2013-08-16,22.490000,22.549999,22.379999,22.430000,19.909695,43100
2013-08-19,22.370001,22.520000,22.280001,22.280001,19.776546,68200
2013-08-20,22.280001,22.480000,22.250000,22.400000,19.883066,51300
2013-08-21,22.330000,22.420000,22.190001,22.280001,19.776546,62300
2013-08-22,22.280001,24.000000,22.129999,22.270000,19.767679,39800
2013-08-23,22.360001,22.450001,22.350000,22.440001,19.918573,71300
2013-08-26,22.420000,22.500000,22.350000,22.379999,19.865313,93500
2013-08-27,22.139999,22.200001,21.930000,21.980000,19.510256,71200
2013-08-28,21.969999,22.120001,21.969999,22.010000,19.536888,84500
2013-08-29,22.120001,22.260000,22.090000,22.170000,19.678907,61300
2013-08-30,22.200001,22.200001,21.969999,21.969999,19.501383,22000
2013-09-03,22.219999,22.309999,22.020000,22.080000,19.599020,93300
2013-09-04,22.080000,22.370001,22.080000,22.260000,19.758795,37500
2013-09-05,22.340000,22.389999,22.260000,22.320000,19.812056,45900
2013-09-06,22.389999,22.469999,22.190001,22.320000,19.812056,54100
2013-09-09,22.379999,22.620001,22.379999,22.570000,20.033966,48100
2013-09-10,22.420000,22.750000,22.420000,22.740000,20.184858,67200
2013-09-11,22.639999,22.719999,22.580000,22.670000,20.122728,51600
2013-09-12,22.650000,22.719999,22.580000,22.610001,20.069469,45000
2013-09-13,22.610001,22.730000,22.610001,22.709999,20.158234,121800
2013-09-16,22.900000,22.900000,22.650000,22.670000,20.122728,34700
2013-09-17,22.719999,22.870001,22.719999,22.850000,20.282503,96300
2013-09-18,22.780001,23.110001,22.780001,23.080000,20.486662,115100
2013-09-19,23.030001,23.160000,23.030001,23.080000,20.486662,57800
2013-09-20,23.020000,23.020000,22.730000,22.799999,20.351873,66200
2013-09-23,22.780001,22.930000,22.770000,22.820000,20.369722,85900
2013-09-24,22.820000,22.940001,22.750000,22.830000,20.378647,58300
2013-09-25,22.850000,22.930000,22.760000,22.900000,20.441135,73800
2013-09-26,22.930000,22.990000,22.780001,22.830000,20.378647,41100
2013-09-27,22.730000,22.730000,22.590000,22.650000,20.217979,40400
2013-09-30,22.480000,22.650000,22.250000,22.540001,20.119793,87500
2013-10-01,22.620001,22.840000,22.620001,22.719999,20.280462,48800
2013-10-02,22.670000,22.809999,22.610001,22.809999,20.360804,65400
2013-10-03,22.809999,22.809999,22.500000,22.639999,20.209051,183100
2013-10-04,22.620001,22.760000,22.580000,22.730000,20.289387,49100
2013-10-07,22.660000,22.730000,22.540001,22.610001,20.182274,41300
2013-10-08,22.559999,22.629999,22.320000,22.330000,19.932335,42800
2013-10-09,22.360001,22.520000,22.260000,22.469999,20.057308,61400
2013-10-10,22.620001,22.860001,22.610001,22.850000,20.396503,80600
2013-10-11,22.809999,23.030001,22.750000,23.020000,20.548248,89100
2013-10-14,22.940001,23.170000,22.900000,23.139999,20.655367,100300
2013-10-15,23.120001,23.170000,23.000000,23.010000,20.539324,66000
2013-10-16,23.110001,23.250000,23.100000,23.190001,20.699997,105400
2013-10-17,23.080000,23.230000,22.950001,23.230000,20.735704,92400
2013-10-18,23.260000,23.350000,23.170000,23.330000,20.824963,76200
2013-10-21,23.430000,23.480000,23.280001,23.440001,20.923153,75800
2013-10-22,23.549999,23.549999,23.389999,23.490000,20.967785,86100
2013-10-23,23.500000,23.500000,23.260000,23.270000,20.771402,98200
2013-10-24,23.360001,23.389999,23.230000,23.320000,20.816038,92400
2013-10-25,23.540001,23.590000,23.450001,23.540001,21.012419,83400
2013-10-28,23.610001,23.610001,23.469999,23.590000,21.057049,115000
2013-10-29,23.700001,23.770000,23.620001,23.750000,21.199865,62200
2013-10-30,23.799999,23.820000,23.620001,23.719999,21.173086,39100
2013-10-31,23.709999,23.790001,23.650000,23.690001,21.146311,52300
2013-11-01,23.709999,23.780001,23.570000,23.719999,21.173086,104300
2013-11-04,23.820000,23.820000,23.670000,23.799999,21.244499,47200
2013-11-05,23.690001,23.780001,23.600000,23.719999,21.173086,62300
2013-11-06,23.840000,23.889999,23.750000,23.879999,21.315910,88000
2013-11-07,23.900000,23.900000,23.559999,23.570000,21.039192,48200
2013-11-08,23.650000,23.790001,23.500000,23.790001,21.235579,53200
2013-11-11,23.760000,23.820000,23.709999,23.809999,21.253428,62300
2013-11-12,23.730000,23.889999,23.709999,23.870001,21.306982,47600
2013-11-13,23.730000,24.049999,23.730000,24.049999,21.467653,38700
2013-11-14,23.780001,23.830000,23.670000,23.809999,21.253428,48100
2013-11-15,23.860001,23.930000,23.750000,23.930000,21.360542,69300
2013-11-18,24.270000,24.270000,23.760000,23.809999,21.253428,72300
2013-11-19,23.889999,23.900000,23.600000,23.730000,21.182014,113600
2013-11-20,23.940001,23.940001,23.629999,23.709999,21.164162,102700
2013-11-21,23.990000,23.990000,23.650000,23.870001,21.306982,143400
2013-11-22,24.030001,24.030001,23.709999,23.780001,21.226645,55100
2013-11-25,23.790001,23.809999,23.700001,23.760000,21.208792,73300
2013-11-26,23.889999,23.889999,23.690001,23.790001,21.235579,65400
2013-11-27,24.000000,24.000000,23.850000,23.980000,21.405167,117500
2013-11-29,24.280001,24.280001,23.990000,24.040001,21.458733,115500
2013-12-02,24.080000,24.080000,23.860001,23.870001,21.306982,106300
2013-12-03,23.920000,24.000000,23.820000,23.940001,21.369465,74300
2013-12-04,23.910000,24.070000,23.830000,23.959999,21.387316,72100
2013-12-05,24.030001,24.030001,23.809999,23.850000,21.289129,60000
2013-12-06,24.040001,24.180000,24.020000,24.139999,21.547989,64500
2013-12-09,24.230000,24.260000,24.110001,24.120001,21.530138,90100
2013-12-10,24.040001,24.150000,24.030001,24.080000,21.494434,123600
2013-12-11,24.090000,24.100000,23.820000,23.840000,21.280203,104900
2013-12-12,23.799999,23.830000,23.629999,23.680000,21.137384,107700
2013-12-13,23.610001,23.709999,23.469999,23.469999,20.949930,80500
2013-12-16,23.570000,23.820000,23.570000,23.770000,21.217722,86000
2013-12-17,23.709999,23.910000,23.700001,23.840000,21.280203,66000
2013-12-18,23.680000,23.870001,23.389999,23.870001,21.441895,191300
2013-12-19,23.870001,23.900000,23.760000,23.879999,21.450876,102800
2013-12-20,23.920000,24.049999,23.900000,24.040001,21.594604,105300
2013-12-23,24.150000,24.270000,24.100000,24.270000,21.801203,120700
2013-12-24,24.309999,24.400000,24.280001,24.320000,21.846115,40400
2013-12-26,24.440001,24.500000,24.389999,24.500000,22.007805,59900
2013-12-27,24.770000,24.770000,24.450001,24.520000,22.025774,142200
2013-12-30,24.469999,24.570000,24.420000,24.559999,22.061703,102000
2013-12-31,24.590000,24.680000,24.540001,24.670000,22.160515,64000
2014-01-02,24.540001,24.540001,24.309999,24.320000,21.846115,82500
2014-01-03,24.430000,24.430000,24.250000,24.320000,21.846115,152600
2014-01-06,24.290001,24.340000,24.190001,24.260000,21.792221,71200
2014-01-07,24.350000,24.450001,24.309999,24.420000,21.935947,90100
2014-01-08,24.389999,24.400000,24.250000,24.340000,21.864084,150400
2014-01-09,24.500000,24.500000,24.070000,24.180000,21.720358,79800
2014-01-10,24.250000,24.309999,24.110001,24.250000,21.783239,50000
2014-01-13,24.280001,24.379999,24.000000,24.070000,21.621550,104200
2014-01-14,24.160000,24.520000,24.160000,24.490000,21.998825,82500
2014-01-15,24.610001,24.799999,24.590000,24.740000,22.223391,70700
2014-01-16,24.770000,24.809999,24.639999,24.760000,22.241360,109300
2014-01-17,24.620001,24.680000,24.530001,24.620001,22.115602,151800
2014-01-21,24.740000,24.740000,24.459999,24.610001,22.106621,67400
2014-01-22,24.549999,24.620001,24.490000,24.559999,22.061703,48200
2014-01-23,24.440001,24.450001,24.280001,24.450001,21.962893,117100
2014-01-24,24.350000,24.350000,24.010000,24.070000,21.621550,84900
2014-01-27,24.010000,24.030001,23.780001,23.860001,21.432911,107700
2014-01-28,23.690001,23.690001,23.500000,23.600000,21.199356,144100
2014-01-29,23.389999,23.660000,23.350000,23.530001,21.136478,65100
2014-01-30,23.600000,23.719999,23.540001,23.719999,21.307152,53900
2014-01-31,23.559999,23.790001,23.490000,23.690001,21.280205,75600
2014-02-03,23.549999,23.639999,23.110001,23.160000,20.804119,229600
2014-02-04,23.240000,23.240000,23.059999,23.190001,20.831066,151000
2014-02-05,23.139999,23.280001,23.000000,23.139999,20.786150,51200
2014-02-06,23.219999,23.490000,23.000000,23.430000,21.046650,103600
2014-02-07,23.590000,23.780001,23.480000,23.750000,21.334099,83200
2014-02-10,23.740000,23.830000,23.650000,23.830000,21.405962,50900
2014-02-11,23.790001,24.139999,23.790001,24.030001,21.585617,154400
2014-02-12,24.100000,24.209999,24.059999,24.180000,21.720358,46800
2014-02-13,24.010000,24.309999,24.010000,24.309999,21.837135,94400
2014-02-14,24.270000,24.430000,24.180000,24.389999,21.909002,53000
2014-02-18,24.299999,24.400000,24.260000,24.350000,21.873068,59200
2014-02-19,24.350000,24.389999,24.209999,24.240000,21.774258,83300
2014-02-20,24.270000,24.459999,24.240000,24.440001,21.953913,57600
2014-02-21,24.510000,24.540001,24.350000,24.370001,21.891031,3977200
2014-02-24,24.410000,24.549999,24.389999,24.469999,21.980860,317100
2014-02-25,24.440001,24.440001,24.260000,24.320000,21.846115,95000
2014-02-26,24.379999,24.480000,24.299999,24.389999,21.909002,137900
2014-02-27,24.370001,24.530001,24.299999,24.530001,22.034754,65100
2014-02-28,24.540001,24.650000,24.370001,24.530001,22.034754,82800
2014-03-03,24.320000,24.389999,24.129999,24.309999,21.837135,93000
2014-03-04,24.590000,24.690001,24.570000,24.690001,22.178478,57800
2014-03-05,24.690001,24.690001,24.600000,24.650000,22.142553,39200
2014-03-06,24.709999,24.709999,24.610001,24.639999,22.133566,67600
2014-03-07,24.719999,24.719999,24.500000,24.570000,22.070690,66900
2014-03-10,24.590000,24.600000,24.450001,24.540001,22.043739,77100
2014-03-11,24.600000,24.670000,24.400000,24.490000,21.998825,44300
2014-03-12,24.410000,24.549999,24.340000,24.500000,22.007805,49400
2014-03-13,24.639999,24.639999,24.150000,24.230000,21.765272,84600
2014-03-14,24.190001,24.290001,24.090000,24.139999,21.684427,55800
2014-03-17,24.180000,24.459999,24.180000,24.410000,21.926962,50100
2014-03-18,24.379999,24.740000,24.370001,24.730000,22.214415,50200
2014-03-19,24.650000,24.840000,24.590000,24.700001,22.187466,65300
2014-03-20,24.629999,25.000000,24.629999,24.910000,22.376102,57100
2014-03-21,25.000000,25.090000,24.790001,24.840000,22.313223,66000
2014-03-24,24.879999,24.980000,24.690001,24.889999,22.358139,67200
2014-03-25,24.639999,24.889999,24.639999,24.870001,22.572332,452900
2014-03-26,25.049999,25.070000,24.750000,24.750000,22.463419,108300
2014-03-27,24.690001,24.860001,24.510000,24.670000,22.390810,58400
2014-03-28,24.760000,25.020000,24.760000,24.879999,22.581408,77000
2014-03-31,25.080000,25.219999,25.020000,25.120001,22.799240,64900
2014-04-01,25.180000,25.440001,25.160000,25.389999,23.044291,1580800
2014-04-02,25.450001,25.450001,25.299999,25.440001,23.089670,107400
2014-04-03,25.389999,25.490000,25.280001,25.350000,23.007986,60200
2014-04-04,25.510000,25.510000,24.950001,25.020000,22.708475,90700
2014-04-07,24.950001,25.090000,24.920000,24.980000,22.672171,213000
2014-04-08,24.959999,25.120001,24.870001,25.110001,22.790159,90700
2014-04-09,25.150000,25.340000,25.080000,25.320000,22.980759,61700
2014-04-10,25.350000,25.350000,24.799999,24.860001,22.563255,102300
2014-04-11,24.780001,24.920000,24.600000,24.639999,22.363581,151900
2014-04-14,24.770000,24.870001,24.610001,24.840000,22.545107,134700
2014-04-15,24.870001,24.969999,24.549999,24.860001,22.563255,82200
2014-04-16,25.000000,25.000000,24.770000,25.000000,22.690323,249300
2014-04-17,24.900000,25.139999,24.860001,25.100000,22.781078,95400
2014-04-21,25.150000,25.230000,25.010000,25.180000,22.853695,125700
2014-04-22,25.180000,25.230000,25.110001,25.209999,22.880919,59100
2014-04-23,25.139999,25.139999,24.950001,25.049999,22.735701,77900
2014-04-24,25.219999,25.250000,25.030001,25.139999,22.817390,120400
2014-04-25,25.110001,25.110001,24.750000,24.809999,22.517879,92000
2014-04-28,24.959999,25.160000,24.809999,25.080000,22.762930,80900
2014-04-29,25.230000,25.280001,25.139999,25.230000,22.899076,152800
2014-04-30,25.190001,25.350000,25.129999,25.299999,22.962603,64200
2014-05-01,25.309999,25.320000,25.110001,25.190001,22.862766,164400
2014-05-02,25.260000,25.270000,25.129999,25.180000,22.853695,126200
2014-05-05,25.030001,25.200001,25.010000,25.190001,22.862766,84200
2014-05-06,25.200001,25.209999,25.030001,25.080000,22.762930,346300
2014-05-07,25.160000,25.200001,24.900000,25.200001,22.871849,109700
2014-05-08,25.070000,25.450001,25.070000,25.240000,22.908150,385500
2014-05-09,25.250000,25.250000,25.100000,25.250000,22.917227,83600
2014-05-12,25.350000,25.530001,25.350000,25.500000,23.144129,131100
2014-05-13,25.549999,25.549999,25.410000,25.490000,23.135056,275200
2014-05-14,25.410000,25.480000,25.320000,25.370001,23.026140,89000
2014-05-15,25.430000,25.530001,25.250000,25.330000,22.989836,88600
2014-05-16,25.299999,25.459999,25.250000,25.420000,23.071518,88800
2014-05-19,25.410000,25.610001,25.370001,25.600000,23.234894,64900
2014-05-20,25.570000,25.570000,25.320000,25.389999,23.044291,72900
2014-05-21,25.500000,25.549999,25.420000,25.530001,23.171356,90600
2014-05-22,25.570000,25.639999,25.500000,25.530001,23.171356,97600
2014-05-23,25.540001,25.760000,25.540001,25.760000,23.380106,54000
2014-05-27,25.860001,25.910000,25.760000,25.889999,23.498098,105800
2014-05-28,25.920000,25.950001,25.860001,25.900000,23.507174,81900
2014-05-29,25.959999,25.959999,25.850000,25.959999,23.561630,78700
2014-05-30,25.980000,26.030001,25.920000,25.980000,23.579786,144700
2014-06-02,26.070000,26.100000,25.930000,26.090000,23.679621,54700
2014-06-03,26.020000,26.100000,25.950001,26.080000,23.670546,70400
2014-06-04,26.049999,26.150000,26.010000,26.120001,23.706846,92100
2014-06-05,26.090000,26.290001,26.030001,26.280001,23.852070,121500
2014-06-06,26.360001,26.430000,26.340000,26.400000,23.960979,104900
2014-06-09,26.350000,26.500000,26.350000,26.410000,23.970060,77300
2014-06-10,26.430000,26.500000,26.360001,26.459999,24.015434,111200
2014-06-11,26.400000,26.450001,26.270000,26.320000,23.888371,105200
2014-06-12,26.240000,26.360001,26.100000,26.200001,23.779459,191500
2014-06-13,26.350000,26.500000,26.330000,26.420000,23.979136,85200
2014-06-16,26.450001,26.570000,26.400000,26.500000,24.051744,124400
2014-06-17,26.500000,26.590000,26.459999,26.549999,24.097122,71500
2014-06-18,26.549999,26.629999,26.400000,26.620001,24.160654,146400
2014-06-19,26.620001,26.620001,26.490000,26.590000,24.133429,85200
2014-06-20,26.540001,26.570000,26.450001,26.540001,24.088045,81200
2014-06-23,26.549999,26.559999,26.440001,26.540001,24.088045,99300
2014-06-24,26.340000,26.480000,26.160000,26.260000,23.970291,87700
2014-06-25,26.209999,26.340000,26.120001,26.309999,24.015938,555600
2014-06-26,26.340000,26.340000,26.120001,26.309999,24.015938,136500
2014-06-27,26.270000,26.430000,26.219999,26.430000,24.125469,86000
2014-06-30,26.459999,26.530001,26.400000,26.480000,24.171110,110700
2014-07-01,26.480000,26.770000,26.450001,26.690001,24.362799,61300
2014-07-02,26.750000,26.770000,26.670000,26.770000,24.435823,78900
2014-07-03,26.790001,26.940001,26.770000,26.879999,24.536236,88100
2014-07-07,26.920000,26.920000,26.820000,26.889999,24.545361,129300
2014-07-08,26.910000,26.930000,26.600000,26.719999,24.390182,89700
2014-07-09,26.750000,26.830000,26.660000,26.799999,24.463209,79300
2014-07-10,26.510000,26.840000,26.500000,26.730000,24.399311,119700
2014-07-11,26.780001,26.809999,26.690001,26.790001,24.454082,46800
2014-07-14,26.920000,26.990000,26.889999,26.920000,24.572746,83600
2014-07-15,26.900000,27.000000,26.719999,26.860001,24.517979,70800
2014-07-16,27.160000,27.360001,27.120001,27.330000,24.946995,216800
2014-07-17,27.280001,27.320000,26.930000,27.000000,24.645769,125500
2014-07-18,27.080000,27.230000,27.020000,27.200001,24.828333,99500
2014-07-21,27.180000,27.250000,27.040001,27.200001,24.828333,204000
2014-07-22,27.299999,27.459999,27.280001,27.410000,25.020023,120000
2014-07-23,27.420000,27.430000,27.290001,27.330000,24.946995,99300
2014-07-24,27.250000,27.330000,27.209999,27.280001,24.901358,159900
2014-07-25,27.260000,27.260000,27.040001,27.110001,24.746180,95300
2014-07-28,27.209999,27.280001,27.000000,27.250000,24.873974,83300
2014-07-29,27.480000,27.500000,27.240000,27.260000,24.883101,148200
2014-07-30,27.360001,27.360001,27.110001,27.250000,24.873974,75900
2014-07-31,27.059999,27.139999,26.830000,26.870001,24.527105,173700
2014-08-01,26.840000,26.910000,26.580000,26.700001,24.371933,99200
2014-08-04,26.770000,26.920000,26.650000,26.889999,24.545361,185200
2014-08-05,26.780001,26.790001,26.500000,26.620001,24.298906,83900
2014-08-06,26.500000,26.719999,26.450001,26.600000,24.280647,77400
2014-08-07,26.690001,26.690001,26.340000,26.400000,24.098085,177100
2014-08-08,26.400000,26.600000,26.330000,26.590000,24.271521,211800
2014-08-11,26.740000,26.840000,26.700001,26.780001,24.444948,126900
2014-08-12,26.790001,26.820000,26.639999,26.809999,24.472334,113000
2014-08-13,26.940001,27.010000,26.850000,27.010000,24.654902,97400
2014-08-14,26.969999,27.049999,26.950001,27.049999,24.691410,245000
2014-08-15,27.180000,27.200001,26.920000,27.150000,24.782688,105200
2014-08-18,27.260000,27.290001,27.170000,27.270000,24.892227,112400
2014-08-19,27.389999,27.389999,27.299999,27.389999,25.001762,161400
2014-08-20,27.400000,27.450001,27.340000,27.420000,25.029150,131000
2014-08-21,27.510000,27.620001,27.420000,27.600000,25.193455,118200
2014-08-22,27.660000,27.660000,27.530001,27.559999,25.156942,190500
2014-08-25,27.709999,27.850000,27.520000,27.580000,25.175200,102900
2014-08-26,27.670000,27.680000,27.590000,27.639999,25.229967,211500
2014-08-27,27.719999,27.719999,27.590000,27.700001,25.284733,132900
2014-08-28,27.650000,27.709999,27.530001,27.680000,25.266478,89100
2014-08-29,27.730000,27.790001,27.639999,27.770000,25.348637,99500
2014-09-02,27.870001,27.870001,27.629999,27.730000,25.312117,179000
2014-09-03,27.850000,27.850000,27.700001,27.730000,25.312117,174800
2014-09-04,27.760000,27.870001,27.620001,27.700001,25.284733,97600
2014-09-05,27.740000,27.830000,27.690001,27.830000,25.403399,104100
2014-09-08,27.830000,27.910000,27.680000,27.809999,25.385143,137800
2014-09-09,27.850000,27.900000,27.650000,27.709999,25.293861,102700
2014-09-10,27.719999,27.820000,27.620001,27.799999,25.376015,110000
2014-09-11,27.680000,27.850000,27.590000,27.850000,25.421656,377700
2014-09-12,27.809999,27.809999,27.610001,27.690001,25.275606,124300
2014-09-15,27.730000,27.730000,27.469999,27.559999,25.156942,86100
2014-09-16,27.500000,27.770000,27.490000,27.740000,25.321245,125500
2014-09-17,27.670000,27.870001,27.650000,27.740000,25.321245,143000
2014-09-18,27.850000,27.930000,27.780001,27.930000,25.494678,411300
2014-09-19,28.010000,28.219999,27.660000,27.750000,25.330379,149200
2014-09-22,27.709999,27.730000,27.540001,27.610001,25.202583,185800
2014-09-23,27.430000,27.480000,27.309999,27.320000,25.073179,108900
2014-09-24,27.280001,27.459999,27.170000,27.450001,25.192490,114000
2014-09-25,27.389999,27.389999,26.879999,26.910000,24.696896,348900
2014-09-26,26.950001,27.160000,26.860001,27.100000,24.871273,234700
2014-09-29,26.900000,27.090000,26.709999,27.049999,24.825384,1058100
2014-09-30,27.090000,27.180000,26.940001,27.080000,24.852919,735200
2014-10-01,27.000000,27.230000,26.590000,26.639999,24.449100,274200
2014-10-02,26.600000,26.660000,26.320000,26.600000,24.412390,190300
2014-10-03,26.709999,26.889999,26.620001,26.799999,24.595943,281500
2014-10-06,26.930000,26.980000,26.709999,26.790001,24.586769,101300
2014-10-07,26.660000,26.700001,26.360001,26.379999,24.210484,104900
2014-10-08,26.400000,26.870001,26.200001,26.840000,24.632654,206400
2014-10-09,26.760000,26.809999,26.309999,26.360001,24.192131,181600
2014-10-10,26.100000,26.309999,25.559999,25.580000,23.476280,274800
2014-10-13,25.540001,25.709999,25.240000,25.250000,23.173418,232600
2014-10-14,25.440001,25.650000,25.290001,25.370001,23.283548,180400
2014-10-15,25.059999,25.330000,24.639999,25.270000,23.191776,606100
2014-10-16,25.000000,25.350000,24.750000,25.180000,23.109177,215800
2014-10-17,25.459999,25.639999,25.350000,25.500000,23.402857,139300
2014-10-20,25.230000,25.520000,25.100000,25.490000,23.393681,115500
2014-10-21,25.750000,26.030001,25.629999,26.030001,23.889269,285500
2014-10-22,26.110001,26.110001,25.790001,25.809999,23.687363,103500
2014-10-23,26.040001,26.190001,25.920000,26.059999,23.916801,262300
2014-10-24,26.219999,26.340000,26.090000,26.340000,24.173777,119300
2014-10-27,26.240000,26.379999,26.190001,26.330000,24.164600,105800
2014-10-28,26.480000,26.690001,26.459999,26.690001,24.494989,202200
2014-10-29,26.760000,26.809999,26.590000,26.740000,24.540882,153100
2014-10-30,26.680000,26.690001,26.469999,26.639999,24.449100,219100
2014-10-31,27.100000,27.110001,26.940001,27.090000,24.862095,187900
2014-11-03,27.180000,27.270000,27.100000,27.240000,24.999760,233800
2014-11-04,27.260000,27.299999,27.090000,27.209999,24.972225,117300
2014-11-05,27.320000,27.320000,27.120001,27.290001,25.045645,147800
2014-11-06,27.219999,27.240000,27.020000,27.139999,24.907984,132900
2014-11-07,27.200001,27.200001,26.980000,27.120001,24.889627,109000
2014-11-10,27.129999,27.230000,27.090000,27.160000,24.926336,124500
2014-11-11,27.260000,27.260000,27.129999,27.180000,24.944695,235100
2014-11-12,27.150000,27.290001,27.120001,27.250000,25.008938,162300
2014-11-13,27.340000,27.530001,27.299999,27.430000,25.174131,2081900
2014-11-14,27.469999,27.680000,27.379999,27.650000,25.376038,951300
2014-11-17,27.670000,27.750000,27.559999,27.730000,25.449459,115800
2014-11-18,27.799999,27.950001,27.790001,27.900000,25.605480,158800
2014-11-19,27.950001,27.950001,27.620001,27.740000,25.458637,138900
2014-11-20,27.660000,27.910000,27.610001,27.910000,25.614655,146500
2014-11-21,28.150000,28.219999,27.879999,28.010000,25.706430,105000
2014-11-24,28.100000,28.170000,27.990000,28.170000,25.853273,130600
2014-11-25,28.240000,28.290001,28.120001,28.150000,25.834921,196000
2014-11-26,28.230000,28.450001,28.209999,28.450001,26.110247,145200
2014-11-28,28.500000,28.629999,28.420000,28.500000,26.156136,50900
2014-12-01,28.480000,28.520000,28.230000,28.340000,26.009291,151400
2014-12-02,28.340000,28.400000,28.270000,28.370001,26.036827,245400
2014-12-03,28.400000,28.580000,28.330000,28.520000,26.174488,146900
2014-12-04,28.540001,28.540001,28.370001,28.450001,26.110247,140200
2014-12-05,28.530001,28.620001,28.400000,28.450001,26.110247,112300
2014-12-08,28.389999,28.389999,27.969999,28.080000,25.770676,160700
2014-12-09,27.850000,28.120001,27.670000,28.110001,25.798206,177100
2014-12-10,28.100000,28.100000,27.559999,27.620001,25.348505,152200
2014-12-11,27.690001,28.020000,27.690001,27.760000,25.476994,177200
2014-12-12,27.559999,27.590000,27.219999,27.240000,24.999760,122600
2014-12-15,27.430000,27.500000,26.920000,27.000000,24.779495,160100
2014-12-16,26.860001,27.330000,26.799999,26.830000,24.623478,130500
2014-12-17,26.950001,27.330000,26.830000,27.260000,25.018112,136100
2014-12-18,27.760000,28.070000,27.639999,28.070000,25.761499,282000
2014-12-19,28.170000,28.190001,28.020000,28.070000,25.761499,224700
2014-12-22,28.230000,28.389999,28.160000,28.379999,26.046003,182300
2014-12-23,28.299999,28.330000,28.200001,28.200001,26.081150,181400
2014-12-24,28.320000,28.340000,28.240000,28.240000,26.118145,63800
2014-12-26,28.340000,28.379999,28.250000,28.320000,26.192135,86000
2014-12-29,28.290001,28.290001,28.139999,28.150000,26.034904,117900
2014-12-30,28.110001,28.110001,27.930000,27.959999,25.859179,145700
2014-12-31,28.010000,28.150000,27.660000,27.680000,25.600220,145800
2015-01-02,27.840000,27.910000,27.510000,27.660000,25.581724,119500
2015-01-05,27.540001,27.629999,27.150000,27.219999,25.174782,251500
2015-01-06,27.230000,27.280001,26.760000,26.860001,24.841831,228700
2015-01-07,27.090000,27.120001,26.889999,27.110001,25.073048,258100
2015-01-08,27.450001,27.770000,27.350000,27.639999,25.563227,290700
2015-01-09,27.770000,27.840000,27.410000,27.670000,25.590971,264200
2015-01-12,27.670000,27.670000,27.309999,27.450001,25.387503,146000
2015-01-13,27.629999,27.990000,27.250000,27.420000,25.359756,233500
2015-01-14,27.209999,27.410000,27.030001,27.290001,25.239523,181100
2015-01-15,27.469999,27.469999,27.000000,27.020000,24.989811,126700
2015-01-16,26.980000,27.340000,26.889999,27.320000,25.267269,98700
2015-01-20,27.430000,27.500000,27.110001,27.459999,25.396748,174600
2015-01-21,27.309999,27.480000,27.190001,27.379999,25.322758,178000
2015-01-22,27.469999,27.840000,27.209999,27.809999,25.720449,241500
2015-01-23,27.750000,27.900000,27.709999,27.740000,25.655712,210500
2015-01-26,27.790001,27.790001,27.459999,27.600000,25.526232,188700
2015-01-27,27.139999,27.190001,26.709999,26.860001,24.841831,573500
2015-01-28,27.150000,27.360001,26.670000,26.700001,24.693857,215900
2015-01-29,26.719999,26.940001,26.400000,26.879999,24.860329,208000
2015-01-30,26.709999,26.719999,26.280001,26.290001,24.314659,224500
2015-02-02,26.400000,26.719999,26.090000,26.690001,24.684601,237900
2015-02-03,26.870001,27.170000,26.860001,27.160000,25.119291,190900
2015-02-04,27.110001,27.280001,27.049999,27.059999,25.026804,162300
2015-02-05,27.190001,27.450001,27.150000,27.450001,25.387503,116900
2015-02-06,27.549999,27.580000,27.250000,27.330000,25.276516,444700
2015-02-09,27.309999,27.389999,27.209999,27.260000,25.211777,227000
2015-02-10,27.500000,27.709999,27.350000,27.670000,25.590971,1683600
2015-02-11,27.730000,27.770000,27.580000,27.700001,25.618715,1057500
2015-02-12,27.950001,28.219999,27.950001,28.219999,26.099648,182300
2015-02-13,28.350000,28.440001,28.250000,28.440001,26.303120,130800
2015-02-17,28.440001,28.480000,28.299999,28.480000,26.340109,120100
2015-02-18,28.469999,28.469999,28.280001,28.400000,26.266121,167200
2015-02-19,28.290001,28.469999,28.260000,28.450001,26.312363,177300
2015-02-20,28.420000,28.600000,28.280001,28.559999,26.414101,204100
2015-02-23,28.559999,28.559999,28.360001,28.469999,26.330860,107700
2015-02-24,28.350000,28.620001,28.299999,28.570000,26.423346,197800
2015-02-25,28.530001,28.530001,28.280001,28.340000,26.210625,202300
2015-02-26,28.400000,28.420000,28.270000,28.389999,26.256874,115300
2015-02-27,28.410000,28.420000,28.270000,28.299999,26.173635,130000
2015-03-02,28.320000,28.480000,28.290001,28.469999,26.330860,141400
2015-03-03,28.440001,28.440001,28.129999,28.200001,26.081150,168100
2015-03-04,28.070000,28.080000,27.889999,28.040001,25.933172,163200
2015-03-05,28.160000,28.160000,27.900000,28.010000,25.905422,193500
2015-03-06,27.959999,27.959999,27.559999,27.639999,25.563227,116800
2015-03-09,27.740000,27.790001,27.590000,27.680000,25.600220,201200
2015-03-10,27.480000,27.570000,27.129999,27.129999,25.091543,210000
2015-03-11,27.160000,27.230000,26.959999,27.040001,25.008307,129300
2015-03-12,26.770000,27.070000,26.760000,27.020000,24.989811,167600
2015-03-13,27.020000,27.020000,26.660000,26.889999,24.869579,113900
2015-03-16,27.020000,27.230000,26.990000,27.230000,25.184031,98500
2015-03-17,27.139999,27.240000,27.040001,27.190001,25.147036,128600
2015-03-18,27.200001,27.690001,27.049999,27.600000,25.526232,124900
2015-03-19,27.559999,27.639999,27.450001,27.459999,25.396748,90100
2015-03-20,27.540001,27.850000,27.540001,27.730000,25.646465,113000
2015-03-23,27.670000,27.879999,27.670000,27.719999,25.637215,141400
2015-03-24,27.809999,27.809999,27.540001,27.549999,25.479986,144000
2015-03-25,27.430000,27.430000,26.730000,26.780001,24.767843,191700
2015-03-26,26.540001,26.820000,26.410000,26.700001,24.693857,151600
2015-03-27,26.740000,26.930000,26.540001,26.860001,24.841831,85700
2015-03-30,27.000000,27.150000,27.000000,27.129999,25.091543,127800
2015-03-31,27.059999,27.059999,26.879999,26.930000,24.906570,155100
2015-04-01,26.920000,26.920000,26.650000,26.840000,24.823336,446000
2015-04-02,26.850000,27.049999,26.850000,26.889999,24.869579,1199800
2015-04-06,26.830000,27.219999,26.790001,27.150000,25.110041,75100
2015-04-07,27.100000,27.340000,27.100000,27.129999,25.091543,91400
2015-04-08,27.080000,27.299999,27.080000,27.190001,25.147036,67600
2015-04-09,27.080000,27.379999,27.080000,27.360001,25.304260,76100
2015-04-10,27.370001,27.540001,27.320000,27.540001,25.470741,93200
2015-04-13,27.590000,27.639999,27.430000,27.430000,25.369005,90000
2015-04-14,27.420000,27.480000,27.280001,27.350000,25.295015,89000
2015-04-15,27.480000,27.809999,27.480000,27.709999,25.627964,140800
2015-04-16,27.639999,27.730000,27.570000,27.670000,25.590971,94500
2015-04-17,27.540001,27.540001,27.219999,27.340000,25.285767,150000
2015-04-20,27.480000,27.770000,27.420000,27.750000,25.664963,71200
2015-04-21,27.910000,27.910000,27.709999,27.740000,25.655712,162900
2015-04-22,27.870001,27.950001,27.650000,27.940001,25.840687,109100
2015-04-23,27.730000,28.059999,27.730000,27.990000,25.886930,122600
2015-04-24,28.170000,28.170000,27.990000,28.110001,25.997911,109600
2015-04-27,28.120001,28.240000,28.120001,28.170000,26.053404,121700
2015-04-28,28.190001,28.430000,28.040001,28.420000,26.284624,88500
2015-04-29,28.200001,28.330000,28.080000,28.240000,26.118145,88400
2015-04-30,28.150000,28.150000,27.830000,27.980000,25.877678,125400
2015-05-01,28.010000,28.299999,28.010000,28.260000,26.136642,99400
2015-05-04,28.299999,28.400000,28.290001,28.299999,26.173635,61900
2015-05-05,28.270000,28.270000,27.809999,27.860001,25.766701,244200
2015-05-06,27.959999,27.959999,27.490000,27.670000,25.590971,74600
2015-05-07,27.580000,27.850000,27.580000,27.719999,25.637215,72400
2015-05-08,27.889999,28.100000,27.889999,28.090000,25.979414,71300
2015-05-11,28.000000,28.080000,27.930000,27.980000,25.877678,49200
2015-05-12,27.830000,27.910000,27.600000,27.820000,25.729702,125400
2015-05-13,27.959999,28.070000,27.900000,27.940001,25.840687,38200
2015-05-14,28.170000,28.280001,28.139999,28.270000,26.145891,67900
2015-05-15,28.350000,28.350000,28.190001,28.309999,26.182884,60800
2015-05-18,28.209999,28.350000,28.200001,28.340000,26.210625,91000
2015-05-19,28.400000,28.400000,28.120001,28.190001,26.071901,53300
2015-05-20,28.260000,28.330000,28.110001,28.219999,26.099648,268700
2015-05-21,28.090000,28.340000,28.090000,28.309999,26.182884,55600
2015-05-22,28.280001,28.280001,28.180000,28.209999,26.090397,70500
2015-05-26,28.030001,28.080000,27.709999,27.850000,25.757446,100900
2015-05-27,27.900000,28.370001,27.900000,28.330000,26.201384,58900
2015-05-28,28.260000,28.360001,28.219999,28.340000,26.210625,49800
2015-05-29,28.370001,28.370001,28.120001,28.160000,26.044151,59100
2015-06-01,28.209999,28.240000,28.020000,28.150000,26.034904,38800
2015-06-02,28.049999,28.170000,27.920000,28.049999,25.942421,35800
2015-06-03,28.200001,28.250000,28.040001,28.040001,25.933172,68800
2015-06-04,27.950001,28.049999,27.680000,27.730000,25.646465,96600
2015-06-05,27.690001,27.740000,27.520000,27.650000,25.572474,74200
2015-06-08,27.540001,27.610001,27.280001,27.309999,25.258022,83400
2015-06-09,27.270000,27.370001,27.129999,27.309999,25.258022,93000
2015-06-10,27.370001,27.750000,27.370001,27.719999,25.637215,124000
2015-06-11,27.820000,27.840000,27.670000,27.680000,25.600220,93100
2015-06-12,27.610001,27.610001,27.420000,27.459999,25.396748,54400
2015-06-15,27.180000,27.350000,27.120001,27.350000,25.295015,57500
2015-06-16,27.260000,27.520000,27.260000,27.510000,25.442995,63900
2015-06-17,27.600000,27.670000,27.430000,27.600000,25.526232,56000
2015-06-18,27.520000,27.860001,27.520000,27.860001,25.766701,74100
2015-06-19,27.850000,27.850000,27.530001,27.590000,25.516985,86700
2015-06-22,27.680000,27.809999,27.680000,27.740000,25.655712,49300
2015-06-23,27.830000,27.830000,27.639999,27.690001,25.609468,151300
2015-06-24,27.480000,27.500000,27.320000,27.340000,25.438267,105700
2015-06-25,27.350000,27.410000,27.190001,27.219999,25.326612,82400
2015-06-26,27.100000,27.170000,26.840000,26.940001,25.066092,88700
2015-06-29,26.559999,26.780001,26.360001,26.360001,24.526436,124900
2015-06-30,26.580000,26.580000,26.260000,26.400000,24.563650,820100
2015-07-01,26.629999,26.629999,26.340000,26.430000,24.591566,1082000
2015-07-02,26.480000,26.600000,26.450001,26.480000,24.638086,104300
2015-07-06,26.240000,26.410000,26.170000,26.260000,24.433390,121500
2015-07-07,26.280001,26.320000,25.809999,26.270000,24.442694,240200
2015-07-08,26.049999,26.129999,25.820000,25.860001,24.061211,668500
2015-07-09,26.100000,26.240000,25.719999,25.719999,23.930952,224300
2015-07-10,25.990000,26.170000,25.950001,26.059999,24.247305,49200
2015-07-13,26.160000,26.410000,26.160000,26.370001,24.535738,160900
2015-07-14,26.340000,26.480000,26.330000,26.420000,24.582262,106000
2015-07-15,26.379999,26.500000,26.340000,26.400000,24.563650,72900
2015-07-16,26.610001,26.629999,26.450001,26.580000,24.731131,73700
2015-07-17,26.559999,26.559999,26.420000,26.520000,24.675306,311100
2015-07-20,26.549999,26.570000,26.459999,26.490000,24.647387,103600
2015-07-21,26.360001,26.430000,26.190001,26.270000,24.442694,124600
2015-07-22,25.959999,25.959999,25.760000,25.830000,24.033300,130700
2015-07-23,25.860001,26.100000,25.860001,25.900000,24.098431,193800
2015-07-24,25.950001,25.959999,25.680000,25.690001,23.903040,81700
2015-07-27,25.590000,25.709999,25.450001,25.549999,23.772778,133700
2015-07-28,25.600000,25.850000,25.450001,25.780001,23.986780,131100
2015-07-29,25.780001,26.010000,25.719999,25.969999,24.163563,52300
2015-07-30,25.959999,26.090000,25.889999,26.070000,24.256607,54300
2015-07-31,26.100000,26.150000,26.030001,26.080000,24.265913,105600
2015-08-03,26.049999,26.090000,25.840000,25.920000,24.117043,72300
2015-08-04,25.950001,25.950001,25.680000,25.799999,24.005388,348000
2015-08-05,25.910000,26.160000,25.910000,26.020000,24.210085,260700
2015-08-06,26.040001,26.040001,25.770000,25.910000,24.107735,99900
2015-08-07,25.820000,25.900000,25.730000,25.850000,24.051908,154400
2015-08-10,26.040001,26.379999,26.020000,26.309999,24.479912,81600
2015-08-11,26.120001,26.120001,25.760000,25.820000,24.023996,61300
2015-08-12,25.620001,26.020000,25.469999,25.930000,24.126341,200800
2015-08-13,26.030001,26.030001,25.860001,25.860001,24.061211,64900
2015-08-14,25.820000,26.040001,25.809999,26.020000,24.210085,57000
2015-08-17,25.889999,26.150000,25.840000,26.150000,24.331041,40000
2015-08-18,26.049999,26.049999,25.889999,25.920000,24.117043,113600
2015-08-19,25.860001,25.860001,25.510000,25.680000,23.893736,94900
2015-08-20,25.430000,25.469999,25.129999,25.150000,23.400600,169400
2015-08-21,24.870001,25.190001,24.440001,24.440001,22.739986,528300
2015-08-24,21.510000,24.410000,17.950001,23.580000,21.939806,561400
2015-08-25,24.290001,24.290001,23.250000,23.250000,21.632761,257500
2015-08-26,23.799999,24.209999,23.410000,24.209999,22.525984,469200
2015-08-27,24.500000,24.760000,24.260000,24.709999,22.991205,157600
2015-08-28,24.650000,24.900000,24.590000,24.900000,23.167992,118500
2015-08-31,24.750000,24.980000,24.600000,24.830000,23.102859,73100
2015-09-01,24.240000,24.430000,23.959999,24.110001,22.432941,102300
2015-09-02,24.440001,24.540001,24.230000,24.540001,22.833029,109800
2015-09-03,24.709999,24.980000,24.700001,24.780001,23.056335,114100
2015-09-04,24.490000,24.490000,24.219999,24.320000,22.628332,45200
2015-09-08,24.700001,24.990000,24.700001,24.990000,23.251728,50800
2015-09-09,25.219999,25.250000,24.620001,24.639999,22.926075,44100
2015-09-10,24.650000,25.010000,24.570000,24.870001,23.140076,43200
2015-09-11,24.719999,24.820000,24.610001,24.809999,23.084249,58500
2015-09-14,24.900000,24.900000,24.670000,24.719999,23.000509,55600
2015-09-15,24.750000,25.040001,24.750000,25.000000,23.261036,49500
2015-09-16,25.020000,25.190001,24.990000,25.160000,23.409904,63000
2015-09-17,25.010000,25.290001,24.889999,24.930000,23.195902,50400
2015-09-18,24.600000,24.799999,24.469999,24.520000,22.814423,44900
2015-09-21,24.660000,24.780001,24.540001,24.639999,22.926075,78000
2015-09-22,24.270000,24.330000,24.110001,24.230000,22.544594,106000
2015-09-23,24.020000,24.080000,23.850000,23.990000,22.519245,45300
2015-09-24,23.770000,24.000000,23.580000,23.980000,22.509863,94700
2015-09-25,24.209999,24.250000,23.940001,24.059999,22.584955,38400
2015-09-28,23.900000,24.010000,23.660000,23.680000,22.228252,74700
2015-09-29,23.700001,23.850000,23.540001,23.680000,22.228252,98800
2015-09-30,24.000000,24.230000,23.969999,24.209999,22.725760,70300
2015-10-01,24.299999,24.299999,23.820000,24.070000,22.594343,37500
2015-10-02,23.760000,24.410000,23.750000,24.410000,22.913500,51500
2015-10-05,24.570000,25.070000,24.570000,25.000000,23.467331,55000
2015-10-06,25.020000,25.230000,24.980000,25.180000,23.636295,89800
2015-10-07,25.370001,25.540001,25.080000,25.400000,23.842806,198300
2015-10-08,25.379999,25.700001,25.320000,25.670000,24.096254,89900
2015-10-09,25.690001,25.730000,25.580000,25.660000,24.086866,47900
2015-10-12,25.660000,25.660000,25.549999,25.629999,24.058704,20300
2015-10-13,25.459999,25.629999,25.420000,25.420000,23.861582,128800
2015-10-14,25.360001,25.680000,25.360001,25.580000,24.011770,27400
2015-10-15,25.610001,25.730000,25.490000,25.700001,24.124414,41300
2015-10-16,25.730000,25.770000,25.620001,25.750000,24.171347,46000
2015-10-19,25.690001,25.770000,25.620001,25.770000,24.190125,35300
2015-10-20,25.629999,25.750000,25.610001,25.750000,24.171347,48400
2015-10-21,25.809999,25.940001,25.600000,25.610001,24.039934,32100
2015-10-22,25.830000,26.340000,25.830000,26.240000,24.631311,76400
2015-10-23,26.610001,26.780001,26.549999,26.740000,25.100655,91100
2015-10-26,26.700001,26.700001,26.490000,26.540001,24.912916,38400
2015-10-27,26.389999,26.480000,26.270000,26.290001,24.678246,182500
2015-10-28,26.440001,26.700001,26.350000,26.700001,25.063108,49700
2015-10-29,26.490000,26.520000,26.379999,26.459999,24.837820,88400
2015-10-30,26.530001,26.570000,26.410000,26.420000,24.800274,75200
2015-11-02,26.490000,26.670000,26.469999,26.620001,24.988012,53200
2015-11-03,26.610001,26.889999,26.610001,26.809999,25.166365,67900
2015-11-04,26.940001,26.940001,26.690001,26.750000,25.110044,62100
2015-11-05,26.670000,26.700001,26.410000,26.450001,24.828434,57900
2015-11-06,26.420000,26.530001,26.350000,26.410000,24.790884,112900
2015-11-09,26.430000,26.459999,26.200001,26.330000,24.715790,143300
2015-11-10,26.129999,26.129999,26.000000,26.030001,24.434185,52200
2015-11-11,26.100000,26.190001,26.000000,26.030001,24.434185,34800
2015-11-12,25.860001,25.950001,25.740000,25.760000,24.180735,99400
2015-11-13,25.580000,25.580000,25.270000,25.270000,23.720778,52200
2015-11-16,25.250000,25.680000,25.250000,25.680000,24.105642,72000
2015-11-17,25.740000,25.910000,25.670000,25.709999,24.133801,207200
2015-11-18,25.830000,26.049999,25.730000,26.000000,24.406021,52900
2015-11-19,26.059999,26.379999,26.059999,26.260000,24.650082,56800
2015-11-20,26.360001,26.440001,26.320000,26.370001,24.753338,55000
2015-11-23,26.379999,26.389999,26.170000,26.219999,24.612532,46700
2015-11-24,26.059999,26.320000,25.980000,26.260000,24.650082,53800
2015-11-25,26.190001,26.219999,26.100000,26.100000,24.499891,106700
2015-11-27,26.120001,26.209999,26.120001,26.139999,24.537439,7600
2015-11-30,26.200001,26.290001,26.180000,26.240000,24.631311,36600
2015-12-01,26.299999,26.450001,26.280001,26.410000,24.790884,112400
2015-12-02,26.450001,26.549999,26.260000,26.260000,24.650082,39100
2015-12-03,26.389999,26.389999,25.870001,25.950001,24.359087,58600
2015-12-04,25.959999,26.490000,25.959999,26.450001,24.828434,32900
2015-12-07,26.379999,26.430000,26.230000,26.320000,24.706404,107300
2015-12-08,26.040001,26.200001,25.950001,26.129999,24.528053,52600
2015-12-09,26.090000,26.260000,25.760000,25.850000,24.265217,69700
2015-12-10,25.870001,26.010000,25.820000,25.850000,24.265217,51400
2015-12-11,25.570000,25.600000,25.340000,25.360001,23.805260,63600
2015-12-14,25.360001,25.420000,25.120001,25.420000,23.861582,46200
2015-12-15,25.600000,25.830000,25.590000,25.680000,24.105642,40200
2015-12-16,25.799999,26.049999,25.700001,26.020000,24.424797,73200
2015-12-17,26.040001,26.040001,25.540001,25.540001,23.974220,80100
2015-12-18,25.379999,25.480000,25.080000,25.080000,23.542421,57400
2015-12-21,25.260000,25.299999,25.129999,25.260000,23.711390,51800
2015-12-22,25.350000,25.530001,25.260000,25.500000,23.936674,146800
2015-12-23,25.370001,25.690001,25.370001,25.660000,24.221746,158000
2015-12-24,25.639999,25.760000,25.639999,25.670000,24.231186,34200
2015-12-28,25.570000,25.590000,25.420000,25.590000,24.155674,71600
2015-12-29,25.709999,25.969999,25.709999,25.900000,24.448298,83600
2015-12-30,25.840000,25.840000,25.660000,25.660000,24.221746,68700
2015-12-31,25.600000,25.600000,25.270000,25.270000,23.853607,152000
2016-01-04,24.940001,25.049999,24.680000,25.049999,23.645939,92300
2016-01-05,25.129999,25.129999,24.879999,24.959999,23.560980,41800
2016-01-06,24.670000,24.730000,24.440001,24.600000,23.221163,189300
2016-01-07,24.170000,24.370001,23.950001,23.950001,22.607595,71100
2016-01-08,24.110001,24.110001,23.639999,23.670000,22.343290,94900
2016-01-11,23.770000,23.920000,23.610001,23.840000,22.503757,67700
2016-01-12,24.010000,24.080000,23.719999,24.010000,22.664230,82200
2016-01-13,24.139999,24.190001,23.420000,23.450001,22.135620,160400
2016-01-14,23.600000,23.990000,23.360001,23.860001,22.522640,89200
2016-01-15,23.080000,23.260000,22.840000,23.080000,21.786358,141600
2016-01-19,23.270000,23.330000,22.870001,23.030001,21.739162,126900
2016-01-20,22.600000,22.900000,22.209999,22.740000,21.465416,197100
2016-01-21,22.770000,23.170000,22.610001,22.860001,21.578691,996200
2016-01-22,23.270000,23.450001,23.200001,23.450001,22.135620,31300
2016-01-25,23.320000,23.430000,23.120001,23.139999,21.842995,71400
2016-01-26,23.240000,23.580000,23.219999,23.530001,22.211140,55000
2016-01-27,23.370001,23.580000,23.129999,23.240000,21.937389,68300
2016-01-28,23.360001,23.420000,23.100000,23.270000,21.965710,110300
2016-01-29,23.480000,23.980000,23.480000,23.940001,22.598156,122300
2016-02-01,23.850000,24.110001,23.799999,24.010000,22.664230,71800
2016-02-02,23.780001,23.780001,23.330000,23.370001,22.060106,53600
2016-02-03,23.570000,23.740000,23.180000,23.629999,22.305531,37400
2016-02-04,23.650000,24.090000,23.650000,23.959999,22.617033,140700
2016-02-05,23.900000,23.900000,23.480000,23.510000,22.192259,45700
2016-02-08,23.219999,23.309999,22.910000,23.219999,21.918510,81900
2016-02-09,23.020000,23.250000,22.900000,23.040001,21.748600,75600
2016-02-10,23.180000,23.290001,22.900000,22.910000,21.625885,43900
2016-02-11,22.730000,23.059999,22.700001,22.959999,21.673080,109300
2016-02-12,23.080000,23.370001,22.940001,23.350000,22.041224,73900
2016-02-16,23.510000,23.879999,23.510000,23.850000,22.513201,58100
2016-02-17,24.010000,24.450001,24.010000,24.400000,23.032372,74400
2016-02-18,24.459999,24.680000,24.459999,24.549999,23.173962,51700
2016-02-19,24.480000,24.530001,24.350000,24.450001,23.079569,25300
2016-02-22,24.719999,24.840000,24.700001,24.780001,23.391071,77900
2016-02-23,24.660000,24.670000,24.410000,24.440001,23.070127,35900
2016-02-24,24.209999,24.730000,24.090000,24.700001,23.315556,188000
2016-02-25,24.770000,24.910000,24.549999,24.910000,23.513784,54300
2016-02-26,25.030001,25.059999,24.830000,24.860001,23.466587,42600
2016-02-29,24.860001,25.059999,24.750000,24.750000,23.362753,100700
2016-03-01,24.950001,25.370001,24.930000,25.360001,23.938562,119100
2016-03-02,25.350000,25.520000,25.299999,25.510000,24.080154,34100
2016-03-03,25.590000,25.629999,25.469999,25.600000,24.165110,68400
2016-03-04,25.680000,25.850000,25.559999,25.670000,24.231186,75000
2016-03-07,25.610001,25.920000,25.610001,25.860001,24.410538,46700
2016-03-08,25.709999,25.820000,25.510000,25.629999,24.193428,44700
2016-03-09,25.770000,25.900000,25.730000,25.840000,24.391661,83800
2016-03-10,25.840000,26.010000,25.459999,25.799999,24.353903,66100
2016-03-11,26.000000,26.250000,26.000000,26.250000,24.778679,81300
2016-03-14,26.120001,26.190001,26.049999,26.120001,24.655966,58000
2016-03-15,25.950001,26.080000,25.920000,26.080000,24.618208,35600
2016-03-16,25.950001,26.440001,25.950001,26.430000,24.948593,37700
2016-03-17,26.469999,26.730000,26.389999,26.680000,25.184578,39700
2016-03-18,26.750000,26.809999,26.690001,26.799999,25.297850,39100
2016-03-21,26.740000,26.840000,26.700001,26.840000,25.335611,54900
2016-03-22,26.730000,26.940001,26.700001,26.860001,25.354488,126900
2016-03-23,26.530001,26.549999,26.230000,26.280001,25.029713,76500
2016-03-24,26.129999,26.330000,26.049999,26.309999,25.058281,45800
2016-03-28,26.420000,26.420000,26.230000,26.309999,25.058281,31100
2016-03-29,26.270000,26.709999,26.200001,26.650000,25.382109,56500
2016-03-30,26.809999,26.990000,26.770000,26.860001,25.582117,40600
2016-03-31,26.900000,27.000000,26.840000,26.910000,25.629736,76300
2016-04-01,26.750000,26.950001,26.650000,26.950001,25.667835,74600
2016-04-04,26.959999,26.959999,26.799999,26.840000,25.563070,34800
2016-04-05,26.610001,26.680000,26.469999,26.469999,25.210670,39200
2016-04-06,26.530001,26.700001,26.350000,26.700001,25.429728,137000
2016-04-07,26.549999,26.549999,26.209999,26.290001,25.039236,36400
2016-04-08,26.530001,26.600000,26.340000,26.400000,25.144001,24300
2016-04-11,26.549999,26.799999,26.440001,26.440001,25.182100,32600
2016-04-12,26.490000,26.610001,26.270000,26.580000,25.315439,57600
2016-04-13,26.700001,26.930000,26.700001,26.930000,25.648788,57400
2016-04-14,26.780001,26.780001,26.620001,26.690001,25.420206,57500
2016-04-15,26.660000,26.730000,26.549999,26.570000,25.305912,34300
2016-04-18,26.430000,26.709999,26.430000,26.660000,25.391632,34900
2016-04-19,26.690001,26.690001,26.410000,26.540001,25.277340,40800
2016-04-20,26.510000,26.780001,26.510000,26.650000,25.382109,35100
2016-04-21,26.590000,26.620001,26.430000,26.469999,25.210670,38800
2016-04-22,26.370001,26.469999,26.190001,26.330000,25.077332,59100
2016-04-25,26.240000,26.309999,26.200001,26.270000,25.020185,53500
2016-04-26,26.379999,26.430000,26.260000,26.330000,25.077332,67100
2016-04-27,26.120001,26.389999,26.100000,26.350000,25.096382,115900
2016-04-28,25.910000,26.320000,25.850000,25.870001,24.639217,75000
2016-04-29,25.780001,25.780001,25.309999,25.469999,24.258245,81100
2016-05-02,25.549999,25.610001,25.410000,25.570000,24.353487,27300
2016-05-03,25.430000,25.430000,25.150000,25.240000,24.039188,86400
2016-05-04,25.070000,25.190001,25.020000,25.090000,23.896324,139800
2016-05-05,25.170000,25.170000,24.980000,25.010000,23.820131,78500
2016-05-06,24.959999,25.090000,24.820000,25.059999,23.867750,51100
2016-05-09,25.120001,25.170000,24.990000,25.030001,23.839180,59600
2016-05-10,25.080000,25.440001,25.080000,25.440001,24.229675,55600
2016-05-11,25.389999,25.500000,25.280001,25.280001,24.077286,43300
2016-05-12,25.400000,25.400000,25.020000,25.190001,23.991568,49600
2016-05-13,25.209999,25.350000,25.049999,25.090000,23.896324,37200
2016-05-16,25.100000,25.500000,25.100000,25.410000,24.201103,42100
2016-05-17,25.410000,25.459999,25.120001,25.180000,23.982044,53500
2016-05-18,25.160000,25.469999,25.100000,25.240000,24.039188,43600
2016-05-19,25.200001,25.200001,24.969999,25.090000,23.896324,60400
2016-05-20,25.280001,25.559999,25.209999,25.500000,24.286821,79000
2016-05-23,25.559999,25.719999,25.510000,25.510000,24.296343,48200
2016-05-24,25.709999,26.070000,25.639999,26.030001,24.791605,43900
2016-05-25,26.209999,26.370001,26.150000,26.299999,25.048761,93200
2016-05-26,26.389999,26.500000,26.299999,26.459999,25.201145,119300
2016-05-27,26.480000,26.540001,26.459999,26.530001,25.267818,31600
2016-05-31,26.580000,26.639999,26.450001,26.580000,25.315439,44700
2016-06-01,26.590000,26.639999,26.530001,26.610001,25.344011,29700
2016-06-02,26.459999,26.629999,26.389999,26.570000,25.305912,19800
2016-06-03,26.670000,26.680000,26.490000,26.650000,25.382109,43100
2016-06-06,26.750000,26.840000,26.650000,26.719999,25.448778,54300
2016-06-07,26.750000,26.900000,26.750000,26.820000,25.544018,30100
2016-06-08,26.900000,26.940001,26.830000,26.889999,25.610689,43500
2016-06-09,26.790001,26.879999,26.700001,26.850000,25.572592,32100
2016-06-10,26.660000,26.709999,26.500000,26.600000,25.334488,44600
2016-06-13,26.480000,26.580000,26.340000,26.350000,25.096382,123000
2016-06-14,26.320000,26.400000,26.160000,26.379999,25.124954,47200
2016-06-15,26.410000,26.490000,26.260000,26.260000,25.010662,36700
2016-06-16,26.170000,26.440001,26.000000,26.400000,25.144001,61200
2016-06-17,26.320000,26.469999,26.290001,26.420000,25.163050,32100
2016-06-20,26.620001,26.809999,26.580000,26.600000,25.334488,55700
2016-06-21,26.590000,26.820000,26.590000,26.770000,25.496401,74800
2016-06-22,26.520000,26.709999,26.459999,26.469999,25.378469,58300
2016-06-23,26.700001,26.940001,26.700001,26.940001,25.829090,33700
2016-06-24,26.129999,26.340000,25.709999,25.780001,24.716923,125600
2016-06-27,25.570000,25.590000,24.969999,25.100000,24.064964,73200
2016-06-28,25.400000,25.610001,25.299999,25.590000,24.534758,43300
2016-06-29,25.820000,26.200001,25.790001,26.160000,25.081253,56000
2016-06-30,26.209999,26.570000,26.139999,26.570000,25.474348,59900
2016-07-01,26.660000,26.660000,26.559999,26.650000,25.551046,36800
2016-07-05,26.480000,26.480000,26.320000,26.400000,25.311357,53400
2016-07-06,26.260000,26.559999,26.139999,26.559999,25.464758,46700
2016-07-07,26.670000,26.820000,26.549999,26.650000,25.551046,30200
2016-07-08,26.870001,27.100000,26.790001,27.080000,25.963316,109500
2016-07-11,27.190001,27.299999,27.139999,27.240000,26.116716,69300
2016-07-12,27.530001,27.690001,27.469999,27.639999,26.500225,99100
2016-07-13,27.670000,27.790001,27.629999,27.719999,26.576923,55500
2016-07-14,27.910000,27.969999,27.820000,27.879999,26.730326,148500
2016-07-15,27.870001,27.969999,27.719999,27.879999,26.730326,43200
2016-07-18,27.879999,28.020000,27.870001,27.950001,26.797441,66200
2016-07-19,27.910000,27.920000,27.799999,27.840000,26.691977,43000
2016-07-20,28.030001,28.200001,27.950001,28.190001,27.027546,235600
2016-07-21,28.170000,28.240000,27.969999,28.080000,26.922083,175000
2016-07-22,28.030001,28.309999,28.010000,28.290001,27.123419,58800
2016-07-25,28.280001,28.299999,28.209999,28.299999,27.133007,66100
2016-07-26,28.389999,28.590000,28.340000,28.590000,27.411049,71500
2016-07-27,28.750000,28.780001,28.520000,28.670000,27.487753,167100
2016-07-28,28.700001,28.709999,28.559999,28.680000,27.497339,43700
2016-07-29,28.660000,28.709999,28.540001,28.709999,27.526098,49700
2016-08-01,28.750000,28.770000,28.600000,28.690001,27.506924,316400
2016-08-02,28.780001,28.780001,28.250000,28.370001,27.200123,63400
2016-08-03,28.320000,28.480000,28.320000,28.480000,27.305582,36000
2016-08-04,28.490000,28.639999,28.440001,28.620001,27.439814,94000
2016-08-05,28.790001,28.879999,28.660000,28.860001,27.669916,72000
2016-08-08,28.959999,28.959999,28.799999,28.850000,27.660326,105000
2016-08-09,28.870001,29.000000,28.870001,28.930000,27.737028,87800
2016-08-10,28.930000,28.980000,28.790001,28.840000,27.650740,66700
2016-08-11,28.920000,28.990000,28.850000,28.959999,27.765793,189700
2016-08-12,28.990000,28.990000,28.799999,28.879999,27.689089,124300
2016-08-15,28.889999,29.139999,28.889999,29.080000,27.880844,147300
2016-08-16,29.120001,29.120001,28.910000,28.920000,27.727444,319300
2016-08-17,28.969999,28.969999,28.620001,28.809999,27.621977,137700
2016-08-18,28.770000,28.900000,28.770000,28.900000,27.708265,96300
2016-08-19,29.010000,29.010000,28.750000,28.930000,27.737028,126200
2016-08-22,28.940001,28.940001,28.760000,28.910000,27.717852,56700
2016-08-23,29.040001,29.100000,29.000000,29.020000,27.823318,61400
2016-08-24,29.070000,29.070000,28.799999,28.879999,27.689089,80700
2016-08-25,28.850000,28.950001,28.790001,28.879999,27.689089,46300
2016-08-26,28.950001,29.150000,28.760000,28.889999,27.698677,51900
2016-08-29,28.950001,29.100000,28.940001,28.990000,27.794550,50200
2016-08-30,29.030001,29.040001,28.820000,28.920000,27.727444,59400
2016-08-31,28.950001,28.950001,28.760000,28.889999,27.698677,49200
2016-09-01,28.889999,28.990000,28.740000,28.990000,27.794550,34800
2016-09-02,29.059999,29.200001,29.010000,29.129999,27.928785,42700
2016-09-06,29.240000,29.240000,29.059999,29.200001,27.995893,58200
2016-09-07,29.209999,29.309999,29.180000,29.260000,28.053421,45300
2016-09-08,29.250000,29.250000,29.030001,29.080000,27.880844,163100
2016-09-09,28.959999,28.959999,28.320000,28.320000,27.152184,147000
2016-09-12,28.209999,28.799999,28.100000,28.780001,27.593218,77400
2016-09-13,28.690001,28.700001,28.309999,28.420000,27.248058,51700
2016-09-14,28.549999,28.670000,28.430000,28.469999,27.295998,76700
2016-09-15,28.549999,29.040001,28.549999,29.040001,27.842493,80300
2016-09-16,29.070000,29.070000,28.709999,28.860001,27.669916,90200
2016-09-19,29.000000,29.180000,28.860001,28.930000,27.737028,76600
2016-09-20,29.120001,29.120001,28.820000,28.879999,27.689089,69200
2016-09-21,28.879999,29.020000,28.680000,29.020000,27.981245,59600
2016-09-22,29.110001,29.260000,29.110001,29.230000,28.183727,80400
2016-09-23,29.240000,29.240000,28.920000,28.940001,27.904110,52400
2016-09-26,28.760000,28.870001,28.709999,28.790001,27.759478,42000
2016-09-27,28.850000,29.160000,28.850000,29.139999,28.096947,84400
2016-09-28,29.240000,29.260000,29.040001,29.260000,28.212652,97600
2016-09-29,29.260000,29.280001,29.010000,29.200001,28.154800,56200
2016-09-30,29.360001,29.450001,29.299999,29.320000,28.270506,94300
2016-10-03,29.400000,29.400000,29.170000,29.260000,28.212652,58200
2016-10-04,29.360001,29.370001,28.959999,29.110001,28.068026,81100
2016-10-05,29.209999,29.330000,29.190001,29.230000,28.183727,143900
2016-10-06,29.230000,29.260000,29.020000,29.240000,28.193371,98300
2016-10-07,29.309999,29.309999,29.010000,29.230000,28.183727,80800
2016-10-10,29.309999,29.440001,29.270000,29.270000,28.222296,91900
2016-10-11,29.340000,29.340000,28.700001,28.830000,27.798044,58500
2016-10-12,28.730000,28.860001,28.629999,28.790001,27.759478,143200
2016-10-13,28.629999,28.690001,28.309999,28.580000,27.556992,192600
2016-10-14,28.709999,28.950001,28.709999,28.709999,27.682341,68500
2016-10-17,28.790001,28.790001,28.629999,28.650000,27.624489,50600
2016-10-18,28.910000,28.910000,28.760000,28.820000,27.788404,69400
2016-10-19,28.660000,28.719999,28.629999,28.690001,27.663055,192300
2016-10-20,28.690001,28.690001,28.480000,28.610001,27.585920,65000
2016-10-21,28.770000,28.770000,28.520000,28.610001,27.585920,57900
2016-10-24,28.750000,28.889999,28.700001,28.889999,27.855898,99400
2016-10-25,28.830000,28.910000,28.750000,28.799999,27.769117,254900
2016-10-26,28.690001,28.910000,28.650000,28.780001,27.749836,88900
2016-10-27,28.980000,29.000000,28.790001,28.799999,27.769117,60200
2016-10-28,28.760000,28.950001,28.610001,28.650000,27.624489,122500
2016-10-31,28.690001,28.760000,28.639999,28.690001,27.663055,53700
2016-11-01,28.660000,28.719999,28.150000,28.360001,27.344870,85500
2016-11-02,28.299999,28.410000,28.049999,28.120001,27.113461,54100
2016-11-03,28.200001,28.200001,27.959999,27.980000,26.978468,72700
2016-11-04,27.950001,28.120001,27.850000,27.920000,26.920618,53500
2016-11-07,28.219999,28.559999,28.219999,28.549999,27.528067,114600
2016-11-08,28.469999,28.790001,28.450001,28.629999,27.605204,58800
2016-11-09,28.290001,28.719999,28.120001,28.590000,27.566637,140800
2016-11-10,28.790001,28.830000,28.090000,28.320000,27.306301,164900
2016-11-11,28.190001,28.580000,28.190001,28.570000,27.547352,82000
2016-11-14,28.620001,28.620001,28.260000,28.360001,27.344870,147800
2016-11-15,28.520000,28.780001,28.469999,28.730000,27.701622,210100
2016-11-16,28.690001,28.910000,28.650000,28.900000,27.865540,131400
2016-11-17,28.940001,28.959999,28.809999,28.930000,27.894464,165900
2016-11-18,28.900000,29.020000,28.870001,28.980000,27.942675,71500
2016-11-21,29.190001,29.219999,29.010000,29.190001,28.145161,156900
2016-11-22,29.350000,29.400000,29.270000,29.370001,28.318716,80000
2016-11-23,29.250000,29.350000,29.209999,29.309999,28.260862,195100
2016-11-25,29.260000,29.440001,29.250000,29.430000,28.376570,34900
2016-11-28,29.360001,29.540001,29.340000,29.450001,28.395853,63100
2016-11-29,29.400000,29.570000,29.340000,29.450001,28.395853,77000
2016-11-30,29.570000,29.570000,29.260000,29.280001,28.231939,103900
2016-12-01,29.309999,29.309999,28.480000,28.510000,27.489502,157100
2016-12-02,28.590000,28.770000,28.469999,28.750000,27.720907,280200
2016-12-05,28.799999,28.990000,28.760000,28.889999,27.855898,55800
2016-12-06,28.990000,29.049999,28.889999,29.020000,27.981245,88000
2016-12-07,29.090000,29.660000,29.080000,29.600000,28.540483,59800
2016-12-08,29.680000,29.830000,29.639999,29.709999,28.646545,225100
2016-12-09,29.840000,29.840000,29.680000,29.760000,28.694756,80800
2016-12-12,29.680000,29.760000,29.580000,29.680000,28.617622,129700
2016-12-13,29.760000,30.260000,29.760000,30.100000,29.022587,86500
2016-12-14,30.129999,30.270000,29.850000,29.930000,28.858669,76200
2016-12-15,29.980000,30.209999,29.900000,30.080000,29.003304,62700
2016-12-16,30.160000,30.190001,29.750000,29.850000,28.781536,153900
2016-12-19,29.889999,30.110001,29.889999,30.040001,28.964735,51900
2016-12-20,30.129999,30.209999,30.040001,30.100000,29.022587,68000
2016-12-21,29.969999,30.000000,29.870001,29.870001,28.940233,46000
2016-12-22,29.900000,29.959999,29.780001,29.850000,28.920855,62200
2016-12-23,29.799999,29.940001,29.780001,29.920000,28.988674,69800
2016-12-27,29.990000,30.150000,29.990000,30.040001,29.104940,54400
2016-12-28,30.100000,30.100000,29.730000,29.760000,28.833654,65500
2016-12-29,29.790001,29.840000,29.709999,29.809999,28.882099,37600
2016-12-30,29.900000,29.900000,29.490000,29.580000,28.659260,102900
2017-01-03,29.790001,29.900000,29.660000,29.840000,28.911163,190100
2017-01-04,29.930000,29.990000,29.879999,29.959999,29.027431,88300
2017-01-05,29.920000,30.070000,29.879999,29.990000,29.056496,70000
2017-01-06,29.940001,30.080000,29.910000,30.010000,29.075874,73900
2017-01-09,30.129999,30.139999,30.000000,30.020000,29.085564,91700
2017-01-10,30.059999,30.129999,29.950001,30.020000,29.085564,61300
2017-01-11,30.059999,30.129999,29.930000,30.120001,29.182449,136900
2017-01-12,30.000000,30.030001,29.719999,30.000000,29.066185,91900
2017-01-13,30.070000,30.110001,30.040001,30.100000,29.163074,63200
2017-01-17,30.110001,30.120001,29.910000,30.010000,29.075874,104400
2017-01-18,30.100000,30.129999,29.959999,30.020000,29.085564,56600
2017-01-19,30.020000,30.090000,29.870001,29.910000,28.978987,111300
2017-01-20,30.059999,30.230000,30.059999,30.170000,29.230890,68600
2017-01-23,30.170000,30.170000,29.920000,30.120001,29.182449,95200
2017-01-24,30.129999,30.480000,30.100000,30.410000,29.463421,121100
2017-01-25,30.639999,30.770000,30.639999,30.730000,29.773460,159400
2017-01-26,30.790001,30.790001,30.620001,30.770000,29.812218,88800
2017-01-27,30.950001,30.969999,30.879999,30.920000,29.957548,115300
2017-01-30,30.850000,30.850000,30.559999,30.719999,29.763775,89900
2017-01-31,30.639999,30.660000,30.450001,30.600000,29.647509,64100
2017-02-01,30.850000,30.860001,30.500000,30.600000,29.647509,65900
2017-02-02,30.590000,30.670000,30.469999,30.650000,29.695951,84000
2017-02-03,30.809999,30.870001,30.750000,30.870001,29.909107,139900
2017-02-06,30.830000,30.830000,30.700001,30.770000,29.812218,68800
2017-02-07,30.820000,30.889999,30.780001,30.820000,29.860662,138800
2017-02-08,30.910000,30.910000,30.750000,30.830000,29.870350,89700
2017-02-09,30.879999,30.959999,30.830000,30.850000,29.889727,71000
2017-02-10,30.969999,30.990000,30.770000,30.959999,29.996302,169200
2017-02-13,31.129999,31.219999,31.030001,31.180000,30.209455,65100
2017-02-14,31.209999,31.250000,31.040001,31.250000,30.277277,69500
2017-02-15,31.340000,31.450001,31.240000,31.450001,30.471048,74600
2017-02-16,31.480000,31.700001,31.480000,31.629999,30.645449,86400
2017-02-17,31.559999,31.660000,31.480000,31.650000,30.664824,73700
2017-02-21,31.770000,31.870001,31.719999,31.860001,30.868292,76500
2017-02-22,31.850000,31.920000,31.730000,31.889999,30.897352,55400
2017-02-23,31.980000,31.980000,31.740000,31.840000,30.848909,63600
2017-02-24,31.629999,31.830000,31.600000,31.830000,30.839220,59700
2017-02-27,31.809999,31.809999,31.670000,31.760000,30.771400,53900
2017-02-28,31.740000,31.740000,31.469999,31.559999,30.577625,83700
2017-03-01,31.709999,31.879999,31.559999,31.840000,30.848909,83900
2017-03-02,31.840000,31.840000,31.570000,31.610001,30.626070,45800
2017-03-03,31.610001,31.670000,31.540001,31.660000,30.674513,80600
2017-03-06,31.590000,31.620001,31.450001,31.580000,30.597006,352000
2017-03-07,31.559999,31.650000,31.480000,31.559999,30.577625,48300
2017-03-08,31.590000,31.629999,31.459999,31.469999,30.490429,84700
2017-03-09,31.490000,31.500000,31.330000,31.459999,30.480738,418300
2017-03-10,31.620001,31.730000,31.580000,31.700001,30.713268,54500
2017-03-13,31.680000,31.709999,31.590000,31.660000,30.674513,347000
2017-03-14,31.610001,31.629999,31.400000,31.530001,30.548563,63700
2017-03-15,31.610001,31.870001,31.520000,31.820000,30.829535,41500
2017-03-16,31.990000,32.049999,31.900000,31.959999,30.965176,62200
2017-03-17,32.020000,32.029999,31.910000,31.959999,30.965176,57400
2017-03-20,31.950001,32.070000,31.900000,31.950001,30.955486,31900
2017-03-21,32.009998,32.110001,31.459999,31.480000,30.500116,74200
2017-03-22,31.420000,31.639999,31.350000,31.600000,30.616381,84200
2017-03-23,31.469999,31.540001,31.360001,31.389999,30.561855,47800
2017-03-24,31.510000,31.660000,31.420000,31.490000,30.659220,50300
2017-03-27,31.389999,31.520000,31.240000,31.450001,30.620275,136000
2017-03-28,31.520000,31.660000,31.389999,31.570000,30.737108,76100
2017-03-29,31.510000,31.620001,31.480000,31.590000,30.756582,47200
2017-03-30,31.650000,31.760000,31.629999,31.730000,30.892887,49400
2017-03-31,31.740000,31.799999,31.629999,31.700001,30.863680,67000
2017-04-03,31.790001,31.790001,31.410000,31.559999,30.727373,67500
2017-04-04,31.510000,31.719999,31.510000,31.719999,30.883150,95300
2017-04-05,31.780001,31.910000,31.530001,31.530001,30.698166,372100
2017-04-06,31.590000,31.680000,31.459999,31.559999,30.727373,64000
2017-04-07,31.510000,31.700001,31.510000,31.610001,30.776054,54100
2017-04-10,31.660000,31.690001,31.480000,31.530001,30.698166,63800
2017-04-11,31.540001,31.559999,31.190001,31.450001,30.620275,57200
2017-04-12,31.410000,31.440001,31.230000,31.280001,30.454762,67400
2017-04-13,31.260000,31.430000,31.110001,31.120001,30.298981,78800
2017-04-17,31.170000,31.330000,31.170000,31.309999,30.483967,50700
2017-04-18,31.180000,31.370001,31.180000,31.299999,30.474234,85500
2017-04-19,31.340000,31.379999,31.150000,31.170000,30.347662,58300
2017-04-20,31.260000,31.490000,31.200001,31.440001,30.610538,57600
2017-04-21,31.379999,31.430000,31.280001,31.379999,30.552122,108600
2017-04-24,31.680000,31.780001,31.660000,31.740000,30.902622,65200
2017-04-25,31.840000,31.990000,31.830000,31.959999,31.116819,112500
2017-04-26,31.870001,31.870001,31.719999,31.750000,30.912361,45300
2017-04-27,31.940001,31.959999,31.830000,31.959999,31.116819,53500
2017-04-28,31.870001,31.879999,31.650000,31.770000,30.931833,77600
2017-05-01,31.830000,31.889999,31.709999,31.860001,31.019461,62500
2017-05-02,31.879999,32.009998,31.820000,32.009998,31.165499,84400
2017-05-03,31.900000,31.950001,31.799999,31.900000,31.058403,53300
2017-05-04,31.889999,31.930000,31.680000,31.799999,30.961040,50100
2017-05-05,31.840000,31.920000,31.719999,31.920000,31.077875,80400
2017-05-08,31.980000,32.020000,31.860001,32.000000,31.155764,48400
2017-05-09,32.029999,32.049999,31.920000,31.959999,31.116819,78300
2017-05-10,31.959999,32.060001,31.900000,32.020000,31.175238,55600
2017-05-11,31.959999,31.959999,31.709999,31.830000,30.990250,51300
2017-05-12,31.850000,31.900000,31.770000,31.870001,31.029194,88500
2017-05-15,31.900000,32.090000,31.900000,32.080002,31.233654,52900
2017-05-16,32.099998,32.310001,32.049999,32.270000,31.418642,133500
2017-05-17,32.009998,32.040001,31.430000,31.480000,30.649483,128900
2017-05-18,31.299999,31.540001,31.180000,31.420000,30.591066,70600
2017-05-19,31.610001,31.780001,31.459999,31.690001,30.853943,50900
2017-05-22,31.760000,31.990000,31.760000,31.969999,31.126554,60300
2017-05-23,31.950001,32.049999,31.870001,31.910000,31.068138,107300
2017-05-24,32.029999,32.029999,31.900000,32.009998,31.165499,59600
2017-05-25,32.130001,32.209999,32.029999,32.180000,31.331017,81300
2017-05-26,32.180000,32.180000,32.080002,32.160000,31.311543,61800
2017-05-30,32.169998,32.310001,32.139999,32.250000,31.399168,43800
2017-05-31,32.340000,32.360001,32.150002,32.230000,31.379696,58300
2017-06-01,32.330002,32.360001,32.189999,32.360001,31.506266,41000
2017-06-02,32.470001,32.610001,32.369999,32.549999,31.691256,57700
2017-06-05,32.580002,32.619999,32.509998,32.549999,31.691256,74100
2017-06-06,32.500000,32.639999,32.470001,32.570000,31.710728,47300
2017-06-07,32.560001,32.669998,32.360001,32.470001,31.613367,39000
2017-06-08,32.520000,32.639999,32.470001,32.630001,31.769146,163200
2017-06-09,32.650002,32.660000,31.690001,31.969999,31.126554,107200
2017-06-12,31.690001,31.990000,31.660000,31.950001,31.107082,104200
2017-06-13,32.150002,32.209999,32.009998,32.139999,31.292068,55600
2017-06-14,32.290001,32.290001,31.700001,31.969999,31.126554,68800
2017-06-15,31.730000,31.870001,31.590000,31.830000,30.990250,47200
2017-06-16,31.700001,31.840000,31.700001,31.780001,30.941570,32500
2017-06-19,31.990000,32.110001,31.990000,32.090000,31.243391,33700
2017-06-20,32.040001,32.080002,31.750000,31.770000,30.931833,33300
2017-06-21,31.830000,31.830000,31.719999,31.750000,30.912361,54100
2017-06-22,31.770000,31.770000,31.530001,31.620001,31.019289,49600
2017-06-23,31.580000,31.930000,31.570000,31.870001,31.264540,39000
2017-06-26,31.969999,32.119999,31.719999,31.770000,31.166439,38000
2017-06-27,31.709999,31.719999,31.370001,31.370001,30.774038,108500
2017-06-28,31.450001,31.740000,31.350000,31.709999,31.107580,60700
2017-06-29,31.620001,31.620001,30.980000,31.219999,30.626886,68700
2017-06-30,31.320000,31.370001,31.150000,31.190001,30.597458,49000
2017-07-03,31.360001,31.370001,31.139999,31.230000,30.636698,22700
2017-07-05,31.180000,31.309999,31.040001,31.270000,30.675938,37500
2017-07-06,31.120001,31.139999,30.930000,30.950001,30.362017,35700
2017-07-07,31.070000,31.299999,31.010000,31.209999,30.617077,83600
2017-07-10,31.129999,31.340000,31.129999,31.260000,30.666128,74800
2017-07-11,31.230000,31.340000,31.170000,31.320000,30.724989,24500
2017-07-12,31.530001,31.629999,31.510000,31.559999,30.960426,58800
2017-07-13,31.570000,31.700001,31.510000,31.650000,31.048717,145300
2017-07-14,31.770000,32.000000,31.750000,31.940001,31.333210,33300
2017-07-17,32.000000,32.000000,31.860001,31.879999,31.274349,36700
2017-07-18,31.860001,31.889999,31.719999,31.860001,31.254730,99000
2017-07-19,31.900000,32.049999,31.870001,32.000000,31.392069,46100
2017-07-20,32.049999,32.160000,31.930000,32.090000,31.480362,55000
2017-07-21,31.969999,32.000000,31.900000,31.990000,31.382259,43200
2017-07-24,32.049999,32.049999,31.870001,31.959999,31.352829,38100
2017-07-25,31.920000,32.080002,31.770000,32.029999,31.421497,72000
2017-07-26,32.080002,32.099998,31.860001,32.020000,31.411690,127900
2017-07-27,32.110001,32.169998,31.650000,31.860001,31.254730,43000
2017-07-28,31.799999,31.830000,31.639999,31.760000,31.156628,42300
2017-07-31,31.790001,31.870001,31.680000,31.690001,31.087959,60600
2017-08-01,31.780001,31.900000,31.709999,31.870001,31.264540,50600
2017-08-02,32.119999,32.130001,31.809999,31.920000,31.313589,180300
2017-08-03,31.930000,31.930000,31.780001,31.799999,31.195868,31300
2017-08-04,31.870001,31.950001,31.850000,31.900000,31.293970,27600
2017-08-07,31.930000,32.049999,31.900000,32.040001,31.431311,49600
2017-08-08,31.950001,32.230000,31.889999,31.950001,31.343021,45100
2017-08-09,31.750000,31.870001,31.740000,31.870001,31.264540,48900
2017-08-10,31.690001,31.690001,31.309999,31.330000,30.734797,100300
2017-08-11,31.299999,31.590000,31.299999,31.520000,30.921186,42600
2017-08-14,31.680000,31.990000,31.680000,31.940001,31.333210,55100
2017-08-15,32.000000,32.000000,31.840000,31.879999,31.274349,41500
2017-08-16,31.940001,32.060001,31.889999,32.020000,31.411690,36300
2017-08-17,31.830000,31.850000,31.309999,31.320000,30.724989,35500
2017-08-18,31.330000,31.410000,31.160000,31.200001,30.607269,100300
2017-08-21,31.200001,31.240000,31.070000,31.200001,30.607269,89300
2017-08-22,31.400000,31.549999,31.350000,31.500000,30.901569,91300
2017-08-23,31.370001,31.620001,31.370001,31.540001,30.940809,47800
2017-08-24,31.600000,31.650000,31.510000,31.590000,30.989859,64700
2017-08-25,31.730000,31.790001,31.620001,31.620001,31.019289,30900
2017-08-28,31.680000,31.740000,31.650000,31.700001,31.097769,30300
2017-08-29,31.410000,31.799999,31.400000,31.760000,31.156628,26600
2017-08-30,31.760000,31.990000,31.760000,31.959999,31.352829,25800
2017-08-31,32.020000,32.160000,32.020000,32.099998,31.490168,28400
2017-09-01,32.250000,32.279999,32.160000,32.200001,31.588272,26900
2017-09-05,32.139999,32.160000,31.730000,31.879999,31.274349,62700
2017-09-06,31.959999,32.090000,31.940001,31.969999,31.362638,26700
2017-09-07,32.009998,32.099998,31.889999,31.900000,31.293970,49500
2017-09-08,31.910000,31.910000,31.629999,31.660000,31.058529,43800
2017-09-11,31.790001,32.090000,31.790001,32.029999,31.421497,39800
2017-09-12,32.180000,32.330002,32.139999,32.200001,31.588272,21900
2017-09-13,32.150002,32.220001,32.099998,32.220001,31.607891,17600
2017-09-14,32.169998,32.259998,32.119999,32.209999,31.598076,24200
2017-09-15,32.139999,32.360001,32.130001,32.340000,31.725611,47000
2017-09-18,32.470001,32.470001,32.279999,32.349998,31.735416,79900
2017-09-19,32.490002,32.540001,32.410000,32.520000,31.902191,46300
2017-09-20,32.470001,32.470001,32.080002,32.330002,31.715801,26800
2017-09-21,32.160000,32.160000,31.950001,31.980000,31.577560,70000
2017-09-22,31.930000,32.119999,31.930000,32.119999,31.715799,43400
2017-09-25,31.920000,32.090000,31.850000,32.000000,31.597311,31500
2017-09-26,32.090000,32.169998,32.009998,32.099998,31.696051,15500
2017-09-27,32.220001,32.310001,32.090000,32.209999,31.804665,54700
2017-09-28,32.189999,32.270000,32.119999,32.250000,31.844164,67500
2017-09-29,32.340000,32.419998,32.220001,32.380001,31.972528,34000
2017-10-02,32.520000,32.570000,32.450001,32.540001,32.130516,35300
2017-10-03,32.599998,32.680000,32.570000,32.639999,32.229256,24800
2017-10-04,32.599998,32.660000,32.509998,32.660000,32.249004,25300
2017-10-05,32.779999,32.830002,32.680000,32.799999,32.387241,18100
2017-10-06,32.730000,32.810001,32.700001,32.810001,32.397118,17700
2017-10-09,32.840000,32.889999,32.830002,32.880001,32.466240,36500
2017-10-10,33.000000,33.000000,32.860001,32.950001,32.535358,46500
2017-10-11,32.959999,33.049999,32.939999,33.020000,32.604477,242000
2017-10-12,32.959999,33.020000,32.910000,32.930000,32.515610,55000
2017-10-13,32.939999,33.150002,32.939999,33.090000,32.673595,48600
2017-10-16,33.220001,33.220001,33.090000,33.160000,32.742714,20800
2017-10-17,33.090000,33.130001,33.009998,33.099998,32.683468,47300
2017-10-18,33.369999,33.450001,33.250000,33.369999,32.950069,49100
2017-10-19,33.270000,33.380001,33.119999,33.279999,32.861202,46000
2017-10-20,33.490002,33.599998,33.340000,33.509998,33.088306,26700
2017-10-23,33.750000,33.799999,33.599998,33.630001,33.206802,39100
2017-10-24,33.689999,33.770000,33.630001,33.709999,33.285793,41800
2017-10-25,33.680000,33.680000,33.250000,33.470001,33.048813,39800
2017-10-26,33.590000,33.639999,33.509998,33.599998,33.177177,37000
2017-10-27,33.930000,34.279999,33.869999,34.200001,33.769627,38000
2017-10-30,34.150002,34.230000,34.040001,34.150002,33.720257,443500
2017-10-31,34.270000,34.349998,34.130001,34.290001,33.858494,67200
2017-11-01,34.470001,34.470001,34.160000,34.360001,33.927616,53700
2017-11-02,34.349998,34.419998,34.220001,34.389999,33.957237,35300
2017-11-03,34.490002,34.639999,34.290001,34.580002,34.144848,23900
2017-11-06,34.669998,34.799999,34.610001,34.770000,34.332455,92400
2017-11-07,34.799999,34.810001,34.619999,34.730000,34.292953,53600
2017-11-08,34.740002,34.889999,34.669998,34.869999,34.431190,52400
2017-11-09,34.590000,34.650002,34.279999,34.590000,34.154716,55300
2017-11-10,34.509998,34.560001,34.360001,34.480000,34.046101,38000
2017-11-13,34.369999,34.500000,34.369999,34.490002,34.055977,32500
2017-11-14,34.410000,34.500000,34.299999,34.439999,34.006607,44400
2017-11-15,34.320000,34.389999,34.150002,34.240002,33.809124,30700
2017-11-16,34.570000,34.900002,34.570000,34.849998,34.411446,35500
2017-11-17,34.660000,34.820000,34.660000,34.730000,34.292953,39300
2017-11-20,34.830002,34.950001,34.830002,34.919998,34.480564,39100
2017-11-21,35.000000,35.250000,35.000000,35.119999,34.678047,73900
2017-11-22,35.220001,35.220001,35.040001,35.110001,34.668175,38200
2017-11-24,35.209999,35.279999,35.139999,35.270000,34.826160,18600
2017-11-27,35.130001,35.220001,35.070000,35.090000,34.648430,38900
2017-11-28,35.119999,35.349998,35.119999,35.330002,34.885406,43900
2017-11-29,35.310001,35.340000,34.730000,34.880001,34.441071,60500
2017-11-30,34.959999,35.180000,34.930000,35.060001,34.618805,133500
2017-12-01,34.980000,35.020000,34.340000,34.959999,34.520061,60300
2017-12-04,35.110001,35.189999,34.660000,34.660000,34.223839,99200
2017-12-05,34.650002,34.830002,34.480000,34.509998,34.075722,34300
2017-12-06,34.349998,34.549999,34.349998,34.470001,34.036232,33400
2017-12-07,34.570000,34.590000,34.439999,34.509998,34.075722,42700
2017-12-08,34.689999,34.750000,34.619999,34.740002,34.302834,194900
2017-12-11,34.759998,35.090000,34.759998,35.090000,34.648430,47900
2017-12-12,35.080002,35.119999,34.980000,35.090000,34.648430,27800
2017-12-13,35.240002,35.279999,35.110001,35.180000,34.737293,706700
2017-12-14,35.290001,35.290001,35.040001,35.060001,34.618805,90300
2017-12-15,35.070000,35.380001,34.970001,35.279999,34.836037,43200
2017-12-18,35.549999,35.740002,35.549999,35.730000,35.280373,43100
2017-12-19,35.669998,35.759998,35.540001,35.639999,35.191505,33500
2017-12-20,35.840000,35.840000,35.520000,35.669998,35.221127,32300
2017-12-21,35.500000,35.599998,35.340000,35.380001,34.934776,67700
2017-12-22,35.430000,35.430000,35.259998,35.380001,34.934776,27100
2017-12-26,35.200001,35.349998,35.169998,35.259998,34.816284,30600
2017-12-27,35.220001,35.320000,35.189999,35.209999,34.766914,45200
2017-12-28,35.360001,35.389999,35.270000,35.389999,34.944653,48800
2017-12-29,35.509998,35.509998,35.200001,35.200001,34.757046,46300
2018-01-02,35.410000,35.619999,35.360001,35.610001,35.161884,67800
2018-01-03,35.770000,35.779999,35.570000,35.689999,35.240875,56200
2018-01-04,35.900002,35.910000,35.630001,35.889999,35.438358,57400
2018-01-05,36.139999,36.169998,36.000000,36.130001,35.675339,48100
2018-01-08,36.080002,36.299999,36.070000,36.279999,35.823448,128100
2018-01-09,36.360001,36.380001,36.060001,36.090000,35.635841,189600
2018-01-10,35.950001,35.950001,35.779999,35.900002,35.448235,80100
2018-01-11,35.910000,36.099998,35.889999,36.099998,35.645714,54600
2018-01-12,36.240002,36.450001,36.150002,36.340000,35.882698,182100
2018-01-16,36.660000,36.759998,36.299999,36.400002,35.941944,71500
2018-01-17,36.619999,37.099998,36.619999,37.049999,36.583759,72200
2018-01-18,37.049999,37.160000,37.009998,37.099998,36.633133,158300
2018-01-19,37.080002,37.080002,36.869999,36.959999,36.494896,62200
2018-01-22,37.040001,37.310001,36.930000,37.290001,36.820744,245400
2018-01-23,37.439999,37.540001,37.320000,37.490002,37.018227,61700
2018-01-24,37.380001,37.549999,36.990002,37.110001,36.643005,166600
2018-01-25,37.430000,37.490002,36.959999,36.970001,36.504768,39100
2018-01-26,37.330002,37.740002,37.310001,37.740002,37.265079,114500
2018-01-29,37.619999,37.720001,37.430000,37.540001,37.067596,37900
2018-01-30,37.230000,37.259998,36.980000,37.080002,36.613384,59800
2018-01-31,37.279999,37.320000,37.000000,37.189999,36.721996,47000
2018-02-01,36.980000,37.299999,36.970001,37.049999,36.583759,31900
2018-02-02,36.770000,36.840000,36.180000,36.189999,35.734581,219900
2018-02-05,36.000000,36.410000,34.799999,34.799999,34.362076,129400
2018-02-06,34.380001,35.639999,34.099998,35.639999,35.191505,98400
2018-02-07,35.459999,35.830002,35.209999,35.209999,34.766914,68000
2018-02-08,35.299999,35.330002,33.900002,33.900002,33.473404,91800
2018-02-09,34.180000,34.669998,33.349998,34.400002,33.967110,108400
2018-02-12,34.660000,35.369999,34.660000,35.169998,34.727421,93400
2018-02-13,34.959999,35.340000,34.959999,35.279999,34.836037,60000
2018-02-14,35.099998,35.889999,35.099998,35.869999,35.418610,58400
2018-02-15,36.380001,36.500000,35.849998,36.490002,36.030807,110000
2018-02-16,36.430000,36.830002,36.360001,36.459999,36.001186,102700
2018-02-20,36.360001,36.759998,36.340000,36.490002,36.030807,152400
2018-02-21,36.560001,36.790001,36.139999,36.139999,35.685211,87900
2018-02-22,36.299999,36.349998,35.919998,35.970001,35.517353,39900
2018-02-23,36.310001,36.770000,36.270000,36.770000,36.307285,56200
2018-02-26,36.950001,37.430000,36.950001,37.360001,36.889858,101400
2018-02-27,37.430000,37.650002,37.130001,37.200001,36.731873,51900
2018-02-28,37.330002,37.380001,36.840000,36.849998,36.386280,42700
2018-03-01,36.849998,36.990002,36.119999,36.340000,35.882698,92700
2018-03-02,35.990002,36.740002,35.959999,36.709999,36.248039,109900
2018-03-05,36.570000,37.169998,36.529999,37.090000,36.623257,40400
2018-03-06,37.290001,37.380001,37.040001,37.189999,36.721996,80500
2018-03-07,36.959999,37.340000,36.889999,37.299999,36.830616,45900
2018-03-08,37.389999,37.439999,37.130001,37.360001,36.889858,128700
2018-03-09,37.580002,38.000000,37.560001,38.000000,37.521809,57400
2018-03-12,38.099998,38.209999,37.930000,38.160000,37.679794,76100
2018-03-13,38.099998,38.209999,37.610001,37.720001,37.245335,71500
2018-03-14,38.000000,38.000000,37.529999,37.669998,37.195957,59600
2018-03-15,37.750000,37.860001,37.529999,37.610001,37.136715,58200
2018-03-16,37.689999,37.820000,37.590000,37.590000,37.116966,36500
2018-03-19,37.419998,37.419998,36.750000,37.049999,36.583759,55500
2018-03-20,36.970001,37.029999,36.810001,36.910000,36.445522,33700
2018-03-21,36.860001,37.259998,36.770000,36.869999,36.406025,118100
2018-03-22,36.160000,36.389999,35.779999,35.779999,35.537937,148000
2018-03-23,35.830002,35.830002,35.000000,35.009998,34.773148,79600
2018-03-26,35.520000,36.250000,35.380001,36.220001,35.974964,46900
2018-03-27,36.419998,36.520000,35.290001,35.439999,35.200237,174600
2018-03-28,35.410000,35.549999,35.029999,35.169998,34.932064,62500
2018-03-29,35.380001,35.900002,35.169998,35.790001,35.547874,48600
2018-04-02,35.740002,35.750000,34.419998,34.799999,34.564568,103800
2018-04-03,35.040001,35.240002,34.680000,35.189999,34.951931,54100
2018-04-04,34.529999,35.759998,34.529999,35.619999,35.379021,224600
2018-04-05,35.840000,35.919998,35.610001,35.779999,35.537937,49600
2018-04-06,35.509998,35.709999,34.799999,34.950001,34.713554,78600
2018-04-09,35.169998,35.750000,35.070000,35.070000,34.832741,33000
2018-04-10,35.650002,36.049999,35.560001,35.900002,35.657127,53100
2018-04-11,35.720001,36.009998,35.689999,35.790001,35.547874,97000
2018-04-12,35.959999,36.299999,35.959999,36.200001,35.955097,128500
2018-04-13,36.389999,36.389999,35.830002,36.009998,35.766380,62600
2018-04-16,36.200001,36.369999,36.029999,36.279999,36.034557,50600
2018-04-17,36.500000,36.889999,36.439999,36.810001,36.560974,82500
2018-04-18,36.630001,36.689999,36.360001,36.560001,36.312664,62400
2018-04-19,36.270000,36.270000,35.830002,35.930000,35.686924,86000
2018-04-20,35.889999,35.889999,35.400002,35.560001,35.319427,93300
2018-04-23,35.630001,35.709999,35.250000,35.389999,35.150578,30300
2018-04-24,35.570000,35.779999,34.970001,35.130001,34.892338,128300
2018-04-25,35.200001,35.310001,34.820000,35.230000,34.991661,56800
2018-04-26,35.480000,35.669998,35.330002,35.560001,35.319427,63900
2018-04-27,35.919998,35.919998,35.459999,35.599998,35.359158,46600
2018-04-30,35.660000,35.840000,35.320000,35.340000,35.100918,56900
2018-05-01,35.240002,35.560001,35.070000,35.540001,35.299564,40200
2018-05-02,35.650002,35.650002,35.279999,35.330002,35.090984,33200
2018-05-03,35.160000,35.360001,34.750000,35.259998,35.021454,62300
2018-05-04,35.139999,35.889999,35.119999,35.810001,35.567738,30500
2018-05-07,35.930000,36.130001,35.900002,35.990002,35.746521,48900
2018-05-08,35.869999,36.029999,35.709999,35.970001,35.726654,56800
2018-05-09,36.000000,36.279999,35.860001,36.259998,36.014690,80300
2018-05-10,36.419998,36.790001,36.419998,36.779999,36.531174,43500
2018-05-11,36.799999,36.880001,36.630001,36.720001,36.471581,28200
2018-05-14,36.770000,37.000000,36.700001,36.759998,36.511307,92600
2018-05-15,36.520000,36.520000,36.250000,36.480000,36.233204,50700
2018-05-16,36.540001,36.720001,36.490002,36.700001,36.451717,41500
2018-05-17,36.529999,36.709999,36.320000,36.439999,36.193474,37000
2018-05-18,36.310001,36.349998,36.169998,36.220001,35.974964,26600
2018-05-21,36.430000,36.650002,36.360001,36.490002,36.243137,78300
2018-05-22,36.610001,36.709999,36.480000,36.520000,36.272934,89800
2018-05-23,36.240002,36.599998,36.230000,36.580002,36.332531,37800
2018-05-24,36.580002,36.619999,36.209999,36.509998,36.263000,74700
2018-05-25,36.410000,36.650002,36.400002,36.520000,36.272934,33800
2018-05-29,36.310001,36.450001,36.009998,36.200001,35.955097,111600
2018-05-30,36.360001,36.549999,36.340000,36.450001,36.203407,43400
2018-05-31,36.380001,36.509998,36.189999,36.230000,35.984894,982100
2018-06-01,36.490002,36.840000,36.490002,36.830002,36.580837,215200
2018-06-04,37.000000,37.070000,36.919998,37.020000,36.769550,49100
2018-06-05,37.189999,37.189999,37.009998,37.160000,36.908604,67800
2018-06-06,37.290001,37.400002,37.099998,37.400002,37.146980,44800
2018-06-07,37.490002,37.490002,37.029999,37.180000,36.928467,40900
2018-06-08,37.060001,37.099998,36.799999,37.090000,36.839077,43700
2018-06-11,37.029999,37.230000,37.029999,37.139999,36.888737,44500
2018-06-12,37.169998,37.240002,37.049999,37.240002,36.988064,52100
2018-06-13,37.299999,37.380001,37.029999,37.070000,36.819214,53500
2018-06-14,37.189999,37.279999,37.060001,37.130001,36.878807,57200
2018-06-15,37.000000,37.110001,36.770000,37.110001,36.858944,52700
2018-06-18,36.770000,36.820000,36.580002,36.770000,36.521244,29700
2018-06-19,36.459999,36.650002,36.250000,36.619999,36.372257,47500
2018-06-20,36.709999,36.709999,36.490002,36.509998,36.263000,53800
2018-06-21,36.459999,36.459999,35.930000,35.959999,35.959999,74300
2018-06-22,36.080002,36.189999,35.930000,36.060001,36.060001,36000
2018-06-25,35.840000,35.840000,35.180000,35.459999,35.459999,68800
2018-06-26,35.529999,35.680000,35.419998,35.540001,35.540001,96300
2018-06-27,35.509998,35.700001,35.009998,35.009998,35.009998,64900
2018-06-28,35.040001,35.450001,35.040001,35.380001,35.380001,38100
2018-06-29,35.590000,35.709999,35.380001,35.439999,35.439999,64200
