Date,Open,High,Low,Close,Adj Close,Volume
2018-02-23,7.600000,7.600000,7.600000,7.600000,7.600000,200
2018-02-26,7.600000,7.600000,7.600000,7.600000,7.600000,0
2018-02-27,7.600000,7.600000,7.600000,7.600000,7.600000,0
2018-02-28,7.600000,7.600000,7.600000,7.600000,7.600000,0
2018-03-01,7.600000,7.600000,7.600000,7.600000,7.600000,0
2018-03-02,7.600000,7.600000,7.600000,7.600000,7.600000,0
2018-03-05,7.600000,7.600000,7.600000,7.600000,7.600000,0
2018-03-06,7.600000,7.600000,7.600000,7.600000,7.600000,0
2018-03-07,7.650000,7.650000,7.350000,7.400000,7.400000,3800
2018-03-08,7.650000,8.000000,7.650000,7.750000,7.750000,19300
2018-03-09,7.800000,7.850000,7.700000,7.700000,7.700000,1100
2018-03-12,8.000000,8.150000,8.000000,8.100000,8.100000,5300
2018-03-13,8.000000,8.250000,8.000000,8.100000,8.100000,16300
2018-03-14,8.000000,8.050000,8.000000,8.050000,8.050000,5600
2018-03-15,8.050000,8.050000,8.050000,8.050000,8.050000,0
2018-03-16,7.450000,7.500000,7.443000,7.500000,7.500000,10200
2018-03-19,7.650000,7.850000,7.650000,7.850000,7.850000,5200
2018-03-20,7.850000,7.850000,7.850000,7.850000,7.850000,0
2018-03-21,7.450000,7.450000,7.445000,7.445000,7.445000,2100
2018-03-22,7.350000,7.400000,7.350000,7.400000,7.400000,600
2018-03-23,7.450000,7.485000,7.435000,7.485000,7.485000,2000
2018-03-26,7.500000,7.530000,7.500000,7.530000,7.530000,3100
2018-03-27,7.460000,7.460000,7.400000,7.400000,7.400000,1400
2018-03-28,7.450000,7.450000,7.400000,7.400000,7.400000,2500
2018-03-29,7.400000,7.400000,7.400000,7.400000,7.400000,200
2018-04-02,7.400000,7.400000,7.400000,7.400000,7.400000,0
2018-04-03,7.450000,7.450000,7.450000,7.450000,7.450000,100
2018-04-04,7.200000,7.200000,7.093000,7.100000,7.100000,5500
2018-04-05,7.300000,7.300000,7.300000,7.300000,7.300000,200
2018-04-06,7.300000,7.300000,7.300000,7.300000,7.300000,0
2018-04-09,7.300000,7.300000,7.300000,7.300000,7.300000,0
2018-04-10,7.443000,7.450000,7.443000,7.449000,7.449000,1500
2018-04-11,7.435000,7.450000,7.435000,7.450000,7.450000,800
2018-04-12,7.415000,7.415000,7.415000,7.415000,7.415000,1100
2018-04-13,7.415000,7.415000,7.415000,7.415000,7.415000,0
2018-04-16,7.440000,7.450000,7.440000,7.450000,7.450000,2400
2018-04-17,7.450000,7.470000,7.450000,7.470000,7.470000,500
2018-04-18,7.600000,7.630000,7.600000,7.630000,7.630000,1100
2018-04-19,7.630000,7.630000,7.630000,7.630000,7.630000,0
2018-04-20,8.050000,8.080000,8.050000,8.080000,8.080000,2800
2018-04-23,8.050000,8.050000,8.050000,8.050000,8.050000,600
2018-04-24,8.200000,8.200000,8.200000,8.200000,8.200000,200
2018-04-25,7.840000,7.840000,7.700000,7.701000,7.701000,11100
2018-04-26,7.750000,7.800000,7.750000,7.800000,7.800000,1300
2018-04-27,7.800000,7.800000,7.800000,7.800000,7.800000,0
2018-04-30,8.000000,8.000000,8.000000,8.000000,8.000000,100
2018-05-01,8.000000,8.000000,8.000000,8.000000,8.000000,0
2018-05-02,8.000000,8.000000,8.000000,8.000000,8.000000,0
2018-05-03,8.000000,8.000000,8.000000,8.000000,8.000000,0
2018-05-04,7.750000,7.750000,7.750000,7.750000,7.750000,400
2018-05-07,7.750000,7.750000,7.750000,7.750000,7.750000,0
2018-05-08,7.750000,7.750000,7.750000,7.750000,7.750000,0
2018-05-09,7.750000,7.750000,7.750000,7.750000,7.750000,0
2018-05-10,7.750000,7.750000,7.750000,7.750000,7.750000,0
2018-05-11,7.750000,7.750000,7.750000,7.750000,7.750000,0
2018-05-14,7.930000,7.931000,7.909000,7.909000,7.909000,2400
2018-05-15,7.940000,7.940000,7.910000,7.930000,7.930000,1200
2018-05-16,7.930000,7.930000,7.930000,7.930000,7.930000,0
2018-05-17,7.930000,7.930000,7.930000,7.930000,7.930000,0
2018-05-18,7.720000,7.720000,7.600000,7.600000,7.600000,1900
2018-05-21,8.000000,8.000000,8.000000,8.000000,8.000000,500
2018-05-22,8.000000,8.000000,8.000000,8.000000,8.000000,0
2018-05-23,7.128000,7.128000,7.128000,7.128000,7.128000,500
2018-05-24,null,null,null,null,null,null
2018-05-25,7.626000,7.629000,7.580000,7.580000,7.580000,400
2018-05-29,7.580000,7.580000,7.580000,7.580000,7.580000,0
2018-05-30,7.288000,7.320000,7.288000,7.320000,7.320000,2600
2018-05-31,7.320000,7.320000,7.320000,7.320000,7.320000,0
2018-06-01,7.690000,7.690000,7.690000,7.690000,7.690000,1200
2018-06-04,7.850000,7.850000,7.850000,7.850000,7.850000,800
2018-06-05,7.860000,7.860000,7.860000,7.860000,7.860000,200
2018-06-06,7.860000,7.860000,7.860000,7.860000,7.860000,0
2018-06-07,8.010000,8.011000,7.970000,7.986000,7.986000,3000
2018-06-08,7.986000,7.986000,7.986000,7.986000,7.986000,0
2018-06-11,7.986000,7.986000,7.986000,7.986000,7.986000,0
2018-06-12,7.986000,7.986000,7.986000,7.986000,7.986000,0
2018-06-13,7.986000,7.986000,7.986000,7.986000,7.986000,0
2018-06-14,7.986000,7.986000,7.986000,7.986000,7.986000,0
2018-06-15,null,null,null,null,null,null
2018-06-18,8.050000,8.050000,8.050000,8.050000,8.050000,0
2018-06-19,7.715000,7.715000,7.715000,7.715000,7.715000,500
2018-06-20,7.715000,7.715000,7.715000,7.715000,7.715000,0
2018-06-21,7.760000,7.800000,7.760000,7.800000,7.800000,800
2018-06-22,7.800000,7.800000,7.800000,7.800000,7.800000,0
2018-06-25,7.800000,7.800000,7.800000,7.800000,7.800000,0
2018-06-26,7.800000,7.800000,7.800000,7.800000,7.800000,0
2018-06-27,7.800000,7.800000,7.800000,7.800000,7.800000,0
2018-06-28,7.800000,7.800000,7.800000,7.800000,7.800000,0
2018-06-29,7.800000,7.800000,7.800000,7.800000,7.800000,0
