Date,Open,High,Low,Close,Adj Close,Volume
2013-01-02,66.320000,66.980003,66.180000,66.980003,56.874863,1399900
2013-01-03,66.970001,67.139999,66.690002,66.989998,56.883354,1921200
2013-01-04,67.000000,68.360001,66.889999,68.339996,58.029667,1134700
2013-01-07,68.000000,68.500000,67.669998,68.330002,58.021179,1345200
2013-01-08,68.000000,68.290001,67.629997,67.849998,57.613598,1132000
2013-01-09,68.070000,68.099998,67.400002,67.440002,57.265457,1476600
2013-01-10,67.849998,68.250000,67.320000,68.209999,57.919258,1647200
2013-01-11,68.190002,69.589996,67.980003,69.540001,59.048634,1676500
2013-01-14,69.419998,69.720001,69.129997,69.349998,58.887295,1574700
2013-01-15,69.330002,69.739998,68.730003,69.699997,59.184475,1343800
2013-01-16,69.339996,69.639999,69.120003,69.239998,58.793903,1388900
2013-01-17,69.269997,69.949997,69.209999,69.529999,59.040142,1139900
2013-01-18,70.160004,71.339996,70.000000,71.129997,60.398743,2734800
2013-01-22,71.059998,72.000000,70.889999,71.930000,61.078064,1591500
2013-01-23,71.699997,71.849998,70.940002,71.580002,60.780861,1207800
2013-01-24,71.550003,72.650002,71.470001,71.699997,60.882744,1687300
2013-01-25,72.160004,72.360001,71.500000,72.089996,61.213902,1178500
2013-01-28,72.610001,72.610001,71.519997,72.180000,61.290348,1351100
2013-01-29,70.000000,71.650002,68.010002,71.610001,60.806332,2781800
2013-01-30,71.330002,71.620003,70.680000,70.959999,60.254402,2209900
2013-01-31,71.059998,72.129997,70.750000,71.410004,60.636528,2622100
2013-02-01,71.650002,73.220001,70.849998,73.080002,62.054565,2188700
2013-02-04,72.410004,72.410004,71.470001,71.540001,60.746887,1757100
2013-02-05,72.160004,72.599998,71.839996,72.220001,61.324299,1056700
2013-02-06,72.800003,73.059998,72.279999,72.989998,61.978130,1659100
2013-02-07,73.199997,73.379997,72.250000,72.900002,61.901714,1105300
2013-02-08,73.000000,73.550003,72.769997,73.269997,62.215893,864900
2013-02-11,73.220001,73.360001,72.820000,73.129997,62.097027,964900
2013-02-12,73.260002,73.919998,73.260002,73.750000,62.623482,825800
2013-02-13,74.199997,74.440002,73.650002,74.209999,63.014084,1106300
2013-02-14,74.029999,74.330002,73.699997,73.839996,62.699890,1361100
2013-02-15,73.400002,73.570000,72.620003,73.129997,62.097027,2210700
2013-02-19,73.360001,73.910004,73.089996,73.809998,62.674404,1374400
2013-02-20,73.699997,73.790001,72.070000,72.099998,61.222397,1650400
2013-02-21,72.029999,72.320000,71.139999,71.410004,60.636528,1328900
2013-02-22,71.849998,72.169998,71.360001,71.910004,61.061073,1590200
2013-02-25,72.519997,72.610001,70.040001,70.110001,59.532650,1948100
2013-02-26,70.449997,70.809998,69.860001,70.480003,59.846813,1504400
2013-02-27,69.970001,72.040001,69.849998,71.720001,60.899746,1253300
2013-02-28,71.339996,71.860001,71.150002,71.190002,60.449688,1663700
2013-03-01,71.209999,71.860001,70.230003,71.739998,60.916721,1229400
2013-03-04,71.559998,72.580002,71.300003,72.580002,61.630001,1202000
2013-03-05,72.970001,74.209999,72.669998,73.930000,62.776344,1355300
2013-03-06,74.360001,74.650002,73.910004,74.220001,63.022575,1201700
2013-03-07,74.470001,74.889999,73.959999,74.809998,63.523560,1160500
2013-03-08,75.449997,75.449997,74.459999,75.199997,63.854717,1351300
2013-03-11,74.589996,75.269997,74.199997,75.190002,64.170502,1320700
2013-03-12,75.050003,75.260002,74.209999,74.620003,63.684029,971300
2013-03-13,74.779999,75.160004,74.550003,75.050003,64.051010,940100
2013-03-14,75.440002,76.000000,75.230003,75.440002,64.383865,1505700
2013-03-15,75.029999,75.949997,74.769997,75.559998,64.486290,2406300
2013-03-18,74.769997,75.190002,74.360001,74.709999,63.760845,1286400
2013-03-19,75.029999,75.110001,73.779999,74.309998,63.419453,1621300
2013-03-20,75.059998,75.800003,74.480003,74.790001,63.829105,1244300
2013-03-21,74.430000,74.750000,73.400002,73.709999,62.907394,1350700
2013-03-22,71.669998,74.750000,71.669998,74.120003,63.257309,1082000
2013-03-25,74.540001,74.650002,73.500000,73.879997,63.052494,1196700
2013-03-26,74.089996,74.790001,73.930000,74.760002,63.803520,1068000
2013-03-27,74.099998,74.589996,73.709999,74.150002,63.282932,1340800
2013-03-28,74.169998,75.080002,74.029999,74.870003,63.897377,1099600
2013-04-01,75.000000,75.110001,74.010002,74.260002,63.376785,734000
2013-04-02,74.769997,75.019997,74.320000,74.849998,63.880329,1325500
2013-04-03,74.669998,74.970001,73.070000,73.250000,62.514805,1170700
2013-04-04,73.639999,74.400002,73.370003,73.889999,63.061008,803800
2013-04-05,72.839996,73.379997,72.190002,73.260002,62.523327,928900
2013-04-08,73.230003,74.199997,72.940002,74.190002,63.317043,887300
2013-04-09,74.389999,75.029999,74.080002,74.440002,63.530407,1036700
2013-04-10,74.610001,76.169998,74.449997,76.059998,64.912979,1152500
2013-04-11,76.260002,77.139999,76.000000,76.889999,65.621323,1138200
2013-04-12,76.750000,76.989998,76.070000,76.800003,65.544548,940000
2013-04-15,76.620003,76.769997,74.330002,74.360001,63.462128,1171700
2013-04-16,75.040001,76.120003,74.739998,76.070000,64.921532,1080000
2013-04-17,75.180000,75.330002,73.959999,74.580002,63.649891,1437100
2013-04-18,74.629997,74.889999,73.279999,73.489998,62.719624,962300
2013-04-19,73.800003,74.769997,73.129997,74.529999,63.607204,1571100
2013-04-22,75.269997,75.269997,73.760002,74.989998,63.999809,917600
2013-04-23,75.570000,76.410004,75.199997,76.290001,65.109276,1038800
2013-04-24,75.000000,75.000000,71.550003,72.750000,62.088093,2776600
2013-04-25,72.599998,73.040001,71.320000,71.680000,61.174911,3375800
2013-04-26,71.790001,72.129997,71.010002,71.019997,60.611629,2338800
2013-04-29,71.470001,71.809998,70.930000,71.480003,61.004211,2194100
2013-04-30,71.760002,72.669998,71.500000,72.500000,61.874722,1887600
2013-05-01,72.290001,72.800003,71.699997,71.709999,61.200500,1435800
2013-05-02,71.809998,72.900002,71.660004,72.360001,61.755245,1302700
2013-05-03,73.209999,73.889999,73.019997,73.250000,62.514805,1099100
2013-05-06,73.180000,73.610001,72.839996,73.279999,62.540409,838400
2013-05-07,73.620003,74.019997,73.150002,73.550003,62.770851,1286600
2013-05-08,73.629997,74.900002,73.239998,74.860001,63.888847,1276300
2013-05-09,74.629997,75.129997,74.300003,74.449997,63.538937,894900
2013-05-10,74.809998,75.190002,74.250000,75.190002,64.170502,1035700
2013-05-13,75.139999,75.680000,74.580002,75.190002,64.170502,1284800
2013-05-14,75.080002,76.699997,75.059998,76.650002,65.416527,1420500
2013-05-15,76.459999,77.599998,75.800003,77.580002,66.210228,1635300
2013-05-16,77.480003,78.209999,77.110001,77.250000,65.928589,1626800
2013-05-17,77.489998,78.449997,77.489998,78.360001,66.875900,1256400
2013-05-20,78.379997,79.589996,78.010002,78.360001,66.875900,1600400
2013-05-21,78.989998,79.410004,78.430000,78.620003,67.097809,1238100
2013-05-22,78.559998,80.129997,77.360001,77.730003,66.338234,1850000
2013-05-23,76.459999,77.370003,75.900002,76.849998,65.587219,1509400
2013-05-24,76.139999,76.930000,75.900002,76.919998,65.646950,930100
2013-05-28,77.919998,78.379997,77.660004,77.959999,66.534538,1442500
2013-05-29,77.430000,77.889999,76.820000,77.220001,65.902969,1069000
2013-05-30,77.480003,78.070000,76.690002,77.510002,66.150497,797900
2013-05-31,77.250000,77.889999,75.830002,75.910004,64.784988,1504800
2013-06-03,76.389999,76.570000,75.029999,75.980003,64.844711,1879900
2013-06-04,75.949997,76.580002,74.879997,75.230003,64.204643,915400
2013-06-05,74.970001,75.419998,73.190002,73.260002,62.523327,1430900
2013-06-06,73.080002,73.989998,72.510002,73.989998,63.146362,1100000
2013-06-07,74.839996,75.769997,73.900002,75.680000,64.588669,934000
2013-06-10,76.080002,76.290001,75.059998,75.459999,64.400909,905300
2013-06-11,74.440002,74.949997,73.730003,73.949997,63.431633,859200
2013-06-12,74.760002,74.809998,72.370003,72.459999,62.153580,1178600
2013-06-13,72.459999,74.370003,72.239998,74.349998,63.774742,1033000
2013-06-14,74.400002,74.400002,73.110001,73.400002,62.959881,940600
2013-06-17,73.510002,75.050003,72.660004,74.500000,63.903419,1016000
2013-06-18,74.669998,75.839996,74.190002,75.620003,64.864113,916300
2013-06-19,75.800003,76.250000,74.660004,74.709999,64.083549,1829500
2013-06-20,73.720001,74.250000,72.470001,72.680000,62.342285,1594500
2013-06-21,72.930000,73.160004,71.360001,72.070000,61.819065,2873100
2013-06-24,72.339996,72.389999,70.070000,70.559998,60.523830,2132200
2013-06-25,71.809998,72.699997,71.089996,72.339996,62.050648,1585100
2013-06-26,73.150002,73.680000,72.830002,73.190002,62.779720,1235300
2013-06-27,73.550003,74.139999,73.309998,73.660004,63.182896,1147300
2013-06-28,73.019997,73.660004,72.459999,73.199997,62.788326,1695600
2013-07-01,73.589996,74.519997,73.459999,73.669998,63.191471,1363000
2013-07-02,72.900002,74.250000,72.900002,73.989998,63.465954,1128300
2013-07-03,73.459999,74.250000,73.190002,74.059998,63.526001,684000
2013-07-05,74.830002,75.389999,74.180000,75.370003,64.649666,922700
2013-07-08,75.739998,76.190002,75.330002,75.889999,65.095703,1229900
2013-07-09,76.620003,76.849998,75.550003,76.559998,65.670403,1122300
2013-07-10,76.199997,76.510002,74.980003,75.559998,64.812645,1728600
2013-07-11,76.620003,77.790001,76.519997,77.440002,66.425232,2332600
2013-07-12,77.419998,77.709999,76.709999,77.449997,66.433823,1231900
2013-07-15,77.489998,78.360001,77.449997,77.949997,66.862686,919000
2013-07-16,78.150002,78.290001,77.440002,77.580002,66.545326,850400
2013-07-17,78.290001,78.300003,77.629997,78.169998,67.051376,1024400
2013-07-18,78.139999,78.949997,78.139999,78.349998,67.205803,1027000
2013-07-19,78.480003,79.190002,77.629997,79.180000,67.917763,1372400
2013-07-22,79.849998,80.099998,78.809998,80.010002,68.629700,1216000
2013-07-23,80.000000,80.260002,79.529999,79.589996,68.269440,1360300
2013-07-24,74.599998,76.989998,74.599998,75.610001,64.855530,3727000
2013-07-25,75.820000,76.529999,75.199997,75.730003,64.958443,2267200
2013-07-26,75.599998,76.300003,75.070000,76.250000,65.404510,1075900
2013-07-29,74.209999,75.879997,74.029999,74.629997,64.014923,1966600
2013-07-30,75.010002,75.330002,74.449997,74.570000,63.963467,1875800
2013-07-31,73.910004,75.959999,73.910004,75.239998,64.538139,2398900
2013-08-01,76.029999,77.029999,75.639999,76.750000,65.833382,1384000
2013-08-02,76.360001,76.739998,75.790001,76.349998,65.490288,1301800
2013-08-05,76.320000,76.320000,75.699997,75.870003,65.078552,896700
2013-08-06,75.790001,76.059998,75.250000,75.430000,64.701134,944600
2013-08-07,75.419998,75.419998,74.330002,74.489998,63.894836,1477400
2013-08-08,75.080002,75.389999,74.400002,75.239998,64.538139,1427200
2013-08-09,74.720001,75.510002,74.370003,74.680000,64.057800,926500
2013-08-12,74.230003,74.440002,73.639999,73.989998,63.465954,1003200
2013-08-13,76.959999,76.959999,73.750000,74.580002,63.972034,1408500
2013-08-14,74.610001,74.870003,73.699997,73.870003,63.363022,1684300
2013-08-15,73.180000,73.370003,72.199997,72.720001,62.376595,1901100
2013-08-16,72.750000,73.099998,72.160004,72.750000,62.402302,1568100
2013-08-19,72.660004,72.730003,71.730003,71.739998,61.535976,848200
2013-08-20,71.760002,72.900002,71.449997,72.570000,62.247929,1097200
2013-08-21,72.000000,72.589996,71.449997,71.750000,61.544571,1121700
2013-08-22,72.000000,72.870003,72.000000,72.620003,62.290833,878100
2013-08-23,72.680000,72.699997,71.879997,72.580002,62.256508,723800
2013-08-26,72.349998,72.809998,71.690002,71.790001,61.578876,1329300
2013-08-27,70.870003,71.209999,70.220001,70.300003,60.300819,1404600
2013-08-28,70.169998,71.010002,70.050003,70.500000,60.472359,1312500
2013-08-29,70.250000,71.250000,70.089996,70.760002,60.695385,836800
2013-08-30,70.989998,71.000000,69.970001,70.139999,60.163567,997500
2013-09-03,70.940002,71.550003,69.949997,70.699997,60.643906,1018900
2013-09-04,70.879997,71.269997,70.339996,70.830002,60.755432,1354500
2013-09-05,70.889999,71.419998,70.650002,70.940002,60.849770,879500
2013-09-06,71.230003,71.260002,69.900002,70.720001,60.661076,1053500
2013-09-09,71.120003,71.209999,70.750000,71.150002,61.029915,2103600
2013-09-10,71.820000,72.220001,71.220001,72.040001,61.793320,1104100
2013-09-11,71.629997,71.889999,71.120003,71.580002,61.724339,1247500
2013-09-12,71.489998,71.849998,71.190002,71.610001,61.750210,1514500
2013-09-13,71.879997,71.889999,70.970001,71.559998,61.707069,921800
2013-09-16,72.839996,72.839996,72.050003,72.610001,62.612503,1215400
2013-09-17,72.610001,72.860001,72.459999,72.790001,62.767738,830500
2013-09-18,72.889999,73.040001,72.449997,72.800003,62.776344,3073300
2013-09-19,73.300003,74.849998,73.220001,74.650002,64.371620,2465600
2013-09-20,74.589996,74.989998,73.809998,73.959999,63.776642,1787800
2013-09-23,73.639999,73.720001,72.570000,73.169998,63.095406,977900
2013-09-24,73.080002,73.430000,72.529999,72.889999,62.853943,1249600
2013-09-25,73.089996,73.379997,72.230003,72.800003,62.776344,1054500
2013-09-26,72.889999,73.379997,72.070000,72.570000,62.578014,1238600
2013-09-27,71.940002,72.580002,71.870003,72.449997,62.474545,965200
2013-09-30,71.550003,71.959999,71.300003,71.930000,62.026150,1281500
2013-10-01,71.989998,72.269997,71.660004,72.110001,62.181355,1379900
2013-10-02,71.519997,72.059998,71.440002,71.980003,62.069267,1212700
2013-10-03,71.959999,72.389999,71.269997,71.980003,62.069267,1126000
2013-10-04,72.199997,72.870003,71.760002,72.709999,62.698742,941200
2013-10-07,71.870003,72.470001,71.660004,71.790001,61.905418,840500
2013-10-08,71.919998,72.230003,70.959999,70.980003,61.206940,1306300
2013-10-09,71.580002,72.199997,71.129997,71.650002,61.784683,1763300
2013-10-10,72.510002,74.110001,72.389999,73.910004,63.733521,1896700
2013-10-11,73.779999,75.010002,73.559998,74.660004,64.380264,1084500
2013-10-14,73.870003,74.730003,73.620003,74.480003,64.225037,1677000
2013-10-15,74.389999,74.739998,74.059998,74.209999,63.992199,1413200
2013-10-16,74.879997,75.919998,74.580002,75.489998,65.095947,1277200
2013-10-17,75.019997,76.489998,74.690002,76.339996,65.828926,1185000
2013-10-18,76.779999,77.360001,76.349998,76.830002,66.251457,1957200
2013-10-21,77.070000,77.150002,76.559998,76.839996,66.260094,924900
2013-10-22,77.220001,77.779999,76.809998,77.279999,66.639503,1575200
2013-10-23,76.930000,77.940002,76.309998,77.839996,67.122414,2449800
2013-10-24,76.930000,77.000000,74.610001,75.459999,65.070091,3398300
2013-10-25,75.449997,76.290001,75.440002,75.750000,65.320168,1761700
2013-10-28,77.099998,77.849998,76.019997,77.779999,67.070663,2892200
2013-10-29,77.449997,78.820000,77.449997,78.059998,67.312111,2209900
2013-10-30,78.610001,78.629997,77.680000,78.150002,67.389717,1832000
2013-10-31,78.099998,78.269997,77.400002,77.410004,66.751595,1842400
2013-11-01,77.459999,77.889999,76.629997,77.629997,66.941322,2055800
2013-11-04,77.570000,78.010002,77.320000,77.480003,66.811989,1255600
2013-11-05,77.059998,77.339996,76.660004,76.959999,66.363586,940900
2013-11-06,77.360001,77.750000,77.120003,77.610001,66.924088,831600
2013-11-07,78.110001,78.139999,76.580002,76.620003,66.070374,1306900
2013-11-08,76.790001,78.870003,76.790001,78.800003,67.950226,1936000
2013-11-11,78.550003,79.199997,78.410004,78.790001,67.941605,1021400
2013-11-12,78.410004,78.900002,78.050003,78.419998,67.622543,1041700
2013-11-13,78.129997,78.849998,77.809998,78.830002,67.976089,1295500
2013-11-14,78.790001,79.209999,78.360001,78.959999,68.088196,1619600
2013-11-15,79.150002,80.190002,79.150002,79.989998,68.976379,1430700
2013-11-18,79.910004,80.660004,79.769997,80.000000,68.985016,1129600
2013-11-19,80.339996,80.440002,79.680000,80.000000,68.985016,922400
2013-11-20,80.370003,80.540001,79.599998,79.989998,68.976379,1779300
2013-11-21,80.169998,80.800003,80.000000,80.449997,69.373055,956800
2013-11-22,80.800003,81.180000,80.400002,81.129997,69.959435,916800
2013-11-25,81.419998,81.620003,80.570000,80.750000,69.631737,783500
2013-11-26,80.599998,81.209999,80.419998,80.419998,69.347168,970700
2013-11-27,80.690002,81.180000,80.250000,80.809998,69.683472,926400
2013-11-29,80.900002,81.300003,80.440002,80.459999,69.381668,549600
2013-12-02,80.650002,81.459999,80.470001,80.690002,69.580009,1154400
2013-12-03,80.349998,80.510002,79.410004,79.669998,68.700447,1062500
2013-12-04,79.519997,80.320000,78.779999,79.550003,68.596977,753800
2013-12-05,79.580002,79.730003,78.480003,78.540001,67.726028,1044700
2013-12-06,80.000000,80.129997,79.519997,79.820000,68.829803,1582900
2013-12-09,80.129997,80.570000,79.870003,80.059998,69.036736,847600
2013-12-10,79.970001,80.120003,79.190002,79.519997,68.571068,943900
2013-12-11,79.660004,79.959999,78.540001,78.610001,67.786385,1515500
2013-12-12,78.419998,78.800003,77.940002,78.019997,67.604416,1087300
2013-12-13,78.370003,78.790001,77.720001,78.370003,67.907707,1255500
2013-12-16,79.169998,80.449997,79.000000,80.160004,69.458748,1342300
2013-12-17,80.029999,80.360001,79.459999,79.809998,69.155464,1201100
2013-12-18,79.989998,83.080002,79.690002,82.860001,71.798286,2583700
2013-12-19,82.519997,83.209999,82.070000,82.129997,71.165764,1807800
2013-12-20,82.260002,83.470001,81.900002,82.879997,71.815613,1819000
2013-12-23,83.300003,83.830002,83.230003,83.379997,72.248871,872300
2013-12-24,83.379997,83.690002,83.059998,83.370003,72.240196,314000
2013-12-26,83.480003,83.879997,83.320000,83.589996,72.430832,816600
2013-12-27,83.629997,83.919998,83.150002,83.430000,72.292191,878300
2013-12-30,83.400002,83.550003,82.910004,83.360001,72.231529,518300
2013-12-31,83.419998,83.989998,83.410004,83.769997,72.586784,930300
2014-01-02,83.580002,83.760002,82.190002,82.559998,71.538345,1113600
2014-01-03,82.660004,83.669998,82.459999,83.300003,72.179550,776900
2014-01-06,83.669998,83.970001,82.870003,83.169998,72.066902,848400
2014-01-07,83.809998,84.339996,83.089996,83.870003,72.673454,945900
2014-01-08,84.050003,84.150002,83.519997,83.919998,72.716782,1131900
2014-01-09,84.000000,84.220001,82.860001,83.290001,72.170876,1134600
2014-01-10,83.589996,83.790001,82.940002,83.430000,72.292191,761100
2014-01-13,82.940002,83.290001,82.059998,82.349998,71.356377,1216500
2014-01-14,82.760002,83.330002,82.269997,83.190002,72.084236,1094500
2014-01-15,83.300003,83.989998,83.050003,83.919998,72.716782,1027300
2014-01-16,84.410004,84.410004,83.050003,83.809998,72.621468,872500
2014-01-17,83.870003,83.940002,82.029999,82.279999,71.295708,3914400
2014-01-21,81.430000,82.339996,81.089996,81.779999,70.862488,2032100
2014-01-22,82.110001,82.379997,80.940002,81.519997,70.637169,1653200
2014-01-23,80.760002,81.099998,79.589996,79.919998,69.250778,2152200
2014-01-24,79.230003,79.410004,77.209999,77.379997,67.049850,3163100
2014-01-27,77.400002,78.150002,76.500000,76.510002,66.296013,2278700
2014-01-28,80.160004,81.400002,78.610001,80.699997,69.926666,3468700
2014-01-29,80.660004,80.660004,78.540001,78.959999,68.418945,2611300
2014-01-30,79.589996,80.029999,78.970001,79.550003,68.930183,1572100
2014-01-31,78.320000,79.519997,77.680000,78.440002,67.968338,1833100
2014-02-03,78.480003,78.620003,75.570000,75.669998,65.568161,2122000
2014-02-04,76.209999,78.540001,75.809998,77.680000,67.309807,2285400
2014-02-05,77.290001,77.860001,76.290001,76.800003,66.547295,1512000
2014-02-06,76.989998,77.540001,76.900002,77.419998,67.084503,1019300
2014-02-07,78.099998,79.540001,77.529999,79.339996,68.748207,2069100
2014-02-10,79.459999,79.730003,78.830002,79.449997,68.843544,1332800
2014-02-11,79.320000,80.510002,79.010002,80.180000,69.476059,1242700
2014-02-12,80.080002,81.070000,79.900002,80.709999,69.935310,1518400
2014-02-13,80.199997,80.889999,79.599998,80.620003,69.857330,1079700
2014-02-14,80.580002,81.050003,80.279999,80.830002,70.039291,1099300
2014-02-18,80.690002,81.070000,80.110001,80.660004,69.891983,876500
2014-02-19,80.139999,81.510002,79.809998,79.889999,69.224792,1014500
2014-02-20,80.230003,80.459999,79.309998,80.099998,69.406761,851700
2014-02-21,80.269997,80.660004,79.709999,80.000000,69.320099,875400
2014-02-24,80.019997,81.389999,80.019997,80.860001,70.065285,1007500
2014-02-25,80.930000,81.059998,80.019997,80.099998,69.406761,931900
2014-02-26,80.099998,80.599998,79.300003,79.519997,68.904152,1313700
2014-02-27,79.360001,80.599998,78.889999,80.419998,69.684029,1167400
2014-02-28,80.559998,81.690002,80.120003,81.169998,70.333878,1511000
2014-03-03,80.099998,80.300003,79.220001,79.830002,69.172813,1226100
2014-03-04,80.980003,81.849998,80.680000,81.680000,70.775818,1064200
2014-03-05,81.720001,81.860001,81.309998,81.540001,70.654503,950000
2014-03-06,81.160004,82.940002,81.160004,82.370003,71.373726,1447900
2014-03-07,82.930000,83.680000,82.330002,83.000000,71.919594,1181800
2014-03-10,83.370003,83.730003,82.709999,83.709999,72.534813,1296400
2014-03-11,83.900002,83.949997,82.440002,82.699997,71.659653,1380800
2014-03-12,81.940002,82.239998,81.190002,81.830002,71.285057,1488200
2014-03-13,82.379997,83.080002,80.430000,80.760002,70.352943,1333900
2014-03-14,80.809998,81.730003,79.949997,80.279999,69.934807,1470900
2014-03-17,81.099998,81.959999,80.889999,81.580002,71.067284,996100
2014-03-18,81.589996,82.110001,81.209999,81.730003,71.197945,959300
2014-03-19,81.709999,82.000000,80.580002,80.930000,70.501045,1506300
2014-03-20,80.839996,82.660004,80.650002,82.519997,71.886139,2124200
2014-03-21,83.589996,84.400002,82.500000,82.919998,72.234589,3240000
2014-03-24,83.150002,83.510002,81.940002,82.309998,71.703201,1165400
2014-03-25,83.040001,83.769997,81.589996,82.400002,71.781616,1022700
2014-03-26,82.800003,83.050003,81.480003,81.500000,70.997581,1111500
2014-03-27,81.349998,81.760002,80.690002,81.000000,70.562012,1493800
2014-03-28,81.169998,82.550003,80.629997,81.669998,71.145683,917300
2014-03-31,82.389999,83.110001,82.120003,82.349998,71.738037,1130100
2014-04-01,83.019997,83.470001,82.540001,83.190002,72.469803,1468600
2014-04-02,83.699997,84.080002,83.169998,83.949997,73.131866,937100
2014-04-03,84.209999,84.730003,82.970001,83.500000,72.739861,837300
2014-04-04,83.910004,83.910004,81.430000,81.580002,71.067284,1199700
2014-04-07,81.529999,82.300003,79.430000,79.500000,69.255310,1850200
2014-04-08,79.620003,79.879997,79.099998,79.589996,69.333717,1913300
2014-04-09,79.809998,80.000000,79.500000,79.870003,69.577644,2126700
2014-04-10,79.980003,80.480003,78.010002,78.110001,68.044434,1969800
2014-04-11,77.540001,77.709999,76.760002,77.250000,67.295258,1889200
2014-04-14,77.949997,78.290001,77.250000,77.989998,67.939896,1258700
2014-04-15,78.089996,79.290001,77.599998,79.250000,69.037521,2149600
2014-04-16,80.169998,80.699997,79.470001,80.339996,69.987068,1512700
2014-04-17,80.510002,80.980003,80.330002,80.629997,70.239693,1740700
2014-04-21,80.839996,80.989998,80.370003,80.610001,70.222275,789700
2014-04-22,80.610001,81.540001,80.480003,81.220001,70.753685,1331300
2014-04-23,82.970001,83.300003,80.699997,81.180000,70.718834,1575000
2014-04-24,82.680000,84.449997,81.639999,81.820000,71.276337,2316600
2014-04-25,82.620003,82.800003,80.809998,81.349998,70.866913,2021500
2014-04-28,81.430000,82.139999,79.690002,80.989998,70.553299,1722700
2014-04-29,81.669998,82.099998,81.260002,81.800003,71.258926,1088400
2014-04-30,81.379997,82.199997,81.019997,82.129997,71.546402,1265200
2014-05-01,82.099998,82.650002,81.199997,81.360001,70.875610,1311800
2014-05-02,81.459999,82.650002,81.389999,81.739998,71.206657,1164100
2014-05-05,80.820000,81.440002,80.279999,81.400002,70.910461,1192400
2014-05-06,81.040001,81.449997,80.279999,80.309998,69.960930,781100
2014-05-07,80.650002,81.669998,80.040001,81.620003,71.102135,851000
2014-05-08,81.620003,82.150002,80.970001,81.349998,70.866913,1083000
2014-05-09,81.500000,81.620003,80.690002,81.160004,70.701408,908500
2014-05-12,81.360001,81.959999,80.989998,81.820000,71.276337,1115000
2014-05-13,82.000000,82.110001,81.059998,81.320000,70.840782,942900
2014-05-14,81.449997,81.449997,80.570000,81.029999,70.588150,1285700
2014-05-15,80.940002,80.940002,78.570000,79.029999,68.845894,2501400
2014-05-16,79.239998,79.940002,78.849998,79.739998,69.464386,1881300
2014-05-19,79.599998,80.339996,79.400002,80.209999,69.873833,978100
2014-05-20,80.610001,80.610001,79.230003,79.610001,69.351143,878200
2014-05-21,80.110001,80.750000,80.110001,80.410004,70.048050,717300
2014-05-22,80.540001,80.980003,80.169998,80.839996,70.422630,749900
2014-05-23,80.849998,81.169998,80.559998,80.800003,70.387794,643300
2014-05-27,81.040001,81.540001,80.739998,81.010002,70.570717,886900
2014-05-28,81.199997,81.500000,80.730003,81.230003,70.762367,841700
2014-05-29,81.360001,81.730003,81.050003,81.639999,71.119537,858700
2014-05-30,81.309998,81.800003,81.099998,81.529999,71.023705,883300
2014-06-02,81.800003,81.800003,80.860001,81.730003,71.197945,691500
2014-06-03,81.629997,82.080002,80.959999,81.989998,71.424454,933600
2014-06-04,81.769997,82.459999,81.220001,82.430000,71.807739,1025400
2014-06-05,82.849998,83.959999,82.110001,83.830002,73.027321,1388400
2014-06-06,83.919998,84.500000,83.800003,84.410004,73.532600,904300
2014-06-09,84.419998,84.690002,83.959999,84.489998,73.602295,860200
2014-06-10,84.089996,84.699997,83.470001,83.580002,72.809540,1359900
2014-06-11,83.089996,83.139999,82.370003,82.540001,72.284096,1120000
2014-06-12,82.500000,82.500000,81.750000,82.099998,71.898781,1143800
2014-06-13,82.459999,82.529999,81.570000,81.839996,71.671082,793300
2014-06-16,81.349998,82.129997,81.199997,81.589996,71.452141,1184600
2014-06-17,81.720001,83.059998,81.230003,82.730003,72.450493,1044400
2014-06-18,83.029999,83.510002,81.910004,83.500000,73.124825,1387900
2014-06-19,84.019997,84.239998,82.849998,83.510002,73.133560,973000
2014-06-20,84.040001,84.040001,83.070000,83.239998,72.897125,1439800
2014-06-23,83.459999,83.730003,83.019997,83.470001,73.098549,1036800
2014-06-24,83.190002,83.779999,82.720001,82.879997,72.581841,715300
2014-06-25,82.669998,83.690002,82.489998,83.540001,73.159866,803600
2014-06-26,83.769997,83.769997,82.500000,83.379997,73.019722,541200
2014-06-27,83.010002,83.889999,82.830002,83.779999,73.370026,755300
2014-06-30,83.769997,84.889999,83.669998,84.410004,73.921745,1464800
2014-07-01,84.519997,85.400002,84.519997,85.059998,74.490974,1092200
2014-07-02,84.910004,85.029999,84.370003,84.860001,74.315819,798100
2014-07-03,85.309998,85.739998,85.059998,85.629997,74.990150,540900
2014-07-07,85.419998,85.419998,84.820000,85.169998,74.587318,637800
2014-07-08,85.169998,85.349998,84.010002,84.519997,74.018089,744100
2014-07-09,84.900002,85.089996,83.389999,84.010002,73.571457,1416800
2014-07-10,82.930000,82.930000,81.220001,81.589996,71.452141,2750200
2014-07-11,81.000000,81.699997,81.000000,81.580002,71.443382,1674400
2014-07-14,82.580002,82.760002,81.580002,82.419998,72.179001,1338500
2014-07-15,82.540001,82.980003,81.849998,82.180000,71.968842,1296500
2014-07-16,82.620003,82.809998,81.430000,81.910004,71.732384,1480600
2014-07-17,81.500000,81.910004,80.160004,80.400002,70.410004,1938500
2014-07-18,80.830002,81.379997,80.019997,81.239998,71.145630,1868100
2014-07-21,80.970001,81.529999,80.790001,81.260002,71.163139,1448400
2014-07-22,81.650002,82.250000,81.500000,81.970001,71.784927,1720500
2014-07-23,80.949997,82.320000,80.949997,82.250000,72.030136,1993600
2014-07-24,80.309998,80.739998,79.570000,80.330002,70.348701,2206100
2014-07-25,80.000000,80.480003,79.370003,80.290001,70.313675,1986500
2014-07-28,80.089996,80.480003,79.559998,80.250000,70.278648,1355100
2014-07-29,80.230003,80.660004,79.360001,79.360001,69.499237,1923900
2014-07-30,81.629997,81.629997,79.089996,79.730003,69.823250,1594200
2014-07-31,79.330002,79.620003,77.639999,77.660004,68.010445,1971300
2014-08-01,77.500000,78.050003,76.940002,77.660004,68.010445,1738700
2014-08-04,76.610001,77.839996,75.610001,77.570000,67.931641,1771200
2014-08-05,77.849998,77.849998,76.830002,77.099998,67.520035,2218600
2014-08-06,76.900002,78.290001,76.849998,77.699997,68.045494,1527300
2014-08-07,78.010002,78.290001,76.580002,76.809998,67.266075,1496700
2014-08-08,77.309998,78.209999,76.339996,78.110001,68.404541,2390400
2014-08-11,78.349998,78.730003,78.000000,78.389999,68.649765,1680600
2014-08-12,78.129997,78.910004,78.070000,78.349998,68.614716,2029400
2014-08-13,76.309998,79.110001,76.309998,78.559998,68.798630,2667000
2014-08-14,78.769997,78.830002,78.449997,78.550003,68.789856,1579100
2014-08-15,78.730003,78.970001,77.349998,77.750000,68.089272,2140500
2014-08-18,78.580002,78.830002,76.889999,78.820000,69.026344,2373300
2014-08-19,78.680000,79.029999,78.610001,78.690002,68.912476,1062100
2014-08-20,78.709999,79.559998,78.629997,79.489998,69.613068,1737300
2014-08-21,79.430000,79.919998,79.290001,79.779999,69.867043,1202600
2014-08-22,79.639999,80.190002,79.500000,79.690002,69.788223,1123600
2014-08-25,80.000000,80.839996,79.910004,80.720001,70.690254,1217000
2014-08-26,80.930000,81.339996,80.680000,80.910004,70.856621,1003000
2014-08-27,81.559998,81.559998,80.370003,80.660004,70.637695,942300
2014-08-28,80.879997,80.989998,79.959999,80.800003,70.760307,1082400
2014-08-29,81.000000,81.169998,80.459999,81.000000,70.935440,1108700
2014-09-02,81.190002,81.500000,80.470001,80.709999,70.681503,1469100
2014-09-03,81.089996,81.489998,80.510002,80.650002,70.628937,831800
2014-09-04,80.970001,81.309998,80.669998,80.970001,70.909187,803600
2014-09-05,80.790001,81.180000,80.290001,81.169998,71.084328,761400
2014-09-08,80.910004,81.150002,80.720001,81.010002,70.944214,946000
2014-09-09,80.900002,80.900002,80.129997,80.400002,70.410004,1221400
2014-09-10,80.489998,80.720001,79.940002,80.169998,70.208565,1493400
2014-09-11,79.500000,79.879997,79.239998,79.739998,70.217369,1495400
2014-09-12,79.809998,80.070000,79.180000,79.519997,70.023651,1461700
2014-09-15,79.550003,79.720001,78.699997,78.980003,69.548149,1271000
2014-09-16,78.739998,79.239998,78.419998,79.080002,69.636215,1353800
2014-09-17,79.599998,79.769997,78.779999,79.300003,69.829918,1224500
2014-09-18,79.629997,80.529999,79.559998,80.209999,70.631256,918100
2014-09-19,80.500000,80.739998,79.500000,80.070000,70.507980,1487700
2014-09-22,80.070000,80.080002,79.169998,79.190002,69.733055,1306900
2014-09-23,79.089996,79.650002,78.940002,79.040001,69.600960,1498500
2014-09-24,79.349998,79.739998,79.019997,79.690002,70.173363,1670300
2014-09-25,79.589996,79.680000,78.519997,78.720001,69.319199,2444900
2014-09-26,78.669998,79.489998,78.529999,79.199997,69.741859,1259200
2014-09-29,78.570000,78.690002,77.919998,78.519997,69.143082,1399500
2014-09-30,78.769997,78.900002,78.059998,78.400002,69.037415,1345400
2014-10-01,78.500000,78.720001,76.809998,77.080002,67.875038,1685200
2014-10-02,76.809998,77.769997,76.459999,77.440002,68.192047,1432700
2014-10-03,77.989998,78.570000,77.720001,77.889999,68.588318,1075600
2014-10-06,78.300003,78.489998,77.660004,78.139999,68.808464,872900
2014-10-07,77.510002,78.110001,76.379997,76.389999,67.267433,1354600
2014-10-08,76.320000,77.650002,75.570000,77.550003,68.288925,1668200
2014-10-09,77.320000,77.589996,75.910004,75.970001,66.897614,2577500
2014-10-10,75.839996,76.589996,75.330002,75.349998,66.351639,2643200
2014-10-13,75.220001,75.930000,73.910004,73.940002,65.110023,1855400
2014-10-14,74.180000,74.970001,73.949997,74.230003,65.365387,1755300
2014-10-15,73.080002,75.010002,71.779999,74.489998,65.594337,2558300
2014-10-16,73.440002,76.000000,72.910004,75.430000,66.422089,2102200
2014-10-17,76.190002,77.300003,75.690002,76.389999,67.267433,2009300
2014-10-20,75.989998,76.269997,75.430000,76.230003,67.126556,1164300
2014-10-21,76.989998,77.849998,76.690002,77.690002,68.412209,1774100
2014-10-22,77.989998,78.160004,76.900002,76.989998,67.795784,2197500
2014-10-23,78.300003,78.300003,76.110001,77.320000,68.086388,2335100
2014-10-24,77.589996,77.959999,77.220001,77.839996,68.544296,990700
2014-10-27,77.820000,78.279999,77.089996,78.139999,68.808464,1135300
2014-10-28,78.389999,79.860001,78.269997,79.820000,70.287834,1740900
2014-10-29,79.959999,80.330002,79.360001,80.080002,70.516785,1446000
2014-10-30,79.940002,81.349998,79.620003,80.860001,71.203644,1392500
2014-10-31,82.129997,82.190002,81.370003,82.089996,72.286743,1597300
2014-11-03,81.699997,82.739998,81.510002,82.180000,72.366005,1449800
2014-11-04,81.989998,83.000000,81.820000,82.900002,73.000015,1259300
2014-11-05,82.760002,83.330002,82.440002,83.099998,73.176140,1395000
2014-11-06,81.639999,82.529999,81.599998,82.449997,72.603760,4266100
2014-11-07,82.120003,83.480003,81.849998,83.230003,73.290611,1687900
2014-11-10,83.389999,83.650002,82.500000,83.000000,73.088081,1540100
2014-11-11,82.900002,83.250000,82.629997,83.169998,73.237770,919600
2014-11-12,82.959999,83.110001,82.379997,82.709999,72.832703,1561200
2014-11-13,82.820000,83.040001,82.099998,82.669998,72.797478,984000
2014-11-14,82.739998,82.820000,81.930000,82.120003,72.313164,749900
2014-11-17,82.029999,82.120003,81.550003,81.849998,72.075386,925000
2014-11-18,81.860001,82.449997,81.860001,82.019997,72.225105,925400
2014-11-19,82.080002,82.230003,81.320000,82.019997,72.225105,769800
2014-11-20,81.510002,82.320000,81.339996,82.029999,72.233910,714300
2014-11-21,83.000000,83.169998,82.480003,82.849998,72.955986,1157000
2014-11-24,83.250000,83.360001,82.830002,83.279999,73.334633,756300
2014-11-25,83.230003,84.000000,83.059998,83.250000,73.308212,882100
2014-11-26,83.300003,83.500000,82.870003,83.110001,73.184944,792400
2014-11-28,83.790001,84.000000,83.260002,83.470001,73.501961,403800
2014-12-01,83.029999,83.730003,82.180000,82.610001,72.744652,753100
2014-12-02,82.779999,83.419998,80.550003,83.250000,73.308212,860100
2014-12-03,83.160004,83.879997,83.059998,83.739998,73.739685,943800
2014-12-04,83.589996,83.849998,83.120003,83.650002,73.660454,756600
2014-12-05,83.910004,84.879997,83.910004,84.489998,74.400124,1105200
2014-12-08,84.320000,85.449997,83.949997,84.800003,74.673119,896400
2014-12-09,83.650002,84.760002,83.440002,84.730003,74.611473,692100
2014-12-10,84.550003,84.830002,83.800003,83.949997,73.924622,1292700
2014-12-11,84.500000,85.160004,84.080002,84.209999,74.153587,1821200
2014-12-12,83.510002,83.510002,81.970001,82.000000,72.586761,2027900
2014-12-15,81.260002,84.169998,81.260002,82.419998,72.958549,1833400
2014-12-16,81.930000,83.209999,81.430000,81.599998,72.232681,1976700
2014-12-17,82.150002,84.180000,81.720001,84.000000,74.357185,1710000
2014-12-18,85.250000,86.400002,84.690002,86.389999,76.472809,1977200
2014-12-19,86.760002,87.300003,86.440002,86.720001,76.764931,2387300
2014-12-22,87.040001,87.449997,86.540001,87.220001,77.207535,987400
2014-12-23,87.650002,88.529999,87.220001,87.589996,77.535065,1103300
2014-12-24,87.580002,87.870003,87.199997,87.339996,77.313751,417500
2014-12-26,87.849998,87.919998,87.160004,87.190002,77.180977,561400
2014-12-29,86.800003,87.879997,86.699997,87.260002,77.242935,617600
2014-12-30,87.080002,88.639999,86.330002,86.910004,76.933113,645300
2014-12-31,87.139999,87.489998,85.820000,85.860001,76.003654,977200
2015-01-02,86.599998,87.220001,85.110001,85.760002,75.915138,999700
2015-01-05,85.050003,85.400002,83.489998,83.790001,74.171280,1173000
2015-01-06,84.389999,84.690002,81.720001,82.309998,72.861168,2012700
2015-01-07,82.470001,83.610001,82.180000,83.519997,73.932274,1267100
2015-01-08,84.129997,84.639999,83.809998,84.510002,74.808632,1221000
2015-01-09,84.570000,84.800003,83.209999,83.870003,74.242104,956000
2015-01-12,84.129997,84.129997,82.320000,82.930000,73.410019,966000
2015-01-13,83.959999,84.839996,82.500000,83.059998,73.525085,1610400
2015-01-14,82.339996,82.639999,80.879997,81.769997,72.383171,1567000
2015-01-15,81.769997,82.190002,80.739998,81.029999,71.728127,1251800
2015-01-16,80.209999,81.529999,79.199997,81.500000,72.144157,2072200
2015-01-20,81.930000,82.239998,80.660004,81.360001,72.020233,1446900
2015-01-21,80.889999,82.169998,80.029999,81.209999,71.887444,2029000
2015-01-22,81.809998,83.599998,81.000000,83.160004,73.613602,2198900
2015-01-23,83.239998,83.690002,82.089996,82.169998,72.737251,1282500
2015-01-26,85.220001,85.220001,81.309998,82.919998,73.401138,1142800
2015-01-27,82.029999,82.610001,81.139999,81.970001,72.560204,1343800
2015-01-28,80.970001,80.989998,79.199997,79.230003,70.134743,2831700
2015-01-29,78.989998,79.800003,77.959999,79.190002,70.099350,2354500
2015-01-30,78.199997,79.820000,78.000000,78.720001,69.683311,2856200
2015-02-02,78.879997,80.160004,78.610001,80.010002,70.825211,1905800
2015-02-03,80.610001,81.279999,79.080002,81.250000,71.922874,1568400
2015-02-04,81.080002,81.750000,80.489998,81.059998,71.754669,1116900
2015-02-05,81.559998,82.190002,81.139999,81.750000,72.365448,1158600
2015-02-06,82.150002,83.029999,81.900002,82.309998,72.861168,1671900
2015-02-09,82.150002,82.150002,81.300003,81.449997,72.099892,1730100
2015-02-10,82.199997,82.550003,81.339996,82.220001,72.781502,1107000
2015-02-11,82.010002,82.379997,81.750000,82.099998,72.675293,1494400
2015-02-12,82.220001,82.639999,81.820000,82.279999,72.834618,1451300
2015-02-13,82.339996,82.809998,82.029999,82.449997,72.985100,928700
2015-02-17,81.980003,82.570000,81.730003,82.500000,73.029350,1033100
2015-02-18,82.110001,82.360001,81.360001,81.709999,72.330055,863200
2015-02-19,83.660004,83.660004,81.279999,82.970001,73.445404,2162800
2015-02-20,82.500000,83.699997,81.949997,83.529999,73.941139,1506200
2015-02-23,83.379997,83.449997,82.440002,83.089996,73.551651,1436900
2015-02-24,82.800003,84.169998,82.779999,84.019997,74.374886,1279000
2015-02-25,83.349998,83.949997,83.260002,83.519997,73.932274,1199800
2015-02-26,83.690002,83.830002,82.980003,83.320000,73.755234,757400
2015-02-27,83.110001,83.260002,82.430000,82.599998,73.117882,1439500
2015-03-02,82.500000,83.389999,82.360001,83.389999,73.817192,1169900
2015-03-03,82.800003,83.099998,82.370003,82.849998,73.339188,911500
2015-03-04,82.199997,82.720001,81.889999,82.430000,72.967407,901300
2015-03-05,82.580002,83.080002,82.379997,83.000000,73.471962,694700
2015-03-06,82.800003,83.900002,82.059998,82.129997,72.701828,1340700
2015-03-09,82.160004,82.959999,82.160004,82.709999,73.215263,893900
2015-03-10,81.830002,82.010002,81.160004,81.160004,71.843193,1414300
2015-03-11,81.290001,81.989998,81.169998,81.680000,72.303497,1258700
2015-03-12,81.540001,83.099998,81.269997,82.930000,73.880356,1540500
2015-03-13,82.870003,82.930000,81.610001,82.190002,73.221107,1254700
2015-03-16,82.879997,83.540001,82.870003,83.529999,74.414879,943400
2015-03-17,82.720001,83.790001,82.709999,83.559998,74.441597,1060500
2015-03-18,83.489998,84.220001,82.739998,83.879997,74.726685,1290700
2015-03-19,83.500000,83.830002,82.510002,82.830002,73.791267,1323600
2015-03-20,83.180000,84.209999,82.830002,83.989998,74.824692,2858800
2015-03-23,84.000000,84.379997,83.290001,83.300003,74.209969,1410900
2015-03-24,83.160004,83.599998,82.860001,83.190002,74.111969,1147200
2015-03-25,83.379997,83.379997,81.540001,81.580002,72.677666,930400
2015-03-26,80.839996,81.949997,80.769997,81.160004,72.303513,1433200
2015-03-27,81.050003,81.379997,80.800003,81.209999,72.348038,1150900
2015-03-30,81.690002,82.290001,81.550003,81.739998,72.820198,1169000
2015-03-31,81.459999,81.650002,80.949997,80.980003,72.143135,1472100
2015-04-01,81.150002,81.769997,80.580002,81.599998,72.695473,1511600
2015-04-02,81.790001,82.080002,81.300003,81.959999,73.016197,952200
2015-04-06,81.190002,82.349998,80.949997,82.120003,73.158745,1014000
2015-04-07,80.320000,80.540001,79.010002,79.050003,72.181702,1456700
2015-04-08,79.379997,80.769997,79.209999,80.610001,73.606163,2281400
2015-04-09,80.629997,81.720001,80.239998,81.440002,74.364052,1965000
2015-04-10,81.290001,81.510002,80.589996,80.980003,73.944008,1402000
2015-04-13,80.900002,81.889999,80.610001,81.400002,74.327522,1576000
2015-04-14,80.889999,82.360001,80.639999,82.070000,74.939316,1606800
2015-04-15,82.430000,83.000000,82.269997,82.790001,75.596756,1254500
2015-04-16,82.410004,83.230003,81.949997,83.059998,75.843292,1881200
2015-04-17,82.610001,82.610001,81.980003,82.419998,75.258904,1936900
2015-04-20,83.190002,83.519997,82.739998,83.000000,75.788498,1571500
2015-04-21,83.419998,83.500000,82.660004,82.800003,75.605881,1514500
2015-04-22,83.449997,83.449997,81.169998,82.589996,75.414124,2073300
2015-04-23,82.570000,82.570000,81.709999,82.070000,74.939316,1649200
2015-04-24,82.040001,82.669998,81.830002,82.570000,75.395874,1097100
2015-04-27,82.669998,83.059998,82.199997,82.400002,75.240646,1011000
2015-04-28,82.089996,82.790001,81.690002,82.779999,75.587624,1149900
2015-04-29,82.099998,82.870003,81.500000,81.940002,74.820602,1370700
2015-04-30,81.519997,82.160004,80.849998,81.180000,74.126640,1717800
2015-05-01,81.449997,81.589996,80.959999,81.489998,74.409698,904700
2015-05-04,81.900002,82.080002,81.559998,81.919998,74.802353,1004800
2015-05-05,81.510002,82.129997,81.220001,81.389999,74.318398,973500
2015-05-06,81.580002,81.879997,80.169998,80.620003,73.615295,1121100
2015-05-07,80.570000,80.959999,80.290001,80.750000,73.734024,2241300
2015-05-08,81.330002,81.940002,81.239998,81.680000,74.583183,1143800
2015-05-11,81.680000,82.099998,81.580002,81.650002,74.555801,1017400
2015-05-12,81.309998,81.389999,80.330002,81.129997,74.080986,1003100
2015-05-13,80.910004,81.349998,80.620003,81.180000,74.126640,1369700
2015-05-14,81.680000,82.099998,81.220001,81.980003,74.857132,799400
2015-05-15,82.059998,82.220001,81.309998,81.550003,74.464493,1569300
2015-05-18,81.500000,82.330002,81.480003,82.129997,74.994102,716100
2015-05-19,82.309998,82.500000,81.760002,81.949997,74.829735,1056200
2015-05-20,81.879997,82.129997,81.489998,81.790001,74.683640,847700
2015-05-21,81.519997,81.830002,81.309998,81.690002,74.592339,830200
2015-05-22,81.620003,81.959999,81.330002,81.570000,74.482750,888200
2015-05-26,81.440002,81.639999,80.269997,80.669998,73.660950,1403800
2015-05-27,81.040001,81.599998,80.650002,81.269997,74.208817,1215800
2015-05-28,81.110001,81.339996,80.889999,81.279999,74.217949,992600
2015-05-29,81.029999,81.279999,80.660004,80.690002,73.679222,1182400
2015-06-01,80.949997,81.220001,80.139999,80.809998,73.788773,1288200
2015-06-02,80.410004,80.610001,79.820000,80.279999,73.304840,1600300
2015-06-03,80.550003,80.800003,79.550003,79.970001,73.021767,2797400
2015-06-04,79.809998,79.930000,78.949997,79.199997,72.318665,1628300
2015-06-05,79.639999,79.709999,78.870003,79.220001,72.336945,1306900
2015-06-08,79.059998,79.599998,78.559998,78.610001,71.779930,1368500
2015-06-09,78.930000,78.930000,78.070000,78.099998,71.314255,1754600
2015-06-10,78.610001,79.010002,78.500000,78.870003,72.017357,1515900
2015-06-11,78.980003,79.199997,78.570000,78.970001,72.587234,1482000
2015-06-12,78.820000,78.830002,78.150002,78.330002,71.998955,1039400
2015-06-15,77.629997,78.330002,77.410004,78.029999,71.723206,1565600
2015-06-16,77.650002,78.860001,77.650002,78.779999,72.412582,1095200
2015-06-17,78.970001,79.239998,78.620003,78.750000,72.385002,1204600
2015-06-18,79.029999,79.959999,79.029999,79.650002,73.212280,1373100
2015-06-19,79.480003,79.739998,78.849998,78.849998,72.476921,1852200
2015-06-22,79.279999,79.809998,78.889999,79.070000,72.679146,1347500
2015-06-23,79.239998,79.330002,78.779999,78.949997,72.568848,1873100
2015-06-24,78.830002,79.330002,78.680000,78.730003,72.366638,1675000
2015-06-25,78.669998,78.959999,77.980003,78.059998,71.750771,1466600
2015-06-26,79.040001,79.779999,78.709999,79.400002,72.982475,2062500
2015-06-29,77.550003,78.970001,77.389999,77.470001,71.208481,2136700
2015-06-30,78.419998,78.860001,77.290001,77.730003,71.447456,1708300
2015-07-01,78.459999,78.800003,77.470001,77.680000,71.401497,1581500
2015-07-02,77.910004,77.980003,76.919998,77.339996,71.088974,1132600
2015-07-06,76.480003,77.180000,76.370003,76.930000,70.712120,1408000
2015-07-07,77.120003,77.300003,75.879997,77.220001,70.978676,1514200
2015-07-08,76.480003,76.760002,75.610001,75.769997,69.645866,1863800
2015-07-09,76.739998,77.169998,76.480003,76.610001,70.417976,2030700
2015-07-10,77.480003,77.580002,76.919998,77.430000,71.171700,1193500
2015-07-13,78.129997,78.379997,77.730003,78.309998,71.980568,1209800
2015-07-14,78.339996,78.459999,77.910004,78.089996,71.778351,1077600
2015-07-15,78.379997,78.529999,77.870003,78.190002,71.870277,1113600
2015-07-16,78.690002,79.519997,78.410004,79.510002,73.083588,1464000
2015-07-17,79.160004,79.500000,79.019997,79.419998,73.000862,1180900
2015-07-20,79.529999,79.620003,79.050003,79.349998,72.936501,792500
2015-07-21,79.139999,79.739998,78.739998,79.070000,72.679146,1029800
2015-07-22,79.070000,79.220001,78.449997,78.739998,72.375816,1639200
2015-07-23,78.059998,78.980003,77.029999,77.279999,71.033821,2349900
2015-07-24,77.099998,77.559998,75.989998,76.839996,70.629379,1714000
2015-07-27,76.580002,76.900002,75.550003,76.629997,70.436363,1427900
2015-07-28,77.370003,77.379997,76.650002,77.160004,70.923531,1042700
2015-07-29,77.379997,77.769997,76.930000,77.559998,71.291191,1105300
2015-07-30,77.089996,77.830002,77.019997,77.500000,71.236053,1175200
2015-07-31,77.629997,77.980003,77.019997,77.129997,70.895950,1431800
2015-08-03,77.129997,77.389999,76.709999,77.239998,70.997055,1100100
2015-08-04,77.250000,77.769997,76.730003,77.050003,70.822426,1113600
2015-08-05,77.339996,77.489998,76.070000,76.480003,70.298500,1561900
2015-08-06,76.849998,76.870003,75.459999,75.889999,69.756180,1164100
2015-08-07,76.059998,76.269997,75.330002,75.839996,69.710228,969300
2015-08-10,76.510002,76.900002,76.250000,76.889999,70.675354,1181900
2015-08-11,76.669998,76.669998,75.879997,76.180000,70.022736,1127900
2015-08-12,75.739998,75.760002,74.040001,75.470001,69.370117,2510300
2015-08-13,75.379997,76.360001,75.019997,75.830002,69.701019,982000
2015-08-14,75.589996,76.150002,75.500000,76.070000,69.921631,767600
2015-08-17,75.500000,76.279999,75.360001,76.230003,70.068703,819100
2015-08-18,77.570000,77.570000,76.050003,76.339996,70.169807,675700
2015-08-19,75.970001,76.239998,75.099998,75.470001,69.370117,899300
2015-08-20,75.199997,75.199997,72.000000,73.930000,67.954590,1509600
2015-08-21,73.370003,73.769997,72.010002,72.089996,66.263306,3034700
2015-08-24,68.330002,72.099998,67.760002,69.650002,64.020538,4135400
2015-08-25,72.199997,72.199997,68.320000,68.330002,62.807213,3049100
2015-08-26,69.620003,71.120003,69.160004,70.809998,65.086769,3412800
2015-08-27,71.570000,73.120003,71.570000,72.900002,67.007843,2214800
2015-08-28,72.089996,72.480003,71.809998,72.400002,66.548256,1408200
2015-08-31,71.870003,72.250000,71.300003,71.879997,66.070290,1287500
2015-09-01,70.150002,70.320000,69.050003,69.379997,63.772335,2445400
2015-09-02,70.370003,70.540001,69.000000,69.910004,64.259514,1591100
2015-09-03,69.889999,70.769997,69.739998,70.360001,64.673141,1853900
2015-09-04,69.449997,70.120003,68.989998,69.440002,63.827499,1500900
2015-09-08,70.260002,71.180000,69.599998,71.150002,65.399292,1839800
2015-09-09,72.000000,72.879997,70.320000,70.449997,64.755867,1674000
2015-09-10,70.459999,71.500000,70.419998,70.919998,65.187874,1372400
2015-09-11,70.220001,71.029999,70.000000,71.000000,65.743454,1181200
2015-09-14,70.959999,70.980003,70.279999,70.580002,65.354553,1309400
2015-09-15,70.580002,71.510002,70.169998,70.949997,65.697159,1900100
2015-09-16,71.040001,71.790001,70.480003,71.680000,66.373123,1380900
2015-09-17,71.459999,72.440002,70.930000,71.059998,65.799019,1858000
2015-09-18,70.089996,70.760002,69.279999,69.570000,64.419319,2927300
2015-09-21,69.900002,70.440002,69.550003,70.220001,65.021202,1032900
2015-09-22,69.160004,69.849998,68.559998,69.059998,63.947086,1969000
2015-09-23,69.309998,69.370003,68.510002,68.870003,63.771145,1370000
2015-09-24,68.419998,68.769997,67.930000,68.360001,63.298912,2242300
2015-09-25,68.940002,69.470001,68.629997,69.120003,64.002647,2098200
2015-09-28,68.940002,69.379997,68.440002,69.099998,63.984112,4012500
2015-09-29,69.449997,71.190002,67.980003,68.269997,63.215572,2689900
2015-09-30,69.209999,69.529999,68.510002,69.500000,64.354500,1916800
2015-10-01,69.550003,69.940002,67.940002,68.589996,63.511871,1880800
2015-10-02,66.320000,68.750000,65.879997,68.739998,63.650768,2105600
2015-10-05,69.510002,70.820000,69.430000,70.750000,65.511963,1509300
2015-10-06,70.540001,70.870003,69.989998,70.629997,65.400841,1200200
2015-10-07,71.449997,72.169998,70.650002,71.980003,66.650909,1430500
2015-10-08,71.470001,72.169998,70.949997,72.040001,66.706467,1631000
2015-10-09,72.139999,72.449997,71.129997,71.500000,66.206436,1528800
2015-10-12,70.889999,71.000000,69.599998,70.239998,65.039726,2320700
2015-10-13,70.230003,70.279999,69.080002,69.150002,64.030426,1679900
2015-10-14,69.129997,69.849998,68.849998,68.980003,63.873016,1296900
2015-10-15,69.190002,70.199997,69.129997,70.199997,65.002678,1201500
2015-10-16,70.529999,70.900002,70.199997,70.800003,65.558266,1307700
2015-10-19,70.309998,70.589996,70.000000,70.260002,65.058235,992000
2015-10-20,70.489998,70.790001,70.120003,70.550003,65.326767,1033500
2015-10-21,70.970001,71.000000,69.559998,69.639999,64.484146,1384100
2015-10-22,70.900002,74.620003,70.739998,74.250000,68.752831,3740200
2015-10-23,74.610001,74.610001,73.430000,74.389999,68.882477,1986100
2015-10-26,74.309998,74.529999,73.870003,74.190002,68.697281,1284200
2015-10-27,73.519997,74.000000,73.209999,73.949997,68.475037,1018900
2015-10-28,74.059998,75.239998,73.800003,75.239998,69.669548,1643900
2015-10-29,74.860001,75.550003,74.309998,75.379997,69.799171,1246100
2015-10-30,75.360001,75.989998,75.010002,75.620003,70.021408,1967700
2015-11-02,75.959999,76.220001,75.580002,76.190002,70.549210,1433300
2015-11-03,75.820000,76.889999,75.669998,76.680000,71.002930,1170400
2015-11-04,76.599998,76.940002,76.000000,76.190002,70.549210,1018000
2015-11-05,76.379997,77.050003,76.260002,76.669998,70.993675,831200
2015-11-06,77.169998,77.709999,76.419998,76.930000,71.234413,929900
2015-11-09,76.809998,76.870003,75.250000,75.529999,69.938072,1359600
2015-11-10,75.449997,76.160004,75.260002,76.160004,70.521431,823600
2015-11-11,76.470001,76.739998,76.169998,76.379997,70.725136,966400
2015-11-12,76.029999,76.669998,75.190002,75.250000,69.678795,1382700
2015-11-13,75.029999,75.320000,74.160004,74.360001,68.854691,1235600
2015-11-16,74.300003,75.360001,73.779999,75.339996,69.762138,797600
2015-11-17,75.230003,75.570000,74.470001,74.739998,69.206558,1064100
2015-11-18,74.809998,76.489998,74.720001,76.489998,70.826996,1194800
2015-11-19,76.379997,76.480003,76.010002,76.379997,70.725136,716400
2015-11-20,76.669998,76.910004,75.910004,76.370003,70.715889,1069400
2015-11-23,76.419998,76.699997,76.019997,76.150002,70.512177,655600
2015-11-24,75.239998,75.779999,74.970001,75.620003,70.021408,870400
2015-11-25,75.589996,76.419998,75.339996,76.010002,70.382530,858600
2015-11-27,76.059998,76.129997,75.489998,75.949997,70.326981,512500
2015-11-30,76.160004,76.410004,75.480003,76.150002,70.512177,1528700
2015-12-01,76.599998,77.050003,76.019997,76.489998,70.826996,1325700
2015-12-02,76.500000,76.589996,75.300003,75.540001,69.947327,1157300
2015-12-03,75.739998,75.930000,74.639999,75.169998,69.604721,2346900
2015-12-04,75.300003,76.260002,75.139999,76.029999,70.401062,2197400
2015-12-07,75.860001,76.070000,74.690002,75.160004,69.595467,1592100
2015-12-08,74.589996,74.680000,73.940002,74.110001,68.623207,1901600
2015-12-09,73.750000,74.470001,72.750000,73.169998,67.752792,1131300
2015-12-10,73.129997,74.129997,72.940002,73.339996,67.910210,1652600
2015-12-11,72.330002,72.480003,70.470001,70.800003,65.558266,2173200
2015-12-14,70.199997,71.000000,68.760002,70.040001,65.334389,1982200
2015-12-15,70.889999,71.650002,70.889999,71.370003,66.575027,2105500
2015-12-16,72.139999,72.410004,70.970001,72.129997,67.283981,2699200
2015-12-17,72.139999,72.489998,70.900002,71.010002,66.239204,1564600
2015-12-18,70.480003,70.980003,69.809998,69.910004,65.213120,2562400
2015-12-21,70.519997,70.750000,70.019997,70.389999,65.660866,1612000
2015-12-22,70.629997,70.980003,70.190002,70.910004,66.145927,1809900
2015-12-23,71.000000,73.000000,70.919998,72.750000,67.862320,1582500
2015-12-24,72.480003,72.959999,72.180000,72.449997,67.582474,431900
2015-12-28,72.250000,72.830002,71.970001,72.720001,67.834320,1008000
2015-12-29,72.730003,73.639999,72.730003,73.099998,68.188805,1020800
2015-12-30,72.930000,73.389999,72.040001,72.089996,67.246643,1081000
2015-12-31,72.050003,72.489998,71.489998,71.489998,66.686966,1052800
2016-01-04,69.930000,70.209999,69.169998,70.190002,65.474304,2353500
2016-01-05,70.389999,70.809998,69.500000,70.480003,65.744820,1403700
2016-01-06,69.139999,69.410004,68.620003,68.900002,64.270981,1752300
2016-01-07,67.510002,68.760002,66.669998,67.059998,62.554592,2238100
2016-01-08,67.459999,67.650002,65.279999,65.360001,60.968811,2142500
2016-01-11,65.699997,65.959999,64.339996,65.010002,60.642323,2068900
2016-01-12,65.730003,66.820000,65.160004,66.709999,62.228111,2915700
2016-01-13,66.970001,67.760002,64.709999,64.870003,60.511726,2297100
2016-01-14,65.150002,66.160004,64.349998,65.580002,61.174030,2277300
2016-01-15,63.830002,65.489998,63.570000,64.949997,60.586353,2669700
2016-01-19,65.949997,66.540001,65.070000,65.559998,61.155369,2025200
2016-01-20,64.400002,65.769997,63.750000,65.089996,60.716938,2598100
2016-01-21,65.330002,67.260002,65.110001,65.559998,61.155369,2112300
2016-01-22,66.769997,67.440002,66.279999,67.430000,62.899738,1650800
2016-01-25,67.080002,67.339996,65.290001,65.410004,61.015457,1640800
2016-01-26,65.769997,67.650002,65.440002,66.650002,62.172142,1528100
2016-01-27,66.669998,67.570000,65.500000,66.230003,61.780361,2232000
2016-01-28,68.250000,70.800003,68.010002,68.419998,63.823219,2984700
2016-01-29,68.510002,71.160004,68.440002,70.949997,66.183243,2844000
2016-02-01,70.440002,70.599998,69.400002,70.160004,65.446327,2375400
2016-02-02,68.919998,69.459999,67.790001,68.050003,63.478088,2657100
2016-02-03,68.459999,69.070000,66.400002,68.639999,64.028442,2326200
2016-02-04,68.410004,69.820000,68.400002,69.779999,65.091843,3468300
2016-02-05,69.400002,69.910004,68.360001,68.639999,64.028442,2616500
2016-02-08,67.980003,67.980003,64.260002,65.970001,61.537827,4241900
2016-02-09,65.199997,67.150002,64.809998,66.489998,62.022888,2265700
2016-02-10,67.459999,68.349998,66.550003,66.589996,62.116161,1509500
2016-02-11,64.709999,66.199997,64.650002,65.480003,61.080746,2095200
2016-02-12,66.870003,67.559998,65.980003,67.550003,63.011669,1368700
2016-02-16,68.500000,68.809998,67.739998,68.470001,63.869858,1546000
2016-02-17,69.260002,70.699997,68.519997,70.260002,65.539597,1858200
2016-02-18,70.519997,70.550003,69.000000,69.430000,64.765381,1569200
2016-02-19,69.139999,69.400002,68.330002,68.860001,64.233658,1463000
2016-02-22,69.720001,70.239998,69.139999,69.889999,65.194473,1270700
2016-02-23,70.029999,70.269997,68.269997,68.599998,63.991138,1260600
2016-02-24,67.339996,69.080002,66.269997,68.959999,64.326942,1483900
2016-02-25,69.190002,69.650002,68.160004,69.639999,64.961258,1026800
2016-02-26,70.510002,70.639999,69.300003,69.720001,65.035881,1040200
2016-02-29,69.760002,70.230003,69.089996,69.110001,64.466866,1384700
2016-03-01,69.930000,71.400002,69.629997,71.400002,66.603012,1740200
2016-03-02,71.160004,71.690002,70.449997,71.669998,66.854866,1307400
2016-03-03,71.760002,72.349998,71.260002,72.339996,67.479858,1123600
2016-03-04,72.339996,73.279999,71.970001,72.779999,67.890297,1367900
2016-03-07,72.349998,73.000000,72.000000,72.559998,67.685074,1210300
2016-03-08,71.970001,72.599998,71.559998,71.970001,67.134720,1609200
2016-03-09,72.199997,72.360001,70.900002,71.519997,66.714943,1354400
2016-03-10,71.849998,71.900002,70.220001,71.309998,66.519058,918200
2016-03-11,71.900002,72.830002,71.580002,72.629997,67.750366,1287100
2016-03-14,71.879997,72.320000,71.510002,71.669998,67.355659,1053300
2016-03-15,70.790001,70.910004,69.900002,70.599998,66.350075,1746700
2016-03-16,70.150002,71.610001,69.970001,71.320000,67.026733,1095800
2016-03-17,71.419998,73.809998,71.330002,73.209999,68.802948,1768900
2016-03-18,73.449997,73.889999,72.000000,73.540001,69.113083,2446600
2016-03-21,73.239998,73.699997,72.260002,73.360001,68.943932,1083900
2016-03-22,72.940002,73.620003,72.650002,73.089996,68.690178,969100
2016-03-23,73.050003,73.519997,72.540001,73.099998,68.699585,1063500
2016-03-24,72.360001,72.620003,72.050003,72.510002,68.145103,1150400
2016-03-28,72.739998,73.070000,72.150002,72.800003,68.417633,668900
2016-03-29,72.339996,74.050003,71.839996,73.900002,69.451431,1443000
2016-03-30,74.160004,74.720001,73.809998,73.900002,69.451431,1445500
2016-03-31,73.790001,74.209999,73.389999,73.459999,69.037895,1326600
2016-04-01,72.970001,74.080002,72.410004,73.949997,69.498405,1299200
2016-04-04,73.779999,73.980003,72.839996,73.029999,68.633797,1012900
2016-04-05,72.510002,72.709999,72.080002,72.339996,67.985329,1047100
2016-04-06,72.500000,73.599998,72.349998,73.349998,68.934525,1326700
2016-04-07,72.629997,73.050003,71.260002,71.480003,67.177101,1366700
2016-04-08,72.199997,72.300003,71.419998,71.800003,67.477829,1275400
2016-04-11,72.430000,73.470001,72.139999,72.190002,67.844360,1175600
2016-04-12,72.449997,74.089996,72.019997,74.040001,69.582993,1668900
2016-04-13,74.720001,76.519997,74.540001,76.500000,71.894905,2418500
2016-04-14,76.489998,76.970001,75.510002,76.610001,71.998276,1040200
2016-04-15,76.540001,76.860001,76.150002,76.529999,71.923096,1004900
2016-04-18,76.339996,76.709999,76.010002,76.599998,71.988892,1078100
2016-04-19,77.180000,77.849998,76.800003,77.720001,73.041458,1159700
2016-04-20,77.919998,78.680000,77.500000,78.339996,73.624130,1647100
2016-04-21,78.349998,78.709999,77.220001,77.629997,72.956879,1438800
2016-04-22,77.570000,78.029999,77.080002,77.580002,72.909904,1525000
2016-04-25,77.269997,77.849998,76.580002,76.970001,72.336609,1897100
2016-04-26,78.480003,79.000000,76.320000,77.519997,72.853493,2740300
2016-04-27,77.190002,77.980003,76.879997,77.459999,72.797119,1952500
2016-04-28,76.940002,77.230003,75.440002,75.769997,71.208839,1759900
2016-04-29,75.050003,75.750000,74.760002,75.290001,70.757744,1431700
2016-05-02,75.650002,75.919998,74.699997,75.690002,71.133682,1334800
2016-05-03,75.089996,75.089996,73.940002,74.930000,70.419418,1186900
2016-05-04,74.690002,74.959999,74.040001,74.290001,69.817932,1205100
2016-05-05,74.620003,74.900002,74.070000,74.339996,69.864929,1895300
2016-05-06,73.750000,75.110001,73.699997,75.089996,70.569778,1422900
2016-05-09,74.800003,75.410004,74.449997,75.040001,70.522797,1345900
2016-05-10,75.250000,75.930000,75.040001,75.860001,71.293434,1447500
2016-05-11,75.449997,76.070000,75.330002,75.349998,70.814125,1346000
2016-05-12,75.690002,76.180000,75.070000,75.610001,71.058479,914200
2016-05-13,75.389999,76.000000,73.570000,74.129997,69.667564,1050400
2016-05-16,74.209999,75.080002,74.209999,74.739998,70.240852,1008800
2016-05-17,74.360001,74.809998,73.769997,74.080002,69.620590,1191100
2016-05-18,74.019997,74.720001,73.570000,74.430000,69.949524,1787600
2016-05-19,73.989998,74.279999,73.040001,73.739998,69.301056,1216800
2016-05-20,74.129997,75.070000,74.059998,74.879997,70.372429,3992000
2016-05-23,74.519997,75.029999,74.419998,74.510002,70.024704,1053400
2016-05-24,75.139999,76.779999,74.800003,76.570000,71.960701,1278000
2016-05-25,76.730003,77.629997,76.680000,77.360001,72.703148,1084700
2016-05-26,77.209999,77.500000,76.629997,76.660004,72.045280,706900
2016-05-27,76.889999,77.500000,76.720001,77.129997,72.486992,701300
2016-05-31,77.660004,77.699997,76.550003,77.059998,72.421188,1943100
2016-06-01,76.500000,77.080002,76.199997,77.019997,72.383591,901000
2016-06-02,76.550003,76.940002,76.190002,76.940002,72.308426,1006600
2016-06-03,75.800003,76.269997,74.970001,75.980003,71.406212,1054200
2016-06-06,75.980003,76.930000,75.980003,76.410004,71.810333,1036000
2016-06-07,76.419998,76.470001,75.360001,75.470001,70.926918,885000
2016-06-08,75.290001,75.720001,74.760002,75.080002,70.560387,978400
2016-06-09,74.879997,74.879997,74.099998,74.370003,69.893135,838300
2016-06-10,73.620003,73.769997,72.550003,72.830002,68.445839,1047000
2016-06-13,72.180000,72.660004,71.680000,71.720001,67.906143,1348100
2016-06-14,71.449997,71.790001,70.800003,71.139999,67.356995,1304200
2016-06-15,71.540001,72.470001,71.330002,71.559998,67.754646,1521700
2016-06-16,70.809998,71.349998,70.269997,71.239998,67.451668,1129800
2016-06-17,71.110001,71.660004,70.800003,71.370003,67.574753,1353100
2016-06-20,72.370003,73.070000,72.139999,72.209999,68.370079,1104900
2016-06-21,72.430000,72.839996,71.650002,71.849998,68.029228,1309800
2016-06-22,72.099998,72.550003,71.540001,72.000000,68.171265,770600
2016-06-23,72.790001,73.529999,72.110001,73.519997,69.610428,973900
2016-06-24,70.019997,71.639999,68.099998,69.599998,65.898880,3841600
2016-06-27,68.669998,68.800003,67.339996,67.620003,64.024178,2421600
2016-06-28,68.430000,69.500000,67.860001,69.379997,65.690567,2245600
2016-06-29,70.250000,71.410004,70.000000,71.339996,67.546341,1961300
2016-06-30,71.400002,72.970001,71.059998,72.970001,69.089668,1856100
2016-07-01,72.910004,73.400002,72.019997,72.339996,68.493172,1222300
2016-07-05,71.699997,71.919998,70.790001,71.349998,67.555809,1114600
2016-07-06,71.349998,72.110001,70.610001,71.959999,68.133377,1245100
2016-07-07,71.730003,72.389999,70.930000,71.589996,67.783058,1369400
2016-07-08,72.709999,73.290001,72.599998,73.239998,69.345306,1357900
2016-07-11,73.559998,74.050003,72.879997,73.339996,69.439987,1027100
2016-07-12,74.040001,74.510002,73.750000,74.470001,70.509903,1273200
2016-07-13,74.650002,74.919998,73.559998,73.889999,69.960754,1207300
2016-07-14,74.889999,75.120003,74.070000,74.129997,70.187981,1157000
2016-07-15,74.480003,74.669998,73.800003,74.650002,70.680336,1052500
2016-07-18,74.669998,74.919998,74.419998,74.589996,70.623528,1067400
2016-07-19,74.419998,74.419998,73.639999,74.080002,70.140648,1217700
2016-07-20,73.730003,74.150002,72.730003,74.070000,70.131180,1239000
2016-07-21,74.220001,74.400002,73.760002,73.879997,69.951279,993500
2016-07-22,74.169998,74.199997,73.610001,74.120003,70.178520,976700
2016-07-25,74.139999,74.339996,73.300003,73.690002,69.771385,1719700
2016-07-26,72.000000,72.230003,70.449997,70.550003,66.798355,3335600
2016-07-27,70.650002,71.080002,68.510002,70.680000,66.921448,2835400
2016-07-28,70.419998,70.720001,69.830002,70.440002,66.694214,1722400
2016-07-29,70.199997,70.949997,69.910004,70.690002,66.930923,2357100
2016-08-01,70.559998,70.690002,69.690002,69.839996,66.126106,1888200
2016-08-02,69.790001,69.790001,68.779999,69.000000,65.330780,1768600
2016-08-03,69.559998,69.589996,68.790001,69.099998,65.425461,1692700
2016-08-04,69.010002,69.550003,68.800003,69.050003,65.378128,1008200
2016-08-05,69.739998,70.089996,69.470001,69.839996,66.126106,1613800
2016-08-08,70.059998,70.139999,69.529999,69.680000,65.974632,1548000
2016-08-09,69.779999,69.779999,68.699997,68.790001,65.131958,1704000
2016-08-10,69.019997,69.120003,68.589996,68.779999,65.122475,1261600
2016-08-11,68.900002,69.190002,68.830002,69.010002,65.340256,1221600
2016-08-12,68.870003,69.000000,68.570000,68.730003,65.075150,1003200
2016-08-15,68.769997,69.080002,68.580002,68.639999,64.989929,1156300
2016-08-16,68.419998,68.949997,68.220001,68.639999,64.989929,1109500
2016-08-17,68.690002,69.029999,68.510002,69.010002,65.340256,1319200
2016-08-18,69.000000,69.410004,68.980003,69.120003,65.444405,1031600
2016-08-19,68.860001,69.250000,68.330002,68.980003,65.311859,1206100
2016-08-22,68.930000,69.250000,68.739998,69.050003,65.378128,830600
2016-08-23,69.529999,69.750000,69.410004,69.540001,65.842072,690200
2016-08-24,69.150002,69.650002,68.800003,68.970001,65.302383,876100
2016-08-25,68.879997,69.110001,68.550003,68.709999,65.056198,961000
2016-08-26,68.870003,69.639999,67.750000,68.879997,65.217163,1282800
2016-08-29,68.930000,69.190002,68.769997,68.949997,65.283440,1067700
2016-08-30,69.099998,69.900002,69.099998,69.900002,66.182922,813100
2016-08-31,69.910004,70.000000,69.010002,69.540001,65.842072,1846200
2016-09-01,69.779999,69.980003,68.510002,68.750000,65.094078,1094200
2016-09-02,69.019997,69.449997,68.800003,69.269997,65.586418,761500
2016-09-06,69.029999,69.300003,68.620003,69.080002,65.406532,802900
2016-09-07,68.930000,69.500000,68.930000,69.339996,65.652695,1085300
2016-09-08,69.120003,69.349998,68.480003,68.839996,65.179291,882500
2016-09-09,68.510002,68.760002,67.480003,67.480003,63.891609,1852400
2016-09-12,67.040001,68.830002,66.860001,68.599998,64.952057,1321300
2016-09-13,67.559998,67.919998,67.019997,67.339996,64.264938,1793100
2016-09-14,67.470001,67.750000,66.889999,66.989998,63.930920,1349300
2016-09-15,66.910004,67.949997,66.889999,67.800003,64.703926,1076600
2016-09-16,67.269997,67.309998,66.410004,67.019997,63.959545,2134400
2016-09-19,67.250000,67.800003,66.580002,66.639999,63.596905,1469300
2016-09-20,67.239998,67.339996,66.629997,66.629997,63.587357,1216900
2016-09-21,66.739998,67.110001,66.169998,66.830002,63.778214,1528600
2016-09-22,67.290001,67.470001,66.809998,66.820000,63.768677,1230100
2016-09-23,66.349998,66.970001,65.919998,65.919998,62.909782,1500000
2016-09-26,65.639999,66.029999,65.160004,65.199997,62.222664,1353200
2016-09-27,65.099998,65.860001,64.769997,65.559998,62.566219,1858600
2016-09-28,65.230003,66.400002,65.230003,66.349998,63.320133,1657100
2016-09-29,66.269997,66.480003,65.250000,65.540001,62.547131,1266100
2016-09-30,66.080002,66.809998,65.739998,66.500000,63.463295,1799000
2016-10-03,66.290001,67.070000,66.029999,66.449997,63.415573,1672600
2016-10-04,66.570000,67.070000,66.099998,66.550003,63.511024,2198300
2016-10-05,66.750000,67.660004,66.750000,67.580002,64.493980,2088500
2016-10-06,67.519997,67.769997,67.250000,67.339996,64.264938,1113100
2016-10-07,67.279999,67.669998,66.320000,66.580002,63.539650,1971700
2016-10-10,66.959999,67.230003,66.669998,66.790001,63.740051,1649100
2016-10-11,66.660004,66.699997,65.550003,65.949997,62.938404,1921800
2016-10-12,65.820000,66.830002,65.820000,66.160004,63.138817,2192900
2016-10-13,65.739998,65.830002,64.900002,65.669998,62.671196,1185900
2016-10-14,66.220001,66.570000,65.610001,65.900002,62.890690,1256800
2016-10-17,65.769997,65.900002,64.930000,65.050003,62.079506,1385800
2016-10-18,65.730003,65.769997,64.830002,65.209999,62.232197,1501600
2016-10-19,65.379997,65.970001,65.209999,65.879997,62.871601,1007400
2016-10-20,65.730003,66.239998,65.680000,65.879997,62.871601,1424100
2016-10-21,65.500000,66.019997,65.389999,65.959999,62.947952,1144200
2016-10-24,66.230003,66.980003,66.230003,66.790001,63.740051,1620600
2016-10-25,66.800003,67.410004,65.940002,66.040001,63.024300,1826300
2016-10-26,65.879997,66.440002,65.680000,66.349998,63.320133,1725300
2016-10-27,66.570000,67.529999,63.139999,63.830002,60.915218,4685300
2016-10-28,63.750000,64.750000,63.580002,64.000000,61.077454,2039600
2016-10-31,64.239998,64.379997,63.669998,64.010002,61.086998,2783000
2016-11-01,64.239998,64.290001,63.299999,63.820000,60.905674,2459700
2016-11-02,63.740002,63.869999,62.970001,63.209999,60.323528,3553600
2016-11-03,63.349998,64.050003,63.349998,63.689999,60.781609,1649900
2016-11-04,63.669998,64.300003,63.419998,63.700001,60.791153,1645500
2016-11-07,64.730003,64.849998,64.050003,64.330002,61.392387,1104600
2016-11-08,64.199997,64.470001,63.320000,63.770000,60.857956,2727000
2016-11-09,63.790001,68.949997,63.730000,68.349998,65.228806,5024300
2016-11-10,68.500000,74.180000,68.349998,70.290001,67.080223,6432500
2016-11-11,70.139999,70.809998,69.320000,70.500000,67.280624,3610400
2016-11-14,71.430000,73.239998,71.220001,73.230003,69.885971,4104700
2016-11-15,72.449997,73.639999,72.400002,73.620003,70.258163,2588900
2016-11-16,72.959999,73.370003,72.330002,72.500000,69.189308,1507100
2016-11-17,72.250000,73.389999,72.000000,73.180000,69.838257,2219600
2016-11-18,73.330002,73.980003,73.019997,73.470001,70.115013,1461400
2016-11-21,73.699997,73.919998,73.320000,73.730003,70.363136,1183100
2016-11-22,73.900002,74.099998,73.120003,74.050003,70.668526,1535800
2016-11-23,73.849998,74.470001,73.500000,74.279999,70.888008,1026600
2016-11-25,74.400002,74.809998,74.050003,74.430000,71.031166,490400
2016-11-28,73.980003,74.349998,73.070000,73.150002,69.809616,1294100
2016-11-29,73.330002,73.599998,72.870003,73.379997,70.029121,1079600
2016-11-30,74.070000,74.739998,73.669998,74.059998,70.678062,2036500
2016-12-01,74.519997,75.690002,74.099998,75.570000,72.119125,2669800
2016-12-02,75.300003,75.860001,74.760002,75.480003,72.033226,1650900
2016-12-05,75.970001,76.349998,75.190002,75.580002,72.128647,1700900
2016-12-06,75.980003,76.110001,75.489998,76.089996,72.615364,1624500
2016-12-07,76.129997,77.379997,75.860001,77.349998,73.817833,1479400
2016-12-08,77.349998,78.949997,77.000000,78.610001,75.020294,2268400
2016-12-09,78.459999,78.459999,76.519997,76.599998,73.102081,2921100
2016-12-12,76.400002,77.110001,75.690002,76.029999,72.558113,1860700
2016-12-13,76.059998,76.989998,75.809998,76.440002,73.471214,1844400
2016-12-14,76.190002,77.000000,75.599998,75.709999,72.769562,1603700
2016-12-15,76.080002,76.800003,75.570000,76.000000,73.048302,1052800
2016-12-16,76.010002,76.900002,75.970001,76.760002,73.778778,3512800
2016-12-19,76.559998,76.779999,75.879997,76.629997,73.653831,1267300
2016-12-20,77.199997,77.709999,76.769997,77.669998,74.653435,1473500
2016-12-21,77.470001,77.699997,77.129997,77.419998,74.413155,1042500
2016-12-22,77.529999,77.699997,76.510002,76.570000,73.596161,1752700
2016-12-23,76.449997,76.779999,76.029999,76.589996,73.615395,765200
2016-12-27,76.889999,77.000000,76.500000,76.900002,73.913353,499400
2016-12-28,77.099998,77.099998,76.000000,76.070000,73.115585,557300
2016-12-29,76.050003,76.459999,75.379997,75.540001,72.606178,869900
2016-12-30,75.949997,76.080002,74.930000,75.260002,72.337051,1309800
2017-01-03,76.339996,76.769997,75.459999,75.839996,72.894516,1664400
2017-01-04,76.199997,77.080002,75.849998,76.970001,73.980621,1281900
2017-01-05,76.870003,76.870003,75.230003,76.370003,73.403946,1033800
2017-01-06,76.489998,76.760002,75.370003,75.620003,72.683067,1667100
2017-01-09,75.290001,75.660004,72.589996,72.830002,70.001419,3979400
2017-01-10,72.879997,73.930000,72.029999,73.480003,70.626183,2469200
2017-01-11,73.510002,74.019997,73.089996,74.019997,71.145203,1438000
2017-01-12,73.639999,73.849998,72.400002,73.529999,70.674240,1195100
2017-01-13,73.830002,74.430000,73.470001,73.680000,70.818413,876200
2017-01-17,73.150002,73.430000,72.639999,73.050003,70.212875,1758400
2017-01-18,73.230003,73.339996,72.599998,73.290001,70.443550,1825200
2017-01-19,73.489998,73.489998,72.419998,72.750000,69.924522,1665200
2017-01-20,72.870003,73.699997,72.389999,73.699997,70.837624,1782600
2017-01-23,73.349998,73.620003,72.830002,73.449997,70.597343,1342000
2017-01-24,73.489998,74.080002,73.110001,73.839996,70.972183,1196500
2017-01-25,74.360001,74.559998,73.519997,74.180000,71.298981,1894300
2017-01-26,71.910004,72.610001,68.089996,70.260002,67.531242,7648900
2017-01-27,69.820000,69.910004,67.809998,69.389999,66.695030,4582100
2017-01-30,69.150002,69.279999,67.699997,67.959999,65.320557,3038600
2017-01-31,67.639999,68.040001,67.169998,67.440002,64.820755,3669200
2017-02-01,68.089996,68.430000,66.589996,66.769997,64.176765,2988000
2017-02-02,66.599998,66.800003,65.330002,66.449997,63.869205,3702400
2017-02-03,67.230003,68.269997,67.010002,67.709999,65.080276,2869400
2017-02-06,66.699997,68.000000,66.699997,67.330002,64.715027,1867700
2017-02-07,67.559998,67.839996,67.180000,67.550003,64.926498,1446200
2017-02-08,67.500000,67.889999,67.320000,67.570000,64.945709,1912900
2017-02-09,68.029999,68.680000,67.580002,68.449997,65.791527,1744600
2017-02-10,68.629997,69.400002,68.500000,69.400002,66.704636,2106600
2017-02-13,69.709999,70.000000,69.010002,69.820000,67.108322,2018100
2017-02-14,69.650002,70.080002,69.440002,69.860001,67.146774,1429500
2017-02-15,69.910004,71.650002,69.699997,71.550003,68.771141,2265800
2017-02-16,71.000000,71.790001,71.000000,71.320000,68.550056,1419400
2017-02-17,70.750000,71.110001,70.309998,71.099998,68.338608,1261000
2017-02-21,71.430000,71.650002,70.900002,71.199997,68.434723,1415100
2017-02-22,70.809998,71.480003,70.809998,71.459999,68.684624,1202100
2017-02-23,71.750000,71.970001,71.430000,71.959999,69.165207,1667800
2017-02-24,71.559998,71.970001,71.239998,71.949997,69.155594,1018800
2017-02-27,71.949997,72.510002,71.860001,72.080002,69.280556,1089500
2017-02-28,71.889999,72.300003,70.769997,71.209999,68.444336,2616600
2017-03-01,72.000000,72.660004,71.629997,72.529999,69.713066,2322000
2017-03-02,72.550003,72.599998,71.709999,71.709999,68.924919,1633300
2017-03-03,71.830002,72.300003,71.010002,71.309998,68.540443,1523200
2017-03-06,71.089996,71.570000,70.779999,71.070000,68.309776,1064900
2017-03-07,71.050003,71.250000,70.709999,70.900002,68.146378,896500
2017-03-08,71.250000,71.919998,71.209999,71.300003,68.530838,1018300
2017-03-09,71.589996,71.790001,70.650002,70.720001,67.973373,1729300
2017-03-10,71.220001,71.559998,70.989998,71.349998,68.578896,1272800
2017-03-13,71.349998,72.080002,71.230003,71.900002,69.107536,1199500
2017-03-14,71.010002,71.449997,70.690002,71.180000,68.962219,1296300
2017-03-15,71.389999,71.980003,71.269997,71.750000,69.514450,1696800
2017-03-16,71.959999,72.419998,71.809998,71.940002,69.698540,1557800
2017-03-17,71.309998,71.500000,69.330002,69.360001,67.198906,4421200
2017-03-20,69.360001,69.599998,68.809998,69.260002,67.102028,1458400
2017-03-21,69.730003,69.760002,68.010002,68.599998,66.462593,2082300
2017-03-22,68.400002,68.910004,67.870003,68.790001,66.646683,1748200
2017-03-23,68.709999,69.290001,68.139999,68.199997,66.075050,1724900
2017-03-24,68.419998,68.559998,67.589996,67.830002,65.716591,1358200
2017-03-27,67.169998,67.940002,66.699997,67.629997,65.522812,1211400
2017-03-28,67.489998,68.790001,67.320000,68.389999,66.259140,2056000
2017-03-29,68.070000,68.269997,67.370003,67.919998,65.803787,1835500
2017-03-30,67.959999,68.580002,67.809998,68.209999,66.084747,3177300
2017-03-31,68.059998,68.300003,67.769997,68.150002,66.026611,3138300
2017-04-03,68.250000,68.580002,67.599998,68.199997,66.075050,3137600
2017-04-04,67.860001,68.290001,67.690002,68.260002,66.133186,1582700
2017-04-05,68.699997,69.650002,68.440002,68.849998,66.704803,2181400
2017-04-06,68.959999,69.660004,68.519997,69.330002,67.169846,1930400
2017-04-07,69.180000,70.050003,68.849998,69.699997,67.528320,1695200
2017-04-10,69.779999,70.820000,69.500000,70.260002,68.070877,4491800
2017-04-11,70.000000,70.160004,69.010002,69.989998,67.809288,2722600
2017-04-12,69.699997,71.169998,69.699997,70.449997,68.254944,2266400
2017-04-13,70.309998,71.040001,69.879997,70.260002,68.070877,1744300
2017-04-17,70.489998,71.510002,70.300003,71.470001,69.243172,1581600
2017-04-18,70.989998,72.019997,70.940002,71.260002,69.039726,1308000
2017-04-19,71.589996,72.150002,71.389999,71.800003,69.562897,1973100
2017-04-20,72.309998,72.510002,71.650002,72.300003,70.047310,2112500
2017-04-21,72.379997,72.510002,71.559998,71.790001,69.553207,1144500
2017-04-24,72.970001,73.089996,72.489998,72.629997,70.367020,1901300
2017-04-25,71.000000,71.010002,69.080002,69.589996,67.421753,4254300
2017-04-26,69.500000,70.680000,69.440002,70.160004,67.973999,2231600
2017-04-27,70.510002,70.680000,70.010002,70.519997,68.322777,1228500
2017-04-28,70.540001,70.919998,70.169998,70.889999,68.681244,2920700
2017-05-01,71.239998,71.360001,70.489998,70.620003,68.419670,2298300
2017-05-02,70.900002,71.389999,70.430000,71.379997,69.155975,1475700
2017-05-03,71.410004,71.879997,70.980003,71.860001,69.621025,1765800
2017-05-04,72.169998,72.190002,71.379997,71.779999,69.543518,1570900
2017-05-05,71.940002,71.940002,71.360001,71.900002,69.659782,1226300
2017-05-08,71.849998,72.000000,70.500000,71.050003,68.836258,2226600
2017-05-09,71.190002,71.610001,70.809998,71.519997,69.291618,1885300
2017-05-10,71.379997,72.050003,71.150002,72.050003,69.805107,1610600
2017-05-11,71.709999,72.029999,71.029999,71.250000,69.030029,1562300
2017-05-12,71.139999,71.489998,70.889999,71.260002,69.039726,1271700
2017-05-15,71.260002,72.459999,71.260002,72.050003,69.805107,1374900
2017-05-16,71.949997,72.089996,71.070000,71.830002,69.591957,1386700
2017-05-17,70.599998,70.900002,68.940002,69.230003,67.072968,2236400
2017-05-18,69.239998,69.970001,69.099998,69.709999,67.538010,1637200
2017-05-19,69.739998,70.750000,69.440002,70.629997,68.429352,1088900
2017-05-22,70.959999,71.430000,70.639999,71.300003,69.078484,1263300
2017-05-23,71.230003,71.290001,70.480003,71.059998,68.845940,1458900
2017-05-24,69.070000,69.510002,67.620003,68.680000,66.540108,5328100
2017-05-25,68.680000,70.050003,68.300003,69.660004,67.489578,2559400
2017-05-26,69.570000,70.129997,69.040001,69.699997,67.528320,1370200
2017-05-30,69.489998,70.050003,69.379997,69.779999,67.605827,1353300
2017-05-31,69.790001,70.489998,69.599998,70.440002,68.245270,2366500
2017-06-01,70.720001,71.809998,70.199997,71.800003,69.562897,2156300
2017-06-02,71.510002,71.709999,70.980003,71.529999,69.301308,1517600
2017-06-05,71.610001,71.919998,71.089996,71.879997,69.640396,1116000
2017-06-06,71.720001,71.839996,70.779999,71.059998,68.845940,1328900
2017-06-07,71.430000,72.000000,71.250000,71.900002,69.659782,1298600
2017-06-08,72.000000,72.809998,71.809998,71.959999,69.717911,1481100
2017-06-09,72.080002,73.379997,72.000000,73.269997,70.987091,1669000
2017-06-12,73.260002,73.970001,72.599998,73.919998,71.616837,1734900
2017-06-13,73.690002,73.820000,72.760002,73.360001,71.626610,1039300
2017-06-14,73.000000,73.309998,72.190002,73.239998,71.509438,1147700
2017-06-15,72.459999,73.389999,72.089996,73.250000,71.519196,1151900
2017-06-16,73.379997,73.449997,72.839996,73.349998,71.616844,2073900
2017-06-19,73.809998,74.349998,73.440002,74.029999,72.280777,1039400
2017-06-20,73.930000,73.930000,73.339996,73.339996,71.607071,1003500
2017-06-21,73.610001,73.680000,72.980003,73.040001,71.314163,1108600
2017-06-22,72.860001,73.529999,72.440002,73.199997,71.470383,1157700
2017-06-23,73.489998,74.029999,73.129997,73.739998,71.997620,4791300
2017-06-26,73.959999,74.279999,73.480003,73.830002,72.085510,1025600
2017-06-27,74.050003,74.580002,73.820000,74.089996,72.339355,773200
2017-06-28,74.559998,75.269997,74.300003,75.040001,73.266907,1390400
2017-06-29,75.510002,75.919998,73.500000,74.029999,72.280777,1611600
2017-06-30,74.599998,74.980003,74.199997,74.209999,72.456512,1487300
2017-07-03,74.849998,75.690002,74.629997,75.099998,73.325485,873300
2017-07-05,75.190002,75.480003,74.830002,75.309998,73.530525,974800
2017-07-06,75.110001,75.129997,74.160004,74.230003,72.476051,1335700
2017-07-07,74.610001,76.400002,74.430000,76.160004,74.360443,1443900
2017-07-10,76.029999,77.500000,76.029999,77.050003,75.229416,1885100
2017-07-11,75.500000,75.570000,74.300003,75.160004,73.384079,2023100
2017-07-12,75.370003,76.070000,75.300003,75.580002,73.794151,1034700
2017-07-13,77.800003,80.050003,77.800003,79.190002,77.318855,4912000
2017-07-14,79.000000,80.639999,79.000000,80.230003,78.334282,2192200
2017-07-17,80.290001,80.489998,79.510002,80.160004,78.265930,1137700
2017-07-18,79.989998,80.269997,79.779999,80.110001,78.217117,1550200
2017-07-19,80.330002,80.930000,80.000000,80.809998,78.900566,882400
2017-07-20,80.940002,81.250000,80.430000,81.080002,79.164192,903100
2017-07-21,80.959999,81.400002,80.709999,80.830002,78.920097,991300
2017-07-24,80.839996,81.129997,80.370003,81.099998,79.183716,1496400
2017-07-25,82.010002,84.459999,81.980003,83.830002,81.849220,3019900
2017-07-26,84.110001,85.419998,84.040001,84.919998,82.913460,2652200
2017-07-27,85.070000,85.110001,81.830002,82.669998,80.716621,3149600
2017-07-28,82.510002,82.930000,81.870003,82.349998,80.404190,1386200
2017-07-31,82.540001,82.940002,82.110001,82.720001,80.765442,2757600
2017-08-01,83.080002,83.190002,82.480003,83.150002,81.185280,1538900
2017-08-02,83.489998,83.489998,82.239998,82.610001,80.658043,1271800
2017-08-03,82.639999,82.930000,82.190002,82.650002,80.697090,1022000
2017-08-04,83.110001,83.110001,82.580002,82.790001,80.833786,879500
2017-08-07,82.879997,83.550003,82.809998,83.370003,81.400085,798500
2017-08-08,83.000000,83.680000,82.690002,83.190002,81.224335,1337900
2017-08-09,82.940002,83.379997,82.480003,83.180000,81.214577,1295600
2017-08-10,82.970001,84.769997,82.489998,82.849998,80.892357,2025300
2017-08-11,83.169998,83.750000,82.570000,82.790001,80.833786,1127000
2017-08-14,83.400002,84.000000,82.739998,83.839996,81.858971,1003400
2017-08-15,84.050003,84.220001,83.440002,83.900002,81.917564,1049900
2017-08-16,84.330002,85.070000,84.059998,84.139999,82.151886,1464600
2017-08-17,83.989998,84.029999,82.529999,82.610001,80.658043,1860400
2017-08-18,82.550003,82.830002,82.120003,82.300003,80.355362,1091400
2017-08-21,82.330002,82.739998,81.989998,82.370003,80.423706,828100
2017-08-22,82.570000,83.739998,82.570000,83.610001,81.634407,1131700
2017-08-23,83.349998,83.349998,82.739998,82.849998,80.892357,956800
2017-08-24,83.190002,83.190002,82.379997,82.459999,80.511581,1212500
2017-08-25,82.900002,84.279999,82.900002,83.900002,81.917564,1509800
2017-08-28,84.110001,84.629997,83.769997,84.139999,82.151886,1054700
2017-08-29,83.500000,84.199997,83.010002,84.029999,82.044479,1090000
2017-08-30,84.050003,84.169998,83.730003,83.820000,81.839447,921400
2017-08-31,84.160004,84.540001,83.760002,84.360001,82.366684,1407000
2017-09-01,84.589996,84.820000,84.050003,84.279999,82.288567,856800
2017-09-05,83.830002,84.070000,82.570000,82.779999,80.824020,1208500
2017-09-06,83.260002,83.570000,82.580002,82.779999,80.824020,1399700
2017-09-07,82.830002,82.830002,81.610001,82.250000,80.306549,1570000
2017-09-08,81.930000,82.669998,81.769997,82.129997,80.189377,1209700
2017-09-11,82.769997,83.650002,82.769997,83.349998,81.380554,1206600
2017-09-12,83.610001,84.860001,83.550003,84.860001,82.854881,1072600
2017-09-13,83.930000,84.540001,82.820000,84.269997,82.835213,1202200
2017-09-14,84.010002,84.519997,83.580002,84.269997,82.835213,923600
2017-09-15,84.220001,84.989998,83.900002,84.720001,83.277565,1805400
2017-09-18,84.730003,85.459999,84.260002,85.349998,83.896820,1275100
2017-09-19,85.330002,85.769997,84.980003,85.099998,83.651077,995900
2017-09-20,85.470001,85.870003,84.510002,85.720001,84.260536,990700
2017-09-21,85.690002,86.129997,85.379997,85.970001,84.506279,742700
2017-09-22,86.029999,86.769997,85.830002,86.690002,85.214012,708300
2017-09-25,86.589996,87.639999,86.529999,87.320000,85.833290,1175100
2017-09-26,87.230003,87.430000,86.419998,86.559998,85.086227,1301500
2017-09-27,87.360001,88.570000,86.989998,88.089996,86.590172,1779800
2017-09-28,88.260002,90.570000,87.900002,90.129997,88.595444,2241000
2017-09-29,89.910004,91.190002,89.699997,90.650002,89.106590,1801400
2017-10-02,90.430000,90.779999,89.379997,90.680000,89.136078,1605900
2017-10-03,90.519997,90.949997,90.019997,90.919998,89.371994,980800
2017-10-04,90.970001,91.589996,90.769997,91.410004,89.853653,1142700
2017-10-05,91.860001,92.379997,91.430000,91.750000,90.187866,939700
2017-10-06,92.059998,92.059998,91.279999,91.720001,90.158379,829500
2017-10-09,92.070000,92.410004,91.830002,91.980003,90.413948,703900
2017-10-10,92.489998,92.580002,91.650002,92.180000,90.610542,1049200
2017-10-11,92.209999,92.889999,91.599998,92.849998,91.269127,973000
2017-10-12,93.070000,94.720001,93.070000,94.459999,92.851723,1720900
2017-10-13,94.760002,95.650002,94.370003,94.940002,93.323547,1335500
2017-10-16,94.959999,95.500000,94.510002,94.820000,93.205597,1312300
2017-10-17,95.180000,95.209999,94.449997,94.730003,93.117126,921600
2017-10-18,94.959999,95.949997,94.750000,95.760002,94.129585,949000
2017-10-19,95.589996,95.970001,95.099998,95.629997,94.001801,953600
2017-10-20,96.500000,97.349998,96.190002,96.860001,95.210861,1220700
2017-10-23,96.110001,97.279999,95.959999,96.129997,94.493286,1769400
2017-10-24,96.750000,96.839996,96.220001,96.480003,94.837334,1204600
2017-10-25,96.620003,96.910004,93.949997,95.150002,93.529976,1831000
2017-10-26,97.000000,97.000000,93.269997,95.070000,93.451340,1735000
2017-10-27,94.779999,94.980003,92.000000,93.980003,92.379898,1753500
2017-10-30,93.620003,93.900002,92.260002,92.419998,90.846451,1854500
2017-10-31,92.379997,93.500000,91.889999,92.900002,91.318283,2428900
2017-11-01,93.480003,93.639999,92.459999,92.570000,90.993904,1031000
2017-11-02,92.860001,95.919998,92.470001,94.629997,93.018822,1928600
2017-11-03,94.760002,94.989998,94.150002,94.570000,92.959854,847800
2017-11-06,94.050003,95.040001,94.050003,94.949997,93.333374,1009200
2017-11-07,95.199997,95.459999,93.349998,93.760002,92.163635,901200
2017-11-08,93.500000,93.580002,91.650002,93.489998,91.898239,1447700
2017-11-09,93.010002,93.320000,90.949997,92.720001,91.141357,1245700
2017-11-10,92.930000,93.709999,92.709999,93.570000,91.976875,1119100
2017-11-13,93.029999,93.480003,92.410004,93.410004,91.819595,1067100
2017-11-14,93.059998,94.540001,93.059998,94.480003,92.871384,1056200
2017-11-15,93.959999,94.970001,92.879997,94.349998,92.743591,1011100
2017-11-16,94.620003,95.720001,94.430000,95.529999,93.903503,981500
2017-11-17,95.379997,96.190002,95.239998,95.980003,94.345848,839800
2017-11-20,96.059998,96.510002,95.500000,96.300003,94.660400,1057200
2017-11-21,96.919998,97.839996,96.239998,97.730003,96.066055,1566200
2017-11-22,97.550003,98.010002,97.000000,97.720001,96.056213,1126200
2017-11-24,98.220001,98.309998,97.489998,97.879997,96.213493,488000
2017-11-27,97.949997,99.010002,97.800003,97.970001,96.301956,1147700
2017-11-28,98.080002,99.800003,97.970001,99.750000,98.051659,1442400
2017-11-29,100.220001,102.230003,100.129997,101.269997,99.545769,2186700
2017-11-30,101.800003,103.849998,101.029999,102.919998,101.167679,2750100
2017-12-01,102.820000,103.570000,100.209999,102.790001,101.039894,1983600
2017-12-04,103.349998,103.610001,102.070000,102.820000,101.069382,2102100
2017-12-05,103.769997,104.400002,101.529999,101.639999,99.909477,1939600
2017-12-06,101.199997,102.459999,101.050003,101.790001,100.056923,1173100
2017-12-07,101.779999,103.050003,101.680000,102.739998,100.990746,1260700
2017-12-08,101.949997,103.370003,100.889999,102.750000,101.000572,1951000
2017-12-11,102.870003,102.879997,101.580002,101.849998,100.115898,1213100
2017-12-12,101.800003,102.959999,101.800003,102.639999,100.892448,2032900
2017-12-13,101.910004,103.209999,101.730003,101.900002,100.724411,1315000
2017-12-14,102.610001,103.120003,101.230003,101.589996,100.417984,1276700
2017-12-15,101.599998,103.080002,101.029999,102.570000,101.386673,4366900
2017-12-18,103.400002,105.360001,103.000000,103.440002,102.246643,1985800
2017-12-19,103.980003,104.269997,103.080002,103.139999,101.950104,1174500
2017-12-20,103.290001,104.800003,103.290001,103.760002,102.562950,1313800
2017-12-21,104.279999,104.900002,103.389999,104.599998,103.393257,1045000
2017-12-22,104.599998,105.290001,104.099998,105.239998,104.025871,834400
2017-12-26,105.459999,105.540001,104.930000,105.360001,104.144485,558600
2017-12-27,105.550003,105.849998,104.889999,105.019997,103.808403,1123700
2017-12-28,105.099998,105.440002,104.699997,105.339996,104.124718,807900
2017-12-29,105.790001,106.099998,104.930000,104.930000,103.719452,692600
2018-01-02,104.440002,105.000000,102.349998,103.080002,101.890800,1603500
2018-01-03,103.500000,104.610001,103.260002,104.489998,103.284523,1169800
2018-01-04,105.129997,106.199997,105.000000,105.309998,104.095062,773500
2018-01-05,105.529999,107.419998,105.309998,107.230003,105.992920,1073300
2018-01-08,108.220001,110.220001,107.519997,109.879997,108.612343,1675600
2018-01-09,111.129997,112.169998,110.660004,111.750000,110.460770,1332500
2018-01-10,111.900002,112.699997,111.239998,112.269997,110.974762,1044100
2018-01-11,111.860001,113.070000,110.349998,113.059998,111.755653,1956900
2018-01-12,114.059998,115.620003,113.970001,115.349998,114.019234,1361100
2018-01-16,116.519997,117.639999,114.320000,114.470001,113.149391,1756500
2018-01-17,115.080002,116.910004,114.580002,116.379997,115.037354,1585500
2018-01-18,116.059998,116.570000,115.500000,115.790001,114.454163,1448400
2018-01-19,116.309998,118.190002,115.839996,117.349998,115.996162,1719900
2018-01-22,117.860001,118.239998,116.800003,117.400002,116.045593,1403700
2018-01-23,117.500000,118.360001,117.000000,118.080002,116.717751,1332600
2018-01-24,118.620003,119.120003,116.500000,117.709999,116.352013,1227400
2018-01-25,118.160004,118.309998,116.730003,117.349998,115.996162,1201900
2018-01-26,117.879997,119.989998,117.150002,119.989998,118.605705,1595600
2018-01-29,119.970001,120.070000,117.279999,117.550003,116.193863,2168900
2018-01-30,115.000000,115.000000,111.000000,112.510002,111.212006,2400700
2018-01-31,112.459999,112.730003,110.389999,111.629997,110.342155,4146600
2018-02-01,110.620003,112.720001,110.610001,112.160004,110.866043,1468600
2018-02-02,111.389999,112.680000,109.500000,109.889999,108.622231,2512800
2018-02-05,109.470001,111.110001,104.660004,105.250000,104.035759,2662000
2018-02-06,101.980003,107.550003,100.639999,106.970001,105.735916,3212800
2018-02-07,106.919998,108.879997,106.320000,106.519997,105.291100,2331800
2018-02-08,106.779999,107.769997,101.870003,101.989998,100.813370,3182600
2018-02-09,104.040001,104.309998,99.349998,103.410004,102.216988,3628800
2018-02-12,104.440002,106.400002,104.099998,104.930000,103.719452,2370000
2018-02-13,103.940002,105.879997,103.209999,105.730003,104.510231,2145900
2018-02-14,105.089996,108.410004,104.510002,108.320000,107.070335,1278800
2018-02-15,109.029999,109.940002,107.019997,109.559998,108.296036,1845600
2018-02-16,108.900002,111.309998,108.169998,110.489998,109.215309,1415200
2018-02-20,109.769997,110.970001,108.739998,109.910004,108.641998,2210300
2018-02-21,110.269997,113.250000,109.779999,109.949997,108.681534,1858800
2018-02-22,110.860001,111.959999,110.209999,110.419998,109.146111,1445700
2018-02-23,110.860001,112.320000,110.419998,112.300003,111.004425,1535100
2018-02-26,112.290001,114.190002,111.739998,114.150002,112.833084,1354100
2018-02-27,114.169998,115.389999,112.330002,112.389999,111.093391,1526500
2018-02-28,113.349998,114.620003,111.879997,111.900002,110.609039,1931000
2018-03-01,112.239998,112.699997,109.360001,110.080002,108.810043,1753800
2018-03-02,109.559998,110.550003,108.160004,110.330002,109.057159,1414400
2018-03-05,109.690002,112.099998,109.349998,111.849998,110.559616,1219500
2018-03-06,112.190002,113.550003,111.500000,113.360001,112.052193,1041200
2018-03-07,111.820000,113.589996,111.000000,113.089996,111.785309,1162200
2018-03-08,113.529999,114.489998,112.199997,114.169998,112.852844,919300
2018-03-09,115.000000,117.779999,114.860001,117.599998,116.243279,939300
2018-03-12,117.599998,119.000000,116.940002,117.089996,115.739166,1038200
2018-03-13,117.599998,119.000000,116.610001,116.970001,115.620544,1491800
2018-03-14,117.070000,117.330002,114.870003,115.500000,114.854851,1426100
2018-03-15,115.730003,116.000000,114.690002,115.410004,114.765358,1037300
2018-03-16,115.559998,117.160004,115.449997,115.540001,114.894623,4292100
2018-03-19,115.349998,115.400002,112.029999,113.360001,112.726799,1859200
2018-03-20,113.739998,114.489998,111.669998,112.000000,111.374397,3276200
2018-03-21,112.370003,114.650002,111.510002,112.580002,111.951157,2973300
2018-03-22,111.129997,111.339996,107.440002,107.639999,107.038750,2681600
2018-03-23,108.239998,108.260002,104.470001,104.650002,104.065453,2870000
2018-03-26,106.750000,108.690002,105.510002,108.339996,107.734840,1636800
2018-03-27,108.809998,109.720001,105.589996,106.099998,105.507355,2373400
2018-03-28,106.709999,107.110001,104.750000,105.790001,105.199089,2137000
2018-03-29,106.180000,109.040001,105.279999,107.970001,107.366913,1255800
2018-04-02,107.540001,107.790001,102.900002,104.669998,104.085342,1737000
2018-04-03,105.080002,106.500000,104.269997,106.440002,105.845459,1487200
2018-04-04,104.489998,107.930000,103.500000,107.570000,106.969139,1691200
2018-04-05,108.529999,108.870003,106.910004,107.529999,106.929367,1067100
2018-04-06,106.230003,107.199997,103.269997,104.379997,103.796959,1512600
2018-04-09,104.980003,107.290001,104.769997,104.930000,104.343887,1395300
2018-04-10,106.559998,107.620003,105.980003,106.739998,106.143776,1199000
2018-04-11,105.470001,107.110001,105.110001,106.199997,105.606789,1826300
2018-04-12,107.180000,108.989998,106.410004,108.050003,107.446465,965800
2018-04-13,109.139999,109.150002,106.550003,107.110001,106.511711,1227600
2018-04-16,108.050003,108.449997,107.059998,107.949997,107.347015,1711200
2018-04-17,109.269997,110.239998,108.339996,109.230003,108.619873,1176400
2018-04-18,109.820000,110.099998,108.440002,108.879997,108.271820,1322000
2018-04-19,108.610001,110.150002,108.199997,108.830002,108.222107,1299700
2018-04-20,109.269997,109.550003,107.760002,108.440002,107.834290,1156100
2018-04-23,109.180000,109.370003,107.949997,108.620003,108.013283,824800
2018-04-24,109.480003,109.610001,105.900002,107.370003,106.770264,1920700
2018-04-25,108.370003,112.389999,107.559998,111.000000,110.379982,2085300
2018-04-26,111.620003,113.250000,109.800003,112.300003,111.672722,1560900
2018-04-27,112.309998,114.169998,111.739998,114.019997,113.383110,1409700
2018-04-30,114.540001,115.260002,113.790001,113.820000,113.184235,1447000
2018-05-01,111.989998,113.709999,110.349998,111.250000,110.628586,1503900
2018-05-02,111.099998,111.669998,110.360001,110.599998,109.982216,1281400
2018-05-03,109.709999,110.349998,107.260002,109.440002,108.828697,1137000
2018-05-04,108.910004,112.680000,108.349998,111.970001,111.344566,939400
2018-05-07,112.099998,114.080002,111.570000,113.470001,112.836189,1003400
2018-05-08,113.160004,115.029999,112.599998,114.169998,113.532272,1241500
2018-05-09,114.879997,117.529999,113.099998,116.660004,116.008369,2651500
2018-05-10,116.870003,118.370003,116.059998,117.589996,116.933174,1313100
2018-05-11,117.860001,118.800003,116.660004,118.220001,117.559654,844400
2018-05-14,118.559998,119.470001,117.410004,118.010002,117.350830,990600
2018-05-15,117.099998,117.940002,116.680000,117.139999,116.485687,1119800
2018-05-16,119.709999,121.800003,119.370003,120.750000,120.075523,1795900
2018-05-17,120.339996,121.050003,119.279999,120.629997,119.956192,1053000
2018-05-18,119.599998,121.019997,116.070000,120.589996,119.916412,1271200
2018-05-21,121.330002,122.360001,120.790001,121.940002,121.258881,732700
2018-05-22,122.000000,123.470001,121.830002,122.660004,121.974861,793900
2018-05-23,121.660004,122.150002,120.510002,121.550003,120.871056,1015200
2018-05-24,121.610001,121.690002,120.040001,121.379997,120.702003,759900
2018-05-25,120.650002,121.779999,120.279999,121.379997,120.702003,605500
2018-05-29,120.139999,120.699997,118.300003,118.730003,118.066811,1180500
2018-05-30,119.769997,122.989998,119.110001,122.290001,121.606918,1360700
2018-05-31,121.580002,122.949997,120.800003,121.419998,120.741776,1978200
2018-06-01,122.459999,123.129997,121.900002,122.900002,122.213516,892600
2018-06-04,123.559998,123.839996,122.599998,123.190002,122.501900,924700
2018-06-05,122.930000,123.620003,122.110001,122.519997,121.835632,839700
2018-06-06,123.070000,126.419998,123.070000,126.190002,125.485138,1364000
2018-06-07,126.269997,127.430000,124.320000,125.220001,124.520554,1003300
2018-06-08,124.800003,126.169998,124.250000,125.980003,125.276314,645800
2018-06-11,126.440002,126.830002,125.690002,125.860001,125.156982,645400
2018-06-12,126.489998,127.040001,125.419998,126.239998,125.534859,801500
2018-06-13,126.519997,127.050003,125.010002,125.320000,124.619995,807600
2018-06-14,124.930000,125.610001,123.290001,123.660004,123.660004,1116000
2018-06-15,123.430000,125.120003,122.639999,124.690002,124.690002,1783000
2018-06-18,123.559998,124.320000,122.910004,123.709999,123.709999,1153700
2018-06-19,122.709999,123.279999,121.949997,122.930000,122.930000,981300
2018-06-20,123.769997,125.400002,123.769997,124.440002,124.440002,790400
2018-06-21,124.010002,124.320000,122.410004,123.669998,123.669998,819400
2018-06-22,124.370003,124.370003,122.790001,123.000000,123.000000,3973400
2018-06-25,122.669998,122.669998,119.239998,119.739998,119.739998,1502200
2018-06-26,119.879997,120.540001,118.370003,118.650002,118.650002,1325900
2018-06-27,118.510002,119.160004,115.589996,115.599998,115.599998,1636800
2018-06-28,115.860001,116.239998,114.400002,115.680000,115.680000,1060900
2018-06-29,116.489998,118.760002,116.070000,116.089996,116.089996,1131100
