Date,Open,High,Low,Close,Adj Close,Volume
2013-01-02,3.100000,3.160000,3.090000,3.150000,2.805738,2000
2013-01-03,3.150000,3.150000,3.120000,3.120000,2.779016,1800
2013-01-04,3.120000,3.150000,3.120000,3.120000,2.779016,5200
2013-01-07,3.150000,3.150000,3.110000,3.130000,2.787924,4000
2013-01-08,3.130000,3.230000,3.130000,3.230000,2.876994,3400
2013-01-09,3.230000,3.230000,3.130000,3.200000,2.850273,1000
2013-01-10,3.170000,3.230000,3.170000,3.190000,2.841366,6400
2013-01-11,3.220000,3.380000,3.220000,3.380000,3.010601,1800
2013-01-14,3.240000,3.240000,3.230000,3.230000,2.876994,600
2013-01-15,3.270000,3.340000,3.260000,3.300000,2.939344,2300
2013-01-16,3.300000,3.300000,3.300000,3.300000,2.939344,0
2013-01-17,3.330000,3.330000,3.310000,3.310000,2.948251,4100
2013-01-18,3.310000,3.320000,3.310000,3.320000,2.957158,600
2013-01-22,3.320000,3.320000,3.320000,3.320000,2.957158,2600
2013-01-23,3.340000,3.340000,3.340000,3.340000,2.974972,500
2013-01-24,3.340000,3.340000,3.320000,3.320000,2.957158,300
2013-01-25,3.320000,3.320000,3.200000,3.300000,2.939344,5400
2013-01-28,3.310000,3.360000,3.300000,3.350000,2.983880,6900
2013-01-29,3.120000,3.350000,3.120000,3.350000,2.983880,1400
2013-01-30,3.350000,3.350000,3.190000,3.220000,2.868087,3600
2013-01-31,3.150000,3.290000,3.140000,3.250000,2.894809,10100
2013-02-01,3.220000,3.230000,3.220000,3.230000,2.876994,1200
2013-02-04,3.230000,3.290000,3.230000,3.290000,2.930437,1000
2013-02-05,3.290000,3.290000,3.290000,3.290000,2.930437,200
2013-02-06,3.290000,3.350000,3.290000,3.350000,2.983880,1200
2013-02-07,3.300000,3.300000,3.300000,3.300000,2.939344,600
2013-02-08,3.300000,3.300000,3.300000,3.300000,2.939344,0
2013-02-11,3.300000,3.300000,3.300000,3.300000,2.939344,0
2013-02-12,3.290000,3.350000,3.290000,3.340000,2.974972,5800
2013-02-13,3.300000,3.350000,3.300000,3.350000,2.983880,1500
2013-02-14,3.350000,3.350000,3.350000,3.350000,2.983880,0
2013-02-15,3.350000,3.350000,3.350000,3.350000,2.983880,0
2013-02-19,3.300000,3.340000,3.290000,3.290000,2.930437,1400
2013-02-20,3.290000,3.290000,3.290000,3.290000,2.930437,400
2013-02-21,3.290000,3.340000,3.290000,3.340000,2.974972,1300
2013-02-22,3.350000,3.350000,3.290000,3.290000,2.930437,600
2013-02-25,3.290000,3.330000,3.100000,3.250000,2.894809,10400
2013-02-26,3.230000,3.250000,3.230000,3.240000,2.885901,1300
2013-02-27,3.250000,3.250000,3.250000,3.250000,2.894809,100
2013-02-28,3.260000,3.330000,3.250000,3.310000,2.948251,6600
2013-03-01,3.250000,3.250000,3.250000,3.250000,2.894809,700
2013-03-04,3.260000,3.270000,3.250000,3.250000,2.894809,600
2013-03-05,3.270000,3.270000,3.250000,3.260000,2.903716,400
2013-03-06,3.250000,3.310000,3.250000,3.310000,2.948251,1100
2013-03-07,3.250000,3.280000,3.250000,3.280000,2.921530,1200
2013-03-08,3.320000,3.320000,3.250000,3.250000,2.894809,3100
2013-03-11,3.260000,3.260000,3.170000,3.180000,2.832459,2300
2013-03-12,3.290000,3.290000,3.290000,3.290000,2.930437,1000
2013-03-13,3.170000,3.310000,3.170000,3.280000,2.921530,2900
2013-03-14,3.280000,3.280000,3.280000,3.280000,2.921530,0
2013-03-15,3.200000,3.270000,3.200000,3.270000,2.912623,600
2013-03-18,3.260000,3.270000,3.220000,3.220000,2.868087,2400
2013-03-19,3.220000,3.230000,3.220000,3.220000,2.868087,600
2013-03-20,3.270000,3.350000,3.220000,3.230000,2.876994,22100
2013-03-21,3.340000,3.380000,3.340000,3.380000,3.010601,1400
2013-03-22,3.400000,3.820000,3.400000,3.710000,3.304535,7500
2013-03-25,3.380000,3.480000,3.380000,3.400000,3.028415,3000
2013-03-26,3.470000,3.470000,3.470000,3.470000,3.090765,100
2013-03-27,3.520000,3.800000,3.460000,3.530000,3.144207,4400
2013-03-28,3.530000,3.980000,3.530000,3.910000,3.482677,3000
2013-04-01,3.910000,3.910000,3.910000,3.910000,3.482677,0
2013-04-02,4.000000,4.000000,3.750000,3.750000,3.340164,1000
2013-04-03,3.750000,3.750000,3.750000,3.750000,3.340164,0
2013-04-04,3.740000,3.750000,3.390000,3.700000,3.295628,1500
2013-04-05,3.400000,3.400000,3.340000,3.340000,2.974972,600
2013-04-08,3.340000,3.980000,3.340000,3.610000,3.215464,1200
2013-04-09,3.610000,3.610000,3.610000,3.610000,3.215464,0
2013-04-10,3.610000,3.610000,3.610000,3.610000,3.215464,0
2013-04-11,3.610000,3.610000,3.610000,3.610000,3.215464,0
2013-04-12,3.500000,3.500000,3.330000,3.330000,2.966065,1500
2013-04-15,3.330000,3.340000,3.330000,3.340000,2.974972,500
2013-04-16,3.370000,3.380000,3.370000,3.380000,3.010601,400
2013-04-17,3.380000,3.380000,3.380000,3.380000,3.010601,0
2013-04-18,3.390000,3.390000,3.390000,3.390000,3.019508,200
2013-04-19,3.390000,3.390000,3.390000,3.390000,3.019508,0
2013-04-22,3.390000,3.390000,3.390000,3.390000,3.019508,0
2013-04-23,3.390000,3.390000,3.390000,3.390000,3.019508,0
2013-04-24,3.360000,3.360000,3.360000,3.360000,2.992787,300
2013-04-25,3.360000,3.360000,3.360000,3.360000,2.992787,0
2013-04-26,3.360000,3.360000,3.360000,3.360000,2.992787,0
2013-04-29,3.360000,3.360000,3.360000,3.360000,2.992787,0
2013-04-30,3.330000,3.460000,3.330000,3.460000,3.081858,500
2013-05-01,3.330000,3.330000,3.220000,3.220000,2.868087,1300
2013-05-02,3.220000,3.220000,3.220000,3.220000,2.868087,0
2013-05-03,3.080000,3.080000,3.080000,3.080000,2.743388,300
2013-05-06,3.470000,3.490000,3.410000,3.410000,3.037322,1500
2013-05-07,3.070000,3.070000,3.070000,3.070000,2.734481,200
2013-05-08,3.450000,3.470000,3.370000,3.370000,3.001694,500
2013-05-09,3.370000,3.370000,3.370000,3.370000,3.001694,100
2013-05-10,3.270000,3.270000,3.110000,3.180000,2.832459,900
2013-05-13,3.160000,3.210000,3.160000,3.210000,2.859180,400
2013-05-14,3.250000,3.250000,3.250000,3.250000,2.894809,1000
2013-05-15,3.250000,3.250000,3.160000,3.200000,2.850273,2500
2013-05-16,3.200000,3.200000,3.200000,3.200000,2.850273,0
2013-05-17,3.160000,3.170000,3.160000,3.160000,2.814645,800
2013-05-20,3.160000,3.160000,3.160000,3.160000,2.814645,500
2013-05-21,3.080000,3.100000,3.060000,3.060000,2.725574,1800
2013-05-22,3.070000,3.070000,3.070000,3.070000,2.734481,200
2013-05-23,3.100000,3.100000,3.100000,3.100000,2.761202,300
2013-05-24,3.060000,3.070000,3.060000,3.070000,2.734481,200
2013-05-28,3.060000,3.060000,3.060000,3.060000,2.725574,200
2013-05-29,3.030000,3.030000,3.030000,3.030000,2.698852,200
2013-05-30,3.030000,3.030000,3.030000,3.030000,2.698852,0
2013-05-31,3.040000,3.200000,3.040000,3.200000,2.850273,300
2013-06-03,3.030000,3.030000,3.030000,3.030000,2.698852,200
2013-06-04,3.030000,3.030000,3.030000,3.030000,2.698852,2800
2013-06-05,3.030000,3.030000,3.030000,3.030000,2.698852,0
2013-06-06,3.030000,3.030000,3.030000,3.030000,2.698852,0
2013-06-07,3.000000,3.200000,3.000000,3.200000,2.850273,3200
2013-06-10,3.200000,3.200000,3.190000,3.200000,2.850273,300
2013-06-11,3.200000,3.200000,3.200000,3.200000,2.850273,0
2013-06-12,3.000000,3.020000,3.000000,3.020000,2.689945,300
2013-06-13,3.000000,3.000000,3.000000,3.000000,2.672131,500
2013-06-14,3.000000,3.000000,3.000000,3.000000,2.672131,0
2013-06-17,3.180000,3.180000,3.180000,3.180000,2.832459,100
2013-06-18,3.010000,3.020000,3.010000,3.020000,2.689945,500
2013-06-19,3.020000,3.020000,3.020000,3.020000,2.689945,100
2013-06-20,3.020000,3.020000,3.020000,3.020000,2.689945,0
2013-06-21,3.000000,3.000000,3.000000,3.000000,2.672131,2000
2013-06-24,3.000000,3.000000,3.000000,3.000000,2.672131,0
2013-06-25,3.000000,3.000000,3.000000,3.000000,2.672131,0
2013-06-26,3.000000,3.040000,2.990000,3.040000,2.707759,3700
2013-06-27,3.000000,3.020000,3.000000,3.020000,2.689945,800
2013-06-28,3.000000,3.000000,3.000000,3.000000,2.672131,300
2013-07-01,2.920000,2.930000,2.910000,2.930000,2.609782,1400
2013-07-02,2.940000,2.940000,2.940000,2.940000,2.618689,100
2013-07-03,2.940000,2.940000,2.940000,2.940000,2.618689,0
2013-07-05,2.940000,2.940000,2.940000,2.940000,2.618689,100
2013-07-08,2.940000,2.940000,2.940000,2.940000,2.618689,300
2013-07-09,3.060000,3.200000,3.060000,3.150000,2.805738,1700
2013-07-10,2.900000,2.900000,2.900000,2.900000,2.583060,300
2013-07-11,2.900000,2.900000,2.900000,2.900000,2.583060,0
2013-07-12,2.920000,2.920000,2.920000,2.920000,2.600874,100
2013-07-15,2.900000,2.900000,2.900000,2.900000,2.583060,100
2013-07-16,3.190000,3.190000,3.190000,3.190000,2.841366,200
2013-07-17,3.200000,3.200000,3.200000,3.200000,2.850273,200
2013-07-18,3.020000,3.020000,3.000000,3.000000,2.672131,400
2013-07-19,3.000000,3.000000,3.000000,3.000000,2.672131,0
2013-07-22,3.000000,3.000000,3.000000,3.000000,2.672131,0
2013-07-23,3.000000,3.000000,3.000000,3.000000,2.672131,0
2013-07-24,3.180000,3.180000,3.180000,3.180000,2.832459,500
2013-07-25,3.020000,3.020000,3.000000,3.000000,2.672131,400
2013-07-26,3.000000,3.000000,3.000000,3.000000,2.672131,0
2013-07-29,3.000000,3.000000,3.000000,3.000000,2.672131,0
2013-07-30,3.000000,3.000000,3.000000,3.000000,2.672131,200
2013-07-31,3.000000,3.000000,3.000000,3.000000,2.672131,0
2013-08-01,3.130000,3.130000,3.000000,3.010000,2.681038,10500
2013-08-02,2.990000,3.000000,2.990000,2.990000,2.663224,700
2013-08-05,2.990000,3.050000,2.990000,3.050000,2.716666,1000
2013-08-06,3.000000,3.040000,3.000000,3.040000,2.707759,500
2013-08-07,2.970000,2.970000,2.970000,2.970000,2.645410,1500
2013-08-08,3.000000,3.200000,3.000000,3.180000,2.832459,4800
2013-08-09,3.120000,3.170000,3.120000,3.150000,2.805738,600
2013-08-12,3.080000,3.080000,3.080000,3.080000,2.743388,300
2013-08-13,3.190000,3.200000,3.190000,3.190000,2.841366,4000
2013-08-14,3.190000,3.190000,3.190000,3.190000,2.841366,0
2013-08-15,3.200000,3.200000,3.200000,3.200000,2.850273,100
2013-08-16,3.200000,3.200000,3.200000,3.200000,2.850273,0
2013-08-19,3.200000,3.200000,3.200000,3.200000,2.850273,0
2013-08-20,3.200000,3.200000,3.200000,3.200000,2.850273,0
2013-08-21,3.200000,3.200000,3.200000,3.200000,2.850273,0
2013-08-22,3.200000,3.200000,3.200000,3.200000,2.850273,0
2013-08-23,3.180000,3.180000,3.180000,3.180000,2.832459,200
2013-08-26,3.180000,3.180000,3.180000,3.180000,2.832459,0
2013-08-27,3.180000,3.180000,3.180000,3.180000,2.832459,0
2013-08-28,3.080000,3.200000,3.080000,3.200000,2.850273,1500
2013-08-29,3.200000,3.200000,3.200000,3.200000,2.850273,2000
2013-08-30,3.200000,3.200000,3.190000,3.200000,2.850273,5000
2013-09-03,3.160000,3.260000,3.160000,3.200000,2.850273,9900
2013-09-04,3.180000,3.350000,3.180000,3.350000,2.983880,2000
2013-09-05,3.350000,3.350000,3.350000,3.350000,2.983880,0
2013-09-06,3.350000,3.350000,3.350000,3.350000,2.983880,0
2013-09-09,3.380000,3.380000,3.250000,3.250000,2.894809,5200
2013-09-10,3.210000,3.400000,3.100000,3.100000,2.761202,800
2013-09-11,3.180000,3.180000,3.180000,3.180000,2.832459,100
2013-09-12,3.150000,3.150000,3.150000,3.150000,2.805738,200
2013-09-13,3.150000,3.150000,3.150000,3.150000,2.805738,0
2013-09-16,3.150000,3.150000,3.150000,3.150000,2.805738,0
2013-09-17,3.150000,3.150000,3.150000,3.150000,2.805738,0
2013-09-18,3.220000,3.220000,3.220000,3.220000,2.868087,400
2013-09-19,3.220000,3.220000,3.220000,3.220000,2.868087,0
2013-09-20,3.270000,3.270000,3.270000,3.270000,2.912623,500
2013-09-23,3.270000,3.370000,3.270000,3.370000,3.001694,2400
2013-09-24,3.370000,3.370000,3.370000,3.370000,3.001694,0
2013-09-25,3.400000,3.400000,3.400000,3.400000,3.028415,100
2013-09-26,3.180000,3.180000,3.160000,3.160000,2.814645,1000
2013-09-27,3.150000,3.150000,3.150000,3.150000,2.805738,500
2013-09-30,3.420000,3.420000,3.420000,3.420000,3.046229,100
2013-10-01,3.420000,3.420000,3.420000,3.420000,3.046229,0
2013-10-02,3.420000,3.420000,3.420000,3.420000,3.046229,0
2013-10-03,3.420000,3.420000,3.420000,3.420000,3.046229,0
2013-10-04,3.400000,3.400000,3.400000,3.400000,3.028415,100
2013-10-07,3.400000,3.400000,3.400000,3.400000,3.028415,0
2013-10-08,3.290000,3.380000,3.290000,3.380000,3.010601,400
2013-10-09,3.370000,3.370000,3.370000,3.370000,3.001694,100
2013-10-10,3.370000,3.370000,3.370000,3.370000,3.001694,0
2013-10-11,3.250000,3.280000,3.250000,3.280000,2.921530,300
2013-10-14,3.280000,3.280000,3.280000,3.280000,2.921530,0
2013-10-15,3.400000,3.740000,3.400000,3.620000,3.224371,3800
2013-10-16,3.620000,3.620000,3.620000,3.620000,3.224371,0
2013-10-17,3.610000,3.610000,3.610000,3.610000,3.215464,100
2013-10-18,3.600000,3.620000,3.600000,3.620000,3.224371,500
2013-10-21,3.620000,3.620000,3.620000,3.620000,3.224371,0
2013-10-22,3.610000,3.610000,3.610000,3.610000,3.215464,300
2013-10-23,3.610000,3.650000,3.610000,3.650000,3.251093,800
2013-10-24,3.700000,3.700000,3.700000,3.700000,3.295628,100
2013-10-25,3.700000,3.700000,3.700000,3.700000,3.295628,0
2013-10-28,3.700000,3.700000,3.700000,3.700000,3.295628,0
2013-10-29,3.380000,3.750000,3.380000,3.750000,3.340164,3100
2013-10-30,3.780000,3.780000,3.760000,3.780000,3.366885,400
2013-10-31,3.770000,3.770000,3.390000,3.710000,3.304535,2200
2013-11-01,3.400000,3.400000,3.400000,3.400000,3.028415,100
2013-11-04,3.610000,3.610000,3.490000,3.500000,3.117486,1000
2013-11-05,3.500000,3.500000,3.500000,3.500000,3.117486,0
2013-11-06,3.500000,3.500000,3.500000,3.500000,3.117486,0
2013-11-07,3.450000,3.450000,3.450000,3.450000,3.072951,700
2013-11-08,3.450000,3.450000,3.450000,3.450000,3.072951,0
2013-11-11,3.450000,3.450000,3.450000,3.450000,3.072951,0
2013-11-12,3.800000,3.800000,3.640000,3.640000,3.242186,1100
2013-11-13,3.640000,3.640000,3.640000,3.640000,3.242186,0
2013-11-14,3.640000,3.640000,3.640000,3.640000,3.242186,0
2013-11-15,3.640000,3.640000,3.640000,3.640000,3.242186,0
2013-11-18,3.590000,3.590000,3.590000,3.590000,3.197650,100
2013-11-19,3.590000,3.590000,3.590000,3.590000,3.197650,0
2013-11-20,3.430000,3.590000,3.430000,3.590000,3.197650,1400
2013-11-21,3.590000,3.590000,3.590000,3.590000,3.197650,0
2013-11-22,3.590000,3.590000,3.590000,3.590000,3.197650,0
2013-11-25,3.400000,3.480000,3.400000,3.480000,3.099672,2100
2013-11-26,3.440000,3.440000,3.440000,3.440000,3.064044,100
2013-11-27,3.440000,3.440000,3.440000,3.440000,3.064044,0
2013-11-29,3.440000,3.440000,3.440000,3.440000,3.064044,0
2013-12-02,3.440000,3.440000,3.440000,3.440000,3.064044,0
2013-12-03,3.440000,3.440000,3.440000,3.440000,3.064044,0
2013-12-04,3.430000,3.490000,3.400000,3.490000,3.108579,900
2013-12-05,3.490000,3.490000,3.490000,3.490000,3.108579,0
2013-12-06,3.500000,3.500000,3.420000,3.450000,3.072951,1400
2013-12-09,3.500000,3.600000,3.430000,3.500000,3.117486,6300
2013-12-10,3.500000,3.500000,3.500000,3.500000,3.117486,0
2013-12-11,3.580000,3.600000,3.580000,3.600000,3.206557,500
2013-12-12,3.700000,3.750000,3.700000,3.750000,3.340164,1400
2013-12-13,3.660000,3.660000,3.430000,3.430000,3.055137,2400
2013-12-16,3.420000,3.490000,3.420000,3.490000,3.108579,400
2013-12-17,3.610000,3.690000,3.530000,3.610000,3.215464,2300
2013-12-18,3.610000,3.610000,3.610000,3.610000,3.215464,0
2013-12-19,3.580000,3.580000,3.580000,3.580000,3.188743,300
2013-12-20,3.590000,3.590000,3.360000,3.480000,3.099672,8700
2013-12-23,3.470000,3.470000,3.390000,3.390000,3.019508,2300
2013-12-24,3.370000,3.370000,3.360000,3.360000,2.992787,2000
2013-12-26,3.460000,3.540000,3.350000,3.370000,3.001694,2000
2013-12-27,3.410000,3.840000,3.350000,3.840000,3.420328,2500
2013-12-30,3.450000,3.570000,3.430000,3.430000,3.055137,3100
2013-12-31,3.430000,3.430000,3.360000,3.360000,2.992787,4800
2014-01-02,3.390000,3.670000,3.390000,3.670000,3.268907,400
2014-01-03,3.400000,3.450000,3.360000,3.360000,2.992787,8100
2014-01-06,3.350000,3.500000,3.350000,3.400000,3.028415,15300
2014-01-07,3.370000,3.500000,3.370000,3.380000,3.010601,8500
2014-01-08,3.410000,3.500000,3.370000,3.370000,3.001694,1900
2014-01-09,3.400000,3.400000,3.370000,3.370000,3.001694,1700
2014-01-10,3.360000,3.360000,3.270000,3.270000,2.912623,6900
2014-01-13,3.350000,3.350000,3.330000,3.330000,2.966065,2800
2014-01-14,3.300000,3.390000,3.300000,3.390000,3.019508,1800
2014-01-15,3.440000,3.450000,3.300000,3.350000,2.983880,12500
2014-01-16,3.390000,3.400000,3.250000,3.290000,2.930437,3000
2014-01-17,3.250000,3.250000,3.250000,3.250000,2.894809,300
2014-01-21,3.250000,3.250000,3.250000,3.250000,2.894809,0
2014-01-22,3.230000,3.260000,3.160000,3.260000,2.903716,14400
2014-01-23,3.300000,3.300000,3.140000,3.150000,2.805738,8300
2014-01-24,3.130000,3.140000,3.060000,3.060000,2.725574,2400
2014-01-27,3.090000,3.100000,3.080000,3.100000,2.761202,3300
2014-01-28,3.080000,3.080000,3.020000,3.030000,2.698852,17400
2014-01-29,3.150000,3.180000,2.980000,2.980000,2.654317,14100
2014-01-30,3.040000,3.040000,2.970000,3.040000,2.707759,3900
2014-01-31,3.010000,3.040000,2.950000,2.990000,2.663224,3100
2014-02-03,3.020000,3.020000,2.980000,2.980000,2.654317,3600
2014-02-04,2.980000,3.110000,2.980000,3.000000,2.672131,4700
2014-02-05,3.000000,3.000000,3.000000,3.000000,2.672131,0
2014-02-06,3.020000,3.020000,3.020000,3.020000,2.689945,2600
2014-02-07,3.020000,3.150000,3.020000,3.150000,2.805738,200
2014-02-10,3.030000,3.120000,3.030000,3.120000,2.779016,900
2014-02-11,3.100000,3.120000,3.060000,3.120000,2.779016,900
2014-02-12,3.210000,3.210000,3.200000,3.200000,2.850273,1100
2014-02-13,3.200000,3.200000,3.200000,3.200000,2.850273,0
2014-02-14,3.200000,3.200000,3.200000,3.200000,2.850273,0
2014-02-18,3.120000,3.200000,3.120000,3.170000,2.823552,1800
2014-02-19,3.160000,3.160000,3.160000,3.160000,2.814645,300
2014-02-20,3.160000,3.160000,3.160000,3.160000,2.814645,0
2014-02-21,3.230000,3.260000,3.230000,3.250000,2.894809,9600
2014-02-24,3.250000,3.250000,3.250000,3.250000,2.894809,0
2014-02-25,3.250000,3.250000,3.250000,3.250000,2.894809,0
2014-02-26,3.260000,3.270000,3.250000,3.270000,2.912623,3600
2014-02-27,3.270000,3.270000,3.270000,3.270000,2.912623,0
2014-02-28,3.270000,3.270000,3.270000,3.270000,2.912623,0
2014-03-03,3.270000,3.280000,3.270000,3.280000,2.921530,3700
2014-03-04,3.280000,3.360000,3.280000,3.360000,2.992787,6800
2014-03-05,3.360000,3.360000,3.360000,3.360000,2.992787,0
2014-03-06,3.400000,3.400000,3.400000,3.400000,3.028415,2100
2014-03-07,3.280000,3.280000,3.280000,3.280000,2.921530,200
2014-03-10,3.280000,3.280000,3.280000,3.280000,2.921530,0
2014-03-11,3.330000,3.330000,3.330000,3.330000,2.966065,100
2014-03-12,3.330000,3.330000,3.280000,3.280000,2.921530,4000
2014-03-13,3.280000,3.280000,3.280000,3.280000,2.921530,100
2014-03-14,3.420000,3.530000,3.370000,3.440000,3.064044,13100
2014-03-17,3.440000,3.440000,3.440000,3.440000,3.064044,0
2014-03-18,3.500000,3.740000,3.320000,3.400000,3.028415,17600
2014-03-19,3.400000,3.400000,3.400000,3.400000,3.028415,0
2014-03-20,3.400000,3.400000,3.400000,3.400000,3.028415,0
2014-03-21,3.510000,3.510000,3.510000,3.510000,3.126393,500
2014-03-24,3.510000,3.510000,3.510000,3.510000,3.126393,0
2014-03-25,3.530000,3.530000,3.530000,3.530000,3.144207,100
2014-03-26,3.530000,3.530000,3.530000,3.530000,3.144207,0
2014-03-27,3.520000,3.650000,3.510000,3.650000,3.251093,900
2014-03-28,3.350000,3.430000,3.350000,3.430000,3.055137,800
2014-03-31,3.360000,3.420000,3.360000,3.360000,2.992787,300
2014-04-01,3.360000,3.360000,3.360000,3.360000,2.992787,0
2014-04-02,3.400000,3.590000,3.400000,3.500000,3.117486,14300
2014-04-03,3.400000,3.580000,3.400000,3.470000,3.090765,10000
2014-04-04,3.470000,3.470000,3.470000,3.470000,3.090765,0
2014-04-07,3.470000,3.500000,3.430000,3.490000,3.108579,3800
2014-04-08,3.490000,3.490000,3.490000,3.490000,3.108579,0
2014-04-09,3.450000,3.490000,3.450000,3.490000,3.108579,1000
2014-04-10,3.490000,3.490000,3.490000,3.490000,3.108579,0
2014-04-11,3.480000,3.690000,3.290000,3.470000,3.090765,55400
2014-04-14,3.530000,3.530000,3.280000,3.310000,2.948251,5900
2014-04-15,3.280000,3.560000,3.280000,3.380000,3.010601,4900
2014-04-16,3.380000,3.380000,3.380000,3.380000,3.010601,0
2014-04-17,3.330000,3.400000,3.280000,3.400000,3.028415,3400
2014-04-21,3.380000,3.380000,3.270000,3.320000,2.957158,4700
2014-04-22,3.280000,3.280000,3.170000,3.190000,2.841366,21400
2014-04-23,3.150000,3.150000,3.130000,3.130000,2.787924,800
2014-04-24,3.130000,3.140000,3.130000,3.130000,2.787924,1500
2014-04-25,3.160000,3.160000,3.150000,3.150000,2.805738,1500
2014-04-28,3.170000,3.170000,3.100000,3.110000,2.770109,3100
2014-04-29,3.100000,3.100000,3.080000,3.080000,2.743388,400
2014-04-30,3.100000,3.100000,3.020000,3.020000,2.689945,1500
2014-05-01,3.020000,3.020000,3.020000,3.020000,2.689945,2100
2014-05-02,3.050000,3.050000,3.050000,3.050000,2.716666,4200
2014-05-05,3.090000,3.090000,3.060000,3.070000,2.734481,900
2014-05-06,3.070000,3.070000,3.070000,3.070000,2.734481,0
2014-05-07,3.070000,3.070000,3.070000,3.070000,2.734481,0
2014-05-08,2.990000,2.990000,2.990000,2.990000,2.663224,500
2014-05-09,2.990000,2.990000,2.990000,2.990000,2.663224,300
2014-05-12,3.030000,3.030000,3.030000,3.030000,2.698852,1100
2014-05-13,3.030000,3.050000,3.000000,3.000000,2.672131,1200
2014-05-14,3.000000,3.000000,3.000000,3.000000,2.672131,0
2014-05-15,3.000000,3.000000,3.000000,3.000000,2.672131,0
2014-05-16,3.000000,3.000000,3.000000,3.000000,2.672131,0
2014-05-19,3.050000,3.050000,3.040000,3.050000,2.716666,2200
2014-05-20,3.050000,3.050000,3.050000,3.050000,2.716666,0
2014-05-21,3.150000,3.150000,3.030000,3.050000,2.716666,2700
2014-05-22,3.050000,3.050000,3.050000,3.050000,2.716666,0
2014-05-23,3.030000,3.030000,2.990000,3.000000,2.672131,1100
2014-05-27,3.190000,3.310000,3.190000,3.250000,2.894809,1900
2014-05-28,3.250000,3.250000,3.250000,3.250000,2.894809,0
2014-05-29,3.030000,3.120000,3.010000,3.010000,2.681038,7000
2014-05-30,3.050000,3.070000,3.050000,3.070000,2.734481,300
2014-06-02,3.070000,3.070000,3.070000,3.070000,2.734481,0
2014-06-03,3.070000,3.070000,3.070000,3.070000,2.734481,0
2014-06-04,3.070000,3.070000,3.070000,3.070000,2.734481,0
2014-06-05,3.000000,3.050000,2.990000,3.030000,2.698852,3700
2014-06-06,3.060000,3.150000,2.990000,3.130000,2.787924,2900
2014-06-09,3.010000,3.010000,3.010000,3.010000,2.681038,200
2014-06-10,3.010000,3.010000,3.010000,3.010000,2.681038,0
2014-06-11,3.010000,3.010000,3.010000,3.010000,2.681038,0
2014-06-12,3.010000,3.010000,3.010000,3.010000,2.681038,0
2014-06-13,3.100000,3.100000,3.020000,3.020000,2.689945,600
2014-06-16,3.020000,3.020000,3.020000,3.020000,2.689945,0
2014-06-17,3.020000,3.030000,3.020000,3.030000,2.698852,2300
2014-06-18,3.020000,3.020000,2.950000,3.000000,2.672131,8600
2014-06-19,3.000000,3.000000,3.000000,3.000000,2.672131,1000
2014-06-20,2.990000,3.040000,2.980000,3.040000,2.707759,1300
2014-06-23,2.990000,3.000000,2.990000,3.000000,2.672131,500
2014-06-24,3.000000,3.000000,3.000000,3.000000,2.672131,1200
2014-06-25,3.000000,3.000000,3.000000,3.000000,2.672131,400
2014-06-26,3.170000,3.170000,3.170000,3.170000,2.823552,100
2014-06-27,3.150000,3.150000,3.140000,3.150000,2.805738,800
2014-06-30,3.150000,3.150000,2.980000,2.980000,2.654317,4100
2014-07-01,3.170000,3.170000,3.010000,3.010000,2.681038,500
2014-07-02,3.020000,3.020000,3.020000,3.020000,2.689945,200
2014-07-03,3.020000,3.020000,3.020000,3.020000,2.689945,0
2014-07-07,3.010000,3.020000,2.930000,2.990000,2.663224,9200
2014-07-08,2.990000,3.010000,2.920000,3.010000,2.681038,5700
2014-07-09,2.980000,2.980000,2.970000,2.970000,2.645410,800
2014-07-10,3.050000,3.060000,2.980000,2.980000,2.654317,3500
2014-07-11,2.980000,2.980000,2.900000,2.900000,2.583060,13500
2014-07-14,2.910000,2.910000,2.910000,2.910000,2.591967,600
2014-07-15,2.950000,3.230000,2.950000,3.230000,2.876994,53300
2014-07-16,3.080000,3.250000,3.080000,3.180000,2.832459,5500
2014-07-17,3.070000,3.230000,3.050000,3.230000,2.876994,1300
2014-07-18,3.150000,3.250000,3.120000,3.230000,2.876994,16300
2014-07-21,3.150000,3.380000,3.150000,3.340000,2.974972,18900
2014-07-22,3.300000,3.420000,3.200000,3.290000,2.930437,13900
2014-07-23,3.320000,3.320000,3.100000,3.100000,2.761202,14300
2014-07-24,3.100000,3.230000,3.060000,3.230000,2.876994,12200
2014-07-25,3.260000,3.320000,3.140000,3.140000,2.796831,4600
2014-07-28,3.090000,3.190000,3.020000,3.180000,2.832459,1400
2014-07-29,3.200000,3.200000,3.040000,3.200000,2.850273,15800
2014-07-30,3.180000,3.180000,3.060000,3.170000,2.823552,4600
2014-07-31,3.170000,3.170000,3.170000,3.170000,2.823552,0
2014-08-01,3.030000,3.110000,3.010000,3.110000,2.770109,500
2014-08-04,3.110000,3.110000,3.110000,3.110000,2.770109,0
2014-08-05,3.150000,3.150000,3.120000,3.120000,2.779016,800
2014-08-06,3.120000,3.120000,3.120000,3.120000,2.779016,0
2014-08-07,3.120000,3.120000,3.120000,3.120000,2.779016,0
2014-08-08,3.030000,3.110000,3.010000,3.050000,2.716666,14200
2014-08-11,3.040000,3.210000,3.040000,3.180000,2.832459,35500
2014-08-12,3.070000,3.200000,3.070000,3.200000,2.850273,800
2014-08-13,3.160000,3.230000,3.080000,3.190000,2.841366,3300
2014-08-14,3.200000,3.230000,3.130000,3.130000,2.787924,11800
2014-08-15,3.120000,3.160000,3.120000,3.160000,2.814645,300
2014-08-18,3.160000,3.160000,3.160000,3.160000,2.814645,0
2014-08-19,3.160000,3.160000,3.160000,3.160000,2.814645,0
2014-08-20,3.160000,3.200000,3.160000,3.200000,2.850273,200
2014-08-21,3.100000,3.210000,3.100000,3.210000,2.859180,2700
2014-08-22,3.210000,3.210000,3.210000,3.210000,2.859180,0
2014-08-25,3.040000,3.210000,3.040000,3.210000,2.859180,400
2014-08-26,3.240000,3.880000,3.200000,3.280000,2.921530,56500
2014-08-27,3.300000,3.500000,3.230000,3.230000,2.876994,13800
2014-08-28,3.310000,3.310000,3.180000,3.180000,2.832459,2100
2014-08-29,3.170000,3.290000,3.170000,3.200000,2.850273,7800
2014-09-02,3.140000,3.300000,3.140000,3.200000,2.850273,6300
2014-09-03,3.200000,3.300000,3.200000,3.300000,2.939344,2900
2014-09-04,3.280000,3.470000,3.190000,3.240000,2.885901,10900
2014-09-05,3.200000,3.200000,3.200000,3.200000,2.850273,100
2014-09-08,3.200000,3.200000,3.050000,3.070000,2.734481,8600
2014-09-09,3.080000,3.220000,3.080000,3.220000,2.868087,900
2014-09-10,3.090000,3.100000,3.080000,3.100000,2.761202,400
2014-09-11,3.080000,3.190000,3.080000,3.190000,2.841366,300
2014-09-12,3.190000,3.190000,3.090000,3.170000,2.823552,1800
2014-09-15,3.170000,3.210000,3.170000,3.210000,2.859180,700
2014-09-16,3.090000,3.140000,3.090000,3.140000,2.796831,600
2014-09-17,3.100000,3.100000,3.090000,3.090000,2.752295,400
2014-09-18,3.090000,3.140000,3.090000,3.120000,2.779016,2000
2014-09-19,3.100000,3.100000,3.100000,3.100000,2.761202,200
2014-09-22,3.110000,3.110000,3.090000,3.090000,2.752295,200
2014-09-23,3.090000,3.090000,3.090000,3.090000,2.752295,0
2014-09-24,3.150000,3.310000,3.150000,3.310000,2.948251,3200
2014-09-25,3.280000,3.290000,3.120000,3.150000,2.805738,7800
2014-09-26,3.160000,3.160000,3.150000,3.150000,2.805738,1700
2014-09-29,3.160000,3.240000,3.160000,3.240000,2.885901,1400
2014-09-30,3.180000,3.180000,3.170000,3.180000,2.832459,500
2014-10-01,3.170000,3.180000,3.170000,3.180000,2.832459,300
2014-10-02,3.180000,3.190000,3.150000,3.150000,2.805738,1900
2014-10-03,3.150000,3.220000,3.150000,3.150000,2.805738,4800
2014-10-06,3.150000,3.150000,3.090000,3.100000,2.761202,7800
2014-10-07,3.100000,3.150000,3.100000,3.150000,2.805738,700
2014-10-08,3.100000,3.100000,3.090000,3.100000,2.761202,4200
2014-10-09,3.160000,3.210000,3.110000,3.210000,2.859180,3000
2014-10-10,3.180000,3.200000,3.150000,3.200000,2.850273,3200
2014-10-13,3.200000,3.200000,3.200000,3.200000,2.850273,1700
2014-10-14,3.200000,3.220000,3.140000,3.200000,2.850273,3000
2014-10-15,3.220000,3.220000,3.200000,3.200000,2.850273,5300
2014-10-16,3.200000,3.200000,3.180000,3.180000,2.832459,900
2014-10-17,3.140000,3.170000,3.140000,3.170000,2.823552,4700
2014-10-20,3.180000,3.180000,3.140000,3.170000,2.823552,2100
2014-10-21,3.140000,3.160000,3.110000,3.120000,2.779016,2200
2014-10-22,3.120000,3.160000,3.120000,3.160000,2.814645,400
2014-10-23,3.160000,3.160000,3.110000,3.160000,2.814645,2500
2014-10-24,3.120000,3.220000,3.120000,3.200000,2.850273,1200
2014-10-27,3.220000,3.220000,3.180000,3.210000,2.859180,800
2014-10-28,3.220000,3.250000,3.200000,3.200000,2.850273,6300
2014-10-29,3.140000,3.240000,3.140000,3.210000,2.859180,1000
2014-10-30,3.210000,3.210000,3.210000,3.210000,2.859180,0
2014-10-31,3.270000,3.280000,3.250000,3.250000,2.894809,4300
2014-11-03,3.280000,3.280000,3.280000,3.280000,2.921530,900
2014-11-04,3.250000,3.300000,3.250000,3.300000,2.939344,8800
2014-11-05,3.240000,3.590000,3.240000,3.450000,3.072951,36300
2014-11-06,3.380000,3.580000,3.150000,3.580000,3.188743,4100
2014-11-07,3.500000,3.500000,3.250000,3.440000,3.064044,500
2014-11-10,3.440000,3.560000,3.430000,3.530000,3.144207,1500
2014-11-11,3.470000,3.470000,3.470000,3.470000,3.090765,500
2014-11-12,3.490000,3.490000,3.490000,3.490000,3.108579,100
2014-11-13,3.470000,3.520000,3.350000,3.400000,3.028415,3600
2014-11-14,3.480000,3.480000,3.350000,3.360000,2.992787,1000
2014-11-17,3.360000,3.450000,3.350000,3.350000,2.983880,500
2014-11-18,3.350000,3.470000,3.350000,3.420000,3.046229,1800
2014-11-19,3.420000,3.420000,3.420000,3.420000,3.046229,100
2014-11-20,3.420000,3.420000,3.420000,3.420000,3.046229,0
2014-11-21,3.420000,3.430000,3.420000,3.430000,3.055137,300
2014-11-24,3.430000,3.440000,3.430000,3.440000,3.064044,1300
2014-11-25,3.460000,3.460000,3.460000,3.460000,3.081858,600
2014-11-26,3.480000,3.480000,3.400000,3.400000,3.028415,2000
2014-11-28,3.350000,3.350000,3.350000,3.350000,2.983880,1100
2014-12-01,3.410000,3.410000,3.410000,3.410000,3.037322,400
2014-12-02,3.360000,3.590000,3.360000,3.560000,3.170929,1400
2014-12-03,3.520000,3.520000,3.520000,3.520000,3.135300,100
2014-12-04,3.520000,3.520000,3.520000,3.520000,3.135300,0
2014-12-05,3.520000,3.520000,3.520000,3.520000,3.135300,0
2014-12-08,3.400000,3.410000,3.340000,3.340000,2.974972,1900
2014-12-09,3.340000,3.450000,3.340000,3.450000,3.072951,3800
2014-12-10,3.490000,3.490000,3.490000,3.490000,3.108579,1200
2014-12-11,3.490000,3.490000,3.490000,3.490000,3.108579,0
2014-12-12,3.400000,3.400000,3.370000,3.390000,3.019508,1100
2014-12-15,3.390000,3.390000,3.390000,3.390000,3.019508,0
2014-12-16,3.390000,3.390000,3.390000,3.390000,3.019508,0
2014-12-17,3.450000,3.450000,3.450000,3.450000,3.072951,100
2014-12-18,3.420000,3.500000,3.420000,3.420000,3.046229,3500
2014-12-19,3.500000,3.500000,3.480000,3.480000,3.099672,1100
2014-12-22,3.500000,3.650000,3.470000,3.610000,3.215464,4800
2014-12-23,3.730000,3.730000,3.610000,3.710000,3.304535,900
2014-12-24,3.730000,3.730000,3.730000,3.730000,3.322350,200
2014-12-26,3.620000,3.620000,3.600000,3.600000,3.206557,1600
2014-12-29,3.620000,3.620000,3.620000,3.620000,3.224371,100
2014-12-30,3.610000,3.610000,3.450000,3.460000,3.081858,1200
2014-12-31,3.450000,3.450000,3.450000,3.450000,3.072951,1500
2015-01-02,3.610000,3.610000,3.590000,3.610000,3.215464,1000
2015-01-05,3.610000,3.610000,3.590000,3.590000,3.197650,600
2015-01-06,3.610000,3.620000,3.600000,3.600000,3.206557,5100
2015-01-07,3.460000,3.770000,3.460000,3.770000,3.357978,9000
2015-01-08,3.740000,3.810000,3.730000,3.800000,3.384699,5200
2015-01-09,3.800000,3.830000,3.800000,3.810000,3.393606,3200
2015-01-12,3.950000,4.840000,3.950000,4.390000,3.910218,107900
2015-01-13,4.350000,4.370000,4.310000,4.360000,3.883497,6900
2015-01-14,4.450000,4.450000,4.320000,4.320000,3.847869,5200
2015-01-15,4.450000,4.450000,4.240000,4.350000,3.874590,2500
2015-01-16,4.400000,4.500000,4.300000,4.480000,3.990382,12100
2015-01-20,4.400000,4.430000,4.300000,4.350000,3.874590,4100
2015-01-21,4.210000,4.440000,4.210000,4.280000,3.812241,3400
2015-01-22,4.280000,4.280000,4.280000,4.280000,3.812241,0
2015-01-23,4.350000,4.360000,4.350000,4.350000,3.874590,5300
2015-01-26,4.210000,4.210000,4.210000,4.210000,3.749891,100
2015-01-27,4.330000,4.330000,4.330000,4.330000,3.856776,5000
2015-01-28,4.210000,4.330000,4.210000,4.330000,3.856776,700
2015-01-29,4.250000,4.300000,4.250000,4.300000,3.830055,5200
2015-01-30,4.250000,4.250000,4.250000,4.250000,3.785519,300
2015-02-02,4.250000,4.250000,4.250000,4.250000,3.785519,200
2015-02-03,4.250000,4.250000,4.250000,4.250000,3.785519,0
2015-02-04,4.290000,4.300000,4.030000,4.220000,3.758797,13700
2015-02-05,4.170000,4.300000,4.170000,4.170000,3.714262,500
2015-02-06,4.250000,4.300000,4.210000,4.250000,3.785519,1400
2015-02-09,4.240000,4.250000,4.240000,4.250000,3.785519,4900
2015-02-10,4.250000,4.250000,4.030000,4.030000,3.589563,6300
2015-02-11,4.100000,4.250000,4.100000,4.250000,3.785519,300
2015-02-12,4.250000,4.250000,4.250000,4.250000,3.785519,0
2015-02-13,4.240000,4.240000,4.240000,4.240000,3.776612,400
2015-02-17,4.240000,4.240000,4.240000,4.240000,3.776612,300
2015-02-18,4.240000,4.240000,4.060000,4.150000,3.696448,2100
2015-02-19,4.220000,4.220000,4.220000,4.220000,3.758797,200
2015-02-20,4.050000,4.120000,4.050000,4.120000,3.669727,300
2015-02-23,4.220000,4.220000,4.200000,4.200000,3.740983,500
2015-02-24,4.200000,4.200000,4.200000,4.200000,3.740983,0
2015-02-25,4.200000,4.200000,4.200000,4.200000,3.740983,0
2015-02-26,4.230000,4.230000,4.230000,4.230000,3.767705,300
2015-02-27,4.210000,4.210000,4.200000,4.200000,3.740983,1200
2015-03-02,4.200000,4.240000,4.190000,4.240000,3.776612,6000
2015-03-03,4.340000,5.500000,4.340000,5.280000,4.702951,263300
2015-03-04,5.160000,5.300000,4.840000,5.070000,4.515902,163500
2015-03-05,5.400000,5.400000,4.600000,4.870000,4.337759,41800
2015-03-06,5.000000,5.000000,4.630000,4.630000,4.123989,18600
2015-03-09,5.010000,5.200000,4.650000,5.000000,4.453552,43600
2015-03-10,5.070000,5.090000,4.750000,4.820000,4.293224,12500
2015-03-11,4.770000,5.030000,4.770000,5.030000,4.480273,4400
2015-03-12,4.870000,5.130000,4.800000,4.800000,4.275410,4000
2015-03-13,4.800000,4.930000,4.800000,4.800000,4.275410,2200
2015-03-16,4.800000,4.850000,4.800000,4.810000,4.284317,3200
2015-03-17,4.800000,4.890000,4.800000,4.800000,4.275410,4500
2015-03-18,4.800000,4.830000,4.800000,4.830000,4.302131,3600
2015-03-19,4.800000,4.970000,4.800000,4.800000,4.275410,2800
2015-03-20,4.800000,4.850000,4.800000,4.850000,4.319945,3400
2015-03-23,4.800000,4.830000,4.800000,4.800000,4.275410,3600
2015-03-24,4.880000,5.140000,4.800000,4.800000,4.275410,7700
2015-03-25,4.800000,4.810000,4.800000,4.810000,4.284317,3200
2015-03-26,4.800000,4.910000,4.800000,4.910000,4.373388,1100
2015-03-27,4.800000,4.960000,4.800000,4.950000,4.409016,1300
2015-03-30,4.850000,4.850000,4.850000,4.850000,4.319945,200
2015-03-31,5.000000,5.000000,4.950000,4.950000,4.409016,4600
2015-04-01,4.950000,4.950000,4.950000,4.950000,4.409016,0
2015-04-02,4.950000,4.950000,4.950000,4.950000,4.409016,0
2015-04-06,4.820000,4.940000,4.820000,4.820000,4.293224,1400
2015-04-07,4.800000,4.950000,4.060000,4.620000,4.115082,22300
2015-04-08,4.500000,4.940000,4.400000,4.900000,4.364481,49800
2015-04-09,4.900000,5.100000,4.840000,4.840000,4.311038,69700
2015-04-10,4.440000,4.600000,3.900000,4.340000,3.865683,31400
2015-04-13,4.170000,4.560000,4.170000,4.500000,4.008197,15000
2015-04-14,4.530000,4.530000,4.510000,4.510000,4.017104,200
2015-04-15,4.290000,4.290000,4.260000,4.260000,3.794426,1000
2015-04-16,4.380000,4.480000,4.360000,4.400000,3.919126,1300
2015-04-17,4.400000,4.490000,4.400000,4.490000,3.999289,1200
2015-04-20,4.310000,4.370000,4.310000,4.370000,3.892404,200
2015-04-21,4.470000,4.470000,3.810000,4.130000,3.678634,45700
2015-04-22,4.210000,4.210000,4.050000,4.050000,3.607377,2400
2015-04-23,4.100000,4.350000,4.100000,4.120000,3.669727,2200
2015-04-24,4.140000,4.140000,4.140000,4.140000,3.687541,400
2015-04-27,4.130000,4.140000,4.130000,4.140000,3.687541,800
2015-04-28,4.100000,4.100000,4.050000,4.050000,3.607377,3200
2015-04-29,4.090000,4.200000,4.090000,4.110000,3.660820,5400
2015-04-30,4.110000,4.110000,4.110000,4.110000,3.660820,0
2015-05-01,4.110000,4.110000,4.110000,4.110000,3.660820,0
2015-05-04,4.100000,4.110000,4.100000,4.110000,3.660820,800
2015-05-05,4.100000,4.100000,4.100000,4.100000,3.651912,500
2015-05-06,4.120000,4.120000,4.040000,4.040000,3.598470,1100
2015-05-07,4.050000,4.050000,4.050000,4.050000,3.607377,400
2015-05-08,4.050000,4.050000,4.050000,4.050000,3.607377,0
2015-05-11,4.010000,4.010000,4.000000,4.000000,3.562841,2900
2015-05-12,4.000000,4.000000,4.000000,4.000000,3.562841,0
2015-05-13,3.660000,3.660000,3.660000,3.660000,3.260000,200
2015-05-14,3.660000,3.660000,3.660000,3.660000,3.260000,0
2015-05-15,3.740000,3.760000,3.730000,3.760000,3.349071,6100
2015-05-18,3.930000,3.990000,3.860000,3.870000,3.447049,5700
2015-05-19,3.900000,4.100000,3.900000,4.100000,3.651912,1500
2015-05-20,4.100000,4.100000,4.100000,4.100000,3.651912,500
2015-05-21,4.100000,4.100000,4.100000,4.100000,3.651912,0
2015-05-22,3.890000,3.890000,3.890000,3.890000,3.464863,200
2015-05-26,3.910000,4.070000,3.910000,4.070000,3.625191,1000
2015-05-27,4.090000,4.090000,4.080000,4.080000,3.634098,4700
2015-05-28,3.930000,4.090000,3.930000,4.090000,3.643005,1400
2015-05-29,3.920000,4.080000,3.910000,4.000000,3.562841,2300
2015-06-01,4.000000,4.000000,4.000000,4.000000,3.562841,0
2015-06-02,4.050000,4.050000,4.050000,4.050000,3.607377,500
2015-06-03,3.930000,3.940000,3.930000,3.940000,3.509399,800
2015-06-04,3.900000,3.900000,3.830000,3.830000,3.411421,2500
2015-06-05,3.810000,3.830000,3.770000,3.830000,3.411421,1700
2015-06-08,4.060000,4.100000,3.650000,3.690000,3.286721,4400
2015-06-09,3.870000,3.870000,3.820000,3.820000,3.402514,1100
2015-06-10,3.820000,3.820000,3.820000,3.820000,3.402514,0
2015-06-11,3.820000,3.820000,3.820000,3.820000,3.402514,0
2015-06-12,3.810000,3.810000,3.810000,3.810000,3.393606,700
2015-06-15,3.810000,3.810000,3.810000,3.810000,3.393606,0
2015-06-16,3.680000,3.680000,3.680000,3.680000,3.277814,300
2015-06-17,3.750000,3.750000,3.750000,3.750000,3.340164,400
2015-06-18,3.750000,3.750000,3.750000,3.750000,3.340164,0
2015-06-19,3.750000,3.750000,3.750000,3.750000,3.340164,0
2015-06-22,3.820000,3.820000,3.820000,3.820000,3.402514,900
2015-06-23,3.820000,3.820000,3.820000,3.820000,3.402514,0
2015-06-24,3.820000,3.820000,3.820000,3.820000,3.402514,0
2015-06-25,3.820000,3.820000,3.820000,3.820000,3.402514,0
2015-06-26,3.820000,3.820000,3.820000,3.820000,3.402514,0
2015-06-29,3.610000,3.610000,3.580000,3.580000,3.188743,2000
2015-06-30,3.520000,3.530000,3.520000,3.530000,3.144207,300
2015-07-01,3.530000,3.530000,3.530000,3.530000,3.144207,500
2015-07-02,3.530000,3.530000,3.530000,3.530000,3.144207,0
2015-07-06,3.530000,3.530000,3.530000,3.530000,3.144207,0
2015-07-07,3.530000,3.530000,3.530000,3.530000,3.144207,0
2015-07-08,3.530000,3.530000,3.530000,3.530000,3.144207,0
2015-07-09,3.530000,3.530000,3.530000,3.530000,3.144207,0
2015-07-10,3.640000,3.850000,3.640000,3.850000,3.429235,300
2015-07-13,3.850000,3.850000,3.850000,3.850000,3.429235,0
2015-07-14,3.560000,3.660000,3.550000,3.590000,3.197650,3800
2015-07-15,3.590000,3.700000,3.550000,3.600000,3.206557,1500
2015-07-16,3.580000,3.680000,3.530000,3.670000,3.268907,4000
2015-07-17,3.580000,3.660000,3.560000,3.560000,3.170929,1300
2015-07-20,3.530000,3.530000,3.510000,3.510000,3.126393,800
2015-07-21,3.600000,3.630000,3.520000,3.630000,3.233279,600
2015-07-22,3.600000,3.680000,3.600000,3.600000,3.206557,400
2015-07-23,3.600000,3.600000,3.600000,3.600000,3.206557,0
2015-07-24,3.680000,3.680000,3.680000,3.680000,3.277814,200
2015-07-27,3.900000,3.900000,3.900000,3.900000,3.473770,400
2015-07-28,3.690000,3.690000,3.690000,3.690000,3.286721,100
2015-07-29,3.690000,3.690000,3.690000,3.690000,3.286721,0
2015-07-30,3.800000,3.800000,3.800000,3.800000,3.384699,100
2015-07-31,4.100000,4.280000,4.100000,4.160000,3.705355,8300
2015-08-03,4.160000,4.160000,4.150000,4.160000,3.705355,1700
2015-08-04,4.400000,4.400000,4.110000,4.120000,3.669727,1600
2015-08-05,4.120000,4.220000,4.120000,4.220000,3.758797,1000
2015-08-06,4.200000,4.200000,3.960000,4.150000,3.696448,1900
2015-08-07,4.130000,4.130000,4.130000,4.130000,3.678634,500
2015-08-10,4.080000,4.080000,4.070000,4.070000,3.625191,200
2015-08-11,4.140000,4.160000,4.040000,4.150000,3.696448,3400
2015-08-12,4.130000,4.140000,4.000000,4.140000,3.687541,4400
2015-08-13,4.100000,4.260000,4.050000,4.260000,3.794426,5000
2015-08-14,4.300000,4.590000,4.300000,4.550000,4.052732,6500
2015-08-17,4.530000,4.600000,4.530000,4.580000,4.079453,2700
2015-08-18,4.580000,4.580000,4.580000,4.580000,4.079453,0
2015-08-19,4.580000,4.580000,4.580000,4.580000,4.079453,0
2015-08-20,4.770000,4.770000,4.080000,4.080000,3.634098,4100
2015-08-21,4.250000,4.640000,4.250000,4.370000,3.892404,800
2015-08-24,4.370000,4.370000,4.100000,4.100000,3.651912,1300
2015-08-25,4.110000,4.250000,4.110000,4.250000,3.785519,1400
2015-08-26,4.360000,4.370000,4.280000,4.280000,3.812241,900
2015-08-27,4.400000,4.400000,4.220000,4.370000,3.892404,1100
2015-08-28,4.380000,4.400000,4.380000,4.400000,3.919126,600
2015-08-31,4.400000,4.400000,4.400000,4.400000,3.919126,0
2015-09-01,4.400000,4.400000,4.400000,4.400000,3.919126,1000
2015-09-02,4.400000,4.400000,4.400000,4.400000,3.919126,0
2015-09-03,4.390000,4.390000,4.390000,4.390000,3.910218,900
2015-09-04,4.390000,4.390000,4.390000,4.390000,3.910218,0
2015-09-08,4.410000,4.600000,4.410000,4.600000,4.097268,3500
2015-09-09,4.550000,4.600000,4.550000,4.600000,4.097268,700
2015-09-10,4.580000,4.600000,4.500000,4.600000,4.097268,800
2015-09-11,4.600000,4.700000,4.600000,4.700000,4.186338,800
2015-09-14,4.700000,4.700000,4.700000,4.700000,4.186338,0
2015-09-15,4.700000,4.700000,4.700000,4.700000,4.186338,1100
2015-09-16,4.500000,4.500000,4.500000,4.500000,4.008197,700
2015-09-17,4.500000,4.500000,4.500000,4.500000,4.008197,0
2015-09-18,4.440000,4.800000,4.380000,4.380000,3.901311,5700
2015-09-21,4.310000,4.660000,4.310000,4.660000,4.150710,1500
2015-09-22,4.350000,4.350000,4.350000,4.350000,3.874590,3500
2015-09-23,4.750000,4.790000,4.750000,4.790000,4.266502,1400
2015-09-24,4.470000,4.470000,4.290000,4.430000,3.945847,2900
2015-09-25,4.750000,4.760000,4.310000,4.310000,3.838962,2200
2015-09-28,4.500000,4.790000,4.500000,4.790000,4.266502,700
2015-09-29,4.320000,4.320000,4.320000,4.320000,3.847869,300
2015-09-30,4.320000,4.320000,4.320000,4.320000,3.847869,0
2015-10-01,4.680000,4.680000,4.570000,4.570000,4.070547,2100
2015-10-02,4.560000,4.560000,4.520000,4.520000,4.026011,800
2015-10-05,4.520000,4.520000,4.520000,4.520000,4.026011,0
2015-10-06,4.320000,4.320000,4.310000,4.320000,3.847869,1800
2015-10-07,4.700000,4.700000,4.620000,4.620000,4.115082,600
2015-10-08,4.620000,4.620000,4.620000,4.620000,4.115082,0
2015-10-09,4.620000,4.620000,4.620000,4.620000,4.115082,0
2015-10-12,4.700000,4.700000,4.670000,4.670000,4.159617,1600
2015-10-13,4.440000,4.440000,4.440000,4.440000,3.954754,200
2015-10-14,4.440000,4.440000,4.440000,4.440000,3.954754,0
2015-10-15,4.440000,4.440000,4.440000,4.440000,3.954754,0
2015-10-16,4.440000,4.440000,4.440000,4.440000,3.954754,0
2015-10-19,4.320000,4.320000,4.320000,4.320000,3.847869,200
2015-10-20,4.320000,4.320000,4.320000,4.320000,3.847869,0
2015-10-21,4.320000,4.320000,4.320000,4.320000,3.847869,0
2015-10-22,4.320000,4.320000,4.320000,4.320000,3.847869,0
2015-10-23,4.640000,4.650000,4.330000,4.330000,3.856776,2100
2015-10-26,4.380000,4.380000,4.380000,4.380000,3.901311,200
2015-10-27,4.380000,4.380000,4.380000,4.380000,3.901311,0
2015-10-28,4.380000,4.380000,4.270000,4.320000,3.847869,5900
2015-10-29,4.320000,4.320000,4.320000,4.320000,3.847869,0
2015-10-30,4.320000,4.320000,4.320000,4.320000,3.847869,0
2015-11-02,4.310000,4.310000,4.310000,4.310000,3.838962,400
2015-11-03,4.320000,4.320000,4.290000,4.320000,3.847869,2100
2015-11-04,4.290000,4.290000,4.290000,4.290000,3.821147,2000
2015-11-05,4.290000,4.290000,4.290000,4.290000,3.821147,0
2015-11-06,4.290000,4.290000,4.290000,4.290000,3.821147,0
2015-11-09,4.260000,4.580000,4.000000,4.580000,4.079453,2500
2015-11-10,4.360000,4.520000,4.210000,4.210000,3.749891,600
2015-11-11,4.500000,4.550000,4.490000,4.500000,4.008197,11000
2015-11-12,4.500000,4.600000,4.300000,4.440000,3.954754,6400
2015-11-13,4.600000,4.600000,4.540000,4.540000,4.043825,3200
2015-11-16,4.540000,4.540000,4.540000,4.540000,4.043825,0
2015-11-17,4.650000,4.650000,4.650000,4.650000,4.141803,2500
2015-11-18,4.650000,4.790000,4.310000,4.320000,3.847869,5900
2015-11-19,4.560000,4.790000,4.560000,4.790000,4.266502,900
2015-11-20,4.550000,4.760000,4.550000,4.760000,4.239781,200
2015-11-23,4.800000,4.800000,4.500000,4.500000,4.008197,4800
2015-11-24,4.490000,4.490000,4.490000,4.490000,3.999289,4000
2015-11-25,4.490000,4.490000,4.490000,4.490000,3.999289,0
2015-11-27,4.320000,4.800000,4.320000,4.560000,4.061639,3200
2015-11-30,4.750000,4.830000,4.330000,4.830000,4.302131,3100
2015-12-01,4.840000,4.840000,4.830000,4.830000,4.302131,800
2015-12-02,4.830000,5.030000,4.650000,4.650000,4.141803,1700
2015-12-03,4.700000,4.700000,4.700000,4.700000,4.186338,100
2015-12-04,4.700000,4.700000,4.700000,4.700000,4.186338,0
2015-12-07,4.700000,4.700000,4.700000,4.700000,4.186338,0
2015-12-08,4.700000,4.700000,4.700000,4.700000,4.186338,0
2015-12-09,4.700000,4.700000,4.700000,4.700000,4.186338,0
2015-12-10,4.700000,4.700000,4.700000,4.700000,4.186338,0
2015-12-11,4.700000,4.700000,4.700000,4.700000,4.186338,0
2015-12-14,4.700000,4.700000,4.700000,4.700000,4.186338,0
2015-12-15,4.720000,4.720000,4.720000,4.720000,4.204153,200
2015-12-16,5.000000,5.000000,4.700000,4.710000,4.195246,1200
2015-12-17,4.700000,4.700000,4.700000,4.700000,4.186338,3000
2015-12-18,4.710000,4.710000,4.560000,4.560000,4.061639,17000
2015-12-21,4.440000,4.560000,4.330000,4.560000,4.061639,5400
2015-12-22,4.340000,4.770000,4.330000,4.570000,4.070547,1100
2015-12-23,4.790000,4.790000,4.790000,4.790000,4.266502,300
2015-12-24,4.790000,4.790000,4.790000,4.790000,4.266502,0
2015-12-28,4.700000,4.700000,4.430000,4.430000,3.945847,300
2015-12-29,4.330000,4.380000,4.330000,4.330000,3.856776,900
2015-12-30,4.650000,4.670000,4.650000,4.670000,4.159617,700
2015-12-31,4.670000,4.670000,4.670000,4.670000,4.159617,0
2016-01-04,4.340000,4.340000,4.320000,4.320000,3.847869,400
2016-01-05,4.320000,4.320000,4.320000,4.320000,3.847869,0
2016-01-06,4.700000,5.000000,4.320000,4.340000,3.865683,7400
2016-01-07,4.340000,4.340000,4.340000,4.340000,3.865683,0
2016-01-08,4.340000,4.340000,4.340000,4.340000,3.865683,0
2016-01-11,4.320000,4.500000,3.690000,4.200000,3.740983,6600
2016-01-12,4.200000,4.200000,4.200000,4.200000,3.740983,0
2016-01-13,4.010000,4.040000,4.010000,4.010000,3.571749,1700
2016-01-14,4.010000,4.010000,4.010000,4.010000,3.571749,0
2016-01-15,3.920000,3.940000,3.860000,3.860000,3.438142,4000
2016-01-19,3.800000,3.850000,3.800000,3.800000,3.384699,2300
2016-01-20,3.800000,3.970000,3.750000,3.970000,3.536120,7300
2016-01-21,3.760000,3.760000,3.750000,3.750000,3.340164,300
2016-01-22,3.770000,3.780000,3.730000,3.780000,3.366885,9600
2016-01-25,3.780000,3.780000,3.780000,3.780000,3.366885,100
2016-01-26,3.800000,4.240000,3.800000,3.960000,3.527213,700
2016-01-27,3.960000,3.960000,3.960000,3.960000,3.527213,0
2016-01-28,3.790000,3.810000,3.790000,3.810000,3.393606,600
2016-01-29,3.820000,3.820000,3.490000,3.590000,3.197650,41700
2016-02-01,3.540000,3.610000,3.540000,3.610000,3.215464,600
2016-02-02,3.560000,3.580000,3.560000,3.580000,3.188743,900
2016-02-03,3.630000,3.780000,3.580000,3.580000,3.188743,1700
2016-02-04,3.580000,3.580000,3.580000,3.580000,3.188743,100
2016-02-05,3.570000,3.570000,3.570000,3.570000,3.179836,100
2016-02-08,3.600000,3.600000,3.570000,3.570000,3.179836,500
2016-02-09,3.570000,3.570000,3.570000,3.570000,3.179836,0
2016-02-10,3.570000,3.570000,3.570000,3.570000,3.179836,0
2016-02-11,3.490000,3.660000,3.490000,3.630000,3.233279,5600
2016-02-12,3.630000,3.630000,3.630000,3.630000,3.233279,0
2016-02-16,3.630000,3.630000,3.630000,3.630000,3.233279,0
2016-02-17,3.730000,3.730000,3.730000,3.730000,3.322350,200
2016-02-18,3.730000,3.730000,3.730000,3.730000,3.322350,0
2016-02-19,3.730000,3.730000,3.730000,3.730000,3.322350,0
2016-02-22,3.820000,3.820000,3.820000,3.820000,3.402514,100
2016-02-23,3.870000,3.880000,3.810000,3.870000,3.447049,1500
2016-02-24,3.870000,3.870000,3.870000,3.870000,3.447049,0
2016-02-25,3.870000,3.870000,3.870000,3.870000,3.447049,0
2016-02-26,3.870000,3.870000,3.870000,3.870000,3.447049,0
2016-02-29,3.650000,3.650000,3.570000,3.570000,3.179836,600
2016-03-01,3.570000,3.570000,3.570000,3.570000,3.179836,0
2016-03-02,3.570000,3.570000,3.570000,3.570000,3.179836,0
2016-03-03,3.570000,3.570000,3.570000,3.570000,3.179836,0
2016-03-04,3.570000,3.570000,3.570000,3.570000,3.179836,0
2016-03-07,3.570000,3.570000,3.570000,3.570000,3.179836,0
2016-03-08,3.690000,3.690000,3.610000,3.630000,3.233279,5600
2016-03-09,3.780000,3.780000,3.780000,3.780000,3.366885,100
2016-03-10,3.820000,3.820000,3.820000,3.820000,3.402514,200
2016-03-11,3.820000,3.820000,3.820000,3.820000,3.402514,0
2016-03-14,3.820000,3.820000,3.820000,3.820000,3.402514,0
2016-03-15,3.610000,3.660000,3.580000,3.580000,3.188743,2700
2016-03-16,3.700000,3.730000,3.650000,3.690000,3.286721,3400
2016-03-17,3.700000,3.710000,3.700000,3.710000,3.304535,600
2016-03-18,3.640000,3.640000,3.640000,3.640000,3.242186,500
2016-03-21,3.820000,3.820000,3.750000,3.770000,3.357978,1100
2016-03-22,3.770000,3.770000,3.770000,3.770000,3.357978,0
2016-03-23,3.790000,3.790000,3.700000,3.700000,3.295628,1600
2016-03-24,3.700000,3.700000,3.700000,3.700000,3.295628,0
2016-03-28,3.700000,3.700000,3.700000,3.700000,3.295628,0
2016-03-29,3.700000,3.700000,3.700000,3.700000,3.295628,0
2016-03-30,3.700000,3.700000,3.700000,3.700000,3.295628,100
2016-03-31,3.700000,3.700000,3.700000,3.700000,3.295628,0
2016-04-01,3.770000,3.770000,3.770000,3.770000,3.357978,600
2016-04-04,3.800000,3.810000,3.800000,3.800000,3.384699,2400
2016-04-05,3.720000,3.770000,3.720000,3.770000,3.357978,1200
2016-04-06,3.810000,3.840000,3.810000,3.830000,3.411421,6400
2016-04-07,3.850000,3.850000,3.830000,3.830000,3.411421,1300
2016-04-08,3.700000,3.720000,3.620000,3.620000,3.224371,6200
2016-04-11,3.620000,3.620000,3.620000,3.620000,3.224371,1100
2016-04-12,3.580000,3.610000,3.560000,3.560000,3.170929,4800
2016-04-13,3.550000,3.570000,3.510000,3.570000,3.179836,4600
2016-04-14,3.580000,3.600000,3.580000,3.600000,3.206557,800
2016-04-15,3.600000,3.600000,3.600000,3.600000,3.206557,0
2016-04-18,3.370000,3.370000,3.370000,3.370000,3.001694,100
2016-04-19,3.560000,3.570000,3.560000,3.570000,3.179836,900
2016-04-20,3.780000,3.950000,3.720000,3.720000,3.313442,9700
2016-04-21,3.840000,3.840000,3.830000,3.840000,3.420328,1100
2016-04-22,3.870000,3.900000,3.860000,3.900000,3.473770,1100
2016-04-25,3.890000,3.920000,3.620000,3.620000,3.224371,1300
2016-04-26,3.650000,4.120000,3.640000,3.710000,3.304535,33100
2016-04-27,3.850000,3.860000,3.850000,3.860000,3.438142,700
2016-04-28,3.720000,3.720000,3.720000,3.720000,3.313442,100
2016-04-29,3.900000,3.900000,3.900000,3.900000,3.473770,200
2016-05-02,3.900000,3.900000,3.900000,3.900000,3.473770,0
2016-05-03,3.900000,3.900000,3.900000,3.900000,3.473770,0
2016-05-04,3.880000,3.900000,3.880000,3.880000,3.455956,1100
2016-05-05,3.880000,3.880000,3.880000,3.880000,3.455956,0
2016-05-06,3.880000,3.880000,3.880000,3.880000,3.455956,0
2016-05-09,3.900000,3.900000,3.700000,3.900000,3.473770,1600
2016-05-10,3.900000,3.900000,3.900000,3.900000,3.473770,0
2016-05-11,3.850000,3.850000,3.850000,3.850000,3.429235,600
2016-05-12,3.850000,3.850000,3.850000,3.850000,3.429235,0
2016-05-13,3.850000,3.850000,3.850000,3.850000,3.429235,0
2016-05-16,3.850000,3.850000,3.850000,3.850000,3.429235,0
2016-05-17,3.850000,3.850000,3.850000,3.850000,3.429235,0
2016-05-18,3.840000,3.840000,3.720000,3.720000,3.313442,300
2016-05-19,3.720000,3.720000,3.720000,3.720000,3.313442,0
2016-05-20,3.880000,3.890000,3.880000,3.880000,3.455956,1200
2016-05-23,3.840000,3.840000,3.790000,3.800000,3.384699,500
2016-05-24,3.710000,3.820000,3.710000,3.730000,3.322350,4100
2016-05-25,3.730000,3.730000,3.730000,3.730000,3.322350,1800
2016-05-26,3.800000,3.800000,3.800000,3.800000,3.384699,100
2016-05-27,3.800000,3.800000,3.790000,3.800000,3.384699,700
2016-05-31,3.800000,3.800000,3.800000,3.800000,3.384699,0
2016-06-01,3.700000,3.700000,3.700000,3.700000,3.295628,100
2016-06-02,3.700000,3.700000,3.700000,3.700000,3.295628,0
2016-06-03,3.700000,3.700000,3.700000,3.700000,3.295628,0
2016-06-06,3.830000,3.830000,3.830000,3.830000,3.411421,100
2016-06-07,3.830000,4.120000,3.720000,4.090000,3.643005,13000
2016-06-08,4.030000,4.100000,4.020000,4.100000,3.651912,3000
2016-06-09,4.130000,4.130000,4.130000,4.130000,3.678634,300
2016-06-10,4.050000,4.050000,4.050000,4.050000,3.607377,800
2016-06-13,4.100000,4.100000,4.100000,4.100000,3.651912,200
2016-06-14,4.070000,4.120000,3.980000,4.000000,3.562841,2400
2016-06-15,4.160000,4.160000,3.980000,4.140000,3.687541,1200
2016-06-16,4.140000,4.140000,4.030000,4.130000,3.678634,300
2016-06-17,4.130000,4.130000,4.130000,4.130000,3.678634,0
2016-06-20,3.900000,4.120000,3.900000,4.100000,3.651912,3200
2016-06-21,4.000000,4.000000,3.930000,3.930000,3.500492,900
2016-06-22,3.910000,3.910000,3.910000,3.910000,3.482677,200
2016-06-23,3.910000,3.910000,3.910000,3.910000,3.482677,0
2016-06-24,3.930000,3.930000,3.630000,3.740000,3.331257,7500
2016-06-27,3.710000,3.740000,3.530000,3.740000,3.331257,2900
2016-06-28,3.730000,3.730000,3.420000,3.500000,3.117486,6500
2016-06-29,3.740000,3.740000,3.730000,3.740000,3.331257,1600
2016-06-30,3.740000,3.740000,3.740000,3.740000,3.331257,300
2016-07-01,3.790000,3.790000,3.790000,3.790000,3.375792,100
2016-07-05,3.800000,3.800000,3.780000,3.780000,3.366885,500
2016-07-06,3.780000,3.800000,3.780000,3.800000,3.384699,600
2016-07-07,3.800000,3.870000,3.630000,3.630000,3.233279,9900
2016-07-08,3.780000,3.780000,3.680000,3.680000,3.277814,800
2016-07-11,3.700000,3.910000,3.630000,3.630000,3.233279,22900
2016-07-12,3.680000,3.680000,3.680000,3.680000,3.277814,600
2016-07-13,3.670000,3.680000,3.550000,3.590000,3.197650,4500
2016-07-14,3.620000,3.620000,3.620000,3.620000,3.224371,200
2016-07-15,3.680000,3.680000,3.670000,3.670000,3.268907,500
2016-07-18,3.830000,3.830000,3.670000,3.670000,3.268907,300
2016-07-19,3.680000,3.680000,3.680000,3.680000,3.277814,100
2016-07-20,3.710000,3.710000,3.710000,3.710000,3.304535,100
2016-07-21,3.720000,3.720000,3.670000,3.680000,3.277814,700
2016-07-22,3.830000,4.140000,3.820000,4.130000,3.678634,17300
2016-07-25,4.090000,4.420000,3.740000,4.100000,3.651912,60800
2016-07-26,3.850000,3.850000,3.710000,3.810000,3.393606,4400
2016-07-27,3.770000,3.900000,3.770000,3.880000,3.455956,3100
2016-07-28,3.910000,3.910000,3.730000,3.820000,3.402514,15300
2016-07-29,5.000000,6.780000,4.350000,5.300000,4.720765,2409200
2016-08-01,5.030000,5.400000,4.610000,5.290000,4.711858,185300
2016-08-02,5.400000,5.450000,4.800000,5.210000,4.640601,109700
2016-08-03,5.090000,5.350000,5.000000,5.190000,4.622787,34100
2016-08-04,5.110000,6.200000,5.100000,5.770000,5.139399,45900
2016-08-05,5.690000,6.030000,5.600000,5.850000,5.210656,42100
2016-08-08,5.760000,6.200000,5.640000,6.150000,5.477869,35400
2016-08-09,6.100000,6.300000,5.850000,5.950000,5.299726,20100
2016-08-10,5.960000,6.140000,5.850000,5.890000,5.246284,7000
2016-08-11,5.910000,5.990000,5.850000,5.870000,5.228470,6700
2016-08-12,5.750000,5.750000,5.550000,5.610000,4.996885,5900
2016-08-15,5.550000,5.850000,5.350000,5.500000,4.898907,60100
2016-08-16,5.750000,5.820000,5.400000,5.630000,5.014699,53900
2016-08-17,5.750000,5.750000,5.170000,5.490000,4.890000,34500
2016-08-18,5.430000,5.730000,5.360000,5.610000,4.996885,30700
2016-08-19,5.700000,5.750000,5.510000,5.600000,4.987978,38400
2016-08-22,5.500000,5.580000,5.220000,5.490000,4.890000,20800
2016-08-23,5.400000,5.750000,5.360000,5.360000,4.774208,6600
2016-08-24,5.420000,5.590000,5.170000,5.430000,4.836557,21300
2016-08-25,5.450000,5.750000,5.340000,5.750000,5.121584,26900
2016-08-26,5.800000,6.160000,5.620000,5.910000,5.264098,48200
2016-08-29,6.000000,6.150000,5.720000,5.930000,5.281912,57900
2016-08-30,6.000000,6.500000,5.800000,6.280000,5.593661,100500
2016-08-31,6.340000,6.800000,6.150000,6.540000,5.825246,42000
2016-09-01,6.590000,8.150000,6.190000,7.610000,6.778306,82800
2016-09-02,7.860000,7.890000,7.450000,7.690000,6.849563,34600
2016-09-06,7.690000,9.480000,7.450000,9.050000,8.060929,75600
2016-09-07,9.190000,9.500000,7.800000,7.820000,6.965355,130900
2016-09-08,8.010000,8.280000,6.730000,7.020000,6.252787,134300
2016-09-09,7.150000,7.860000,6.750000,7.490000,6.671421,65600
2016-09-12,7.400000,7.800000,6.840000,7.770000,6.920819,44800
2016-09-13,7.690000,7.900000,6.940000,7.460000,6.644699,18500
2016-09-14,7.420000,7.700000,6.990000,7.380000,6.573442,18400
2016-09-15,7.190000,7.400000,7.050000,7.170000,6.386393,25400
2016-09-16,7.220000,7.390000,6.950000,7.220000,6.430929,10500
2016-09-19,7.200000,7.520000,7.090000,7.250000,6.457650,61900
2016-09-20,7.150000,7.250000,7.000000,7.130000,6.350765,15100
2016-09-21,7.130000,8.040000,7.130000,7.330000,6.528907,55500
2016-09-22,7.430000,7.480000,7.090000,7.400000,6.591257,27300
2016-09-23,7.130000,7.900000,6.920000,7.810000,6.956448,81500
2016-09-26,8.030000,8.030000,7.350000,7.450000,6.635792,41100
2016-09-27,7.750000,7.750000,7.320000,7.400000,6.591257,14000
2016-09-28,7.510000,7.690000,7.210000,7.390000,6.582349,6100
2016-09-29,7.370000,7.740000,6.880000,7.550000,6.724864,98800
2016-09-30,7.720000,7.960000,7.420000,7.470000,6.653606,75200
2016-10-03,7.540000,7.540000,7.150000,7.150000,6.368579,8300
2016-10-04,7.200000,7.690000,7.090000,7.170000,6.386393,13900
2016-10-05,7.250000,7.410000,6.900000,6.900000,6.145902,20400
2016-10-06,6.800000,7.040000,6.480000,6.590000,5.869781,13700
2016-10-07,6.560000,6.760000,6.560000,6.680000,5.949945,20700
2016-10-10,6.320000,6.650000,6.270000,6.540000,5.825246,8300
2016-10-11,6.440000,6.510000,6.140000,6.490000,5.780710,19400
2016-10-12,6.460000,6.680000,6.090000,6.510000,5.798524,21700
2016-10-13,6.220000,6.520000,5.640000,5.810000,5.175027,25300
2016-10-14,5.750000,6.190000,5.750000,5.910000,5.264098,33200
2016-10-17,5.850000,5.850000,5.400000,5.600000,4.987978,24900
2016-10-18,5.650000,5.980000,5.550000,5.900000,5.255191,15400
2016-10-19,5.850000,6.500000,5.450000,5.600000,4.987978,20900
2016-10-20,5.650000,5.950000,5.650000,5.850000,5.210656,5300
2016-10-21,5.750000,5.850000,5.350000,5.800000,5.166120,30500
2016-10-24,5.700000,5.900000,5.650000,5.850000,5.210656,29200
2016-10-25,5.850000,6.500000,5.700000,6.350000,5.656011,37200
2016-10-26,6.500000,6.550000,6.100000,6.150000,5.477869,22700
2016-10-27,6.150000,6.400000,5.800000,5.900000,5.255191,17800
2016-10-28,6.000000,6.500000,6.000000,6.000000,5.344262,13700
2016-10-31,6.050000,6.050000,5.890000,5.950000,5.299726,1000
2016-11-01,5.850000,5.900000,5.800000,5.900000,5.255191,900
2016-11-02,6.100000,6.100000,5.650000,5.900000,5.255191,900
2016-11-03,5.620000,5.620000,5.350000,5.500000,4.898907,5800
2016-11-04,5.450000,5.800000,4.700000,4.700000,4.186338,16000
2016-11-07,4.950000,5.100000,4.900000,5.050000,4.498087,5000
2016-11-08,5.050000,5.200000,5.000000,5.100000,4.542623,1600
2016-11-09,5.000000,5.200000,4.700000,5.000000,4.453552,11900
2016-11-10,4.750000,5.500000,4.750000,5.500000,4.898907,20200
2016-11-11,5.280000,5.600000,5.280000,5.550000,4.943443,2300
2016-11-14,5.460000,5.600000,5.250000,5.600000,4.987978,1500
2016-11-15,5.400000,6.700000,5.400000,6.600000,5.878688,55100
2016-11-16,6.300000,6.300000,5.800000,5.800000,5.166120,7800
2016-11-17,5.750000,6.000000,5.300000,5.650000,5.032514,3000
2016-11-18,5.400000,5.800000,5.400000,5.800000,5.166120,7200
2016-11-21,5.450000,5.500000,5.450000,5.500000,4.898907,800
2016-11-22,5.450000,7.350000,5.450000,7.100000,6.324043,67400
2016-11-23,7.200000,7.250000,5.550000,5.950000,5.299726,46500
2016-11-25,5.900000,5.940000,5.700000,5.700000,5.077049,2400
2016-11-28,5.600000,5.800000,5.300000,5.600000,4.987978,16500
2016-11-29,5.600000,5.850000,5.550000,5.800000,5.166120,14200
2016-11-30,5.750000,5.750000,5.300000,5.650000,5.032514,13300
2016-12-01,5.600000,5.950000,5.450000,5.800000,5.166120,6000
2016-12-02,5.750000,6.150000,5.750000,6.150000,5.477869,5000
2016-12-05,6.450000,6.700000,6.100000,6.150000,5.477869,39600
2016-12-06,6.500000,6.550000,6.050000,6.050000,5.388798,35200
2016-12-07,6.000000,6.040000,5.700000,5.750000,5.121584,7700
2016-12-08,5.900000,6.000000,5.700000,5.900000,5.255191,5400
2016-12-09,5.800000,6.100000,5.800000,6.000000,5.344262,13000
2016-12-12,6.200000,6.200000,5.750000,6.000000,5.344262,5200
2016-12-13,6.000000,6.300000,6.000000,6.000000,5.344262,18700
2016-12-14,6.420000,6.420000,6.050000,6.050000,5.388798,8200
2016-12-15,6.050000,6.150000,5.950000,6.050000,5.388798,9200
2016-12-16,6.150000,6.150000,5.750000,5.750000,5.121584,5900
2016-12-19,5.700000,5.700000,5.600000,5.650000,5.032514,5900
2016-12-20,5.700000,5.710000,5.550000,5.550000,4.943443,5200
2016-12-21,5.450000,5.580000,5.450000,5.450000,4.854371,2600
2016-12-22,5.550000,5.550000,5.450000,5.450000,4.854371,900
2016-12-23,5.330000,5.600000,5.330000,5.600000,4.987978,2900
2016-12-27,5.550000,5.640000,5.400000,5.500000,4.898907,7800
2016-12-28,5.500000,5.650000,5.500000,5.650000,5.032514,3000
2016-12-29,5.650000,6.200000,5.500000,5.650000,5.032514,19900
2016-12-30,5.650000,5.750000,5.450000,5.750000,5.121584,4800
2017-01-03,5.750000,5.800000,5.500000,5.800000,5.166120,8500
2017-01-04,5.600000,6.000000,5.500000,5.600000,4.987978,44500
2017-01-05,5.550000,6.000000,5.500000,5.900000,5.255191,25100
2017-01-06,5.800000,6.450000,5.780000,5.800000,5.166120,58900
2017-01-09,5.900000,6.100000,5.850000,5.900000,5.255191,6300
2017-01-10,5.750000,5.750000,5.750000,5.750000,5.121584,200
2017-01-11,5.750000,6.100000,5.650000,5.800000,5.166120,24200
2017-01-12,5.900000,6.100000,5.700000,5.700000,5.077049,2900
2017-01-13,5.700000,5.700000,5.700000,5.700000,5.077049,0
2017-01-17,5.650000,6.030000,5.650000,5.850000,5.210656,1100
2017-01-18,5.850000,5.850000,5.850000,5.850000,5.210656,0
2017-01-19,6.000000,6.000000,5.750000,5.750000,5.121584,5700
2017-01-20,5.700000,5.800000,5.650000,5.800000,5.166120,900
2017-01-23,5.650000,5.750000,5.400000,5.450000,4.854371,21200
2017-01-24,5.450000,5.700000,5.450000,5.700000,5.077049,14200
2017-01-25,5.500000,5.500000,5.500000,5.500000,4.898907,200
2017-01-26,5.300000,5.550000,5.250000,5.400000,4.809836,24900
2017-01-27,5.410000,5.450000,5.410000,5.450000,4.854371,900
2017-01-30,5.450000,5.450000,5.360000,5.450000,4.854371,2200
2017-01-31,5.500000,5.600000,5.500000,5.550000,4.943443,1800
2017-02-01,5.850000,5.850000,5.650000,5.650000,5.032514,7700
2017-02-02,5.700000,5.700000,5.600000,5.600000,4.987978,3500
2017-02-03,5.750000,5.750000,5.650000,5.750000,5.121584,1900
2017-02-06,5.750000,5.750000,5.750000,5.750000,5.121584,0
2017-02-07,5.700000,5.750000,5.600000,5.610000,4.996885,4700
2017-02-08,5.610000,5.610000,5.610000,5.610000,4.996885,0
2017-02-09,5.750000,5.750000,5.750000,5.750000,5.121584,100
2017-02-10,5.750000,5.750000,5.750000,5.750000,5.121584,300
2017-02-13,5.500000,5.550000,5.500000,5.550000,4.943443,500
2017-02-14,5.300000,5.550000,5.150000,5.450000,4.854371,11600
2017-02-15,5.250000,5.600000,5.250000,5.450000,4.854371,14500
2017-02-16,5.490000,5.490000,5.350000,5.350000,4.765300,1700
2017-02-17,5.600000,5.600000,5.510000,5.550000,4.943443,1500
2017-02-21,5.550000,5.550000,5.550000,5.550000,4.943443,0
2017-02-22,5.260000,5.300000,4.800000,5.300000,4.720765,17800
2017-02-23,5.290000,5.290000,5.100000,5.250000,4.676229,5100
2017-02-24,5.450000,5.650000,5.150000,5.500000,4.898907,10500
2017-02-27,5.600000,5.700000,5.500000,5.650000,5.032514,8900
2017-02-28,5.500000,5.500000,5.500000,5.500000,4.898907,900
2017-03-01,5.600000,5.650000,5.450000,5.450000,4.854371,2900
2017-03-02,5.350000,5.400000,5.350000,5.400000,4.809836,1400
2017-03-03,5.550000,6.000000,5.250000,5.300000,4.720765,9700
2017-03-06,5.250000,5.500000,5.100000,5.450000,4.854371,5000
2017-03-07,5.450000,5.450000,5.100000,5.150000,4.587158,2500
2017-03-08,5.150000,5.200000,4.950000,5.100000,4.542623,6500
2017-03-09,5.050000,5.350000,4.850000,5.100000,4.542623,34900
2017-03-10,5.350000,5.350000,5.000000,5.200000,4.631694,12800
2017-03-13,5.150000,5.150000,5.000000,5.050000,4.498087,10600
2017-03-14,5.100000,5.100000,4.800000,5.000000,4.453552,18000
2017-03-15,4.850000,5.050000,4.750000,4.950000,4.409016,17900
2017-03-16,4.950000,5.100000,4.750000,5.100000,4.542623,23400
2017-03-17,5.000000,5.350000,5.000000,5.150000,4.587158,16700
2017-03-20,5.300000,5.300000,5.100000,5.200000,4.631694,10900
2017-03-21,5.690000,5.690000,5.100000,5.100000,4.542623,1300
2017-03-22,5.050000,5.650000,5.050000,5.650000,5.032514,1300
2017-03-23,5.350000,5.350000,5.200000,5.250000,4.676229,900
2017-03-24,5.250000,5.250000,5.250000,5.250000,4.676229,0
2017-03-27,5.600000,5.600000,5.600000,5.600000,4.987978,200
2017-03-28,5.150000,5.150000,5.150000,5.150000,4.587158,400
2017-03-29,5.150000,5.150000,5.150000,5.150000,4.587158,100
2017-03-30,5.100000,5.150000,5.050000,5.100000,4.542623,1600
2017-03-31,5.400000,5.750000,5.400000,5.700000,5.077049,1700
2017-04-03,5.550000,5.550000,5.550000,5.550000,4.943443,300
2017-04-04,5.410000,5.410000,5.200000,5.200000,4.631694,1900
2017-04-05,5.200000,5.200000,5.200000,5.200000,4.631694,0
2017-04-06,5.150000,5.150000,5.150000,5.150000,4.587158,500
2017-04-07,5.200000,5.200000,5.200000,5.200000,4.631694,900
2017-04-10,4.910000,5.350000,4.910000,5.350000,4.765300,7100
2017-04-11,5.200000,5.330000,4.350000,5.000000,4.453552,29200
2017-04-12,5.000000,5.000000,4.650000,4.750000,4.230874,13000
2017-04-13,4.790000,4.850000,4.790000,4.850000,4.319945,4900
2017-04-17,5.100000,5.650000,5.000000,5.000000,4.453552,4700
2017-04-18,4.850000,5.000000,4.850000,5.000000,4.453552,1400
2017-04-19,5.000000,5.000000,5.000000,5.000000,4.453552,0
2017-04-20,5.110000,5.400000,4.760000,5.050000,4.498087,15200
2017-04-21,4.900000,5.050000,4.900000,5.050000,4.498087,7400
2017-04-24,5.000000,5.350000,4.950000,5.350000,4.765300,1700
2017-04-25,5.350000,5.350000,5.350000,5.350000,4.765300,0
2017-04-26,5.350000,5.350000,5.350000,5.350000,4.765300,0
2017-04-27,5.200000,5.200000,4.950000,4.950000,4.409016,1800
2017-04-28,4.950000,4.950000,4.950000,4.950000,4.409016,0
2017-05-01,5.350000,5.350000,4.800000,4.900000,4.364481,3100
2017-05-02,4.850000,4.900000,4.500000,4.900000,4.364481,8400
2017-05-03,4.950000,4.950000,4.800000,4.800000,4.275410,3000
2017-05-04,4.800000,4.800000,4.800000,4.800000,4.275410,3000
2017-05-05,4.900000,4.900000,4.650000,4.650000,4.141803,500
2017-05-08,4.800000,4.800000,4.800000,4.800000,4.275410,500
2017-05-09,4.800000,4.950000,4.750000,4.800000,4.275410,2000
2017-05-10,4.800000,4.800000,4.800000,4.800000,4.275410,0
2017-05-11,4.700000,4.700000,4.690000,4.700000,4.186338,600
2017-05-12,4.800000,4.800000,4.790000,4.790000,4.266502,300
2017-05-15,4.800000,4.810000,4.790000,4.800000,4.275410,2200
2017-05-16,4.850000,4.860000,4.720000,4.850000,4.319945,5200
2017-05-17,5.000000,5.000000,5.000000,5.000000,4.453552,400
2017-05-18,5.000000,6.050000,5.000000,5.600000,4.987978,14400
2017-05-19,5.850000,6.050000,5.650000,6.000000,5.344262,6000
2017-05-22,6.000000,6.550000,5.610000,6.250000,5.566940,17400
2017-05-23,6.370000,6.690000,6.300000,6.690000,5.958852,12000
2017-05-24,6.770000,7.300000,6.560000,6.810000,6.065737,2700
2017-05-25,7.090000,7.400000,6.860000,7.390000,6.582349,8300
2017-05-26,7.750000,8.000000,7.170000,7.170000,6.386393,7800
2017-05-30,7.450000,7.800000,7.400000,7.600000,6.769399,28300
2017-05-31,7.150000,7.470000,6.910000,7.350000,6.546721,13800
2017-06-01,7.300000,7.670000,7.300000,7.550000,6.724864,13400
2017-06-02,7.540000,7.820000,7.360000,7.650000,6.813934,10100
2017-06-05,7.900000,7.950000,7.530000,7.950000,7.081147,15300
2017-06-06,7.900000,8.650000,7.850000,8.600000,7.660110,16000
2017-06-07,8.600000,9.250000,8.290000,9.050000,8.060929,43700
2017-06-08,9.100000,9.100000,8.650000,8.800000,7.838251,32700
2017-06-09,8.800000,9.100000,8.800000,9.070000,8.078743,12800
2017-06-12,8.950000,10.250000,8.950000,10.050000,8.951639,37000
2017-06-13,10.350000,11.100000,9.000000,9.150000,8.150000,132000
2017-06-14,8.000000,8.000000,5.800000,6.370000,6.370000,116500
2017-06-15,6.500000,6.600000,4.950000,5.500000,5.500000,132100
2017-06-16,5.450000,5.550000,5.150000,5.450000,5.450000,26000
2017-06-19,5.450000,5.450000,4.750000,5.200000,5.200000,24400
2017-06-20,5.200000,5.300000,5.000000,5.300000,5.300000,12300
2017-06-21,5.150000,5.300000,4.950000,5.250000,5.250000,15500
2017-06-22,5.300000,5.350000,5.150000,5.150000,5.150000,6900
2017-06-23,5.150000,5.200000,4.950000,5.150000,5.150000,9600
2017-06-26,5.100000,5.300000,5.100000,5.300000,5.300000,5000
2017-06-27,5.150000,5.200000,5.150000,5.150000,5.150000,7600
2017-06-28,5.200000,5.200000,5.160000,5.200000,5.200000,4200
2017-06-29,5.100000,5.150000,5.000000,5.000000,5.000000,5100
2017-06-30,4.950000,5.050000,4.900000,5.050000,5.050000,27900
2017-07-03,5.050000,5.150000,4.920000,5.100000,5.100000,21800
2017-07-05,5.100000,5.250000,5.100000,5.150000,5.150000,12700
2017-07-06,5.150000,5.200000,4.900000,5.000000,5.000000,36300
2017-07-07,5.000000,5.000000,4.900000,4.900000,4.900000,5900
2017-07-10,5.000000,5.100000,4.850000,4.850000,4.850000,15100
2017-07-11,5.000000,5.000000,4.900000,4.900000,4.900000,4200
2017-07-12,4.900000,4.900000,4.750000,4.800000,4.800000,5500
2017-07-13,4.800000,4.850000,4.640000,4.850000,4.850000,18800
2017-07-14,4.950000,4.950000,4.660000,4.800000,4.800000,5200
2017-07-17,4.850000,4.850000,4.750000,4.850000,4.850000,7400
2017-07-18,4.750000,4.800000,4.750000,4.750000,4.750000,21900
2017-07-19,4.750000,4.900000,4.750000,4.800000,4.800000,16000
2017-07-20,4.800000,4.900000,4.750000,4.800000,4.800000,9400
2017-07-21,4.850000,4.850000,4.700000,4.700000,4.700000,5600
2017-07-24,4.800000,4.800000,4.700000,4.700000,4.700000,5300
2017-07-25,4.800000,4.810000,4.700000,4.700000,4.700000,3800
2017-07-26,4.800000,4.800000,4.700000,4.750000,4.750000,2400
2017-07-27,4.700000,4.710000,4.650000,4.650000,4.650000,3100
2017-07-28,4.710000,4.750000,4.600000,4.600000,4.600000,20400
2017-07-31,4.700000,4.700000,4.200000,4.200000,4.200000,7300
2017-08-01,4.300000,4.300000,4.200000,4.200000,4.200000,7400
2017-08-02,4.250000,4.250000,4.150000,4.150000,4.150000,11000
2017-08-03,4.150000,4.400000,4.110000,4.210000,4.210000,3600
2017-08-04,4.450000,4.450000,4.350000,4.350000,4.350000,2100
2017-08-07,4.310000,4.370000,4.250000,4.350000,4.350000,2300
2017-08-08,4.350000,4.400000,4.200000,4.300000,4.300000,14200
2017-08-09,4.210000,4.250000,4.160000,4.250000,4.250000,4100
2017-08-10,4.300000,4.300000,4.250000,4.250000,4.250000,2300
2017-08-11,4.300000,4.350000,4.300000,4.300000,4.300000,5100
2017-08-14,4.350000,4.350000,4.300000,4.330000,4.330000,1800
2017-08-15,4.450000,4.450000,4.400000,4.400000,4.400000,100
2017-08-16,4.450000,4.450000,4.300000,4.300000,4.300000,2500
2017-08-17,4.280000,4.280000,4.000000,4.140000,4.140000,8400
2017-08-18,4.050000,4.200000,4.050000,4.200000,4.200000,1700
2017-08-21,4.250000,4.250000,4.250000,4.250000,4.250000,2100
2017-08-22,4.280000,4.280000,4.280000,4.280000,4.280000,200
2017-08-23,4.280000,4.280000,4.280000,4.280000,4.280000,0
2017-08-24,4.300000,4.300000,4.250000,4.260000,4.260000,3000
2017-08-25,4.260000,4.260000,4.260000,4.260000,4.260000,0
2017-08-28,4.260000,4.260000,4.260000,4.260000,4.260000,0
2017-08-29,4.260000,4.260000,4.260000,4.260000,4.260000,0
2017-08-30,4.320000,4.320000,4.250000,4.250000,4.250000,800
2017-08-31,4.210000,4.350000,4.210000,4.250000,4.250000,2000
2017-09-01,4.250000,4.250000,4.250000,4.250000,4.250000,0
2017-09-05,4.050000,4.230000,4.000000,4.100000,4.100000,6100
2017-09-06,4.300000,4.300000,4.100000,4.250000,4.250000,2200
2017-09-07,4.300000,4.300000,4.100000,4.150000,4.150000,2200
2017-09-08,4.100000,4.250000,4.100000,4.250000,4.250000,1400
2017-09-11,4.100000,4.220000,4.100000,4.130000,4.130000,2900
2017-09-12,4.180000,4.200000,4.150000,4.180000,4.180000,2200
2017-09-13,4.200000,4.200000,4.100000,4.100000,4.100000,1300
2017-09-14,4.050000,4.110000,3.950000,4.000000,4.000000,10300
2017-09-15,3.800000,4.150000,3.800000,4.100000,4.100000,4400
2017-09-18,4.110000,4.150000,3.950000,4.100000,4.100000,6900
2017-09-19,4.050000,4.100000,3.900000,3.900000,3.900000,9600
2017-09-20,3.850000,4.100000,3.800000,4.100000,4.100000,5200
2017-09-21,4.100000,4.200000,4.100000,4.150000,4.150000,11100
2017-09-22,4.200000,4.450000,4.200000,4.350000,4.350000,7500
2017-09-25,4.400000,4.450000,3.950000,4.350000,4.350000,6500
2017-09-26,4.350000,4.350000,4.110000,4.250000,4.250000,4800
2017-09-27,4.300000,4.300000,4.300000,4.300000,4.300000,700
2017-09-28,4.300000,4.300000,4.150000,4.250000,4.250000,1500
2017-09-29,4.330000,4.350000,4.300000,4.350000,4.350000,3700
2017-10-02,4.300000,4.400000,4.300000,4.350000,4.350000,1800
2017-10-03,4.350000,4.350000,4.350000,4.350000,4.350000,0
2017-10-04,4.350000,4.350000,4.350000,4.350000,4.350000,0
2017-10-05,4.350000,4.350000,4.310000,4.310000,4.310000,1600
2017-10-06,4.250000,4.250000,4.250000,4.250000,4.250000,400
2017-10-09,4.400000,4.400000,4.300000,4.330000,4.330000,5400
2017-10-10,4.410000,4.500000,4.300000,4.450000,4.450000,21100
2017-10-11,4.450000,4.900000,4.450000,4.800000,4.800000,9600
2017-10-12,5.000000,5.070000,4.650000,4.650000,4.650000,2300
2017-10-13,4.900000,4.900000,4.400000,4.600000,4.600000,4600
2017-10-16,4.450000,4.850000,4.450000,4.650000,4.650000,9200
2017-10-17,4.620000,4.850000,4.620000,4.800000,4.800000,12100
2017-10-18,4.800000,5.550000,4.800000,5.450000,5.450000,23300
2017-10-19,5.450000,5.450000,5.280000,5.400000,5.400000,3900
2017-10-20,5.300000,5.350000,5.100000,5.320000,5.320000,3300
2017-10-23,5.100000,5.200000,5.100000,5.200000,5.200000,800
2017-10-24,5.100000,5.100000,4.800000,4.800000,4.800000,4100
2017-10-25,4.800000,4.860000,4.800000,4.860000,4.860000,1500
2017-10-26,4.800000,5.200000,4.800000,5.200000,5.200000,1000
2017-10-27,5.000000,5.000000,4.900000,4.900000,4.900000,2800
2017-10-30,4.950000,4.950000,4.870000,4.950000,4.950000,2400
2017-10-31,5.000000,5.100000,5.000000,5.000000,5.000000,5900
2017-11-01,5.000000,5.000000,4.900000,4.900000,4.900000,4400
2017-11-02,5.000000,5.000000,4.950000,5.000000,5.000000,500
2017-11-03,5.000000,5.100000,5.000000,5.050000,5.050000,8200
2017-11-06,4.950000,4.950000,4.800000,4.800000,4.800000,2200
2017-11-07,4.800000,4.900000,4.800000,4.900000,4.900000,3800
2017-11-08,4.800000,4.940000,4.800000,4.940000,4.940000,1700
2017-11-09,4.940000,4.940000,4.940000,4.940000,4.940000,0
2017-11-10,4.950000,4.950000,4.950000,4.950000,4.950000,200
2017-11-13,4.850000,4.850000,4.800000,4.800000,4.800000,400
2017-11-14,4.800000,4.850000,4.800000,4.850000,4.850000,600
2017-11-15,5.250000,5.300000,5.000000,5.000000,5.000000,7700
2017-11-16,5.250000,6.500000,4.800000,5.500000,5.500000,39000
2017-11-17,5.550000,6.350000,4.800000,5.250000,5.250000,106600
2017-11-20,5.600000,7.450000,5.600000,6.500000,6.500000,195100
2017-11-21,6.350000,6.450000,5.650000,6.200000,6.200000,27400
2017-11-22,5.900000,6.130000,5.500000,5.700000,5.700000,7400
2017-11-24,5.650000,5.650000,5.000000,5.300000,5.300000,4800
2017-11-27,5.250000,5.250000,4.950000,5.000000,5.000000,16900
2017-11-28,5.000000,5.150000,5.000000,5.150000,5.150000,1200
2017-11-29,5.200000,5.200000,4.900000,5.150000,5.150000,3500
2017-11-30,5.100000,5.180000,4.650000,5.100000,5.100000,16900
2017-12-01,5.050000,5.100000,4.750000,4.950000,4.950000,17800
2017-12-04,5.050000,5.100000,4.950000,5.030000,5.030000,8100
2017-12-05,5.100000,5.100000,4.900000,5.000000,5.000000,700
2017-12-06,5.100000,5.200000,5.000000,5.200000,5.200000,5000
2017-12-07,5.250000,5.850000,5.160000,5.850000,5.850000,2800
2017-12-08,5.700000,5.900000,5.700000,5.900000,5.900000,400
2017-12-11,5.650000,5.650000,5.650000,5.650000,5.650000,200
2017-12-12,5.100000,5.900000,5.100000,5.900000,5.900000,13100
2017-12-13,5.760000,5.760000,5.500000,5.500000,5.500000,2600
2017-12-14,5.310000,5.850000,5.310000,5.800000,5.800000,3500
2017-12-15,5.540000,5.900000,5.540000,5.850000,5.850000,1400
2017-12-18,5.850000,6.750000,5.850000,5.900000,5.900000,12800
2017-12-19,5.810000,6.400000,5.810000,6.150000,6.150000,3000
2017-12-20,6.340000,6.340000,6.200000,6.250000,6.250000,2900
2017-12-21,6.250000,6.380000,6.100000,6.150000,6.150000,15300
2017-12-22,6.150000,6.160000,5.100000,5.330000,5.330000,14300
2017-12-26,5.650000,5.650000,5.250000,5.450000,5.450000,2400
2017-12-27,5.500000,5.500000,5.200000,5.250000,5.250000,3200
2017-12-28,5.200000,5.400000,5.160000,5.400000,5.400000,4800
2017-12-29,5.300000,5.350000,5.200000,5.200000,5.200000,3800
2018-01-02,5.350000,5.350000,5.300000,5.300000,5.300000,2600
2018-01-03,5.260000,5.350000,5.260000,5.350000,5.350000,1300
2018-01-04,5.600000,5.750000,5.600000,5.650000,5.650000,1900
2018-01-05,5.830000,5.850000,5.800000,5.850000,5.850000,1900
2018-01-08,5.750000,6.250000,5.750000,6.150000,6.150000,6900
2018-01-09,6.200000,6.200000,5.760000,5.850000,5.850000,8300
2018-01-10,7.000000,8.410000,7.000000,7.010000,7.010000,65800
2018-01-11,7.550000,7.700000,7.200000,7.240000,7.240000,8300
2018-01-12,7.550000,7.550000,7.000000,7.030000,7.030000,10500
2018-01-16,7.100000,7.160000,6.070000,6.400000,6.400000,23700
2018-01-17,6.600000,6.600000,6.550000,6.550000,6.550000,1500
2018-01-18,6.450000,6.540000,6.450000,6.450000,6.450000,1200
2018-01-19,6.360000,6.650000,6.360000,6.650000,6.650000,2000
2018-01-22,6.620000,6.950000,6.620000,6.800000,6.800000,5000
2018-01-23,6.800000,7.250000,6.690000,7.050000,7.050000,20000
2018-01-24,6.980000,7.000000,6.800000,6.900000,6.900000,10600
2018-01-25,6.910000,6.910000,6.500000,6.550000,6.550000,8300
2018-01-26,7.000000,7.000000,6.650000,6.650000,6.650000,3600
2018-01-29,6.900000,7.550000,6.800000,6.810000,6.810000,30500
2018-01-30,6.910000,6.910000,6.550000,6.770000,6.770000,11000
2018-01-31,6.510000,6.800000,6.430000,6.750000,6.750000,13200
2018-02-01,6.600000,6.600000,6.340000,6.450000,6.450000,5600
2018-02-02,6.600000,6.600000,6.150000,6.200000,6.200000,9600
2018-02-05,6.150000,6.200000,6.050000,6.100000,6.100000,6300
2018-02-06,6.200000,6.200000,6.100000,6.110000,6.110000,1200
2018-02-07,6.300000,6.660000,6.300000,6.350000,6.350000,2400
2018-02-08,6.000000,6.010000,5.950000,6.000000,6.000000,4300
2018-02-09,5.950000,5.950000,5.500000,5.900000,5.900000,14600
2018-02-12,6.100000,6.150000,6.100000,6.150000,6.150000,700
2018-02-13,6.200000,6.200000,6.200000,6.200000,6.200000,100
2018-02-14,6.250000,6.330000,6.210000,6.250000,6.250000,28900
2018-02-15,6.250000,6.430000,6.250000,6.350000,6.350000,53700
2018-02-16,6.310000,6.380000,6.300000,6.350000,6.350000,3600
2018-02-20,6.400000,6.500000,6.350000,6.350000,6.350000,5700
2018-02-21,6.570000,6.650000,6.500000,6.550000,6.550000,2800
2018-02-22,6.550000,6.570000,6.500000,6.500000,6.500000,5400
2018-02-23,6.500000,6.700000,6.500000,6.700000,6.700000,800
2018-02-26,6.550000,6.700000,6.550000,6.600000,6.600000,1100
2018-02-27,6.580000,6.580000,6.080000,6.100000,6.100000,5300
2018-02-28,6.300000,6.300000,5.900000,6.000000,6.000000,6300
2018-03-01,6.050000,6.050000,5.850000,5.850000,5.850000,1500
2018-03-02,5.750000,5.800000,5.610000,5.650000,5.650000,8100
2018-03-05,5.550000,6.100000,5.550000,6.050000,6.050000,11200
2018-03-06,5.760000,5.960000,5.700000,5.750000,5.750000,3200
2018-03-07,5.750000,5.900000,5.710000,5.800000,5.800000,4500
2018-03-08,6.150000,6.150000,5.850000,5.850000,5.850000,5100
2018-03-09,5.950000,6.050000,5.860000,6.000000,6.000000,8200
2018-03-12,5.850000,6.450000,5.700000,5.910000,5.910000,65500
2018-03-13,5.850000,6.450000,5.700000,5.850000,5.850000,11300
2018-03-14,5.750000,6.000000,5.750000,5.940000,5.940000,2500
2018-03-15,6.000000,6.150000,5.900000,6.050000,6.050000,5600
2018-03-16,6.050000,6.080000,6.010000,6.080000,6.080000,1000
2018-03-19,6.150000,6.150000,6.050000,6.050000,6.050000,2300
2018-03-20,6.100000,6.100000,6.100000,6.100000,6.100000,200
2018-03-21,6.500000,6.640000,6.150000,6.550000,6.550000,1700
2018-03-22,6.600000,6.600000,6.200000,6.440000,6.440000,4600
2018-03-23,5.950000,5.950000,5.750000,5.800000,5.800000,1700
2018-03-26,6.100000,6.160000,6.100000,6.160000,6.160000,700
2018-03-27,6.150000,6.150000,6.100000,6.100000,6.100000,1100
2018-03-28,6.150000,6.200000,6.150000,6.200000,6.200000,800
2018-03-29,6.200000,6.200000,6.200000,6.200000,6.200000,0
2018-04-02,6.200000,6.200000,6.200000,6.200000,6.200000,3100
2018-04-03,6.200000,6.200000,6.200000,6.200000,6.200000,1300
2018-04-04,6.300000,6.550000,6.250000,6.250000,6.250000,1700
2018-04-05,6.250000,6.250000,6.000000,6.000000,6.000000,2600
2018-04-06,6.100000,6.100000,6.100000,6.100000,6.100000,100
2018-04-09,6.300000,6.300000,6.280000,6.280000,6.280000,1700
2018-04-10,5.220000,6.210000,5.220000,6.130000,6.130000,1000
2018-04-11,6.130000,6.130000,6.130000,6.130000,6.130000,0
2018-04-12,5.550000,6.600000,5.470000,6.550000,6.550000,12500
2018-04-13,5.850000,6.300000,5.300000,5.750000,5.750000,9400
2018-04-16,5.950000,5.950000,5.550000,5.550000,5.550000,600
2018-04-17,5.550000,5.550000,5.550000,5.550000,5.550000,0
2018-04-18,5.300000,5.750000,5.300000,5.700000,5.700000,6900
2018-04-19,5.770000,5.900000,5.470000,5.600000,5.600000,5100
2018-04-20,5.550000,5.750000,5.550000,5.750000,5.750000,3700
2018-04-23,5.500000,5.500000,5.500000,5.500000,5.500000,1000
2018-04-24,5.500000,5.500000,5.500000,5.500000,5.500000,0
2018-04-25,5.320000,5.750000,5.320000,5.410000,5.410000,6000
2018-04-26,5.320000,5.320000,5.320000,5.320000,5.320000,300
2018-04-27,5.320000,5.320000,5.320000,5.320000,5.320000,0
2018-04-30,5.320000,5.320000,5.320000,5.320000,5.320000,0
2018-05-01,5.300000,5.580000,5.300000,5.580000,5.580000,500
2018-05-02,5.400000,5.800000,5.350000,5.650000,5.650000,5500
2018-05-03,5.800000,6.000000,5.150000,5.400000,5.400000,15300
2018-05-04,5.260000,5.450000,5.260000,5.450000,5.450000,5300
2018-05-07,5.500000,5.550000,5.400000,5.460000,5.460000,7300
2018-05-08,5.500000,5.650000,5.400000,5.500000,5.500000,5200
2018-05-09,5.500000,5.600000,5.460000,5.600000,5.600000,5300
2018-05-10,5.400000,5.410000,5.400000,5.400000,5.400000,6500
2018-05-11,5.350000,5.450000,5.300000,5.300000,5.300000,11000
2018-05-14,5.400000,5.700000,5.300000,5.300000,5.300000,10100
2018-05-15,5.250000,5.300000,5.200000,5.250000,5.250000,14900
2018-05-16,5.150000,5.650000,5.150000,5.150000,5.150000,21600
2018-05-17,5.250000,5.300000,5.030000,5.030000,5.030000,6100
2018-05-18,5.000000,5.150000,4.950000,5.100000,5.100000,2000
2018-05-21,5.150000,5.220000,5.150000,5.150000,5.150000,2200
2018-05-22,5.200000,5.250000,5.190000,5.190000,5.190000,1700
2018-05-23,5.300000,5.400000,5.250000,5.360000,5.360000,7000
2018-05-24,5.270000,5.350000,5.270000,5.350000,5.350000,2300
2018-05-25,5.150000,5.390000,5.150000,5.320000,5.320000,600
2018-05-29,5.350000,5.410000,5.300000,5.300000,5.300000,3900
2018-05-30,5.250000,5.250000,5.100000,5.150000,5.150000,4700
2018-05-31,5.150000,5.150000,5.150000,5.150000,5.150000,0
2018-06-01,5.100000,5.150000,4.960000,5.150000,5.150000,5300
2018-06-04,5.200000,5.200000,4.450000,4.650000,4.650000,11800
2018-06-05,4.660000,4.800000,4.600000,4.600000,4.600000,4600
2018-06-06,4.650000,4.680000,4.500000,4.600000,4.600000,5900
2018-06-07,4.650000,4.750000,4.500000,4.550000,4.550000,6700
2018-06-08,4.620000,4.620000,4.450000,4.450000,4.450000,9200
2018-06-11,4.560000,4.650000,4.560000,4.650000,4.650000,1500
2018-06-12,4.610000,4.610000,4.610000,4.610000,4.610000,100
2018-06-13,4.690000,4.690000,4.660000,4.660000,4.660000,2100
2018-06-14,4.600000,4.600000,4.570000,4.600000,4.600000,1100
2018-06-15,4.550000,4.600000,4.550000,4.600000,4.600000,800
2018-06-18,4.500000,4.500000,4.500000,4.500000,4.500000,700
2018-06-19,4.510000,4.510000,4.500000,4.500000,4.500000,400
2018-06-20,4.500000,4.500000,4.500000,4.500000,4.500000,0
2018-06-21,4.500000,4.510000,4.400000,4.400000,4.400000,1000
2018-06-22,4.550000,4.600000,4.470000,4.600000,4.600000,1600
2018-06-25,4.670000,6.400000,4.670000,6.030000,6.030000,140500
2018-06-26,6.350000,9.400000,6.230000,7.800000,7.800000,497100
2018-06-27,7.550000,8.950000,6.600000,6.950000,6.950000,125400
2018-06-28,6.500000,7.050000,6.350000,6.950000,6.950000,65100
2018-06-29,7.150000,7.150000,6.600000,6.700000,6.700000,18100
