Date,Open,High,Low,Close,Adj Close,Volume
2013-01-02,55.619999,55.860001,55.490002,55.860001,45.558731,158900
2013-01-03,55.500000,55.570000,55.139999,55.380001,45.167248,747300
2013-01-04,55.160000,55.430000,55.070000,55.349998,45.142776,158200
2013-01-07,55.400002,55.450001,55.180000,55.450001,45.224342,209500
2013-01-08,55.099998,55.099998,54.639999,54.799999,44.694202,195400
2013-01-09,55.400002,55.480000,55.299999,55.369999,45.159088,178600
2013-01-10,55.889999,55.889999,55.470001,55.820000,45.526108,106000
2013-01-11,55.520000,55.580002,55.299999,55.470001,45.240650,111400
2013-01-14,55.770000,55.770000,55.470001,55.599998,45.346672,165200
2013-01-15,55.639999,55.810001,55.560001,55.680000,45.411922,204700
2013-01-16,55.590000,55.730000,55.450001,55.709999,45.436386,84100
2013-01-17,55.750000,55.910000,55.520000,55.700001,45.428230,140400
2013-01-18,55.700001,55.740002,55.450001,55.650002,45.387455,144900
2013-01-22,55.750000,55.750000,55.459999,55.619999,45.362980,193400
2013-01-23,55.560001,55.560001,55.279999,55.369999,45.159088,150900
2013-01-24,55.709999,55.820000,55.480000,55.560001,45.314049,115600
2013-01-25,55.580002,55.730000,55.419998,55.610001,45.354839,124300
2013-01-28,55.700001,55.700001,55.310001,55.349998,45.142776,224800
2013-01-29,55.619999,55.740002,55.459999,55.709999,45.436386,76300
2013-01-30,55.970001,56.130001,55.900002,55.959999,45.640289,81100
2013-01-31,56.029999,56.110001,55.830002,55.919998,45.607658,158700
2013-02-01,56.099998,56.200001,55.840000,56.080002,45.738155,108900
2013-02-04,55.880001,55.880001,55.150002,55.279999,45.085686,144800
2013-02-05,55.389999,55.389999,55.099998,55.330002,45.126469,142400
2013-02-06,55.150002,55.310001,54.990002,55.310001,45.110157,134800
2013-02-07,55.200001,55.290001,54.549999,54.849998,44.734985,115000
2013-02-08,54.849998,55.220001,54.849998,55.160000,44.987820,129900
2013-02-11,55.279999,55.299999,55.070000,55.259998,45.069370,101600
2013-02-12,55.270000,55.400002,55.070000,55.310001,45.110157,73700
2013-02-13,55.689999,55.689999,55.389999,55.500000,45.265118,95100
2013-02-14,55.290001,55.389999,55.200001,55.330002,45.126469,93100
2013-02-15,55.480000,55.480000,55.099998,55.200001,45.020447,109400
2013-02-19,55.580002,55.700001,55.520000,55.680000,45.411922,117700
2013-02-20,55.750000,55.750000,55.090000,55.119999,44.955193,244900
2013-02-21,55.040001,55.060001,54.549999,54.709999,44.620796,142100
2013-02-22,55.160000,55.160000,54.709999,54.930000,44.800232,157200
2013-02-25,55.439999,55.439999,54.320000,54.320000,44.302719,64700
2013-02-26,54.799999,55.209999,54.750000,54.990002,44.849159,106000
2013-02-27,55.209999,55.930000,55.209999,55.880001,45.575039,90600
2013-02-28,55.939999,56.310001,55.869999,55.869999,45.566879,111400
2013-03-01,56.220001,56.330002,55.980000,56.259998,45.884964,82500
2013-03-04,56.130001,56.230000,55.910000,56.189999,45.827869,403300
2013-03-05,56.389999,56.439999,56.220001,56.330002,45.942055,177400
2013-03-06,56.700001,56.709999,56.410000,56.560001,46.129639,101400
2013-03-07,56.860001,56.860001,56.619999,56.680000,46.227509,112300
2013-03-08,56.720001,56.779999,56.430000,56.720001,46.260132,84600
2013-03-11,56.740002,56.750000,56.470001,56.599998,46.162258,59100
2013-03-12,56.490002,56.570000,56.110001,56.180000,45.819717,104400
2013-03-13,56.169998,56.169998,55.860001,55.990002,45.664742,126100
2013-03-14,56.439999,56.720001,56.400002,56.720001,46.260132,43400
2013-03-15,56.720001,56.720001,56.500000,56.650002,46.203041,59000
2013-03-18,56.209999,56.500000,56.040001,56.189999,45.827869,101600
2013-03-19,56.230000,56.230000,55.560001,55.790001,45.501637,82900
2013-03-20,56.389999,56.410000,56.189999,56.290001,45.909428,90000
2013-03-21,56.090000,56.200001,55.830002,55.880001,45.575039,116100
2013-03-22,56.230000,56.500000,56.230000,56.439999,46.031769,69400
2013-03-25,56.939999,56.939999,56.240002,56.400002,45.999138,76700
2013-03-26,56.759998,57.099998,56.709999,57.099998,46.570053,87000
2013-03-27,57.240002,57.430000,57.049999,57.410000,46.822884,126000
2013-03-28,57.270000,57.380001,57.090000,57.380001,46.798416,107300
2013-04-01,56.900002,56.900002,56.110001,56.189999,45.827869,104200
2013-04-02,57.220001,57.480000,57.090000,57.279999,46.716862,110300
2013-04-03,57.480000,57.509998,56.730000,56.820000,46.341694,98100
2013-04-04,57.759998,58.000000,57.660000,58.000000,47.304085,81900
2013-04-05,58.230000,58.770000,57.990002,58.750000,47.915771,111400
2013-04-08,58.790001,59.020000,58.540001,59.020000,48.135979,85000
2013-04-09,58.560001,58.910000,58.299999,58.799999,47.956562,103400
2013-04-10,59.139999,59.419998,59.000000,59.310001,48.372513,155700
2013-04-11,59.419998,59.650002,59.320000,59.500000,48.527470,142500
2013-04-12,60.009998,60.090000,59.680000,59.990002,48.927101,95800
2013-04-15,59.520000,59.520000,58.610001,58.660000,47.842369,134100
2013-04-16,59.660000,59.740002,59.180000,59.689999,48.682426,68300
2013-04-17,59.540001,59.540001,58.810001,59.160000,48.250156,104500
2013-04-18,59.470001,59.470001,59.000000,59.099998,48.201233,81100
2013-04-19,60.119999,60.290001,60.000000,60.240002,49.131001,114800
2013-04-22,60.169998,60.200001,59.730000,60.090000,49.008663,104500
2013-04-23,59.930000,60.169998,59.779999,60.119999,49.033131,62700
2013-04-24,60.189999,60.610001,60.189999,60.480000,49.326740,77000
2013-04-25,60.830002,60.950001,60.630001,60.750000,49.546951,69500
2013-04-26,60.520000,60.529999,60.150002,60.320000,49.196243,98200
2013-04-29,60.860001,61.080002,60.610001,61.080002,49.816097,90300
2013-04-30,61.230000,61.380001,60.919998,61.320000,50.011829,129800
2013-05-01,61.540001,61.540001,60.950001,61.060001,49.799786,111100
2013-05-02,61.389999,61.520000,61.130001,61.410000,50.085239,561900
2013-05-03,61.540001,62.099998,61.520000,62.049999,50.607212,142500
2013-05-06,62.049999,62.049999,61.810001,61.980000,50.550125,134100
2013-05-07,61.810001,61.930000,61.599998,61.820000,50.419632,161100
2013-05-08,61.810001,61.880001,61.599998,61.860001,50.452255,82700
2013-05-09,61.540001,61.680000,61.020000,61.180000,49.897655,96800
2013-05-10,61.080002,61.080002,60.790001,61.000000,49.750851,129800
2013-05-13,60.650002,60.680000,60.450001,60.599998,49.424606,99900
2013-05-14,60.119999,60.290001,59.400002,60.220001,49.114693,284000
2013-05-15,59.779999,59.900002,59.509998,59.730000,48.715050,180600
2013-05-16,59.660000,59.849998,59.500000,59.720001,48.706902,75300
2013-05-17,60.009998,60.459999,59.869999,60.459999,49.310429,75800
2013-05-20,60.660000,60.740002,60.520000,60.730000,49.530632,113400
2013-05-21,60.340000,60.430000,59.970001,60.310001,49.188091,138800
2013-05-22,60.180000,60.410000,59.090000,59.310001,48.372513,248200
2013-05-23,57.759998,58.000000,56.750000,57.980000,47.287773,216900
2013-05-24,57.419998,57.419998,57.049999,57.279999,46.716862,130500
2013-05-28,58.119999,58.230000,57.520000,57.689999,47.051254,133000
2013-05-29,57.139999,57.139999,56.480000,56.650002,46.203041,210300
2013-05-30,56.369999,56.369999,56.000000,56.080002,45.738155,254600
2013-05-31,55.849998,55.959999,55.160000,55.200001,45.020447,198600
2013-06-03,55.029999,55.200001,54.619999,55.160000,44.987820,264600
2013-06-04,55.840000,56.150002,55.360001,55.590000,45.338516,124100
2013-06-05,55.119999,55.119999,54.169998,54.189999,44.196693,233400
2013-06-06,54.180000,54.400002,53.689999,54.360001,44.335339,155400
2013-06-07,55.060001,55.369999,54.540001,55.360001,45.150932,161600
2013-06-10,55.029999,55.029999,54.509998,54.509998,44.457680,95700
2013-06-11,53.320000,53.400002,52.970001,53.020000,43.242458,198700
2013-06-12,53.299999,53.480000,52.660000,52.669998,42.957001,167400
2013-06-13,53.009998,53.970001,52.990002,53.950001,44.000957,96500
2013-06-14,54.090000,54.360001,53.770000,53.930000,43.984638,58500
2013-06-17,54.270000,54.549999,54.009998,54.180000,44.188538,104300
2013-06-18,54.299999,54.799999,54.299999,54.709999,44.620796,85200
2013-06-19,54.560001,54.810001,53.410000,53.410000,43.560543,142900
2013-06-20,52.110001,52.180000,50.660000,50.919998,41.529720,184200
2013-06-21,51.330002,51.580002,50.750000,51.369999,41.896729,154200
2013-06-24,50.389999,50.680000,49.759998,50.439999,41.232151,207200
2013-06-25,50.840000,51.310001,50.580002,51.220001,41.869759,158500
2013-06-26,51.660000,51.880001,51.459999,51.709999,42.270321,122800
2013-06-27,52.529999,53.029999,52.529999,52.959999,43.292130,90100
2013-06-28,53.189999,53.599998,53.000000,53.380001,43.635452,123300
2013-07-01,53.619999,53.619999,53.209999,53.270000,43.545536,107800
2013-07-02,53.490002,53.939999,53.230000,53.480000,43.717209,71900
2013-07-03,53.180000,53.639999,53.110001,53.430000,43.676327,68700
2013-07-05,53.139999,53.980000,53.139999,53.529999,43.758072,77500
2013-07-08,53.369999,53.509998,53.070000,53.209999,43.496490,82300
2013-07-09,53.360001,53.669998,53.310001,53.529999,43.758072,58000
2013-07-10,53.419998,53.610001,53.200001,53.220001,43.504658,83500
2013-07-11,54.590000,55.349998,54.439999,55.349998,45.245831,68300
2013-07-12,54.799999,54.860001,54.500000,54.650002,44.673622,65600
2013-07-15,55.009998,55.290001,54.849998,55.290001,45.196774,71200
2013-07-16,55.040001,55.090000,54.799999,54.880001,44.861633,85800
2013-07-17,55.250000,55.250000,54.900002,55.150002,45.082348,120900
2013-07-18,55.150002,55.200001,54.919998,54.970001,44.935200,88600
2013-07-19,55.119999,55.150002,54.900002,55.110001,45.049633,86700
2013-07-22,55.189999,55.470001,55.090000,55.369999,45.262180,78900
2013-07-23,55.500000,55.770000,55.299999,55.570000,45.425671,83200
2013-07-24,55.570000,55.599998,54.900002,55.099998,45.041458,69900
2013-07-25,54.720001,55.290001,54.720001,55.270000,45.180447,125800
2013-07-26,54.970001,55.009998,54.509998,55.000000,44.959717,53200
2013-07-29,54.639999,54.720001,54.410000,54.509998,44.559170,60500
2013-07-30,54.500000,54.599998,54.040001,54.169998,44.281242,45000
2013-07-31,54.060001,54.340000,53.720001,54.020000,44.158623,113000
2013-08-01,54.520000,54.990002,54.520000,54.830002,44.820755,102900
2013-08-02,54.919998,55.139999,54.740002,55.080002,45.025124,83100
2013-08-05,55.209999,55.209999,54.959999,55.049999,45.000599,59700
2013-08-06,55.259998,55.500000,55.029999,55.099998,45.041458,125000
2013-08-07,54.810001,54.830002,54.560001,54.619999,44.649094,59600
2013-08-08,55.029999,55.430000,54.849998,55.230000,45.147739,35100
2013-08-09,55.209999,55.480000,54.900002,55.290001,45.196774,52400
2013-08-12,54.970001,55.119999,54.799999,54.849998,44.837101,51900
2013-08-13,55.099998,55.310001,54.930000,55.090000,45.033298,264200
2013-08-14,55.130001,55.299999,55.130001,55.169998,45.098690,39500
2013-08-15,54.639999,54.689999,54.320000,54.619999,44.649094,54900
2013-08-16,54.779999,54.860001,54.500000,54.570000,44.608215,64600
2013-08-19,54.470001,54.529999,53.919998,53.990002,44.134098,105300
2013-08-20,53.900002,54.000000,53.770000,53.810001,43.986958,72100
2013-08-21,53.549999,53.580002,52.919998,52.990002,43.316650,88400
2013-08-22,53.380001,53.380001,53.000000,53.070000,43.382046,59600
2013-08-23,53.250000,53.560001,53.150002,53.529999,43.758072,158400
2013-08-26,53.509998,53.580002,53.240002,53.310001,43.578228,78300
2013-08-27,52.590000,52.759998,52.290001,52.360001,42.801651,79000
2013-08-28,52.430000,52.680000,52.310001,52.419998,42.850700,39300
2013-08-29,52.500000,52.730000,52.450001,52.520000,42.932438,55900
2013-08-30,52.669998,52.869999,52.419998,52.500000,42.916092,49600
2013-09-03,53.259998,53.599998,52.980000,53.180000,43.471973,67000
2013-09-04,53.360001,53.720001,53.240002,53.619999,43.831638,73900
2013-09-05,53.480000,53.630001,53.360001,53.619999,43.831638,115100
2013-09-06,53.560001,53.900002,53.320000,53.580002,43.798950,72300
2013-09-09,54.580002,54.959999,54.009998,54.959999,44.927021,61400
2013-09-10,55.369999,55.529999,55.189999,55.490002,45.360275,111200
2013-09-11,55.290001,55.639999,55.160000,55.639999,45.482887,187900
2013-09-12,55.389999,55.410000,55.150002,55.189999,45.115036,82800
2013-09-13,55.360001,55.509998,55.169998,55.490002,45.360275,354400
2013-09-16,56.029999,56.580002,55.590000,55.939999,45.728123,105500
2013-09-17,55.980000,56.189999,55.950001,56.110001,45.867088,80100
2013-09-18,56.200001,57.840000,56.000000,57.830002,47.273102,129700
2013-09-19,58.250000,58.340000,57.939999,58.169998,47.551029,80500
2013-09-20,58.240002,58.240002,57.250000,57.250000,46.798985,146000
2013-09-23,57.220001,57.430000,56.980000,57.349998,46.953720,74600
2013-09-24,56.990002,57.169998,56.720001,56.889999,46.577110,75900
2013-09-25,57.410000,57.410000,56.619999,56.730000,46.446114,120000
2013-09-26,56.880001,57.139999,56.730000,56.900002,46.585304,101600
2013-09-27,56.830002,56.980000,56.750000,56.950001,46.626240,154900
2013-09-30,56.400002,56.759998,56.099998,56.720001,46.437931,152900
2013-10-01,56.959999,57.000000,56.570000,56.900002,46.585304,131600
2013-10-02,56.700001,56.919998,56.410000,56.919998,46.601673,150900
2013-10-03,56.880001,56.880001,56.180000,56.389999,46.167747,74300
2013-10-04,56.619999,56.689999,56.410000,56.639999,46.372429,54900
2013-10-07,56.169998,56.169998,55.689999,55.880001,45.750206,80800
2013-10-08,56.090000,56.259998,55.700001,55.910000,45.774765,96800
2013-10-09,56.669998,56.840000,56.349998,56.700001,46.421558,5561800
2013-10-10,57.080002,57.669998,57.080002,57.610001,47.166595,172900
2013-10-11,57.360001,57.740002,57.200001,57.689999,47.232082,368100
2013-10-14,57.459999,58.000000,57.160000,57.930000,47.428581,154900
2013-10-15,57.480000,57.480000,57.090000,57.259998,46.880035,120900
2013-10-16,57.529999,57.799999,57.250000,57.720001,47.256653,89000
2013-10-17,57.959999,58.380001,57.820000,58.330002,47.756069,95700
2013-10-18,58.650002,58.910000,58.490002,58.730000,48.083549,53800
2013-10-21,58.270000,58.700001,58.270000,58.590000,47.968945,107600
2013-10-22,58.750000,59.119999,58.689999,59.029999,48.329182,71100
2013-10-23,58.450001,58.500000,58.099998,58.320000,47.747883,64800
2013-10-24,58.639999,58.639999,58.240002,58.320000,47.747883,109900
2013-10-25,58.459999,58.480000,58.259998,58.360001,47.780636,49800
2013-10-28,58.310001,58.400002,58.150002,58.189999,47.641445,120700
2013-10-29,58.360001,58.380001,58.180000,58.360001,47.780636,83600
2013-10-30,58.209999,58.360001,57.770000,58.090000,47.559582,81200
2013-10-31,58.139999,58.139999,57.759998,57.849998,47.363087,53100
2013-11-01,57.720001,57.820000,57.360001,57.580002,47.142033,65100
2013-11-04,57.770000,57.790001,57.450001,57.770000,47.297581,84900
2013-11-05,57.360001,57.369999,57.080002,57.240002,46.863663,57900
2013-11-06,57.410000,57.500000,57.180000,57.230000,46.855473,84800
2013-11-07,57.240002,57.240002,56.419998,56.459999,46.225060,93600
2013-11-08,56.490002,56.730000,56.259998,56.709999,46.429745,78100
2013-11-11,56.610001,56.639999,56.450001,56.500000,46.257805,50000
2013-11-12,56.599998,56.599998,56.209999,56.389999,46.167747,62200
2013-11-13,56.299999,56.740002,56.000000,56.720001,46.437931,69400
2013-11-14,56.900002,57.020000,56.660000,56.849998,46.544361,457600
2013-11-15,57.560001,57.830002,57.220001,57.770000,47.297581,216600
2013-11-18,57.869999,57.990002,57.610001,57.669998,47.215714,119000
2013-11-19,57.509998,57.509998,57.110001,57.330002,46.937347,119500
2013-11-20,57.240002,57.240002,56.610001,56.630001,46.364246,49000
2013-11-21,56.500000,56.599998,56.290001,56.520000,46.274189,61000
2013-11-22,56.500000,56.689999,56.369999,56.669998,46.396999,57900
2013-11-25,56.400002,56.400002,56.000000,56.009998,45.856640,147900
2013-11-26,55.900002,56.209999,55.889999,56.150002,45.971249,98700
2013-11-27,56.400002,56.520000,56.150002,56.520000,46.274189,56800
2013-11-29,56.529999,56.709999,56.270000,56.299999,46.094063,40600
2013-12-02,56.250000,56.250000,55.669998,55.770000,45.660145,80800
2013-12-03,55.639999,55.650002,55.279999,55.500000,45.439083,72700
2013-12-04,55.250000,55.490002,55.029999,55.430000,45.381767,140800
2013-12-05,55.220001,55.220001,54.919998,54.980000,45.013351,106900
2013-12-06,55.209999,55.590000,55.049999,55.549999,45.480026,130600
2013-12-09,55.360001,55.360001,55.119999,55.240002,45.226215,104300
2013-12-10,55.189999,55.320000,55.029999,55.290001,45.267155,67000
2013-12-11,55.139999,55.139999,54.500000,54.580002,44.685856,149200
2013-12-12,54.500000,54.540001,54.200001,54.380001,44.522118,62400
2013-12-13,54.520000,54.520000,54.130001,54.480000,44.603992,83800
2013-12-16,54.230000,54.720001,54.230000,54.459999,44.587624,155600
2013-12-17,54.500000,54.529999,53.830002,54.110001,44.301067,244400
2013-12-18,54.299999,54.900002,54.020000,54.590000,44.694042,371800
2013-12-19,54.630001,54.660000,54.209999,54.660000,44.751358,160000
2013-12-20,53.250000,53.349998,53.000000,53.279999,44.916599,139500
2013-12-23,53.590000,53.660000,53.400002,53.459999,45.068333,357700
2013-12-24,53.509998,53.509998,53.209999,53.259998,44.899731,96100
2013-12-26,53.380001,53.669998,53.369999,53.669998,45.245373,244200
2013-12-27,54.000000,54.000000,53.599998,53.860001,45.405556,165900
2013-12-30,54.000000,54.349998,53.860001,54.250000,45.734333,186600
2013-12-31,54.230000,54.610001,54.090000,54.480000,45.928230,201700
2014-01-02,54.209999,54.240002,53.509998,53.650002,45.228516,176300
2014-01-03,53.730000,53.860001,53.580002,53.689999,45.262241,88200
2014-01-06,53.680000,53.720001,53.419998,53.509998,45.110489,366200
2014-01-07,53.700001,53.700001,53.509998,53.599998,45.186367,73700
2014-01-08,53.700001,53.700001,53.419998,53.540001,45.135780,122400
2014-01-09,53.549999,53.560001,53.369999,53.529999,45.127357,66500
2014-01-10,53.779999,54.099998,53.570000,54.060001,45.574154,87600
2014-01-13,54.000000,54.040001,53.410000,53.529999,45.127357,137900
2014-01-14,53.549999,53.880001,53.509998,53.860001,45.405556,111700
2014-01-15,54.000000,54.049999,53.750000,53.880001,45.422413,218500
2014-01-16,53.759998,53.770000,53.610001,53.759998,45.321247,88400
2014-01-17,54.000000,54.169998,53.900002,53.970001,45.498287,65600
2014-01-21,54.209999,54.209999,53.720001,53.930000,45.464569,102400
2014-01-22,54.209999,54.220001,54.009998,54.180000,45.675320,122600
2014-01-23,53.709999,53.750000,53.200001,53.410000,45.026184,128800
2014-01-24,53.310001,53.310001,52.410000,52.419998,44.191582,396100
2014-01-27,52.639999,52.689999,51.919998,52.270000,44.065144,142000
2014-01-28,52.590000,53.139999,52.340000,53.139999,44.798565,118500
2014-01-29,52.189999,52.209999,51.779999,51.860001,43.719498,174700
2014-01-30,52.099998,52.360001,51.990002,52.270000,44.065144,196800
2014-01-31,51.419998,51.869999,51.279999,51.580002,43.483444,176400
2014-02-03,51.689999,51.689999,50.650002,50.650002,42.699425,164300
2014-02-04,51.209999,51.630001,51.139999,51.570000,43.475014,250900
2014-02-05,51.500000,51.619999,51.200001,51.580002,43.483444,152200
2014-02-06,51.860001,52.320000,51.639999,52.270000,44.065144,174400
2014-02-07,52.349998,52.799999,52.320000,52.779999,44.495087,112600
2014-02-10,52.349998,52.590000,52.330002,52.459999,44.225315,187500
2014-02-11,52.900002,53.389999,52.810001,53.330002,44.958752,185100
2014-02-12,53.540001,53.560001,53.330002,53.439999,45.051479,107700
2014-02-13,52.919998,53.490002,52.799999,53.360001,44.984035,85100
2014-02-14,53.360001,53.650002,53.279999,53.540001,45.135780,52800
2014-02-18,53.980000,53.980000,53.689999,53.770000,45.329681,129700
2014-02-19,53.759998,54.049999,53.560001,53.599998,45.186367,75700
2014-02-20,53.759998,53.980000,53.549999,53.919998,45.456139,195600
2014-02-21,54.000000,54.020000,53.770000,53.840000,45.388691,67400
2014-02-24,53.560001,54.020000,53.529999,53.810001,45.363403,120500
2014-02-25,53.860001,53.860001,53.400002,53.459999,45.068333,82300
2014-02-26,53.709999,53.709999,53.259998,53.369999,44.992466,90800
2014-02-27,53.160000,53.660000,53.130001,53.610001,45.194794,66000
2014-02-28,53.610001,53.910000,53.509998,53.630001,45.211655,80000
2014-03-03,53.220001,53.380001,52.759998,52.959999,44.646824,89200
2014-03-04,53.790001,54.040001,53.740002,53.889999,45.430843,99000
2014-03-05,54.049999,54.049999,53.799999,53.919998,45.456139,44000
2014-03-06,54.360001,54.740002,54.080002,54.599998,46.029396,80000
2014-03-07,54.639999,54.639999,54.160000,54.330002,45.801773,82600
2014-03-10,54.090000,54.090000,53.759998,54.040001,45.557297,105500
2014-03-11,54.070000,54.070000,53.450001,53.520000,45.118927,81700
2014-03-12,53.060001,53.419998,53.009998,53.360001,44.984035,100600
2014-03-13,53.490002,53.490002,52.400002,52.570000,44.318039,85600
2014-03-14,52.680000,52.880001,52.549999,52.709999,44.436062,112600
2014-03-17,53.000000,53.320000,52.959999,53.259998,44.899731,95700
2014-03-18,53.470001,53.560001,53.070000,53.459999,45.068333,91700
2014-03-19,53.299999,53.450001,52.700001,52.770000,44.486652,104600
2014-03-20,52.250000,52.419998,51.959999,52.259998,44.056705,175600
2014-03-21,52.639999,52.970001,52.549999,52.580002,44.326481,48800
2014-03-24,52.889999,53.000000,52.430000,52.560001,44.309620,66600
2014-03-25,52.970001,53.180000,52.790001,52.959999,44.646824,152500
2014-03-26,53.349998,53.349998,52.779999,52.869999,44.570961,119600
2014-03-27,53.200001,53.430000,53.130001,53.369999,44.992466,170600
2014-03-28,53.610001,54.000000,53.610001,53.820000,45.371826,70200
2014-03-31,54.250000,54.259998,54.070000,54.070000,45.582584,62200
2014-04-01,54.419998,54.500000,54.290001,54.430000,45.886086,112400
2014-04-02,54.689999,55.040001,54.689999,55.000000,46.366600,80800
2014-04-03,55.020000,55.040001,54.599998,54.840000,46.231728,91100
2014-04-04,55.080002,55.299999,54.660000,54.810001,46.206425,141800
2014-04-07,54.610001,55.130001,54.610001,54.869999,46.257008,89800
2014-04-08,55.070000,55.220001,54.910000,55.020000,46.383465,120000
2014-04-09,55.270000,55.570000,55.009998,55.560001,46.838703,85700
2014-04-10,55.500000,55.500000,54.740002,54.790001,46.189568,121300
2014-04-11,54.849998,54.980000,54.580002,54.709999,46.122116,74100
2014-04-14,54.880001,55.020000,54.730000,54.970001,46.341309,68900
2014-04-15,54.820000,54.950001,54.209999,54.790001,46.189568,116800
2014-04-16,55.099998,55.270000,54.930000,55.200001,46.535202,77800
2014-04-17,55.480000,55.599998,55.330002,55.599998,46.872417,79200
2014-04-21,55.450001,55.590000,55.180000,55.270000,46.594234,69500
2014-04-22,55.450001,55.470001,55.310001,55.349998,46.661663,71600
2014-04-23,55.250000,55.250000,55.029999,55.160000,46.501495,58900
2014-04-24,55.299999,55.320000,55.020000,55.130001,46.476200,1243600
2014-04-25,55.070000,55.070000,54.689999,54.759998,46.164276,98000
2014-04-28,55.029999,55.040001,54.590000,54.930000,46.307594,71000
2014-04-29,55.400002,55.419998,55.040001,55.290001,46.611076,55600
2014-04-30,55.150002,55.330002,55.000000,55.290001,46.611076,61700
2014-05-01,55.490002,55.490002,55.349998,55.450001,46.745972,92200
2014-05-02,55.500000,55.619999,55.330002,55.480000,46.771259,141600
2014-05-05,55.099998,55.410000,55.080002,55.410000,46.712242,100300
2014-05-06,55.509998,55.630001,55.349998,55.490002,46.779694,86700
2014-05-07,55.660000,55.759998,55.389999,55.720001,46.973587,52200
2014-05-08,55.709999,55.869999,55.549999,55.630001,46.897717,158700
2014-05-09,55.820000,55.849998,55.570000,55.770000,47.015736,150300
2014-05-12,56.209999,56.290001,56.029999,56.230000,47.403538,89700
2014-05-13,56.540001,56.630001,56.410000,56.549999,47.673306,79200
2014-05-14,56.639999,56.900002,56.639999,56.750000,47.841904,119900
2014-05-15,56.700001,56.840000,56.369999,56.599998,47.715454,71000
2014-05-16,56.939999,56.950001,56.610001,56.910000,47.976791,87100
2014-05-19,56.750000,56.860001,56.619999,56.849998,47.926201,90100
2014-05-20,56.580002,56.580002,56.169998,56.279999,47.445679,90900
2014-05-21,56.650002,56.700001,56.450001,56.639999,47.749176,110100
2014-05-22,56.700001,56.730000,56.560001,56.639999,47.749176,52100
2014-05-23,56.860001,57.209999,56.860001,57.130001,48.162254,95300
2014-05-27,57.000000,57.299999,56.980000,57.230000,48.246555,226400
2014-05-28,57.200001,57.200001,57.020000,57.150002,48.179115,87300
2014-05-29,57.430000,57.490002,57.250000,57.490002,48.465748,56200
2014-05-30,57.549999,57.869999,57.459999,57.869999,48.786098,544200
2014-06-02,57.919998,58.049999,57.650002,57.869999,48.786098,212400
2014-06-03,57.939999,57.990002,57.709999,57.889999,48.802956,147400
2014-06-04,57.549999,57.700001,57.400002,57.599998,48.558475,176400
2014-06-05,57.799999,58.020000,57.650002,57.970001,48.870399,98800
2014-06-06,58.060001,58.290001,58.060001,58.270000,49.123306,42900
2014-06-09,58.299999,58.400002,58.160000,58.320000,49.165455,83800
2014-06-10,58.000000,58.000000,57.900002,57.950001,48.853546,136000
2014-06-11,57.599998,57.700001,57.580002,57.680000,48.625927,143500
2014-06-12,57.970001,57.970001,57.509998,57.580002,48.541626,130200
2014-06-13,57.830002,57.830002,57.480000,57.650002,48.600636,146300
2014-06-16,57.639999,57.639999,57.400002,57.520000,48.491039,129100
2014-06-17,57.509998,57.509998,57.099998,57.389999,48.381447,99000
2014-06-18,57.560001,57.849998,57.270000,57.840000,48.760811,67400
2014-06-19,58.029999,58.150002,57.820000,57.990002,48.887264,55200
2014-06-20,58.259998,58.259998,58.009998,58.220001,49.081161,193800
2014-06-23,57.970001,57.990002,57.750000,57.900002,48.811390,52600
2014-06-24,57.529999,57.639999,57.189999,57.240002,48.550148,66600
2014-06-25,57.230000,57.740002,57.230000,57.630001,48.880951,70300
2014-06-26,57.709999,58.000000,57.560001,57.889999,49.101463,51400
2014-06-27,57.919998,58.000000,57.750000,58.000000,49.194771,92400
2014-06-30,58.060001,58.110001,57.849998,58.049999,49.237179,74200
2014-07-01,58.310001,58.349998,58.099998,58.259998,49.415298,87300
2014-07-02,58.340000,58.419998,58.250000,58.330002,49.474670,110000
2014-07-03,58.500000,58.560001,58.410000,58.490002,49.610382,46100
2014-07-07,58.470001,58.470001,58.180000,58.290001,49.440742,112700
2014-07-08,58.389999,58.450001,57.919998,58.020000,49.211727,78800
2014-07-09,58.270000,58.430000,58.119999,58.389999,49.525558,180700
2014-07-10,57.980000,58.419998,57.849998,58.369999,49.508602,10854300
2014-07-11,58.380001,58.509998,58.200001,58.349998,49.491634,240000
2014-07-14,58.639999,58.660000,58.480000,58.480000,49.601902,136300
2014-07-15,58.740002,58.750000,58.320000,58.549999,49.661263,131500
2014-07-16,59.000000,59.020000,58.910000,59.009998,50.051434,92500
2014-07-17,58.860001,58.860001,58.320000,58.369999,49.508602,173500
2014-07-18,58.750000,59.000000,58.700001,58.950001,50.000546,66700
2014-07-21,58.709999,58.900002,58.509998,58.880001,49.941177,114000
2014-07-22,59.130001,59.250000,59.080002,59.150002,50.170177,95800
2014-07-23,59.549999,59.560001,59.220001,59.439999,50.416149,81600
2014-07-24,59.529999,59.529999,59.259998,59.410000,50.390713,108000
2014-07-25,59.259998,59.259998,58.959999,59.020000,50.059921,92400
2014-07-28,58.900002,59.270000,58.900002,59.220001,50.229557,105400
2014-07-29,59.470001,59.549999,59.220001,59.220001,50.229557,140700
2014-07-30,59.450001,59.450001,59.000000,59.220001,50.229557,84000
2014-07-31,59.160000,59.160000,58.610001,58.650002,49.746086,91100
2014-08-01,58.529999,58.669998,58.279999,58.509998,49.627338,103200
2014-08-04,58.630001,58.759998,58.330002,58.660000,49.754566,112600
2014-08-05,58.400002,58.400002,57.759998,57.860001,49.076023,131500
2014-08-06,57.500000,57.759998,57.340000,57.630001,48.880951,88700
2014-08-07,57.830002,57.830002,57.290001,57.419998,48.702827,108600
2014-08-08,57.400002,57.790001,57.330002,57.709999,48.948795,121600
2014-08-11,58.209999,58.320000,58.040001,58.250000,49.406815,103100
2014-08-12,58.259998,58.320000,58.060001,58.320000,49.466183,119600
2014-08-13,59.000000,59.000000,58.549999,58.740002,49.822422,90400
2014-08-14,58.779999,58.910000,58.689999,58.770000,49.847874,141600
2014-08-15,59.119999,59.169998,58.560001,58.910000,49.966618,91800
2014-08-18,59.040001,59.130001,58.919998,59.110001,50.136257,83000
2014-08-19,59.369999,59.430000,59.310001,59.419998,50.399193,86400
2014-08-20,59.150002,59.330002,59.099998,59.150002,50.170177,92600
2014-08-21,59.360001,59.439999,59.200001,59.389999,50.373741,137800
2014-08-22,59.369999,59.470001,59.060001,59.230000,50.238037,76700
2014-08-25,59.230000,59.520000,59.200001,59.410000,50.390713,105600
2014-08-26,59.410000,59.480000,59.330002,59.360001,50.348301,108700
2014-08-27,59.389999,59.459999,59.290001,59.349998,50.339813,68900
2014-08-28,59.009998,59.060001,58.869999,59.000000,50.042957,108500
2014-08-29,58.849998,59.049999,58.720001,58.799999,49.873322,145400
2014-09-02,58.900002,59.049999,58.790001,58.919998,49.975105,179600
2014-09-03,59.410000,59.639999,59.410000,59.529999,50.492493,115900
2014-09-04,59.459999,59.500000,59.049999,59.200001,50.212597,85900
2014-09-05,59.009998,59.160000,58.869999,59.160000,50.178665,217500
2014-09-08,58.900002,58.900002,58.500000,58.580002,49.686718,165200
2014-09-09,58.270000,58.270000,57.849998,58.009998,49.203255,129800
2014-09-10,57.939999,58.119999,57.820000,58.110001,49.288067,188400
2014-09-11,57.639999,57.799999,57.590000,57.779999,49.008163,121100
2014-09-12,57.700001,57.700001,57.330002,57.439999,48.719784,228700
2014-09-15,57.220001,57.250000,56.869999,56.900002,48.261765,105800
2014-09-16,56.720001,57.169998,56.380001,57.009998,48.355057,168800
2014-09-17,56.790001,56.889999,56.380001,56.380001,47.820717,250500
2014-09-18,56.630001,56.669998,56.480000,56.599998,48.007309,123000
2014-09-19,56.660000,56.660000,56.150002,56.259998,47.718918,99400
2014-09-22,56.130001,56.360001,55.820000,56.040001,47.532318,217800
2014-09-23,55.990002,56.029999,55.750000,55.849998,47.371170,127600
2014-09-24,55.450001,55.869999,55.259998,55.599998,47.575676,164100
2014-09-25,55.299999,55.599998,54.759998,54.799999,46.891136,168800
2014-09-26,55.119999,55.439999,55.080002,55.230000,47.259079,104600
2014-09-29,54.540001,54.889999,54.349998,54.529999,46.660103,107400
2014-09-30,54.500000,54.549999,54.279999,54.450001,46.591648,136600
2014-10-01,54.180000,54.299999,53.889999,53.990002,46.198032,334600
2014-10-02,53.759998,53.939999,53.119999,53.700001,45.949894,154700
2014-10-03,54.139999,54.139999,53.560001,53.869999,46.095356,150000
2014-10-06,54.040001,54.380001,53.910000,54.080002,46.275051,125400
2014-10-07,54.119999,54.150002,53.500000,53.560001,45.830097,352700
2014-10-08,53.720001,54.520000,53.439999,54.459999,46.600201,135700
2014-10-09,54.340000,54.340000,53.540001,53.560001,45.830097,193100
2014-10-10,53.520000,53.820000,53.150002,53.180000,45.504936,204600
2014-10-13,53.349998,53.639999,52.919998,52.930000,45.291008,126700
2014-10-14,53.400002,53.610001,53.060001,53.150002,45.479263,159100
2014-10-15,53.009998,53.230000,52.169998,53.139999,45.470707,207900
2014-10-16,52.279999,53.310001,52.240002,52.980000,45.333801,154600
2014-10-17,53.660000,53.820000,53.320000,53.660000,45.915661,248900
2014-10-20,53.330002,54.049999,53.330002,53.980000,46.189476,641300
2014-10-21,54.330002,54.580002,54.259998,54.470001,46.608761,109900
2014-10-22,54.529999,54.650002,54.150002,54.200001,46.377731,151800
2014-10-23,54.799999,54.990002,54.500000,54.730000,46.831234,122900
2014-10-24,54.810001,54.930000,54.580002,54.880001,46.959591,139800
2014-10-27,54.669998,54.720001,54.419998,54.610001,46.728561,221400
2014-10-28,55.000000,55.250000,54.799999,55.099998,47.147839,355200
2014-10-29,55.439999,55.439999,54.709999,54.959999,47.028042,141600
2014-10-30,55.040001,55.540001,55.000000,55.410000,47.413097,147100
2014-10-31,56.560001,56.910000,56.439999,56.860001,48.653831,157000
2014-11-03,56.849998,56.990002,56.660000,56.919998,48.705166,288600
2014-11-04,56.439999,56.549999,56.139999,56.450001,48.303001,164100
2014-11-05,55.990002,56.049999,55.709999,55.869999,47.806713,266600
2014-11-06,55.369999,55.410000,55.090000,55.169998,47.207737,193800
2014-11-07,54.980000,55.099998,54.779999,55.099998,47.147839,216500
2014-11-10,55.430000,55.560001,55.410000,55.490002,47.481560,132400
2014-11-11,55.650002,55.820000,55.590000,55.770000,47.721142,135100
2014-11-12,55.740002,55.820000,55.639999,55.770000,47.721142,100600
2014-11-13,56.000000,56.070000,55.750000,55.869999,47.806713,79300
2014-11-14,56.139999,56.419998,55.970001,56.389999,48.251671,117300
2014-11-17,56.040001,56.080002,55.849998,56.060001,47.969296,163000
2014-11-18,55.990002,56.209999,55.880001,56.119999,48.020630,106300
2014-11-19,55.990002,56.099998,55.730000,55.939999,47.866604,104000
2014-11-20,55.459999,55.650002,55.400002,55.599998,47.575676,87400
2014-11-21,56.410000,56.410000,55.910000,56.189999,48.080528,154900
2014-11-24,56.529999,56.529999,56.250000,56.419998,48.277336,589500
2014-11-25,56.410000,56.480000,56.099998,56.180000,48.071972,306400
2014-11-26,56.310001,56.450001,56.189999,56.410000,48.268780,68600
2014-11-28,56.480000,56.480000,56.200001,56.220001,48.106201,44200
2014-12-01,56.320000,56.320000,55.889999,56.130001,48.029190,119600
2014-12-02,56.419998,56.529999,56.299999,56.500000,48.345787,186500
2014-12-03,56.529999,56.529999,56.360001,56.459999,48.311562,103000
2014-12-04,56.130001,56.169998,55.869999,56.009998,47.926510,338600
2014-12-05,56.029999,56.160000,55.849998,56.000000,47.917946,581200
2014-12-08,55.509998,55.540001,55.139999,55.169998,47.207737,212500
2014-12-09,55.099998,55.290001,54.880001,55.290001,47.310417,290800
2014-12-10,55.340000,55.340000,54.730000,54.849998,46.933918,359200
2014-12-11,55.130001,55.169998,54.660000,54.820000,46.908245,275700
2014-12-12,54.820000,54.959999,54.259998,54.299999,46.463295,247200
2014-12-15,54.299999,54.470001,53.459999,53.570000,45.838650,263200
2014-12-16,53.450001,54.139999,53.410000,53.480000,45.761635,232900
2014-12-17,53.639999,54.560001,53.560001,54.200001,46.377731,188600
2014-12-18,54.500000,54.840000,54.270000,54.650002,46.762783,269300
2014-12-19,54.849998,54.970001,54.680000,54.820000,46.908245,205200
2014-12-22,53.860001,54.000000,53.680000,53.880001,47.273239,144600
2014-12-23,53.779999,53.919998,53.540001,53.650002,47.071442,333000
2014-12-24,53.740002,53.860001,53.549999,53.779999,47.185497,104200
2014-12-26,54.180000,54.490002,54.090000,54.290001,47.632961,250400
2014-12-29,54.150002,54.180000,53.900002,53.990002,47.369751,482400
2014-12-30,53.889999,53.930000,53.680000,53.889999,47.282009,199200
2014-12-31,53.820000,54.040001,53.509998,53.520000,46.957386,183500
2015-01-02,54.090000,54.189999,53.650002,53.770000,47.176731,247500
2015-01-05,53.740002,53.770000,53.250000,53.369999,46.825775,136500
2015-01-06,53.540001,53.560001,52.820000,53.130001,46.615208,165600
2015-01-07,53.849998,54.000000,53.520000,53.950001,47.334652,143400
2015-01-08,53.639999,54.320000,53.639999,54.220001,47.571548,136000
2015-01-09,54.369999,54.400002,53.950001,54.230000,47.580318,258400
2015-01-12,54.450001,54.450001,54.060001,54.150002,47.510132,199200
2015-01-13,54.720001,55.000000,54.230000,54.590000,47.896179,146100
2015-01-14,54.660000,54.750000,54.290001,54.720001,48.010250,155600
2015-01-15,55.189999,55.250000,54.779999,54.869999,48.141842,277000
2015-01-16,55.080002,55.650002,55.029999,55.630001,48.808651,298000
2015-01-20,55.450001,55.450001,55.009998,55.209999,48.440155,226100
2015-01-21,55.480000,55.650002,55.369999,55.610001,48.791107,126300
2015-01-22,55.500000,55.950001,55.250000,55.849998,49.001675,279400
2015-01-23,56.070000,56.119999,55.880001,55.880001,49.028000,234900
2015-01-26,55.980000,56.230000,55.830002,56.139999,49.256115,210900
2015-01-27,55.810001,55.959999,55.650002,55.880001,49.028000,234200
2015-01-28,56.119999,56.139999,55.290001,55.389999,48.598083,161400
2015-01-29,55.720001,55.889999,55.430000,55.869999,49.019226,149200
2015-01-30,55.299999,55.400002,54.900002,54.939999,48.203270,275900
2015-02-02,55.580002,55.990002,55.389999,55.900002,49.045551,591300
2015-02-03,55.880001,56.320000,55.779999,56.259998,49.361397,268900
2015-02-04,56.060001,56.299999,55.790001,55.820000,48.975353,726500
2015-02-05,56.480000,56.750000,56.369999,56.740002,49.782551,227000
2015-02-06,56.540001,56.549999,56.080002,56.209999,49.317535,222800
2015-02-09,55.700001,55.759998,55.490002,55.549999,48.738464,327600
2015-02-10,55.919998,55.919998,55.599998,55.880001,49.028000,150200
2015-02-11,55.730000,55.830002,55.480000,55.750000,48.913937,152600
2015-02-12,56.000000,56.259998,55.889999,56.240002,49.343857,275900
2015-02-13,56.750000,56.840000,56.480000,56.810001,49.843960,203500
2015-02-17,56.709999,56.849998,56.520000,56.740002,49.782551,324700
2015-02-18,56.810001,57.020000,56.630001,56.939999,49.958015,206700
2015-02-19,56.689999,56.910000,56.570000,56.740002,49.782551,298400
2015-02-20,56.650002,57.110001,56.500000,57.009998,50.019432,152500
2015-02-23,56.939999,56.950001,56.750000,56.889999,49.914154,246100
2015-02-24,56.950001,57.230000,56.810001,57.160000,50.151047,209100
2015-02-25,57.299999,57.369999,57.240002,57.259998,50.238777,302400
2015-02-26,57.509998,57.509998,57.110001,57.200001,50.186146,470500
2015-02-27,57.189999,57.230000,56.959999,56.959999,49.975571,334500
2015-03-02,57.220001,57.250000,57.070000,57.250000,50.230015,301600
2015-03-03,57.169998,57.189999,56.889999,57.009998,50.019432,296300
2015-03-04,56.680000,56.750000,56.180000,56.439999,49.519333,289700
2015-03-05,56.470001,56.470001,56.139999,56.230000,49.335087,243900
2015-03-06,55.939999,55.939999,55.290001,55.340000,48.554218,441000
2015-03-09,54.959999,54.959999,54.740002,54.880001,48.150620,429000
2015-03-10,54.400002,54.450001,53.900002,53.980000,47.360973,480700
2015-03-11,54.290001,54.310001,54.070000,54.160000,47.518898,426700
2015-03-12,54.730000,54.869999,54.590000,54.790001,48.071659,241600
2015-03-13,54.750000,54.779999,54.410000,54.709999,48.001461,792800
2015-03-16,55.049999,55.200001,54.970001,55.099998,48.343639,577000
2015-03-17,54.799999,54.840000,54.549999,54.730000,48.019012,654600
2015-03-18,54.759998,55.840000,54.590000,55.730000,48.896393,1018600
2015-03-19,55.730000,55.730000,55.410000,55.560001,48.747234,373600
2015-03-20,56.209999,56.540001,55.939999,56.439999,49.519333,395700
2015-03-23,56.660000,56.720001,56.340000,56.619999,49.677261,367200
2015-03-24,56.980000,57.060001,56.849998,56.930000,49.949249,346700
2015-03-25,57.240002,57.279999,56.639999,56.680000,49.747379,744200
2015-03-26,56.509998,56.529999,56.099998,56.360001,49.466518,379100
2015-03-27,56.619999,56.869999,56.619999,56.740002,49.800045,315900
2015-03-30,56.840000,56.990002,56.759998,56.910000,49.949253,338300
2015-03-31,56.299999,56.459999,56.200001,56.270000,49.387527,370900
2015-04-01,56.830002,56.830002,56.470001,56.820000,49.870258,447400
2015-04-02,57.070000,57.230000,56.959999,57.189999,50.194996,272500
2015-04-06,57.650002,58.000000,57.520000,57.779999,50.712833,302900
2015-04-07,57.980000,57.980000,57.650002,57.680000,50.625069,264400
2015-04-08,58.470001,58.560001,58.139999,58.340000,51.204342,268200
2015-04-09,58.880001,58.939999,58.500000,58.900002,51.695854,400900
2015-04-10,58.750000,58.849998,58.599998,58.840000,51.643188,260600
2015-04-13,58.830002,58.880001,58.259998,58.320000,51.186787,232500
2015-04-14,58.549999,58.709999,58.439999,58.700001,51.520313,490700
2015-04-15,58.700001,58.860001,58.450001,58.790001,51.599304,305100
2015-04-16,58.970001,59.279999,58.799999,59.180000,51.941597,280100
2015-04-17,58.619999,58.619999,58.299999,58.529999,51.371098,282200
2015-04-20,58.340000,58.470001,58.279999,58.380001,51.239456,436200
2015-04-21,58.730000,58.759998,58.500000,58.619999,51.450100,1597900
2015-04-22,58.990002,59.070000,58.790001,59.049999,51.827499,718300
2015-04-23,58.709999,59.099998,58.580002,59.049999,51.827499,275100
2015-04-24,59.349998,59.349998,59.090000,59.290001,52.038147,298300
2015-04-27,59.599998,59.740002,59.439999,59.580002,52.292679,345400
2015-04-28,59.500000,59.680000,59.389999,59.660000,52.362892,373000
2015-04-29,59.349998,59.410000,59.139999,59.330002,52.073254,305900
2015-04-30,59.389999,59.470001,59.049999,59.130001,51.897720,316600
2015-05-01,59.150002,59.400002,59.009998,59.400002,52.134689,749300
2015-05-04,59.810001,59.860001,59.669998,59.849998,52.529655,442800
2015-05-05,59.500000,59.529999,58.799999,58.860001,51.660740,802000
2015-05-06,58.740002,58.840000,58.060001,58.160000,51.046364,571300
2015-05-07,57.660000,57.810001,57.509998,57.720001,50.660172,294300
2015-05-08,58.840000,59.180000,58.669998,59.130001,51.897720,228100
2015-05-11,58.810001,58.889999,58.509998,58.520000,51.362331,277200
2015-05-12,58.250000,58.400002,58.029999,58.299999,51.169235,495900
2015-05-13,58.779999,58.959999,58.610001,58.720001,51.537872,300900
2015-05-14,59.290001,59.389999,59.070000,59.389999,52.125919,354200
2015-05-15,59.580002,59.959999,59.500000,59.950001,52.617420,301000
2015-05-18,59.660000,59.869999,59.509998,59.590000,52.301449,335000
2015-05-19,59.549999,59.610001,59.389999,59.480000,52.204906,262300
2015-05-20,59.419998,59.750000,59.299999,59.570000,52.283905,328600
2015-05-21,59.349998,59.459999,59.230000,59.430000,52.161018,386100
2015-05-22,59.380001,59.509998,59.299999,59.450001,52.178585,371700
2015-05-26,59.349998,59.349998,58.700001,58.849998,51.651958,462100
2015-05-27,59.540001,59.610001,58.709999,58.959999,51.748508,244500
2015-05-28,58.250000,58.470001,57.650002,58.470001,51.318443,392700
2015-05-29,58.150002,58.150002,57.680000,57.750000,50.686512,320900
2015-06-01,58.279999,58.400002,57.759998,57.930000,50.844486,314300
2015-06-02,57.910000,58.180000,57.759998,57.980000,50.888374,228200
2015-06-03,57.790001,57.880001,57.639999,57.709999,50.651398,302900
2015-06-04,57.400002,57.570000,57.070000,57.230000,50.230114,276600
2015-06-05,56.650002,56.779999,56.400002,56.669998,49.738598,396900
2015-06-08,56.480000,56.560001,56.200001,56.349998,49.457737,329800
2015-06-09,56.310001,56.369999,56.130001,56.330002,49.440189,360800
2015-06-10,56.750000,57.070000,56.619999,56.970001,50.001915,342700
2015-06-11,57.080002,57.110001,56.830002,57.049999,50.072124,280100
2015-06-12,56.930000,57.009998,56.770000,56.939999,49.975582,200000
2015-06-15,56.680000,56.759998,56.430000,56.759998,49.817596,288900
2015-06-16,56.520000,56.700001,56.410000,56.660000,49.729828,408600
2015-06-17,56.400002,56.630001,55.959999,56.560001,49.642052,367400
2015-06-18,56.680000,57.230000,56.590000,56.950001,49.984360,800000
2015-06-19,56.830002,56.880001,56.610001,56.669998,49.738598,586900
2015-06-22,57.459999,57.520000,57.209999,57.270000,50.265217,328700
2015-06-23,57.310001,57.470001,57.230000,57.450001,50.423203,251300
2015-06-24,57.290001,57.299999,57.020000,57.090000,50.107231,357300
2015-06-25,57.180000,57.230000,56.900002,56.930000,49.966808,223100
2015-06-26,56.389999,56.590000,56.180000,56.299999,49.757343,337900
2015-06-29,55.610001,56.200001,55.029999,55.110001,48.705639,415800
2015-06-30,55.790001,55.790001,55.270000,55.459999,49.014961,523200
2015-07-01,55.840000,55.939999,55.529999,55.720001,49.244743,299900
2015-07-02,55.700001,55.700001,55.419998,55.540001,49.085667,483200
2015-07-06,54.500000,54.639999,54.200001,54.400002,48.078148,384100
2015-07-07,53.980000,54.189999,53.349998,54.110001,47.821842,350200
2015-07-08,53.060001,53.080002,52.480000,52.560001,46.451977,626300
2015-07-09,53.990002,54.080002,53.490002,53.490002,47.273899,537900
2015-07-10,54.689999,54.779999,54.400002,54.720001,48.360958,317700
2015-07-13,55.480000,55.599998,55.000000,55.110001,48.705639,1133700
2015-07-14,55.310001,55.540001,55.119999,55.480000,49.032639,374100
2015-07-15,55.349998,55.450001,55.000000,55.130001,48.723312,301100
2015-07-16,55.900002,56.080002,55.669998,55.830002,49.341965,246400
2015-07-17,55.930000,55.980000,55.700001,55.959999,49.456852,267500
2015-07-20,55.980000,56.000000,55.700001,55.849998,49.359642,227600
2015-07-21,55.799999,55.799999,55.619999,55.709999,49.235905,226400
2015-07-22,55.500000,55.570000,55.189999,55.500000,49.050312,246000
2015-07-23,55.360001,55.400002,54.939999,55.070000,48.670280,266900
2015-07-24,55.099998,55.209999,54.580002,54.709999,48.352116,383700
2015-07-27,54.439999,54.500000,54.169998,54.310001,47.998608,301800
2015-07-28,54.599998,54.869999,54.349998,54.860001,48.484692,397500
2015-07-29,54.599998,55.060001,54.529999,54.990002,48.599579,361900
2015-07-30,54.680000,54.880001,54.529999,54.840000,48.467014,242800
2015-07-31,55.250000,55.380001,54.970001,55.099998,48.696793,369000
2015-08-03,54.820000,55.000000,54.490002,54.700001,48.343281,380600
2015-08-04,55.139999,55.299999,55.009998,55.070000,48.670280,228500
2015-08-05,55.490002,55.570000,55.250000,55.369999,48.935421,489600
2015-08-06,55.160000,55.160000,54.810001,54.939999,48.555393,210600
2015-08-07,54.970001,55.150002,54.880001,55.119999,48.714470,796200
2015-08-10,55.119999,55.790001,55.119999,55.740002,49.262424,320900
2015-08-11,54.919998,55.020000,54.630001,54.889999,48.511200,372000
2015-08-12,54.380001,54.580002,54.090000,54.560001,48.219559,416200
2015-08-13,54.580002,54.860001,54.410000,54.740002,48.378632,428000
2015-08-14,54.900002,55.119999,54.700001,55.060001,48.661453,263100
2015-08-17,54.599998,54.889999,54.500000,54.889999,48.511200,149000
2015-08-18,54.250000,54.580002,54.200001,54.500000,48.166523,551300
2015-08-19,54.240002,54.450001,53.830002,54.209999,47.910225,302100
2015-08-20,53.700001,53.750000,53.130001,53.180000,46.999924,1998200
2015-08-21,52.980000,53.099998,51.830002,51.849998,45.824482,745400
2015-08-24,48.669998,50.480000,47.169998,49.490002,43.738739,681300
2015-08-25,51.880001,51.919998,49.770000,49.860001,44.065739,1410400
2015-08-26,50.759998,50.840000,49.709999,50.830002,44.923016,671900
2015-08-27,51.520000,52.209999,51.419998,52.169998,46.107292,498400
2015-08-28,51.599998,51.720001,51.380001,51.529999,45.541672,1233000
2015-08-31,51.220001,51.299999,50.970001,51.000000,45.073261,400800
2015-09-01,50.000000,50.200001,49.430000,49.590000,43.827118,387400
2015-09-02,50.279999,50.330002,49.830002,50.310001,44.463448,1564300
2015-09-03,50.290001,50.619999,50.139999,50.250000,44.410416,289900
2015-09-04,49.360001,49.570000,49.000000,49.230000,43.508953,346300
2015-09-08,50.310001,50.660000,50.270000,50.650002,44.763935,353000
2015-09-09,50.939999,51.040001,50.060001,50.070000,44.251335,354600
2015-09-10,50.279999,50.810001,50.259998,50.650002,44.763935,306200
2015-09-11,50.700001,51.000000,50.570000,50.950001,45.029072,232800
2015-09-14,50.930000,50.930000,50.669998,50.849998,44.940689,161600
2015-09-15,50.680000,51.040001,50.520000,50.970001,45.046749,339200
2015-09-16,51.099998,51.470001,51.029999,51.450001,45.470966,318700
2015-09-17,51.160000,52.049999,51.029999,51.400002,45.426781,417500
2015-09-18,51.259998,51.459999,50.880001,50.959999,45.037914,253900
2015-09-21,51.400002,51.459999,51.080002,51.340000,45.373749,219900
2015-09-22,50.630001,50.669998,50.270000,50.500000,44.631371,259200
2015-09-23,50.439999,50.560001,50.160000,50.270000,44.428097,177500
2015-09-24,50.220001,50.570000,49.919998,50.490002,44.622532,206400
2015-09-25,51.119999,51.259998,50.660000,50.810001,45.125206,243700
2015-09-28,50.689999,50.759998,50.000000,50.029999,44.432468,279500
2015-09-29,50.119999,50.270000,49.919998,50.150002,44.539047,241900
2015-09-30,50.790001,51.000000,50.480000,50.970001,45.267307,229500
2015-10-01,51.340000,51.389999,50.840000,51.230000,45.498219,161100
2015-10-02,50.860001,51.880001,50.759998,51.869999,46.066608,192900
2015-10-05,52.520000,52.869999,52.459999,52.810001,46.901432,234000
2015-10-06,52.580002,52.709999,52.369999,52.570000,46.688282,299100
2015-10-07,52.860001,53.029999,52.459999,52.869999,46.954723,2026100
2015-10-08,52.740002,53.330002,52.630001,53.279999,47.318855,199200
2015-10-09,53.419998,53.570000,53.060001,53.340000,47.372131,170900
2015-10-12,53.400002,53.450001,53.160000,53.259998,47.301086,115000
2015-10-13,52.779999,52.959999,52.509998,52.590000,46.706051,177400
2015-10-14,52.939999,53.049999,52.759998,52.900002,46.981369,182500
2015-10-15,53.369999,53.709999,53.180000,53.709999,47.700741,105800
2015-10-16,53.770000,53.860001,53.580002,53.840000,47.816196,143400
2015-10-19,53.549999,53.610001,53.400002,53.560001,47.567528,126300
2015-10-20,53.529999,53.590000,53.369999,53.450001,47.469833,208900
2015-10-21,53.580002,53.590000,53.040001,53.080002,47.141232,371500
2015-10-22,53.700001,54.169998,53.630001,54.099998,48.047104,248900
2015-10-23,54.480000,54.610001,54.169998,54.459999,48.366829,142800
2015-10-26,54.270000,54.279999,54.110001,54.230000,48.162567,116300
2015-10-27,54.080002,54.099998,53.840000,53.959999,47.922768,120400
2015-10-28,54.160000,54.389999,53.669998,54.049999,48.002705,109700
2015-10-29,53.549999,53.660000,53.410000,53.610001,47.611935,129500
2015-10-30,53.689999,53.799999,53.470001,53.549999,47.558643,314700
2015-11-02,53.700001,54.070000,53.590000,54.020000,47.976059,348800
2015-11-03,53.619999,54.029999,53.509998,53.900002,47.869488,157700
2015-11-04,53.529999,53.580002,53.029999,53.139999,47.194508,235100
2015-11-05,53.320000,53.320000,53.029999,53.270000,47.309975,173400
2015-11-06,52.820000,52.880001,52.540001,52.810001,46.901432,225200
2015-11-09,52.049999,52.090000,51.470001,51.619999,45.844578,208400
2015-11-10,51.540001,51.650002,51.299999,51.650002,45.871223,268400
2015-11-11,52.020000,52.139999,51.869999,51.980000,46.164295,203600
2015-11-12,52.040001,52.060001,51.680000,51.720001,45.933392,1131400
2015-11-13,51.599998,51.750000,51.340000,51.439999,45.684719,1116900
2015-11-16,51.500000,52.130001,51.500000,52.110001,46.279755,454800
2015-11-17,52.310001,52.410000,52.090000,52.209999,46.368565,243300
2015-11-18,52.220001,52.650002,52.220001,52.630001,46.741581,181000
2015-11-19,52.730000,52.990002,52.730000,52.910000,46.990246,154200
2015-11-20,53.209999,53.410000,53.150002,53.200001,47.247803,215000
2015-11-23,53.049999,53.080002,52.700001,52.790001,46.883675,702500
2015-11-24,52.380001,52.860001,52.209999,52.810001,46.901432,354200
2015-11-25,52.740002,52.840000,52.570000,52.779999,46.874790,291700
2015-11-27,52.360001,52.430000,52.240002,52.369999,46.510666,234300
2015-11-30,52.220001,52.380001,52.119999,52.299999,46.448502,812400
2015-12-01,52.869999,53.250000,52.860001,53.250000,47.292202,365600
2015-12-02,52.900002,52.990002,52.459999,52.500000,46.626129,388500
2015-12-03,52.840000,52.840000,52.230000,52.419998,46.555069,416000
2015-12-04,52.320000,52.980000,52.270000,52.939999,47.016891,653300
2015-12-07,52.509998,52.700001,52.299999,52.500000,46.626129,274100
2015-12-08,51.980000,52.130001,51.820000,52.040001,46.217583,218000
2015-12-09,52.009998,52.360001,51.660000,51.869999,46.066608,278800
2015-12-10,51.770000,51.930000,51.590000,51.669998,45.888985,264700
2015-12-11,50.849998,50.910000,50.509998,50.590000,44.929817,417700
2015-12-14,50.980000,51.110001,50.520000,51.000000,45.293941,283200
2015-12-15,51.209999,51.419998,51.119999,51.250000,45.515980,292200
2015-12-16,51.669998,52.450001,51.529999,52.250000,46.404091,288200
2015-12-17,51.970001,52.150002,51.619999,51.619999,45.844578,535100
2015-12-18,51.990002,52.000000,51.650002,51.730000,45.942276,414700
2015-12-21,51.549999,51.570000,50.830002,51.060001,46.062256,250900
2015-12-22,51.310001,51.490002,51.080002,51.389999,46.359951,413900
2015-12-23,51.639999,51.889999,51.500000,51.759998,46.693737,924700
2015-12-24,51.529999,51.910000,51.509998,51.770000,46.702763,171400
2015-12-28,51.700001,51.700001,51.360001,51.439999,46.405060,495300
2015-12-29,51.770000,52.240002,51.650002,51.910000,46.829048,449300
2015-12-30,51.880001,51.880001,51.549999,51.660000,46.603523,417100
2015-12-31,51.410000,51.560001,51.099998,51.099998,46.098343,316100
2016-01-04,50.459999,50.650002,50.020000,50.560001,45.611191,334200
2016-01-05,50.650002,50.730000,50.360001,50.639999,45.683361,453400
2016-01-06,50.029999,50.180000,49.810001,50.009998,45.115025,176400
2016-01-07,49.040001,49.560001,48.919998,48.919998,44.131714,207600
2016-01-08,49.009998,49.099998,48.139999,48.169998,43.455116,274500
2016-01-11,48.650002,48.660000,47.910000,48.259998,43.536312,198200
2016-01-12,48.590000,48.619999,48.000000,48.299999,43.572403,282200
2016-01-13,48.630001,48.709999,47.660000,47.759998,43.085251,430300
2016-01-14,47.950001,48.520000,47.689999,48.340000,43.608482,235500
2016-01-15,46.930000,47.139999,46.480000,46.820000,42.237263,255600
2016-01-19,47.389999,47.450001,46.700001,46.910000,42.318451,462500
2016-01-20,46.160000,46.169998,45.130001,45.810001,41.326126,605900
2016-01-21,45.610001,46.169998,45.169998,45.770000,41.290035,877400
2016-01-22,46.590000,46.980000,46.520000,46.930000,42.336494,396300
2016-01-25,46.709999,46.840000,46.310001,46.389999,41.849350,400400
2016-01-26,46.599998,47.130001,46.599998,47.090000,42.480835,264700
2016-01-27,47.150002,47.310001,46.560001,46.709999,42.138031,185600
2016-01-28,47.410000,47.410000,46.900002,47.080002,42.471817,312100
2016-01-29,47.970001,48.660000,47.840000,48.660000,43.897163,245400
2016-02-01,48.549999,49.040001,48.549999,48.849998,44.068565,285300
2016-02-02,48.080002,48.290001,47.770000,47.980000,43.283726,289600
2016-02-03,48.619999,48.880001,47.919998,48.880001,44.095627,185100
2016-02-04,48.790001,49.169998,48.630001,48.790001,44.014435,145200
2016-02-05,48.610001,48.619999,47.900002,48.070000,43.364914,149700
2016-02-08,47.500000,47.580002,47.009998,47.470001,42.823643,244000
2016-02-09,46.689999,47.180000,46.549999,46.980000,42.381599,219900
2016-02-10,47.250000,47.549999,47.009998,47.049999,42.444748,276700
2016-02-11,46.750000,46.880001,46.349998,46.630001,42.065861,188600
2016-02-12,46.709999,47.209999,46.599998,47.209999,42.589092,241600
2016-02-16,48.160000,48.490002,47.970001,48.360001,43.626526,127200
2016-02-17,48.500000,48.980000,48.360001,48.860001,44.077587,238600
2016-02-18,48.820000,48.840000,48.480000,48.619999,43.861080,117500
2016-02-19,48.770000,49.200001,48.730000,49.180000,44.366268,167600
2016-02-22,49.500000,49.740002,49.500000,49.709999,44.844395,120000
2016-02-23,49.240002,49.360001,48.820000,48.930000,44.140736,134100
2016-02-24,48.610001,49.490002,48.410000,49.430000,44.591797,720300
2016-02-25,49.430000,49.770000,49.180000,49.759998,44.889496,424100
2016-02-26,49.820000,49.820000,49.220001,49.240002,44.420399,256400
2016-02-29,49.419998,49.639999,49.080002,49.119999,44.312138,423800
2016-03-01,49.880001,50.509998,49.820000,50.360001,45.430775,382900
2016-03-02,50.380001,50.830002,50.299999,50.790001,45.818676,153900
2016-03-03,50.830002,51.139999,50.750000,51.119999,46.116379,401100
2016-03-04,51.130001,51.599998,51.130001,51.419998,46.387012,170500
2016-03-07,51.000000,51.330002,50.889999,51.209999,46.197571,360300
2016-03-08,51.160000,51.160000,50.830002,50.860001,45.881828,155200
2016-03-09,51.150002,51.240002,50.919998,51.090000,46.089317,266500
2016-03-10,51.320000,51.500000,50.650002,50.990002,45.999104,167700
2016-03-11,51.869999,52.310001,51.849998,52.250000,47.135777,248100
2016-03-14,52.320000,52.480000,52.209999,52.380001,47.253052,133700
2016-03-15,51.900002,51.950001,51.660000,51.900002,46.889858,117200
2016-03-16,51.570000,52.590000,51.570000,52.520000,47.450001,222800
2016-03-17,52.810001,53.410000,52.669998,53.250000,48.109535,263600
2016-03-18,53.389999,53.520000,53.200001,53.290001,48.145676,523200
2016-03-21,53.240002,53.270000,53.000000,53.259998,48.118568,237300
2016-03-22,53.000000,53.189999,52.810001,53.180000,48.046288,314600
2016-03-23,52.959999,53.110001,52.509998,52.529999,47.459038,100600
2016-03-24,52.220001,52.330002,52.029999,52.290001,47.242207,255800
2016-03-28,52.610001,52.610001,52.340000,52.529999,47.459038,196200
2016-03-29,52.480000,53.439999,52.279999,53.439999,48.281193,283100
2016-03-30,53.669998,53.900002,53.580002,53.700001,48.516094,243700
2016-03-31,53.669998,53.750000,53.500000,53.509998,48.344437,470500
2016-04-01,52.680000,53.290001,52.529999,53.240002,48.100502,382100
2016-04-04,53.480000,53.509998,53.060001,53.130001,48.001122,433400
2016-04-05,52.830002,53.000000,52.619999,52.770000,47.675877,3402500
2016-04-06,52.970001,53.389999,52.849998,53.389999,48.236019,114900
2016-04-07,53.150002,53.270000,52.700001,52.849998,47.748146,137000
2016-04-08,53.750000,53.770000,53.419998,53.549999,48.380581,149200
2016-04-11,53.930000,54.189999,53.759998,53.759998,48.570301,188200
2016-04-12,54.090000,54.369999,53.759998,54.220001,48.985897,138400
2016-04-13,54.619999,54.709999,54.459999,54.650002,49.374386,144900
2016-04-14,54.439999,54.590000,54.419998,54.439999,49.184654,346400
2016-04-15,54.430000,54.470001,54.200001,54.230000,48.994934,304600
2016-04-18,54.410000,54.770000,54.349998,54.700001,49.419556,176700
2016-04-19,54.990002,55.169998,54.880001,55.080002,49.762878,127500
2016-04-20,55.169998,55.349998,54.980000,55.119999,49.799015,151200
2016-04-21,55.000000,55.000000,54.470001,54.580002,49.311146,259500
2016-04-22,54.770000,54.889999,54.430000,54.639999,49.365349,211900
2016-04-25,54.720001,54.900002,54.639999,54.869999,49.573147,142600
2016-04-26,55.200001,55.270000,55.020000,55.099998,49.780945,274100
2016-04-27,54.980000,55.220001,54.799999,55.139999,49.817081,201100
2016-04-28,54.750000,55.070000,54.500000,54.619999,49.347279,690100
2016-04-29,54.779999,54.810001,54.360001,54.630001,49.356316,226900
2016-05-02,54.910000,55.160000,54.799999,55.090000,49.771915,260600
2016-05-03,54.730000,54.869999,54.270000,54.290001,49.049137,435200
2016-05-04,54.110001,54.110001,53.730000,53.900002,48.696793,200100
2016-05-05,54.099998,54.189999,53.709999,53.880001,48.678719,130400
2016-05-06,53.680000,53.880001,53.560001,53.840000,48.642578,336300
2016-05-09,54.000000,54.160000,53.759998,53.790001,48.597408,174200
2016-05-10,54.270000,54.520000,54.130001,54.520000,49.256939,137100
2016-05-11,54.119999,54.150002,53.820000,53.830002,48.633545,224300
2016-05-12,53.959999,53.959999,53.430000,53.570000,48.398643,132100
2016-05-13,53.369999,53.400002,53.000000,53.130001,48.001122,164000
2016-05-16,53.340000,53.650002,53.340000,53.590000,48.416710,172900
2016-05-17,53.650002,53.750000,53.310001,53.430000,48.272156,178700
2016-05-18,53.459999,53.759998,53.119999,53.250000,48.109535,147300
2016-05-19,52.610001,52.869999,52.549999,52.730000,47.639729,185600
2016-05-20,53.099998,53.310001,53.099998,53.250000,48.109535,655000
2016-05-23,53.150002,53.250000,53.049999,53.090000,47.964977,132100
2016-05-24,53.430000,53.709999,53.259998,53.650002,48.470928,152500
2016-05-25,53.730000,53.880001,53.630001,53.810001,48.615482,127400
2016-05-26,53.939999,53.939999,53.720001,53.869999,48.669678,370600
2016-05-27,53.810001,53.849998,53.599998,53.730000,48.543198,209700
2016-05-31,53.779999,53.930000,53.549999,53.700001,48.516094,224800
2016-06-01,53.669998,53.820000,53.570000,53.790001,48.597408,244100
2016-06-02,53.669998,53.820000,53.470001,53.820000,48.624512,1036200
2016-06-03,54.200001,54.630001,54.139999,54.630001,49.356316,239200
2016-06-06,54.810001,55.099998,54.810001,55.020000,49.708672,130800
2016-06-07,55.139999,55.400002,55.119999,55.250000,49.916473,148500
2016-06-08,55.669998,55.669998,55.439999,55.509998,50.151367,161100
2016-06-09,55.259998,55.330002,55.080002,55.250000,49.916473,185800
2016-06-10,54.560001,54.669998,53.959999,54.119999,48.895550,162900
2016-06-13,53.619999,54.000000,53.549999,53.639999,48.461887,233000
2016-06-14,52.919998,52.919998,52.430000,52.730000,48.070789,265300
2016-06-15,53.000000,53.220001,52.889999,52.970001,48.289581,115200
2016-06-16,52.349998,52.840000,51.959999,52.799999,48.134602,180600
2016-06-17,52.779999,52.970001,52.509998,52.889999,48.216652,222400
2016-06-20,54.200001,54.290001,53.880001,53.950001,49.182991,339500
2016-06-21,54.310001,54.560001,54.160000,54.290001,49.492947,213300
2016-06-22,54.450001,54.570000,54.169998,54.189999,49.401787,963400
2016-06-23,54.939999,55.160000,54.680000,55.119999,50.249615,256600
2016-06-24,51.860001,52.709999,51.759998,51.810001,47.232079,471400
2016-06-27,51.470001,51.570000,50.740002,51.160000,46.639519,1024600
2016-06-28,52.630001,52.630001,52.180000,52.549999,47.906696,771800
2016-06-29,53.340000,53.570000,53.279999,53.509998,48.781868,351800
2016-06-30,53.650002,54.060001,53.540001,54.060001,49.283268,241800
2016-07-01,54.200001,54.349998,54.060001,54.160000,49.374439,268900
2016-07-05,53.730000,53.730000,53.360001,53.410000,48.690701,159500
2016-07-06,53.099998,53.419998,52.740002,53.419998,48.699818,166800
2016-07-07,53.180000,53.509998,53.009998,53.200001,48.499268,253400
2016-07-08,53.650002,53.900002,53.509998,53.900002,49.137413,141400
2016-07-11,54.270000,54.599998,54.270000,54.360001,49.556767,795500
2016-07-12,54.950001,55.060001,54.790001,54.840000,49.994350,252700
2016-07-13,54.900002,54.959999,54.669998,54.740002,49.903187,172000
2016-07-14,55.200001,55.279999,55.000000,55.160000,50.286072,135500
2016-07-15,54.910000,54.910000,54.630001,54.689999,49.857609,193300
2016-07-18,54.930000,55.000000,54.799999,54.990002,50.131096,112200
2016-07-19,54.750000,54.770000,54.610001,54.730000,49.894070,160600
2016-07-20,55.360001,55.419998,55.200001,55.360001,50.468407,134700
2016-07-21,55.279999,55.410000,55.110001,55.259998,50.377239,109700
2016-07-22,55.459999,55.459999,55.240002,55.400002,50.504871,198200
2016-07-25,55.500000,55.529999,55.270000,55.389999,50.495758,293800
2016-07-26,55.869999,55.900002,55.610001,55.779999,50.851299,150100
2016-07-27,55.799999,55.799999,55.369999,55.680000,50.760132,182100
2016-07-28,55.939999,56.130001,55.840000,56.099998,51.143021,297100
2016-07-29,56.150002,56.380001,56.020000,56.240002,51.270649,268500
2016-08-01,56.349998,56.360001,56.130001,56.180000,51.215954,578500
2016-08-02,56.189999,56.189999,55.759998,56.040001,51.088322,627400
2016-08-03,55.610001,55.669998,55.380001,55.669998,50.751015,191500
2016-08-04,56.020000,56.200001,55.849998,56.130001,51.170372,105600
2016-08-05,56.349998,56.450001,56.189999,56.419998,51.434738,177900
2016-08-08,56.630001,56.669998,56.430000,56.570000,51.571491,199700
2016-08-09,56.770000,56.959999,56.619999,56.830002,51.808517,196200
2016-08-10,57.090000,57.200001,56.990002,57.000000,51.963497,215600
2016-08-11,57.090000,57.240002,57.000000,57.209999,52.154942,118000
2016-08-12,57.270000,57.270000,57.000000,57.029999,51.990841,120200
2016-08-15,57.290001,57.580002,57.250000,57.480000,52.401077,212900
2016-08-16,57.310001,57.310001,57.070000,57.119999,52.072891,292000
2016-08-17,56.840000,57.029999,56.570000,56.959999,51.927029,168800
2016-08-18,57.130001,57.299999,57.049999,57.299999,52.236988,141100
2016-08-19,56.939999,57.009998,56.680000,56.990002,51.954380,1226600
2016-08-22,56.750000,56.880001,56.599998,56.880001,51.854103,105400
2016-08-23,57.419998,57.480000,57.099998,57.130001,52.082012,234500
2016-08-24,57.049999,57.049999,56.790001,56.840000,51.817631,353700
2016-08-25,56.900002,56.900002,56.779999,56.849998,51.826748,166400
2016-08-26,56.930000,57.240002,56.119999,56.320000,51.343575,195900
2016-08-29,56.389999,56.500000,56.200001,56.470001,51.480324,153000
2016-08-30,56.450001,56.470001,56.049999,56.160000,51.197712,351700
2016-08-31,56.040001,56.070000,55.779999,55.930000,50.988041,138700
2016-09-01,56.180000,56.299999,56.009998,56.299999,51.325348,271900
2016-09-02,56.700001,56.740002,56.480000,56.630001,51.626194,200400
2016-09-06,57.000000,57.439999,56.990002,57.400002,52.328148,216800
2016-09-07,57.500000,57.500000,57.220001,57.340000,52.273453,127500
2016-09-08,57.509998,57.520000,57.189999,57.220001,52.164055,286400
2016-09-09,56.650002,56.750000,55.900002,55.900002,50.960693,325700
2016-09-12,55.529999,56.299999,55.310001,56.240002,51.270649,193900
2016-09-13,55.220001,55.340000,54.549999,54.740002,50.241764,579000
2016-09-14,54.810001,55.060001,54.709999,54.740002,50.241764,210500
2016-09-15,54.820000,55.240002,54.689999,55.150002,50.618076,154300
2016-09-16,54.759998,54.900002,54.509998,54.650002,50.159161,192800
2016-09-19,55.189999,55.320000,54.919998,54.970001,50.452869,145000
2016-09-20,55.410000,55.459999,55.139999,55.189999,50.654785,386300
2016-09-21,55.610001,56.020000,55.290001,55.970001,51.370689,219500
2016-09-22,56.529999,56.619999,56.349998,56.490002,51.847961,862800
2016-09-23,56.220001,56.259998,56.020000,56.040001,51.434940,222200
2016-09-26,56.000000,56.000000,55.779999,55.810001,51.223843,256200
2016-09-27,55.950001,56.340000,55.919998,56.270000,51.646038,335000
2016-09-28,56.299999,56.509998,55.970001,56.490002,51.847961,211200
2016-09-29,56.119999,56.119999,55.410000,55.590000,51.021919,143000
2016-09-30,55.980000,56.290001,55.910000,56.169998,51.554256,208500
2016-10-03,55.730000,56.150002,55.660000,55.880001,51.288086,478600
2016-10-04,55.680000,55.689999,55.049999,55.160000,50.627247,164700
2016-10-05,55.029999,55.139999,54.810001,54.910000,50.397800,238200
2016-10-06,54.310001,54.389999,54.169998,54.369999,49.902168,250400
2016-10-07,54.189999,54.189999,53.599998,53.959999,49.525864,328100
2016-10-10,53.939999,54.240002,53.939999,54.090000,49.645180,168700
2016-10-11,53.439999,53.439999,52.849998,52.959999,48.608032,177100
2016-10-12,52.900002,53.049999,52.830002,52.980000,48.626396,349800
2016-10-13,52.869999,53.320000,52.770000,53.200001,48.828320,463600
2016-10-14,53.369999,53.450001,53.110001,53.110001,48.745708,157800
2016-10-17,52.990002,53.049999,52.860001,52.889999,48.543789,483200
2016-10-18,53.660000,53.709999,53.520000,53.630001,49.222980,196300
2016-10-19,53.830002,53.939999,53.740002,53.889999,49.461613,135400
2016-10-20,53.889999,54.099998,53.840000,54.009998,49.571751,358300
2016-10-21,53.689999,53.900002,53.580002,53.889999,49.461613,143600
2016-10-24,54.209999,54.209999,53.970001,54.090000,49.645180,169900
2016-10-25,54.090000,54.180000,53.970001,54.110001,49.663536,164600
2016-10-26,53.900002,53.900002,53.669998,53.750000,49.333118,175800
2016-10-27,53.709999,53.709999,53.349998,53.349998,48.965984,384700
2016-10-28,53.169998,53.279999,52.970001,53.110001,48.745708,176400
2016-10-31,53.290001,53.520000,53.290001,53.450001,49.057777,274000
2016-11-01,53.480000,53.669998,53.040001,53.310001,48.929283,554900
2016-11-02,53.340000,53.549999,53.070000,53.240002,48.865025,368000
2016-11-03,53.580002,53.619999,53.230000,53.330002,48.947632,380500
2016-11-04,53.020000,53.080002,52.830002,52.840000,48.497898,363200
2016-11-07,53.009998,53.160000,52.970001,53.139999,48.773243,783000
2016-11-08,53.029999,53.470001,52.980000,53.360001,48.975166,203000
2016-11-09,52.669998,53.200001,52.630001,52.790001,48.452007,617500
2016-11-10,52.119999,52.119999,51.380001,51.610001,47.368973,318200
2016-11-11,51.349998,51.380001,50.950001,51.189999,46.983486,330300
2016-11-14,50.770000,50.770000,50.230000,50.480000,46.331829,616200
2016-11-15,50.450001,50.869999,50.450001,50.830002,46.653069,653400
2016-11-16,50.240002,50.330002,50.099998,50.189999,46.065655,6809300
2016-11-17,50.549999,50.880001,50.549999,50.709999,46.542931,587400
2016-11-18,50.490002,50.599998,50.279999,50.340000,46.203339,896900
2016-11-21,50.330002,50.590000,50.330002,50.520000,46.368546,372700
2016-11-22,50.630001,50.810001,50.549999,50.790001,46.616356,311300
2016-11-23,50.639999,50.680000,50.470001,50.680000,46.515400,260900
2016-11-25,50.779999,50.849998,50.680000,50.700001,46.533752,92200
2016-11-28,50.889999,51.119999,50.880001,51.009998,46.818279,219100
2016-11-29,51.099998,51.389999,51.020000,51.270000,47.056908,220000
2016-11-30,51.529999,51.599998,51.279999,51.369999,47.148693,641400
2016-12-01,51.180000,51.180000,50.680000,50.810001,46.634708,405900
2016-12-02,50.930000,51.139999,50.869999,51.000000,46.809101,410000
2016-12-05,50.939999,51.200001,50.939999,51.180000,46.974308,352600
2016-12-06,51.259998,51.459999,51.240002,51.400002,47.176231,468100
2016-12-07,51.520000,52.060001,51.520000,52.000000,47.726925,471300
2016-12-08,52.020000,52.070000,51.820000,52.029999,47.754459,369800
2016-12-09,51.950001,52.060001,51.869999,52.060001,47.781994,878500
2016-12-12,51.529999,51.680000,51.500000,51.590000,47.350613,309100
2016-12-13,51.840000,52.130001,51.840000,52.070000,47.791168,656900
2016-12-14,51.709999,51.840000,50.970001,51.000000,46.809101,322800
2016-12-15,50.500000,50.580002,50.349998,50.490002,46.341003,330500
2016-12-16,50.389999,50.610001,50.299999,50.410000,46.267582,610500
2016-12-19,50.380001,50.590000,50.380001,50.450001,46.304298,607100
2016-12-20,48.810001,48.990002,48.810001,48.889999,46.371632,629300
2016-12-21,48.869999,49.009998,48.779999,48.810001,46.295761,902800
2016-12-22,48.700001,48.820000,48.610001,48.730000,46.219875,822400
2016-12-23,48.750000,48.950001,48.750000,48.919998,46.400089,537300
2016-12-27,48.889999,49.080002,48.860001,48.939999,46.419056,924900
2016-12-28,48.980000,48.980000,48.700001,48.799999,46.286270,809500
2016-12-29,49.049999,49.360001,49.049999,49.270000,46.732063,723300
2016-12-30,49.610001,49.779999,49.439999,49.570000,47.016613,561800
2017-01-03,49.730000,49.860001,49.619999,49.860001,47.291672,512700
2017-01-04,50.160000,50.529999,50.160000,50.520000,47.917675,468600
2017-01-05,50.669998,51.160000,50.669998,51.119999,48.486763,1449700
2017-01-06,51.119999,51.250000,51.020000,51.070000,48.439346,2760400
2017-01-09,50.939999,51.040001,50.900002,50.970001,48.344498,334100
2017-01-10,51.110001,51.209999,51.049999,51.080002,48.448826,353100
2017-01-11,50.869999,51.209999,50.680000,51.139999,48.505737,547400
2017-01-12,51.040001,51.040001,50.770000,50.849998,48.230671,6141600
2017-01-13,50.700001,50.939999,50.700001,50.889999,48.268616,284800
2017-01-17,50.849998,50.849998,50.650002,50.840000,48.221188,248500
2017-01-18,50.779999,50.950001,50.700001,50.840000,48.221188,416800
2017-01-19,50.509998,50.580002,50.290001,50.490002,47.889217,262300
2017-01-20,50.419998,50.619999,50.419998,50.590000,47.984070,311400
2017-01-23,50.730000,51.040001,50.669998,51.000000,48.372948,477800
2017-01-24,50.910000,51.189999,50.910000,51.130001,48.496254,444400
2017-01-25,51.020000,51.250000,50.919998,51.209999,48.572132,499900
2017-01-26,51.160000,51.189999,50.980000,51.029999,48.401398,235600
2017-01-27,51.099998,51.099998,50.919998,50.939999,48.316040,362800
2017-01-30,50.799999,50.860001,50.590000,50.840000,48.221188,356600
2017-01-31,51.119999,51.270000,51.020000,51.230000,48.591103,570800
2017-02-01,51.340000,51.439999,51.230000,51.349998,48.704918,303500
2017-02-02,51.430000,51.459999,51.230000,51.349998,48.704918,264900
2017-02-03,51.540001,51.669998,51.419998,51.619999,48.961010,331700
2017-02-06,51.459999,51.459999,51.299999,51.419998,48.771313,310400
2017-02-07,51.480000,51.669998,51.459999,51.599998,48.942039,228100
2017-02-08,51.980000,52.110001,51.959999,52.080002,49.397316,240400
2017-02-09,52.250000,52.400002,52.189999,52.360001,49.662895,222300
2017-02-10,52.099998,52.459999,52.099998,52.419998,49.719795,320400
2017-02-13,52.299999,52.349998,52.180000,52.250000,49.558556,229500
2017-02-14,52.220001,52.400002,52.040001,52.299999,49.605980,366500
2017-02-15,52.200001,52.610001,52.119999,52.580002,49.871563,1757800
2017-02-16,52.490002,52.570000,52.380001,52.549999,49.843109,356700
2017-02-17,52.299999,52.459999,52.279999,52.430000,49.729290,345200
2017-02-21,52.419998,52.570000,52.349998,52.549999,49.843109,1447500
2017-02-22,52.700001,52.790001,52.570000,52.779999,50.061256,861300
2017-02-23,52.990002,53.070000,52.869999,52.980000,50.250961,235600
2017-02-24,52.799999,52.900002,52.720001,52.880001,50.156109,258500
2017-02-27,52.740002,52.740002,52.549999,52.619999,49.909500,392500
2017-02-28,52.630001,52.730000,52.549999,52.599998,49.890530,396900
2017-03-01,52.599998,52.919998,52.570000,52.799999,50.080227,379600
2017-03-02,52.299999,52.349998,52.090000,52.099998,49.416290,321300
2017-03-03,52.049999,52.299999,52.020000,52.250000,49.558556,294600
2017-03-06,52.220001,52.230000,52.080002,52.200001,49.511135,560600
2017-03-07,52.070000,52.200001,52.049999,52.090000,49.406796,779600
2017-03-08,52.080002,52.139999,51.830002,51.830002,49.160202,330500
2017-03-09,51.849998,51.880001,51.660000,51.799999,49.131737,196500
2017-03-10,51.980000,52.049999,51.860001,52.040001,49.359375,248500
2017-03-13,52.250000,52.419998,52.250000,52.389999,49.691349,831400
2017-03-14,52.049999,52.080002,51.939999,51.990002,49.311954,206200
2017-03-15,52.130001,52.939999,52.130001,52.910000,50.184563,313100
2017-03-16,53.240002,53.320000,53.200001,53.270000,50.526024,196200
2017-03-17,53.310001,53.430000,53.230000,53.310001,50.563961,174900
2017-03-20,53.279999,53.459999,53.250000,53.349998,50.601898,479100
2017-03-21,53.490002,53.590000,53.020000,53.110001,50.374260,512800
2017-03-22,53.090000,53.349998,53.090000,53.299999,50.554474,875000
2017-03-23,53.320000,53.599998,53.320000,53.529999,50.772625,168900
2017-03-24,53.500000,53.720001,53.459999,53.630001,50.867477,202100
2017-03-27,53.389999,53.509998,53.320000,53.430000,50.677776,479600
2017-03-28,53.349998,53.570000,53.349998,53.450001,50.696747,731400
2017-03-29,53.349998,53.520000,53.320000,53.500000,50.744167,214500
2017-03-30,53.240002,53.310001,53.160000,53.200001,50.459629,474400
2017-03-31,53.110001,53.340000,53.070000,53.259998,50.516533,263700
2017-04-03,53.209999,53.380001,53.060001,53.380001,50.630352,392500
2017-04-04,53.360001,53.540001,53.310001,53.509998,50.753654,197600
2017-04-05,53.560001,53.730000,53.529999,53.570000,50.810566,387400
2017-04-06,53.720001,53.820000,53.660000,53.750000,50.981297,256000
2017-04-07,53.840000,53.970001,53.840000,53.880001,51.104599,237400
2017-04-10,53.709999,53.799999,53.619999,53.730000,50.962322,380200
2017-04-11,53.939999,54.119999,53.770000,54.099998,51.313263,355100
2017-04-12,54.240002,54.419998,54.160000,54.419998,51.616779,552900
2017-04-13,54.570000,54.590000,54.330002,54.360001,51.559872,261800
2017-04-17,54.750000,54.970001,54.730000,54.900002,52.072056,354100
2017-04-18,54.570000,54.770000,54.560001,54.750000,51.929783,230200
2017-04-19,54.630001,54.669998,54.299999,54.369999,51.569355,327200
2017-04-20,54.570000,54.700001,54.540001,54.560001,51.749569,231200
2017-04-21,54.389999,54.529999,54.320000,54.520000,51.711636,2718000
2017-04-24,54.689999,54.820000,54.580002,54.700001,51.882359,405600
2017-04-25,54.910000,55.029999,54.880001,54.959999,52.128967,314800
2017-04-26,54.790001,54.939999,54.709999,54.810001,51.986694,1011600
2017-04-27,54.740002,54.790001,54.610001,54.759998,51.939270,234100
2017-04-28,54.610001,54.610001,54.430000,54.459999,51.654720,379300
2017-05-01,54.680000,54.720001,54.549999,54.630001,51.815964,341000
2017-05-02,54.889999,55.099998,54.849998,55.099998,52.261749,378000
2017-05-03,54.939999,55.009998,54.770000,54.830002,52.005661,275800
2017-05-04,54.689999,54.689999,54.509998,54.619999,51.806480,245500
2017-05-05,54.580002,55.000000,54.570000,54.990002,52.157421,195100
2017-05-08,55.110001,55.139999,54.900002,54.990002,52.157421,260000
2017-05-09,55.090000,55.160000,55.009998,55.099998,52.261749,240600
2017-05-10,55.340000,55.340000,55.020000,55.189999,52.347115,347200
2017-05-11,55.060001,55.189999,55.009998,55.189999,52.347115,354400
2017-05-12,55.000000,55.279999,55.000000,55.259998,52.413509,420900
2017-05-15,55.419998,55.549999,55.400002,55.509998,52.650635,318900
2017-05-16,55.520000,55.549999,55.419998,55.549999,52.688572,292700
2017-05-17,55.500000,55.549999,55.349998,55.389999,52.536816,755500
2017-05-18,55.209999,55.369999,54.950001,55.070000,52.233295,228500
2017-05-19,55.500000,55.610001,55.380001,55.580002,52.717033,510500
2017-05-22,55.759998,55.849998,55.680000,55.810001,52.935181,519900
2017-05-23,55.779999,55.790001,55.560001,55.580002,52.717033,423700
2017-05-24,55.730000,56.020000,55.630001,56.020000,53.134365,387000
2017-05-25,56.240002,56.270000,56.119999,56.169998,53.276638,204700
2017-05-26,56.189999,56.189999,56.080002,56.139999,53.248180,484800
2017-05-30,56.139999,56.389999,56.139999,56.369999,53.466335,326400
2017-05-31,56.650002,56.650002,56.389999,56.439999,53.532734,603500
2017-06-01,56.900002,56.970001,56.750000,56.939999,54.006973,705200
2017-06-02,57.310001,57.509998,57.130001,57.480000,54.519154,1289600
2017-06-05,57.470001,57.470001,57.330002,57.389999,54.433792,555300
2017-06-06,57.650002,57.660000,57.500000,57.599998,54.632977,549100
2017-06-07,57.770000,57.799999,57.570000,57.730000,54.756279,347600
2017-06-08,57.549999,57.549999,57.340000,57.450001,54.490704,378300
2017-06-09,57.180000,57.230000,56.950001,57.160000,54.215641,479500
2017-06-12,57.070000,57.139999,56.860001,57.000000,54.063889,393200
2017-06-13,57.549999,57.720001,57.549999,57.700001,54.727825,243800
2017-06-14,57.919998,57.980000,57.529999,57.669998,54.699368,388700
2017-06-15,57.250000,57.439999,57.209999,57.430000,54.471737,264400
2017-06-16,57.520000,57.580002,57.369999,57.570000,54.604519,281100
2017-06-19,57.599998,57.610001,57.509998,57.529999,54.566582,372600
2017-06-20,57.240002,57.240002,56.860001,56.860001,53.931091,373800
2017-06-21,56.889999,56.889999,56.709999,56.799999,53.874187,449400
2017-06-22,56.709999,56.779999,56.599998,56.689999,53.769848,208600
2017-06-23,56.689999,56.900002,56.669998,56.840000,53.912125,287500
2017-06-26,57.090000,57.220001,56.900002,56.900002,53.969040,253700
2017-06-27,56.770000,56.770000,56.509998,56.549999,53.637066,496500
2017-06-28,56.410000,56.490002,56.290001,56.439999,53.797195,364600
2017-06-29,56.470001,56.470001,55.980000,56.209999,53.577965,618000
2017-06-30,56.320000,56.410000,56.130001,56.250000,53.616093,442700
2017-07-03,56.220001,56.240002,56.099998,56.099998,53.473114,189000
2017-07-05,55.810001,55.990002,55.680000,55.990002,53.368267,427100
2017-07-06,55.840000,55.840000,55.630001,55.660000,53.053726,357700
2017-07-07,55.560001,55.660000,55.400002,55.619999,53.015591,216600
2017-07-10,55.700001,55.790001,55.630001,55.759998,53.149033,142900
2017-07-11,55.599998,55.740002,55.439999,55.709999,53.101376,181600
2017-07-12,55.950001,56.189999,55.860001,56.150002,53.520779,413600
2017-07-13,56.240002,56.389999,56.200001,56.360001,53.720947,174800
2017-07-14,56.860001,57.090000,56.779999,57.080002,54.407234,444800
2017-07-17,57.029999,57.029999,56.869999,56.910000,54.245190,214600
2017-07-18,57.139999,57.220001,57.099998,57.200001,54.521614,321900
2017-07-19,57.410000,57.599998,57.410000,57.580002,54.883820,219500
2017-07-20,57.779999,57.880001,57.709999,57.820000,55.112583,191900
2017-07-21,57.810001,57.869999,57.660000,57.869999,55.160236,286400
2017-07-24,57.840000,57.889999,57.689999,57.860001,55.150707,344700
2017-07-25,57.900002,57.950001,57.750000,57.790001,55.083984,630000
2017-07-26,57.840000,58.200001,57.779999,58.130001,55.408066,525500
2017-07-27,58.549999,58.580002,58.130001,58.270000,55.541508,424400
2017-07-28,58.389999,58.580002,58.299999,58.549999,55.808395,192000
2017-07-31,58.529999,58.590000,58.389999,58.549999,55.808395,233600
2017-08-01,58.750000,58.910000,58.720001,58.720001,55.970436,409700
2017-08-02,58.720001,58.779999,58.599998,58.730000,55.979965,304700
2017-08-03,58.730000,58.849998,58.650002,58.799999,56.046688,473000
2017-08-04,58.869999,58.900002,58.639999,58.840000,56.084816,264700
2017-08-07,58.590000,58.650002,58.509998,58.650002,55.903717,213900
2017-08-08,58.610001,58.680000,58.439999,58.490002,55.751205,276200
2017-08-09,58.580002,58.750000,58.500000,58.750000,55.999031,528100
2017-08-10,58.349998,58.410000,57.919998,57.919998,55.207893,490200
2017-08-11,57.830002,57.990002,57.759998,57.869999,55.160236,171900
2017-08-14,58.139999,58.320000,58.139999,58.240002,55.512917,277600
2017-08-15,58.000000,58.009998,57.770000,57.910000,55.198368,449800
2017-08-16,58.119999,58.380001,57.990002,58.340000,55.608231,277200
2017-08-17,58.169998,58.240002,57.759998,57.759998,55.055386,189900
2017-08-18,57.980000,58.090000,57.880001,57.959999,55.246021,462300
2017-08-21,58.110001,58.330002,58.110001,58.290001,55.560574,262400
2017-08-22,58.509998,58.580002,58.320000,58.520000,55.779804,580700
2017-08-23,58.330002,58.599998,58.330002,58.570000,55.827457,252800
2017-08-24,58.549999,58.590000,58.419998,58.450001,55.713081,227000
2017-08-25,58.430000,58.660000,58.320000,58.549999,55.808395,304600
2017-08-28,58.790001,58.799999,58.630001,58.700001,55.951378,283700
2017-08-29,58.630001,58.810001,58.599998,58.669998,55.922779,254800
2017-08-30,58.669998,58.779999,58.599998,58.709999,55.960903,418000
2017-08-31,59.070000,59.330002,58.980000,59.290001,56.513744,291800
2017-09-01,59.369999,59.369999,59.110001,59.169998,56.399364,340400
2017-09-05,59.029999,59.099998,58.689999,58.860001,56.103882,560700
2017-09-06,59.080002,59.310001,59.000000,59.270000,56.494686,353500
2017-09-07,59.790001,59.919998,59.669998,59.919998,57.114243,347600
2017-09-08,60.049999,60.049999,59.910000,59.950001,57.142841,172800
2017-09-11,60.209999,60.259998,60.139999,60.200001,57.381138,178900
2017-09-12,60.099998,60.099998,59.980000,60.020000,57.209564,293400
2017-09-13,60.000000,60.000000,59.650002,59.770000,56.971272,186200
2017-09-14,59.820000,60.000000,59.759998,59.990002,57.180969,273500
2017-09-15,60.349998,60.450001,60.230000,60.450001,57.619431,267000
2017-09-18,60.709999,60.759998,60.459999,60.570000,57.733807,374900
2017-09-19,60.610001,60.610001,60.439999,60.570000,57.733807,203900
2017-09-20,60.639999,60.720001,60.090000,60.360001,57.533646,353600
2017-09-21,60.389999,60.439999,60.270000,60.310001,57.485989,159100
2017-09-22,60.230000,60.299999,60.130001,60.200001,57.381138,196200
2017-09-25,59.439999,59.439999,59.150002,59.330002,56.551880,400800
2017-09-26,59.310001,59.389999,59.099998,59.250000,56.475616,478900
2017-09-27,58.980000,59.000000,58.820000,58.889999,56.299713,459500
2017-09-28,58.700001,58.939999,58.630001,58.919998,56.328388,337500
2017-09-29,59.189999,59.450001,59.099998,59.410000,56.796841,450600
2017-10-02,59.549999,59.549999,59.209999,59.220001,56.615196,524000
2017-10-03,59.540001,59.709999,59.410000,59.709999,57.083641,274100
2017-10-04,59.779999,59.820000,59.630001,59.790001,57.160126,253400
2017-10-05,59.750000,59.900002,59.660000,59.820000,57.188805,221300
2017-10-06,59.450001,59.669998,59.349998,59.619999,56.997601,182700
2017-10-09,59.610001,59.610001,59.439999,59.459999,56.844639,150300
2017-10-10,59.910000,60.099998,59.880001,60.090000,57.446930,215700
2017-10-11,59.930000,60.070000,59.799999,60.040001,57.399132,581600
2017-10-12,60.189999,60.330002,60.099998,60.230000,57.580772,274700
2017-10-13,60.509998,60.599998,60.389999,60.509998,57.848454,653300
2017-10-16,60.450001,60.540001,60.410000,60.470001,57.810215,620200
2017-10-17,60.330002,60.349998,60.150002,60.290001,57.638134,427900
2017-10-18,60.520000,60.660000,60.459999,60.580002,57.915382,332900
2017-10-19,60.230000,60.299999,60.110001,60.299999,57.647690,221500
2017-10-20,60.270000,60.270000,60.099998,60.160000,57.513851,227300
2017-10-23,59.799999,59.910000,59.570000,59.599998,56.978481,231900
2017-10-24,59.820000,59.889999,59.720001,59.820000,57.188805,177000
2017-10-25,59.580002,59.639999,59.130001,59.320000,56.710800,258100
2017-10-26,59.580002,59.619999,59.299999,59.349998,56.739479,226100
2017-10-27,59.230000,59.490002,59.099998,59.439999,56.825520,276300
2017-10-30,59.279999,59.320000,59.180000,59.270000,56.663002,629700
2017-10-31,59.540001,59.689999,59.459999,59.660000,57.035847,326900
2017-11-01,59.730000,59.900002,59.599998,59.599998,56.978481,309600
2017-11-02,59.779999,60.029999,59.720001,60.020000,57.380009,228300
2017-11-03,60.000000,60.000000,59.700001,59.889999,57.255730,220200
2017-11-06,59.560001,59.820000,59.500000,59.820000,57.188805,245300
2017-11-07,59.889999,59.970001,59.709999,59.860001,57.227047,236500
2017-11-08,60.130001,60.209999,60.000000,60.139999,57.494728,201900
2017-11-09,59.990002,60.130001,59.730000,60.080002,57.437374,429800
2017-11-10,60.060001,60.099998,59.910000,60.000000,57.360889,375600
2017-11-13,59.630001,59.830002,59.549999,59.779999,57.150566,308500
2017-11-14,59.730000,59.779999,59.619999,59.770000,57.141006,1118100
2017-11-15,59.459999,59.590000,59.299999,59.520000,56.902004,315800
2017-11-16,59.900002,60.099998,59.830002,60.049999,57.408688,312400
2017-11-17,59.869999,59.950001,59.779999,59.779999,57.150566,1339800
2017-11-20,59.959999,60.040001,59.790001,59.910000,57.274845,584700
2017-11-21,60.200001,60.500000,60.200001,60.439999,57.781532,349500
2017-11-22,60.630001,60.650002,60.340000,60.590000,57.924938,277800
2017-11-24,60.759998,60.869999,60.709999,60.830002,58.154385,106800
2017-11-27,60.759998,60.759998,60.459999,60.459999,57.800655,228500
2017-11-28,60.599998,60.720001,60.490002,60.720001,58.049221,575900
2017-11-29,60.580002,60.580002,60.200001,60.299999,57.647690,220100
2017-11-30,60.630001,60.750000,60.480000,60.490002,57.829338,364400
2017-12-01,60.430000,60.540001,60.230000,60.509998,57.848454,209300
2017-12-04,60.520000,60.540001,60.160000,60.160000,57.513851,219200
2017-12-05,60.459999,60.660000,60.369999,60.450001,57.791096,245000
2017-12-06,60.250000,60.279999,60.070000,60.180000,57.532970,345000
2017-12-07,60.060001,60.340000,60.009998,60.209999,57.561653,562500
2017-12-08,60.590000,60.680000,60.419998,60.630001,57.963181,431800
2017-12-11,60.549999,60.660000,60.459999,60.580002,57.915382,577000
2017-12-12,60.599998,60.720001,60.520000,60.709999,58.039658,419400
2017-12-13,61.000000,61.360001,61.000000,61.279999,58.584587,365100
2017-12-14,61.270000,61.279999,61.070000,61.090000,58.402946,205300
2017-12-15,61.029999,61.180000,60.930000,61.070000,58.383823,241400
2017-12-18,61.549999,61.730000,61.419998,61.459999,58.756668,586600
2017-12-19,59.860001,59.860001,59.200001,59.270000,58.453899,471600
2017-12-20,59.180000,59.200001,59.040001,59.080002,58.266514,345200
2017-12-21,59.189999,59.369999,59.110001,59.259998,58.444031,349400
2017-12-22,59.349998,59.639999,59.299999,59.639999,58.818802,359300
2017-12-26,59.750000,59.759998,59.669998,59.730000,58.907562,422300
2017-12-27,59.959999,60.180000,59.930000,60.150002,59.321781,355100
2017-12-28,60.560001,60.570000,60.430000,60.540001,59.706409,370400
2017-12-29,60.750000,60.799999,60.480000,60.500000,59.666958,518900
2018-01-02,60.939999,61.310001,60.900002,61.310001,60.465809,392000
2018-01-03,61.500000,61.689999,61.480000,61.630001,60.781403,415100
2018-01-04,61.660000,61.740002,61.599998,61.689999,60.840572,387600
2018-01-05,62.139999,62.400002,62.009998,62.349998,61.491486,611400
2018-01-08,62.520000,62.689999,62.490002,62.689999,61.826805,317600
2018-01-09,62.700001,62.759998,62.570000,62.660000,61.797218,671600
2018-01-10,62.560001,62.590000,62.250000,62.380001,61.521076,701600
2018-01-11,62.330002,62.540001,62.270000,62.509998,61.649281,730100
2018-01-12,62.509998,62.860001,62.389999,62.849998,61.984604,533100
2018-01-16,62.959999,63.029999,62.689999,62.790001,61.925430,429500
2018-01-17,62.980000,63.389999,62.910000,63.150002,62.280472,429100
2018-01-18,62.770000,62.900002,62.680000,62.849998,61.984604,549700
2018-01-19,63.189999,63.439999,63.189999,63.430000,62.556618,466800
2018-01-22,63.500000,63.869999,63.470001,63.869999,62.990559,384100
2018-01-23,63.939999,64.239998,63.919998,64.239998,63.355461,581300
2018-01-24,64.599998,64.709999,64.279999,64.489998,63.602016,667900
2018-01-25,64.660004,64.730003,64.160004,64.389999,63.503395,527000
2018-01-26,64.930000,65.199997,64.839996,65.139999,64.243065,668500
2018-01-29,64.209999,64.239998,64.000000,64.019997,63.138489,746700
2018-01-30,63.919998,63.990002,63.610001,63.680000,62.803173,409100
2018-01-31,63.930000,64.050003,63.619999,63.820000,62.941246,501900
2018-02-01,63.450001,63.619999,63.290001,63.369999,62.497440,733500
2018-02-02,62.869999,62.869999,62.150002,62.230000,61.373138,485600
2018-02-05,61.450001,61.689999,59.799999,59.849998,59.025909,687800
2018-02-06,59.439999,60.930000,59.150002,60.689999,59.854343,702900
2018-02-07,59.860001,60.400002,59.549999,59.549999,58.730042,529300
2018-02-08,59.639999,59.639999,58.119999,58.139999,57.339455,415100
2018-02-09,58.450001,58.639999,57.160000,58.430000,57.625462,515900
2018-02-12,58.660000,59.119999,58.490002,58.950001,58.138302,700500
2018-02-13,58.880001,59.240002,58.779999,59.180000,58.365135,319700
2018-02-14,58.889999,59.910000,58.889999,59.869999,59.045635,451000
2018-02-15,60.169998,60.430000,59.889999,60.430000,59.597927,411800
2018-02-16,60.500000,60.950001,60.480000,60.689999,59.854343,267900
2018-02-20,60.320000,60.590000,60.090000,60.240002,59.410542,240900
2018-02-21,60.560001,60.910000,59.919998,59.950001,59.124535,431400
2018-02-22,59.990002,60.369999,59.889999,59.980000,59.154121,1156900
2018-02-23,60.669998,60.799999,60.500000,60.759998,59.923378,1436400
2018-02-26,60.869999,61.360001,60.799999,61.340000,60.495396,291100
2018-02-27,60.639999,60.669998,59.750000,59.759998,58.937145,662400
2018-02-28,59.930000,59.990002,59.290001,59.320000,58.503208,756500
2018-03-01,59.540001,59.810001,58.820000,59.160000,58.345413,511400
2018-03-02,59.020000,59.619999,58.860001,59.540001,58.720181,540600
2018-03-05,59.119999,59.790001,59.029999,59.740002,58.917427,1330800
2018-03-06,59.950001,59.950001,59.630001,59.880001,59.055496,433200
2018-03-07,59.869999,60.099998,59.650002,60.080002,59.252747,284600
2018-03-08,60.330002,60.430000,60.110001,60.389999,59.558475,231800
2018-03-09,60.480000,60.779999,60.349998,60.750000,59.913521,441200
2018-03-12,60.630001,60.919998,60.509998,60.830002,59.992420,1118600
2018-03-13,60.630001,60.919998,60.410000,60.560001,59.726135,687700
2018-03-14,61.000000,61.169998,60.680000,60.919998,60.081177,342200
2018-03-15,61.130001,61.369999,60.970001,61.119999,60.278419,416500
2018-03-16,61.169998,61.220001,60.970001,61.090000,60.248840,168000
2018-03-19,60.980000,60.990002,60.520000,60.779999,59.943104,300900
2018-03-20,60.900002,61.029999,60.779999,60.880001,60.041729,406100
2018-03-21,60.869999,61.250000,60.779999,61.049999,60.209385,218900
2018-03-22,60.580002,60.730000,60.119999,60.150002,59.321781,868600
2018-03-23,60.150002,60.259998,59.430000,59.430000,58.611694,223500
2018-03-26,60.040001,60.410000,59.619999,60.310001,59.555740,612600
2018-03-27,60.470001,60.630001,59.730000,59.869999,59.121239,494700
2018-03-28,60.060001,60.490002,59.939999,60.180000,59.427364,214900
2018-03-29,60.639999,61.119999,60.419998,60.919998,60.158108,273800
2018-04-02,60.720001,60.889999,59.860001,60.220001,59.466866,289700
2018-04-03,60.450001,60.599998,60.160000,60.549999,59.792736,317100
2018-04-04,60.110001,61.040001,60.009998,61.020000,60.256859,319100
2018-04-05,61.029999,61.080002,60.770000,60.930000,60.167984,314100
2018-04-06,60.889999,61.070000,60.389999,60.560001,59.802612,401900
2018-04-09,61.090000,61.400002,60.959999,61.020000,60.256859,466100
2018-04-10,61.570000,61.730000,61.410000,61.639999,60.869102,881700
2018-04-11,61.520000,61.869999,61.439999,61.639999,60.869102,447900
2018-04-12,61.529999,61.700001,61.459999,61.599998,60.829601,313000
2018-04-13,61.639999,61.709999,61.419998,61.560001,60.790104,292300
2018-04-16,61.299999,61.380001,61.160000,61.330002,60.562984,286800
2018-04-17,61.200001,61.529999,61.160000,61.450001,60.681480,200500
2018-04-18,61.500000,61.689999,61.450001,61.599998,60.829601,171700
2018-04-19,61.520000,61.560001,61.020000,61.160000,60.395107,359200
2018-04-20,61.000000,61.000000,60.759998,60.930000,60.167984,443700
2018-04-23,60.580002,60.680000,60.380001,60.470001,59.713737,215200
2018-04-24,60.919998,61.000000,60.490002,60.660000,59.901360,689100
2018-04-25,60.520000,60.610001,60.330002,60.450001,59.693989,316500
2018-04-26,60.790001,61.090000,60.750000,60.980000,60.217358,334700
2018-04-27,61.119999,61.340000,60.959999,61.279999,60.513603,193200
2018-04-30,61.580002,61.689999,61.230000,61.240002,60.474110,413800
2018-05-01,61.180000,61.299999,60.790001,61.240002,60.474110,229000
2018-05-02,61.250000,61.360001,60.889999,60.930000,60.167984,411900
2018-05-03,60.860001,61.049999,60.389999,60.990002,60.227234,309500
2018-05-04,60.549999,61.070000,60.459999,60.950001,60.187733,292500
2018-05-07,60.830002,60.950001,60.730000,60.779999,60.019859,174100
2018-05-08,60.720001,60.939999,60.689999,60.910000,60.148235,204200
2018-05-09,60.840000,60.990002,60.709999,60.980000,60.217358,564300
2018-05-10,61.150002,61.529999,61.150002,61.389999,60.622231,400700
2018-05-11,61.650002,61.849998,61.549999,61.639999,60.869102,450800
2018-05-14,62.099998,62.189999,61.840000,61.889999,61.115978,239700
2018-05-15,61.189999,61.209999,60.950001,61.070000,60.306232,296700
2018-05-16,61.040001,61.220001,61.009998,61.130001,60.365482,185300
2018-05-17,60.939999,60.980000,60.689999,60.759998,60.000107,199200
2018-05-18,60.709999,60.810001,60.610001,60.810001,60.049484,399800
2018-05-21,60.970001,61.099998,60.880001,61.040001,60.276608,217500
2018-05-22,61.099998,61.250000,60.919998,61.000000,60.237106,282500
2018-05-23,60.509998,60.799999,60.410000,60.790001,60.029736,434800
2018-05-24,60.830002,60.950001,60.470001,60.730000,59.970486,285700
2018-05-25,60.610001,60.759998,60.540001,60.689999,59.930984,202100
2018-05-29,60.310001,60.340000,59.860001,60.090000,59.338490,1084000
2018-05-30,60.220001,60.630001,60.169998,60.630001,59.871735,501400
2018-05-31,60.520000,60.570000,60.250000,60.389999,59.634735,308400
2018-06-01,60.570000,60.580002,60.439999,60.580002,59.822361,419700
2018-06-04,61.090000,61.349998,61.080002,61.220001,60.454357,248200
2018-06-05,61.340000,61.380001,61.180000,61.279999,60.513603,228700
2018-06-06,61.570000,61.740002,61.439999,61.730000,60.957977,283000
2018-06-07,61.610001,61.610001,61.119999,61.270000,60.503731,224200
2018-06-08,61.259998,61.439999,61.119999,61.439999,60.671604,149900
2018-06-11,61.419998,61.419998,61.240002,61.270000,60.503731,263800
2018-06-12,61.209999,61.209999,60.919998,61.009998,60.246983,216000
2018-06-13,61.200001,61.259998,60.549999,60.750000,59.990234,657800
2018-06-14,60.740002,60.810001,60.520000,60.540001,59.782864,231000
2018-06-15,60.400002,60.660000,60.360001,60.639999,59.881611,4523700
2018-06-18,60.310001,60.310001,60.020000,60.209999,59.456985,426300
2018-06-19,59.560001,59.560001,59.279999,59.470001,58.726246,1352400
2018-06-20,59.619999,59.820000,59.490002,59.669998,58.923740,625300
2018-06-21,59.549999,59.580002,59.340000,59.360001,58.617619,234600
2018-06-22,59.919998,59.990002,59.720001,59.810001,59.061993,260000
2018-06-25,59.299999,59.330002,58.990002,59.209999,58.469494,512200
2018-06-26,59.250000,59.310001,59.060001,59.080002,58.341122,402400
2018-06-27,58.630001,58.750000,58.080002,58.130001,57.403004,418300
2018-06-28,57.340000,57.560001,57.250000,57.470001,57.470001,371700
2018-06-29,57.990002,58.130001,57.959999,58.080002,58.080002,345500
