Date,Open,High,Low,Close,Adj Close,Volume
2013-01-02,9.120000,9.360000,8.940000,9.060000,9.060000,13000
2013-01-03,9.180000,10.680000,9.180000,9.720000,9.720000,35200
2013-01-04,9.600000,10.200000,9.480000,9.600000,9.600000,21600
2013-01-07,9.720000,10.020000,9.600000,9.660000,9.660000,10300
2013-01-08,9.660000,10.200000,9.360000,9.480000,9.480000,13000
2013-01-09,9.720000,9.840000,9.360000,9.420000,9.420000,16100
2013-01-10,9.300000,9.660000,9.300000,9.540000,9.540000,11100
2013-01-11,9.600000,9.780000,9.420000,9.720000,9.720000,7100
2013-01-14,9.720000,9.720000,9.480000,9.600000,9.600000,28000
2013-01-15,9.420000,9.780000,9.420000,9.720000,9.720000,9700
2013-01-16,9.840000,9.840000,9.480000,9.540000,9.540000,14700
2013-01-17,9.600000,9.720000,9.240000,9.360000,9.360000,15000
2013-01-18,9.600000,9.600000,9.360000,9.420000,9.420000,6600
2013-01-22,9.600000,9.600000,9.300000,9.300000,9.300000,10000
2013-01-23,9.540000,9.600000,9.000000,9.120000,9.120000,26700
2013-01-24,9.240000,9.240000,8.940000,8.940000,8.940000,15600
2013-01-25,9.240000,9.420000,8.940000,9.000000,9.000000,16300
2013-01-28,9.300000,9.300000,8.940000,9.000000,9.000000,10100
2013-01-29,9.120000,9.120000,8.700000,8.940000,8.940000,8600
2013-01-30,9.240000,9.240000,8.640000,9.000000,9.000000,19100
2013-01-31,9.120000,9.360000,8.940000,9.000000,9.000000,13200
2013-02-01,9.240000,9.240000,8.640000,8.640000,8.640000,22900
2013-02-04,8.760000,8.820000,8.280000,8.400000,8.400000,15400
2013-02-05,8.340000,8.580000,7.860000,8.460000,8.460000,31600
2013-02-06,8.460000,9.300000,8.340000,9.120000,9.120000,15900
2013-02-07,9.120000,9.300000,9.060000,9.180000,9.180000,8000
2013-02-08,9.300000,9.600000,8.880000,9.540000,9.540000,27300
2013-02-11,9.600000,9.600000,9.240000,9.420000,9.420000,3900
2013-02-12,9.600000,10.080000,9.420000,9.840000,9.840000,12000
2013-02-13,10.080000,10.140000,9.900000,10.080000,10.080000,23800
2013-02-14,10.080000,11.280000,10.020000,10.740000,10.740000,25200
2013-02-15,10.800000,11.040000,10.560000,10.980000,10.980000,19700
2013-02-19,10.860000,11.580000,10.860000,11.580000,11.580000,23300
2013-02-20,11.760000,12.540000,11.580000,12.420000,12.420000,55900
2013-02-21,12.600000,13.140000,12.180000,13.020000,13.020000,43400
2013-02-22,13.080000,14.400000,13.080000,14.220000,14.220000,76200
2013-02-25,14.460000,14.880000,12.960000,13.440000,13.440000,49300
2013-02-26,13.620000,14.100000,13.140000,13.920000,13.920000,20100
2013-02-27,14.160000,14.340000,13.560000,14.100000,14.100000,22700
2013-02-28,14.100000,14.940000,13.500000,14.580000,14.580000,28200
2013-03-01,14.580000,15.000000,14.400000,14.700000,14.700000,9600
2013-03-04,14.700000,15.240000,14.700000,14.700000,14.700000,19100
2013-03-05,14.760000,15.300000,13.740000,14.460000,14.460000,25500
2013-03-06,14.640000,14.640000,13.500000,13.860000,13.860000,16000
2013-03-07,13.860000,14.400000,13.800000,13.980000,13.980000,10600
2013-03-08,14.100000,14.700000,13.980000,14.700000,14.700000,12100
2013-03-11,14.520000,14.880000,14.160000,14.760000,14.760000,9200
2013-03-12,14.580000,14.700000,14.160000,14.460000,14.460000,5200
2013-03-13,14.580000,14.580000,14.040000,14.520000,14.520000,12200
2013-03-14,14.520000,15.480000,14.340000,14.760000,14.760000,18700
2013-03-15,14.880000,15.000000,14.400000,14.700000,14.700000,7700
2013-03-18,14.580000,14.580000,14.220000,14.400000,14.400000,3000
2013-03-19,14.280000,14.520000,14.100000,14.160000,14.160000,4000
2013-03-20,14.100000,14.280000,13.200000,13.500000,13.500000,17600
2013-03-21,13.320000,13.320000,12.120000,12.360000,12.360000,23600
2013-03-22,12.720000,12.840000,12.120000,12.240000,12.240000,14600
2013-03-25,12.360000,12.780000,12.180000,12.360000,12.360000,27900
2013-03-26,12.660000,12.900000,12.360000,12.540000,12.540000,20000
2013-03-27,12.660000,12.660000,10.800000,11.220000,11.220000,36200
2013-03-28,11.280000,11.880000,10.980000,10.980000,10.980000,10500
2013-04-01,10.980000,11.040000,9.900000,10.020000,10.020000,21600
2013-04-02,10.020000,10.500000,8.760000,9.180000,9.180000,26700
2013-04-03,9.240000,9.720000,9.240000,9.420000,9.420000,14100
2013-04-04,9.540000,9.720000,9.300000,9.360000,9.360000,11200
2013-04-05,9.180000,9.600000,9.000000,9.540000,9.540000,6300
2013-04-08,9.600000,9.600000,8.580000,8.640000,8.640000,43900
2013-04-09,8.700000,9.240000,8.460000,9.120000,9.120000,9500
2013-04-10,9.120000,9.780000,9.120000,9.420000,9.420000,11800
2013-04-11,9.540000,9.540000,9.060000,9.300000,9.300000,10100
2013-04-12,9.240000,9.780000,8.700000,9.420000,9.420000,16500
2013-04-15,9.360000,9.360000,8.100000,8.280000,8.280000,22400
2013-04-16,8.520000,9.120000,8.400000,8.880000,8.880000,9300
2013-04-17,8.940000,9.240000,8.940000,9.000000,9.000000,8500
2013-04-18,8.940000,8.940000,8.460000,8.700000,8.700000,8700
2013-04-19,8.820000,9.180000,8.520000,9.060000,9.060000,2700
2013-04-22,9.300000,9.300000,9.000000,9.120000,9.120000,11400
2013-04-23,9.120000,9.300000,9.120000,9.300000,9.300000,1300
2013-04-24,9.420000,9.900000,9.420000,9.660000,9.660000,5800
2013-04-25,9.600000,9.840000,9.480000,9.840000,9.840000,2600
2013-04-26,9.900000,10.320000,9.900000,10.080000,10.080000,3000
2013-04-29,10.080000,10.320000,9.960000,10.320000,10.320000,2900
2013-04-30,10.200000,10.620000,10.200000,10.440000,10.440000,9400
2013-05-01,10.440000,11.100000,10.440000,11.100000,11.100000,10700
2013-05-02,11.100000,12.240000,11.100000,12.120000,12.120000,20900
2013-05-03,12.540000,12.540000,11.460000,11.880000,11.880000,20700
2013-05-06,12.120000,12.240000,11.280000,11.940000,11.940000,13300
2013-05-07,12.180000,12.480000,11.580000,11.880000,11.880000,11100
2013-05-08,11.760000,12.000000,11.580000,11.880000,11.880000,3900
2013-05-09,11.760000,12.240000,11.760000,12.120000,12.120000,9500
2013-05-10,12.000000,12.720000,12.000000,12.540000,12.540000,14700
2013-05-13,12.720000,13.680000,12.180000,13.680000,13.680000,23700
2013-05-14,13.920000,13.980000,12.360000,12.780000,12.780000,17000
2013-05-15,12.600000,13.440000,12.060000,12.780000,12.780000,8600
2013-05-16,12.660000,12.960000,12.360000,12.420000,12.420000,10900
2013-05-17,12.360000,12.600000,12.060000,12.060000,12.060000,17000
2013-05-20,12.000000,12.540000,11.700000,11.700000,11.700000,15900
2013-05-21,11.880000,11.940000,11.220000,11.220000,11.220000,15500
2013-05-22,11.160000,11.520000,10.500000,10.560000,10.560000,17000
2013-05-23,10.260000,10.800000,10.080000,10.500000,10.500000,11400
2013-05-24,10.500000,10.680000,10.140000,10.380000,10.380000,22000
2013-05-28,10.440000,10.440000,9.960000,9.960000,9.960000,8600
2013-05-29,10.080000,10.260000,9.960000,10.080000,10.080000,3700
2013-05-30,10.200000,10.380000,10.020000,10.140000,10.140000,3400
2013-05-31,10.200000,10.320000,9.840000,9.840000,9.840000,9300
2013-06-03,9.840000,9.900000,9.480000,9.540000,9.540000,8100
2013-06-04,9.600000,9.840000,9.240000,9.360000,9.360000,9100
2013-06-05,9.360000,9.840000,9.180000,9.180000,9.180000,11700
2013-06-06,9.600000,9.600000,9.060000,9.300000,9.300000,12500
2013-06-07,9.360000,9.540000,9.180000,9.360000,9.360000,17000
2013-06-10,9.480000,10.200000,9.480000,9.900000,9.900000,8900
2013-06-11,9.900000,10.200000,9.900000,10.140000,10.140000,4300
2013-06-12,10.320000,10.320000,9.600000,9.720000,9.720000,6300
2013-06-13,9.600000,10.020000,9.600000,9.720000,9.720000,3300
2013-06-14,9.300000,9.720000,9.300000,9.600000,9.600000,4300
2013-06-17,9.540000,9.600000,8.700000,8.760000,8.760000,18700
2013-06-18,8.880000,9.600000,8.880000,9.360000,9.360000,9000
2013-06-19,9.360000,9.420000,8.700000,9.060000,9.060000,5200
2013-06-20,8.940000,9.360000,8.940000,9.060000,9.060000,6200
2013-06-21,9.780000,9.780000,8.940000,9.180000,9.180000,9200
2013-06-24,9.240000,9.240000,9.000000,9.000000,9.000000,9600
2013-06-25,9.060000,9.120000,9.000000,9.000000,9.000000,5900
2013-06-26,9.000000,9.060000,8.400000,8.460000,8.460000,17200
2013-06-27,8.640000,8.940000,8.520000,8.640000,8.640000,3500
2013-06-28,8.880000,9.000000,8.520000,8.520000,8.520000,27600
2013-07-01,8.700000,9.120000,8.700000,8.880000,8.880000,2900
2013-07-02,9.060000,9.180000,9.000000,9.000000,9.000000,3800
2013-07-03,9.000000,9.060000,8.880000,8.880000,8.880000,1900
2013-07-05,9.120000,9.120000,8.700000,8.940000,8.940000,4900
2013-07-08,8.940000,9.000000,8.820000,8.820000,8.820000,2600
2013-07-09,8.760000,8.880000,8.700000,8.820000,8.820000,2400
2013-07-10,8.820000,9.000000,8.820000,8.820000,8.820000,4900
2013-07-11,8.700000,8.940000,8.460000,8.700000,8.700000,11600
2013-07-12,8.580000,8.640000,8.460000,8.520000,8.520000,2300
2013-07-15,8.700000,9.000000,8.400000,8.760000,8.760000,2500
2013-07-16,8.820000,8.820000,8.460000,8.460000,8.460000,3900
2013-07-17,8.640000,8.700000,8.400000,8.580000,8.580000,7300
2013-07-18,8.520000,8.820000,8.520000,8.820000,8.820000,1900
2013-07-19,8.700000,9.000000,8.640000,8.940000,8.940000,5600
2013-07-22,8.820000,9.000000,8.700000,8.880000,8.880000,4100
2013-07-23,8.880000,9.000000,8.760000,8.880000,8.880000,2800
2013-07-24,8.760000,8.760000,8.700000,8.700000,8.700000,3100
2013-07-25,8.700000,8.820000,8.460000,8.580000,8.580000,3500
2013-07-26,8.520000,8.760000,8.460000,8.700000,8.700000,6300
2013-07-29,8.460000,9.720000,8.460000,9.720000,9.720000,12700
2013-07-30,9.660000,10.080000,9.600000,9.840000,9.840000,5400
2013-07-31,10.080000,10.200000,9.420000,10.140000,10.140000,11700
2013-08-01,10.020000,10.020000,8.460000,9.420000,9.420000,11200
2013-08-02,9.060000,9.300000,8.460000,8.820000,8.820000,7300
2013-08-05,8.820000,8.880000,8.520000,8.820000,8.820000,3600
2013-08-06,8.820000,8.820000,8.520000,8.820000,8.820000,3800
2013-08-07,8.880000,8.880000,8.640000,8.640000,8.640000,3800
2013-08-08,8.700000,9.120000,8.640000,8.880000,8.880000,4400
2013-08-09,9.120000,9.540000,9.000000,9.540000,9.540000,9000
2013-08-12,9.600000,9.660000,8.880000,8.940000,8.940000,8400
2013-08-13,9.120000,9.180000,8.400000,8.700000,8.700000,16800
2013-08-14,8.940000,9.120000,8.040000,8.940000,8.940000,24500
2013-08-15,8.820000,9.180000,8.220000,8.940000,8.940000,3700
2013-08-16,8.580000,9.180000,8.400000,8.760000,8.760000,12200
2013-08-19,8.460000,8.760000,8.280000,8.340000,8.340000,4900
2013-08-20,8.340000,8.400000,7.380000,8.280000,8.280000,11200
2013-08-21,8.220000,8.400000,8.100000,8.160000,8.160000,2600
2013-08-22,8.100000,8.400000,8.100000,8.340000,8.340000,1900
2013-08-23,8.340000,8.640000,8.280000,8.580000,8.580000,6000
2013-08-26,8.580000,8.760000,8.280000,8.280000,8.280000,8900
2013-08-27,8.340000,8.340000,7.620000,8.040000,8.040000,10400
2013-08-28,7.800000,7.860000,7.440000,7.680000,7.680000,12200
2013-08-29,7.560000,8.400000,7.560000,7.740000,7.740000,8400
2013-08-30,7.860000,8.280000,7.680000,8.100000,8.100000,3500
2013-09-03,8.100000,8.100000,7.800000,7.860000,7.860000,4700
2013-09-04,7.860000,8.100000,7.740000,7.860000,7.860000,5300
2013-09-05,7.800000,8.100000,7.800000,8.040000,8.040000,6600
2013-09-06,8.040000,8.160000,7.740000,7.740000,7.740000,5100
2013-09-09,7.800000,8.340000,7.500000,7.620000,7.620000,6600
2013-09-10,7.620000,7.740000,7.500000,7.560000,7.560000,8000
2013-09-11,7.500000,7.620000,7.260000,7.320000,7.320000,9700
2013-09-12,7.200000,7.500000,7.200000,7.200000,7.200000,6300
2013-09-13,7.200000,7.800000,7.200000,7.560000,7.560000,6800
2013-09-16,7.680000,7.680000,7.380000,7.440000,7.440000,6800
2013-09-17,7.620000,7.680000,7.500000,7.500000,7.500000,6300
2013-09-18,7.500000,7.800000,7.500000,7.800000,7.800000,8500
2013-09-19,7.620000,7.680000,7.320000,7.440000,7.440000,12100
2013-09-20,7.380000,7.500000,7.380000,7.500000,7.500000,6900
2013-09-23,7.500000,7.800000,7.500000,7.800000,7.800000,7000
2013-09-24,7.560000,7.620000,7.380000,7.440000,7.440000,11600
2013-09-25,7.380000,7.560000,7.380000,7.500000,7.500000,11300
2013-09-26,7.440000,7.680000,7.320000,7.320000,7.320000,4700
2013-09-27,7.320000,7.800000,7.320000,7.440000,7.440000,6300
2013-09-30,7.380000,7.740000,7.380000,7.560000,7.560000,5700
2013-10-01,7.800000,9.000000,7.740000,7.980000,7.980000,25300
2013-10-02,8.100000,8.220000,7.920000,8.040000,8.040000,6700
2013-10-03,8.040000,8.040000,7.560000,7.920000,7.920000,7500
2013-10-04,7.740000,8.280000,7.740000,8.100000,8.100000,9400
2013-10-07,7.920000,7.920000,7.500000,7.620000,7.620000,11400
2013-10-08,7.500000,7.740000,7.500000,7.620000,7.620000,3600
2013-10-09,7.500000,7.920000,7.440000,7.800000,7.800000,12800
2013-10-10,7.740000,7.800000,7.500000,7.560000,7.560000,2300
2013-10-11,7.500000,7.620000,7.440000,7.500000,7.500000,5600
2013-10-14,7.380000,7.500000,7.380000,7.500000,7.500000,8300
2013-10-15,7.380000,7.740000,7.140000,7.260000,7.260000,30500
2013-10-16,7.260000,7.560000,6.660000,6.960000,6.960000,27100
2013-10-17,7.200000,7.320000,6.780000,6.780000,6.780000,13700
2013-10-18,6.660000,6.900000,6.600000,6.720000,6.720000,6200
2013-10-21,6.780000,6.960000,6.720000,6.900000,6.900000,13300
2013-10-22,7.260000,7.500000,6.720000,6.960000,6.960000,12100
2013-10-23,6.840000,6.960000,6.600000,6.900000,6.900000,8200
2013-10-24,6.900000,7.020000,6.780000,7.020000,7.020000,4900
2013-10-25,6.960000,7.080000,6.720000,6.780000,6.780000,14900
2013-10-28,6.780000,7.140000,6.720000,7.020000,7.020000,15500
2013-10-29,7.020000,7.980000,7.020000,7.560000,7.560000,28100
2013-10-30,7.380000,7.440000,6.720000,6.780000,6.780000,16100
2013-10-31,6.840000,6.900000,6.600000,6.600000,6.600000,12400
2013-11-01,6.900000,6.900000,6.300000,6.420000,6.420000,15000
2013-11-04,6.300000,6.660000,6.300000,6.480000,6.480000,21400
2013-11-05,6.300000,6.720000,6.300000,6.300000,6.300000,12000
2013-11-06,6.420000,6.660000,6.060000,6.180000,6.180000,18900
2013-11-07,6.360000,6.540000,5.760000,6.000000,6.000000,14600
2013-11-08,6.000000,6.000000,5.580000,6.000000,6.000000,26100
2013-11-11,5.820000,5.880000,5.220000,5.640000,5.640000,58600
2013-11-12,5.460000,5.640000,5.100000,5.220000,5.220000,25000
2013-11-13,5.100000,5.460000,5.100000,5.280000,5.280000,11600
2013-11-14,5.400000,7.440000,5.400000,5.880000,5.880000,136400
2013-11-15,6.300000,6.300000,5.880000,6.000000,6.000000,63200
2013-11-18,6.000000,6.480000,5.820000,5.880000,5.880000,43100
2013-11-19,5.880000,5.880000,5.160000,5.220000,5.220000,37100
2013-11-20,5.220000,5.280000,4.920000,4.980000,4.980000,74600
2013-11-21,5.220000,5.280000,4.920000,5.040000,5.040000,28700
2013-11-22,4.860000,5.220000,4.560000,4.560000,4.560000,36400
2013-11-25,4.500000,4.800000,4.500000,4.560000,4.560000,41300
2013-11-26,4.560000,4.860000,4.560000,4.680000,4.680000,22000
2013-11-27,4.680000,5.220000,4.620000,5.100000,5.100000,180000
2013-11-29,5.100000,7.020000,5.100000,6.720000,6.720000,173800
2013-12-02,6.600000,6.600000,5.820000,6.540000,6.540000,107300
2013-12-03,6.900000,7.080000,6.360000,6.780000,6.780000,68500
2013-12-04,6.960000,6.960000,6.240000,6.420000,6.420000,27400
2013-12-05,6.420000,6.900000,6.300000,6.420000,6.420000,26800
2013-12-06,6.780000,11.640000,6.480000,9.780000,9.780000,751000
2013-12-09,10.080000,10.380000,8.340000,8.700000,8.700000,251000
2013-12-10,8.700000,9.360000,8.100000,8.520000,8.520000,64200
2013-12-11,8.640000,8.940000,7.920000,8.220000,8.220000,55900
2013-12-12,7.980000,8.580000,7.800000,8.460000,8.460000,40900
2013-12-13,8.640000,8.640000,7.860000,8.100000,8.100000,46400
2013-12-16,8.100000,9.480000,8.100000,8.340000,8.340000,42900
2013-12-17,8.340000,8.340000,7.800000,8.040000,8.040000,30100
2013-12-18,8.040000,8.400000,7.800000,8.040000,8.040000,40100
2013-12-19,7.980000,8.400000,7.800000,7.980000,7.980000,22600
2013-12-20,7.980000,8.400000,7.860000,8.220000,8.220000,48200
2013-12-23,8.220000,8.940000,8.220000,8.340000,8.340000,26400
2013-12-24,8.340000,8.640000,8.160000,8.280000,8.280000,26400
2013-12-26,8.280000,8.460000,7.680000,7.920000,7.920000,49400
2013-12-27,8.100000,8.280000,7.800000,8.220000,8.220000,16100
2013-12-30,8.100000,8.220000,7.620000,7.800000,7.800000,64600
2013-12-31,7.620000,7.860000,7.320000,7.560000,7.560000,56100
2014-01-02,7.320000,7.500000,7.260000,7.320000,7.320000,16700
2014-01-03,7.200000,7.440000,7.200000,7.320000,7.320000,12500
2014-01-06,7.440000,7.920000,7.200000,7.920000,7.920000,17700
2014-01-07,7.800000,8.340000,7.800000,8.340000,8.340000,21400
2014-01-08,8.400000,8.400000,8.160000,8.280000,8.280000,23100
2014-01-09,8.100000,8.280000,7.800000,7.980000,7.980000,10000
2014-01-10,8.040000,8.400000,7.800000,7.800000,7.800000,40300
2014-01-13,7.680000,8.340000,7.680000,8.220000,8.220000,9500
2014-01-14,8.280000,8.280000,8.100000,8.220000,8.220000,17500
2014-01-15,7.980000,8.520000,7.680000,8.460000,8.460000,16900
2014-01-16,8.400000,9.180000,8.400000,9.120000,9.120000,71500
2014-01-17,8.940000,8.940000,8.220000,8.400000,8.400000,35300
2014-01-21,8.400000,8.700000,8.400000,8.640000,8.640000,10800
2014-01-22,8.640000,9.000000,8.460000,8.820000,8.820000,7800
2014-01-23,8.760000,8.880000,8.040000,8.880000,8.880000,30900
2014-01-24,8.880000,9.180000,8.520000,8.820000,8.820000,31900
2014-01-27,8.880000,8.880000,8.220000,8.520000,8.520000,21900
2014-01-28,8.340000,8.640000,8.280000,8.400000,8.400000,8500
2014-01-29,8.220000,8.640000,8.220000,8.460000,8.460000,6300
2014-01-30,8.580000,8.700000,8.280000,8.580000,8.580000,8900
2014-01-31,8.460000,8.760000,8.460000,8.580000,8.580000,4800
2014-02-03,8.520000,8.700000,8.280000,8.400000,8.400000,9000
2014-02-04,8.280000,8.760000,8.280000,8.460000,8.460000,13400
2014-02-05,8.460000,8.520000,8.400000,8.460000,8.460000,9600
2014-02-06,8.400000,8.400000,8.340000,8.400000,8.400000,5300
2014-02-07,8.400000,8.400000,8.280000,8.280000,8.280000,8700
2014-02-10,8.280000,8.460000,8.220000,8.400000,8.400000,5000
2014-02-11,8.280000,8.640000,8.280000,8.460000,8.460000,9300
2014-02-12,8.640000,8.880000,8.460000,8.700000,8.700000,8200
2014-02-13,8.940000,8.940000,8.280000,8.280000,8.280000,26200
2014-02-14,8.520000,8.520000,8.220000,8.220000,8.220000,13900
2014-02-18,8.220000,8.460000,8.160000,8.160000,8.160000,15600
2014-02-19,7.980000,8.340000,7.920000,8.100000,8.100000,9800
2014-02-20,7.620000,8.160000,7.620000,7.680000,7.680000,13400
2014-02-21,7.680000,8.160000,7.380000,7.500000,7.500000,27700
2014-02-24,7.980000,7.980000,7.680000,7.740000,7.740000,8100
2014-02-25,7.800000,8.100000,7.680000,7.920000,7.920000,12400
2014-02-26,7.860000,7.860000,7.440000,7.500000,7.500000,19600
2014-02-27,7.440000,8.280000,7.440000,7.740000,7.740000,42900
2014-02-28,7.980000,7.980000,7.500000,7.680000,7.680000,16300
2014-03-03,7.680000,7.800000,7.500000,7.680000,7.680000,9800
2014-03-04,7.680000,7.800000,7.560000,7.560000,7.560000,11800
2014-03-05,7.740000,7.920000,7.620000,7.860000,7.860000,21700
2014-03-06,8.040000,8.340000,7.860000,7.980000,7.980000,23600
2014-03-07,7.920000,8.280000,7.860000,7.980000,7.980000,11800
2014-03-10,7.860000,8.040000,7.680000,8.040000,8.040000,11100
2014-03-11,7.860000,8.880000,7.860000,8.640000,8.640000,38600
2014-03-12,8.880000,8.880000,8.280000,8.400000,8.400000,13700
2014-03-13,8.700000,9.240000,8.160000,8.700000,8.700000,50400
2014-03-14,8.460000,8.520000,8.100000,8.220000,8.220000,11300
2014-03-17,8.400000,8.700000,8.280000,8.340000,8.340000,10300
2014-03-18,8.520000,10.020000,8.460000,9.480000,9.480000,148500
2014-03-19,9.600000,9.780000,8.520000,8.940000,8.940000,58500
2014-03-20,8.640000,8.940000,8.520000,8.820000,8.820000,15500
2014-03-21,9.060000,9.180000,8.700000,8.940000,8.940000,16900
2014-03-24,8.940000,8.940000,8.400000,8.520000,8.520000,7200
2014-03-25,8.400000,8.880000,8.400000,8.400000,8.400000,12200
2014-03-26,8.520000,8.700000,8.040000,8.160000,8.160000,19200
2014-03-27,8.280000,8.400000,8.040000,8.400000,8.400000,20100
2014-03-28,7.380000,7.680000,6.600000,7.200000,7.200000,67500
2014-03-31,7.200000,7.800000,6.720000,7.800000,7.800000,25400
2014-04-01,7.800000,7.920000,7.380000,7.680000,7.680000,7100
2014-04-02,7.800000,7.800000,7.320000,7.560000,7.560000,10000
2014-04-03,7.680000,7.800000,7.500000,7.680000,7.680000,3500
2014-04-04,7.620000,7.740000,7.140000,7.200000,7.200000,9500
2014-04-07,7.200000,7.320000,6.840000,6.840000,6.840000,15600
2014-04-08,6.780000,7.200000,6.720000,7.080000,7.080000,6000
2014-04-09,7.080000,7.440000,6.720000,7.140000,7.140000,5200
2014-04-10,7.200000,7.380000,7.200000,7.200000,7.200000,3000
2014-04-11,7.140000,7.140000,6.780000,7.020000,7.020000,12800
2014-04-14,6.960000,6.960000,6.180000,6.180000,6.180000,30800
2014-04-15,6.300000,6.300000,5.820000,5.820000,5.820000,33400
2014-04-16,6.060000,6.060000,5.640000,5.700000,5.700000,17500
2014-04-17,5.700000,5.820000,5.400000,5.640000,5.640000,11900
2014-04-21,5.400000,5.640000,5.400000,5.400000,5.400000,21000
2014-04-22,5.400000,5.820000,5.340000,5.640000,5.640000,20800
2014-04-23,5.520000,5.820000,5.520000,5.640000,5.640000,10400
2014-04-24,5.640000,5.820000,5.460000,5.700000,5.700000,5200
2014-04-25,5.520000,5.820000,5.460000,5.520000,5.520000,4000
2014-04-28,5.700000,6.120000,5.520000,6.000000,6.000000,14200
2014-04-29,6.120000,6.300000,6.000000,6.300000,6.300000,5100
2014-04-30,6.120000,6.300000,6.000000,6.180000,6.180000,5800
2014-05-01,6.060000,6.360000,6.000000,6.300000,6.300000,7300
2014-05-02,6.360000,6.960000,6.240000,6.540000,6.540000,6100
2014-05-05,6.480000,6.540000,6.060000,6.300000,6.300000,13400
2014-05-06,6.480000,6.480000,6.120000,6.120000,6.120000,5500
2014-05-07,6.060000,6.360000,6.060000,6.300000,6.300000,9100
2014-05-08,6.240000,6.420000,6.240000,6.300000,6.300000,5500
2014-05-09,6.300000,6.540000,6.300000,6.360000,6.360000,4600
2014-05-12,6.420000,6.660000,6.420000,6.480000,6.480000,11900
2014-05-13,6.660000,7.140000,6.540000,7.020000,7.020000,20400
2014-05-14,7.020000,7.020000,6.720000,7.020000,7.020000,9600
2014-05-15,6.780000,6.960000,5.760000,5.880000,5.880000,20600
2014-05-16,6.000000,6.540000,6.000000,6.060000,6.060000,14000
2014-05-19,6.060000,6.060000,5.520000,5.700000,5.700000,12700
2014-05-20,5.580000,5.640000,5.220000,5.580000,5.580000,19800
2014-05-21,5.460000,5.460000,4.980000,5.040000,5.040000,14700
2014-05-22,5.040000,5.400000,5.040000,5.220000,5.220000,26600
2014-05-23,4.920000,5.400000,4.920000,5.100000,5.100000,32100
2014-05-27,5.160000,5.340000,4.500000,4.800000,4.800000,31300
2014-05-28,5.100000,5.160000,4.620000,4.800000,4.800000,11400
2014-05-29,4.980000,4.980000,4.740000,4.920000,4.920000,3800
2014-05-30,4.740000,5.100000,4.740000,4.920000,4.920000,4700
2014-06-02,4.980000,5.040000,4.920000,4.920000,4.920000,2600
2014-06-03,5.040000,5.040000,4.980000,4.980000,4.980000,8500
2014-06-04,4.980000,5.040000,4.980000,5.040000,5.040000,4900
2014-06-05,4.860000,5.100000,4.860000,5.040000,5.040000,15700
2014-06-06,5.040000,5.280000,5.040000,5.280000,5.280000,28300
2014-06-09,5.400000,5.400000,5.220000,5.280000,5.280000,2900
2014-06-10,5.280000,5.280000,5.220000,5.220000,5.220000,3500
2014-06-11,5.280000,5.520000,5.220000,5.340000,5.340000,7300
2014-06-12,5.160000,5.580000,5.040000,5.400000,5.400000,8000
2014-06-13,5.460000,5.580000,5.400000,5.400000,5.400000,2400
2014-06-16,5.280000,5.400000,5.280000,5.280000,5.280000,1100
2014-06-17,5.400000,5.400000,5.340000,5.400000,5.400000,7300
2014-06-18,5.460000,5.460000,5.340000,5.460000,5.460000,5600
2014-06-19,5.460000,5.820000,5.340000,5.640000,5.640000,13900
2014-06-20,5.700000,5.880000,5.700000,5.760000,5.760000,14400
2014-06-23,5.760000,5.760000,5.400000,5.460000,5.460000,9400
2014-06-24,5.700000,5.700000,5.520000,5.580000,5.580000,7400
2014-06-25,5.580000,5.700000,5.520000,5.640000,5.640000,3000
2014-06-26,5.520000,5.700000,5.520000,5.640000,5.640000,3900
2014-06-27,5.520000,5.640000,4.860000,4.860000,4.860000,26800
2014-06-30,4.980000,5.400000,4.860000,5.220000,5.220000,13700
2014-07-01,5.400000,5.520000,5.400000,5.400000,5.400000,2900
2014-07-02,5.340000,5.400000,5.040000,5.340000,5.340000,10700
2014-07-03,5.160000,5.340000,5.160000,5.280000,5.280000,3200
2014-07-07,5.280000,5.280000,4.740000,4.920000,4.920000,30300
2014-07-08,5.280000,5.280000,4.560000,4.620000,4.620000,9600
2014-07-09,4.920000,4.920000,4.560000,4.560000,4.560000,13900
2014-07-10,4.680000,4.800000,4.620000,4.800000,4.800000,5200
2014-07-11,4.800000,5.040000,4.800000,5.040000,5.040000,3100
2014-07-14,4.860000,4.860000,4.680000,4.860000,4.860000,3200
2014-07-15,4.980000,4.980000,4.080000,4.200000,4.200000,18100
2014-07-16,4.080000,4.560000,4.020000,4.020000,4.020000,10800
2014-07-17,4.020000,4.020000,3.420000,3.720000,3.720000,24400
2014-07-18,3.420000,3.600000,3.000000,3.300000,3.300000,39900
2014-07-21,3.180000,3.600000,3.180000,3.540000,3.540000,21700
2014-07-22,3.600000,4.680000,3.600000,4.200000,4.200000,51400
2014-07-23,4.200000,4.560000,3.960000,4.020000,4.020000,10400
2014-07-24,4.080000,4.440000,3.660000,4.140000,4.140000,14700
2014-07-25,3.600000,4.080000,3.000000,4.080000,4.080000,17600
2014-07-28,3.900000,4.080000,3.540000,3.960000,3.960000,2400
2014-07-29,3.720000,3.720000,3.600000,3.600000,3.600000,6500
2014-07-30,3.660000,3.720000,3.000000,3.120000,3.120000,70300
2014-07-31,3.300000,3.300000,2.700000,3.000000,3.000000,41200
2014-08-01,3.000000,3.000000,2.400000,2.580000,2.580000,57800
2014-08-04,2.580000,3.000000,2.160000,2.760000,2.760000,70700
2014-08-05,2.460000,3.540000,2.460000,3.120000,3.120000,36000
2014-08-06,3.240000,3.300000,3.120000,3.300000,3.300000,30300
2014-08-07,3.600000,3.720000,3.240000,3.300000,3.300000,40000
2014-08-08,3.240000,3.900000,3.120000,3.600000,3.600000,16600
2014-08-11,3.720000,4.320000,3.600000,3.900000,3.900000,24300
2014-08-12,3.900000,4.020000,3.720000,3.900000,3.900000,12500
2014-08-13,3.720000,4.140000,3.720000,3.960000,3.960000,16000
2014-08-14,3.900000,4.020000,3.900000,3.900000,3.900000,5900
2014-08-15,3.900000,4.020000,3.780000,3.840000,3.840000,13700
2014-08-18,3.900000,3.900000,3.780000,3.840000,3.840000,2600
2014-08-19,3.900000,3.960000,3.840000,3.840000,3.840000,2600
2014-08-20,3.900000,3.960000,3.900000,3.900000,3.900000,3200
2014-08-21,3.900000,4.020000,3.840000,3.900000,3.900000,1900
2014-08-22,3.900000,3.960000,3.360000,3.900000,3.900000,7100
2014-08-25,3.900000,4.020000,3.540000,3.960000,3.960000,15700
2014-08-26,3.900000,4.020000,3.840000,4.020000,4.020000,3900
2014-08-27,4.320000,4.440000,4.140000,4.140000,4.140000,12500
2014-08-28,4.080000,4.140000,3.900000,4.080000,4.080000,14800
2014-08-29,4.260000,4.260000,4.080000,4.140000,4.140000,16500
2014-09-02,4.320000,4.500000,4.200000,4.440000,4.440000,35800
2014-09-03,4.500000,4.680000,4.440000,4.620000,4.620000,82100
2014-09-04,4.560000,5.400000,4.560000,5.160000,5.160000,71200
2014-09-05,5.100000,6.600000,5.040000,6.300000,6.300000,102500
2014-09-08,6.360000,9.060000,6.360000,6.960000,6.960000,487700
2014-09-09,6.720000,6.960000,5.820000,6.000000,6.000000,130600
2014-09-10,6.420000,6.420000,5.520000,5.700000,5.700000,53200
2014-09-11,5.700000,6.180000,5.160000,6.060000,6.060000,66500
2014-09-12,6.060000,6.120000,5.760000,5.880000,5.880000,10100
2014-09-15,5.940000,6.060000,5.220000,5.220000,5.220000,27100
2014-09-16,5.640000,5.700000,4.920000,5.040000,5.040000,24000
2014-09-17,5.100000,5.400000,4.860000,4.980000,4.980000,12400
2014-09-18,5.100000,5.220000,4.620000,5.100000,5.100000,19000
2014-09-19,5.280000,6.060000,5.160000,6.060000,6.060000,102000
2014-09-22,6.000000,6.060000,5.400000,5.400000,5.400000,18300
2014-09-23,5.460000,5.760000,5.400000,5.460000,5.460000,9200
2014-09-24,5.520000,5.760000,5.520000,5.760000,5.760000,8200
2014-09-25,5.880000,5.880000,5.520000,5.700000,5.700000,11300
2014-09-26,5.520000,5.640000,5.400000,5.580000,5.580000,17800
2014-09-29,5.460000,5.700000,5.400000,5.700000,5.700000,8900
2014-09-30,5.520000,5.700000,5.280000,5.460000,5.460000,14400
2014-10-01,5.520000,5.520000,5.280000,5.460000,5.460000,10000
2014-10-02,5.280000,5.580000,5.220000,5.400000,5.400000,9400
2014-10-03,5.340000,5.460000,5.160000,5.460000,5.460000,9200
2014-10-06,5.400000,5.400000,5.160000,5.280000,5.280000,11400
2014-10-07,5.160000,5.340000,5.160000,5.340000,5.340000,12700
2014-10-08,5.160000,5.340000,5.160000,5.160000,5.160000,2400
2014-10-09,5.160000,5.220000,4.440000,5.220000,5.220000,21400
2014-10-10,5.280000,5.280000,4.500000,4.740000,4.740000,9400
2014-10-13,4.560000,4.560000,4.380000,4.440000,4.440000,14800
2014-10-14,4.380000,4.500000,4.200000,4.200000,4.200000,5500
2014-10-15,4.320000,4.320000,4.020000,4.260000,4.260000,14400
2014-10-16,4.320000,4.620000,4.260000,4.380000,4.380000,5400
2014-10-17,4.380000,4.380000,4.020000,4.020000,4.020000,6800
2014-10-20,3.960000,4.380000,3.960000,4.200000,4.200000,4500
2014-10-21,4.080000,4.440000,4.080000,4.380000,4.380000,3500
2014-10-22,4.140000,4.380000,4.140000,4.380000,4.380000,18300
2014-10-23,4.440000,4.620000,4.440000,4.560000,4.560000,17100
2014-10-24,4.260000,4.620000,4.260000,4.500000,4.500000,25300
2014-10-27,4.560000,4.620000,4.260000,4.440000,4.440000,3300
2014-10-28,4.380000,4.440000,4.260000,4.320000,4.320000,3400
2014-10-29,4.200000,4.320000,4.080000,4.140000,4.140000,9800
2014-10-30,4.080000,4.320000,4.080000,4.200000,4.200000,9400
2014-10-31,4.200000,4.260000,4.080000,4.080000,4.080000,8900
2014-11-03,4.140000,4.260000,4.080000,4.140000,4.140000,5700
2014-11-04,4.080000,4.260000,3.960000,4.080000,4.080000,3500
2014-11-05,4.020000,4.200000,4.020000,4.020000,4.020000,4100
2014-11-06,4.020000,4.020000,3.600000,3.780000,3.780000,15400
2014-11-07,3.780000,3.900000,3.540000,3.660000,3.660000,13000
2014-11-10,3.600000,3.720000,3.600000,3.660000,3.660000,6200
2014-11-11,3.600000,3.780000,3.540000,3.600000,3.600000,10500
2014-11-12,3.420000,3.600000,3.420000,3.420000,3.420000,9100
2014-11-13,3.300000,3.600000,3.240000,3.480000,3.480000,9100
2014-11-14,3.480000,3.480000,3.060000,3.240000,3.240000,23200
2014-11-17,3.060000,3.240000,3.060000,3.060000,3.060000,19100
2014-11-18,3.060000,3.300000,3.060000,3.180000,3.180000,27300
2014-11-19,3.240000,3.420000,3.120000,3.300000,3.300000,32900
2014-11-20,3.180000,3.360000,3.180000,3.360000,3.360000,42000
2014-11-21,3.240000,3.240000,3.060000,3.180000,3.180000,12700
2014-11-24,3.060000,3.360000,3.060000,3.300000,3.300000,12800
2014-11-25,3.300000,3.480000,3.240000,3.420000,3.420000,10100
2014-11-26,3.300000,3.540000,3.120000,3.300000,3.300000,26500
2014-11-28,3.300000,3.300000,3.240000,3.300000,3.300000,10700
2014-12-01,3.240000,3.240000,2.880000,3.120000,3.120000,15000
2014-12-02,3.000000,3.180000,3.000000,3.120000,3.120000,8600
2014-12-03,3.000000,3.180000,2.820000,2.940000,2.940000,35800
2014-12-04,3.000000,3.120000,2.880000,3.060000,3.060000,3200
2014-12-05,3.060000,3.060000,2.640000,2.940000,2.940000,15200
2014-12-08,2.760000,3.060000,2.520000,3.000000,3.000000,32200
2014-12-09,2.700000,2.940000,2.700000,2.820000,2.820000,12600
2014-12-10,3.000000,3.000000,1.500000,2.220000,2.220000,145200
2014-12-11,2.220000,2.400000,1.800000,1.800000,1.800000,25000
2014-12-12,1.920000,2.340000,1.920000,2.220000,2.220000,22700
2014-12-15,2.040000,2.700000,2.040000,2.580000,2.580000,24800
2014-12-16,2.400000,2.580000,2.100000,2.580000,2.580000,22000
2014-12-17,2.520000,2.820000,2.340000,2.700000,2.700000,32900
2014-12-18,2.760000,2.880000,2.640000,2.880000,2.880000,22400
2014-12-19,2.820000,3.000000,1.860000,1.860000,1.860000,77400
2014-12-22,2.100000,2.400000,2.100000,2.280000,2.280000,27600
2014-12-23,2.400000,2.520000,2.160000,2.460000,2.460000,40500
2014-12-24,2.100000,2.400000,2.100000,2.280000,2.280000,4700
2014-12-26,2.160000,2.400000,2.100000,2.160000,2.160000,22900
2014-12-29,2.160000,2.400000,1.860000,2.220000,2.220000,34900
2014-12-30,2.160000,2.160000,1.980000,2.040000,2.040000,38300
2014-12-31,1.860000,2.700000,1.800000,2.460000,2.460000,137500
2015-01-02,2.399995,2.939994,2.399995,2.519995,2.519995,107000
2015-01-05,2.459995,2.939994,2.279995,2.279995,2.279995,70800
2015-01-06,2.279995,2.639995,2.219995,2.519995,2.519995,18300
2015-01-07,2.519995,2.699995,2.279995,2.279995,2.279995,84200
2015-01-08,2.339995,2.399995,2.339995,2.399995,2.399995,59000
2015-01-09,2.639995,2.879994,2.519995,2.819994,2.819994,60000
2015-01-12,2.819994,2.819994,2.519995,2.699995,2.699995,65700
2015-01-13,2.519995,2.879994,2.519995,2.639995,2.639995,46800
2015-01-14,2.639995,2.819994,2.459995,2.519995,2.519995,56800
2015-01-15,2.759995,2.879994,2.639995,2.879994,2.879994,82900
2015-01-16,2.879994,3.239994,2.819994,2.879994,2.879994,97400
2015-01-20,3.239994,3.239994,2.639995,2.759995,2.759995,168500
2015-01-21,2.579995,2.699995,2.399995,2.459995,2.459995,318800
2015-01-22,2.519995,2.639995,2.399995,2.519995,2.519995,58400
2015-01-23,2.579995,2.639995,2.519995,2.579995,2.579995,107900
2015-01-26,2.639995,2.939994,2.579995,2.939994,2.939994,78700
2015-01-27,2.939994,2.939994,2.699995,2.699995,2.699995,56700
2015-01-28,2.579995,2.699995,2.579995,2.579995,2.579995,28500
2015-01-29,2.459995,2.759995,2.399995,2.519995,2.519995,63300
2015-01-30,2.579995,2.759995,2.519995,2.579995,2.579995,16300
2015-02-02,2.639995,2.639995,2.399995,2.399995,2.399995,8300
2015-02-03,2.519995,2.579995,2.339995,2.579995,2.579995,74000
2015-02-04,2.519995,2.519995,2.399995,2.519995,2.519995,21100
2015-02-05,2.519995,2.579995,2.339995,2.459995,2.459995,17300
2015-02-06,2.579995,2.639995,2.339995,2.579995,2.579995,20100
2015-02-09,2.699995,2.699995,2.639995,2.699995,2.699995,33800
2015-02-10,2.699995,2.879994,2.519995,2.879994,2.879994,32300
2015-02-11,2.879994,2.879994,2.699995,2.879994,2.879994,30400
2015-02-12,2.879994,2.879994,2.459995,2.759995,2.759995,34000
2015-02-13,2.699995,2.759995,2.399995,2.639995,2.639995,20000
2015-02-17,2.579995,2.819994,2.579995,2.579995,2.579995,19000
2015-02-18,2.879994,2.879994,2.699995,2.699995,2.699995,41700
2015-02-19,2.760000,2.880000,2.700000,2.700000,2.700000,3300
2015-02-20,2.879994,2.879994,2.699995,2.699995,2.699995,25400
2015-02-23,2.699995,2.819994,2.579995,2.759995,2.759995,48800
2015-02-24,2.819994,3.539993,2.759995,3.419993,3.419993,992500
2015-02-25,3.119994,3.299994,2.879994,2.879994,2.879994,347800
2015-02-26,2.999994,3.659993,2.939994,3.239994,3.239994,331900
2015-02-27,3.659993,3.899992,3.419993,3.899992,3.899992,164800
2015-03-02,4.079992,4.139992,3.299994,4.019992,4.019992,170800
2015-03-03,4.919990,7.679985,4.739991,6.299987,6.299987,4074000
2015-03-04,6.299987,6.359987,5.219990,5.819988,5.819988,979700
2015-03-05,6.599987,6.599987,4.979990,5.159990,5.159990,332600
2015-03-06,5.459989,5.459989,4.919990,5.099990,5.099990,87500
2015-03-09,4.979990,5.099990,4.799990,4.919990,4.919990,123100
2015-03-10,4.619991,4.799990,4.619991,4.679991,4.679991,73700
2015-03-11,4.680000,4.740000,4.260000,4.320000,4.320000,33300
2015-03-12,4.319992,5.039990,4.319992,4.859990,4.859990,168000
2015-03-13,4.799990,4.799990,4.259992,4.619991,4.619991,104800
2015-03-16,4.439991,4.679991,4.439991,4.499991,4.499991,45500
2015-03-17,4.679991,4.859990,4.499991,4.739991,4.739991,58500
2015-03-18,4.739991,4.859990,4.499991,4.619991,4.619991,40800
2015-03-19,4.620000,5.100000,4.620000,4.800000,4.800000,17300
2015-03-20,4.799990,4.979990,3.899992,3.899992,3.899992,135400
2015-03-23,3.899992,3.899992,3.539993,3.539993,3.539993,180800
2015-03-24,3.719993,3.899992,3.539993,3.599993,3.599993,178300
2015-03-25,3.959992,3.959992,3.599993,3.659993,3.659993,82900
2015-03-26,3.659993,3.779992,3.599993,3.599993,3.599993,17900
2015-03-27,3.719993,3.899992,3.659993,3.659993,3.659993,50500
2015-03-30,3.779992,3.899992,3.779992,3.779992,3.779992,38400
2015-03-31,3.839992,3.899992,3.719993,3.719993,3.719993,31000
2015-04-01,3.659993,3.839992,3.659993,3.779992,3.779992,27300
2015-04-02,3.779992,3.899992,3.659993,3.779992,3.779992,58700
2015-04-06,3.959992,3.959992,3.659993,3.659993,3.659993,59100
2015-04-07,3.659993,3.959992,3.659993,3.839992,3.839992,40100
2015-04-08,3.839992,3.839992,3.719993,3.779992,3.779992,13800
2015-04-09,3.779992,3.839992,3.719993,3.839992,3.839992,8000
2015-04-10,3.839992,4.199992,3.839992,4.199992,4.199992,69300
2015-04-13,4.139992,4.199992,4.019992,4.199992,4.199992,59900
2015-04-14,4.139992,4.739991,4.139992,4.379991,4.379991,186200
2015-04-15,4.560000,5.040000,4.500000,4.800000,4.800000,20500
2015-04-16,4.980000,4.980000,4.260000,4.740000,4.740000,7400
2015-04-17,4.859990,4.859990,4.199992,4.619991,4.619991,24000
2015-04-20,4.799990,4.799990,4.439991,4.439991,4.439991,35700
2015-04-21,4.500000,4.800000,4.200000,4.680000,4.680000,9200
2015-04-22,4.500000,4.920000,4.380000,4.800000,4.800000,13200
2015-04-23,4.619991,4.859990,4.559991,4.559991,4.559991,55800
2015-04-24,4.439991,4.739991,4.439991,4.559991,4.559991,112900
2015-04-27,4.739991,4.799990,4.679991,4.739991,4.739991,56000
2015-04-28,4.799990,4.919990,4.739991,4.739991,4.739991,39200
2015-04-29,4.739991,4.739991,4.379991,4.619991,4.619991,36800
2015-04-30,4.499991,4.679991,4.439991,4.619991,4.619991,115500
2015-05-01,4.619991,4.679991,4.559991,4.559991,4.559991,13700
2015-05-04,4.499991,4.559991,4.499991,4.499991,4.499991,303100
2015-05-05,4.499991,4.679991,4.379991,4.619991,4.619991,46200
2015-05-06,4.619991,4.679991,4.559991,4.619991,4.619991,18500
2015-05-07,4.379991,4.739991,4.199992,4.379991,4.379991,362200
2015-05-08,4.799990,5.099990,4.799990,4.799990,4.799990,273500
2015-05-11,4.859990,5.039990,4.499991,4.739991,4.739991,113500
2015-05-12,5.039990,5.039990,4.619991,4.739991,4.739991,81100
2015-05-13,4.679991,4.859990,4.619991,4.679991,4.679991,71600
2015-05-14,3.299994,4.499991,3.299994,4.439991,4.439991,262800
2015-05-15,4.379991,4.619991,4.199992,4.559991,4.559991,59000
2015-05-18,4.499991,4.679991,4.499991,4.499991,4.499991,55400
2015-05-19,4.500000,4.620000,4.380000,4.500000,4.500000,7900
2015-05-20,4.559991,4.799990,4.559991,4.679991,4.679991,37500
2015-05-21,4.799990,4.799990,4.559991,4.559991,4.559991,11700
2015-05-22,4.619991,4.619991,4.559991,4.559991,4.559991,28300
2015-05-26,4.679991,4.679991,4.319992,4.499991,4.499991,42800
2015-05-27,4.500000,4.760000,4.300000,4.500000,4.500000,40900
2015-05-28,4.500000,4.550000,4.350000,4.400000,4.400000,45800
2015-05-29,4.450000,4.450000,4.350000,4.380000,4.380000,60600
2015-06-01,4.400000,4.520000,4.380000,4.410000,4.410000,28500
2015-06-02,4.400000,4.450000,4.400000,4.400000,4.400000,10600
2015-06-03,4.400000,4.500000,4.400000,4.400000,4.400000,20000
2015-06-04,4.410000,4.490000,4.410000,4.410000,4.410000,5500
2015-06-05,4.400000,4.510000,4.400000,4.460000,4.460000,31300
2015-06-08,4.450000,4.520000,4.440000,4.510000,4.510000,81800
2015-06-09,4.540000,4.600000,4.410000,4.480000,4.480000,54300
2015-06-10,4.410000,4.420000,3.750000,3.820000,3.820000,77000
2015-06-11,3.750000,3.750000,3.160000,3.320000,3.320000,71300
2015-06-12,3.310000,3.560000,3.110000,3.220000,3.220000,18100
2015-06-15,3.170000,3.250000,2.930000,3.190000,3.190000,44300
2015-06-16,3.250000,4.240000,3.110000,3.780000,3.780000,139800
2015-06-17,3.860000,3.950000,3.600000,3.850000,3.850000,18000
2015-06-18,3.630000,3.850000,3.540000,3.840000,3.840000,19700
2015-06-19,3.840000,3.950000,3.660000,3.840000,3.840000,24600
2015-06-22,3.760000,3.760000,3.590000,3.700000,3.700000,3400
2015-06-23,3.700000,4.290000,3.700000,4.160000,4.160000,20300
2015-06-24,4.160000,4.300000,3.950000,4.050000,4.050000,6900
2015-06-25,4.000000,4.120000,3.920000,4.000000,4.000000,13100
2015-06-26,4.000000,4.000000,3.700000,3.990000,3.990000,4800
2015-06-29,4.060000,4.060000,3.830000,3.830000,3.830000,11100
2015-06-30,3.800000,3.900000,3.750000,3.750000,3.750000,9000
2015-07-01,3.920000,3.940000,3.830000,3.880000,3.880000,5600
2015-07-02,4.070000,4.070000,3.770000,3.780000,3.780000,9800
2015-07-06,3.880000,4.000000,3.770000,3.770000,3.770000,13200
2015-07-07,3.880000,3.880000,3.570000,3.740000,3.740000,2700
2015-07-08,3.710000,3.840000,3.610000,3.740000,3.740000,6300
2015-07-09,3.890000,3.890000,3.700000,3.770000,3.770000,5600
2015-07-10,3.700000,3.730000,3.690000,3.700000,3.700000,1500
2015-07-13,3.700000,3.700000,3.320000,3.450000,3.450000,18600
2015-07-14,3.460000,3.550000,3.330000,3.360000,3.360000,8500
2015-07-15,3.310000,3.450000,3.310000,3.330000,3.330000,3700
2015-07-16,3.340000,3.370000,3.270000,3.290000,3.290000,15700
2015-07-17,3.300000,3.540000,3.120000,3.410000,3.410000,14600
2015-07-20,3.490000,3.490000,3.260000,3.490000,3.490000,6400
2015-07-21,3.360000,3.440000,3.310000,3.350000,3.350000,11100
2015-07-22,3.400000,3.550000,3.400000,3.440000,3.440000,5700
2015-07-23,3.330000,3.640000,3.330000,3.510000,3.510000,11200
2015-07-24,3.440000,3.440000,3.340000,3.340000,3.340000,2300
2015-07-27,3.360000,3.360000,3.220000,3.360000,3.360000,1900
2015-07-28,3.300000,3.390000,3.300000,3.320000,3.320000,6800
2015-07-29,3.300000,3.350000,3.220000,3.220000,3.220000,6900
2015-07-30,3.220000,3.400000,3.220000,3.320000,3.320000,8000
2015-07-31,3.480000,3.480000,3.480000,3.480000,3.480000,100
2015-08-03,3.330000,3.350000,3.230000,3.230000,3.230000,1400
2015-08-04,3.220000,3.230000,3.010000,3.140000,3.140000,2800
2015-08-05,3.100000,3.200000,3.000000,3.010000,3.010000,13300
2015-08-06,3.000000,3.130000,3.000000,3.050000,3.050000,8900
2015-08-07,3.060000,3.060000,3.060000,3.060000,3.060000,2500
2015-08-10,3.040000,3.340000,3.040000,3.150000,3.150000,8500
2015-08-11,3.080000,3.080000,2.760000,2.810000,2.810000,9300
2015-08-12,2.800000,2.950000,2.620000,2.770000,2.770000,16500
2015-08-13,2.000000,2.920000,1.820000,2.810000,2.810000,12400
2015-08-14,2.200000,2.900000,2.200000,2.640000,2.640000,8100
2015-08-17,2.510000,2.800000,2.120000,2.370000,2.370000,13100
2015-08-18,2.340000,2.500000,2.340000,2.460000,2.460000,25700
2015-08-19,2.460000,2.460000,2.400000,2.400000,2.400000,700
2015-08-20,2.480000,2.480000,2.210000,2.380000,2.380000,12500
2015-08-21,2.350000,2.350000,1.950000,2.090000,2.090000,12900
2015-08-24,1.070000,2.030000,1.070000,2.030000,2.030000,15300
2015-08-25,1.750000,1.950000,1.750000,1.920000,1.920000,17400
2015-08-26,2.110000,2.110000,1.580000,1.900000,1.900000,20900
2015-08-27,1.480000,1.880000,1.480000,1.780000,1.780000,20800
2015-08-28,1.890000,2.100000,1.800000,2.000000,2.000000,33300
2015-08-31,1.960000,2.180000,1.960000,2.080000,2.080000,3400
2015-09-01,2.060000,2.080000,1.870000,1.900000,1.900000,1500
2015-09-02,1.920000,2.120000,1.910000,2.010000,2.010000,4300
2015-09-03,2.020000,2.250000,2.020000,2.090000,2.090000,41000
2015-09-04,2.120000,2.240000,1.870000,2.200000,2.200000,27800
2015-09-08,2.190000,2.500000,1.830000,2.170000,2.170000,55600
2015-09-09,2.120000,2.250000,1.930000,2.030000,2.030000,3500
2015-09-10,2.070000,2.410000,1.920000,2.230000,2.230000,47700
2015-09-11,2.150000,2.200000,2.080000,2.120000,2.120000,4600
2015-09-14,2.120000,2.200000,2.120000,2.120000,2.120000,22700
2015-09-15,2.130000,2.210000,2.090000,2.110000,2.110000,56100
2015-09-16,2.130000,2.130000,2.050000,2.050000,2.050000,9600
2015-09-17,2.090000,2.200000,2.020000,2.090000,2.090000,43900
2015-09-18,2.000000,2.330000,2.000000,2.180000,2.180000,41300
2015-09-21,2.110000,2.160000,2.050000,2.070000,2.070000,11300
2015-09-22,2.060000,2.300000,1.970000,1.970000,1.970000,18000
2015-09-23,1.960000,2.040000,1.960000,1.970000,1.970000,4000
2015-09-24,1.940000,1.940000,1.760000,1.760000,1.760000,24000
2015-09-25,1.750000,1.780000,1.380000,1.550000,1.550000,24600
2015-09-28,1.550000,1.600000,1.510000,1.530000,1.530000,9600
2015-09-29,1.510000,1.510000,1.320000,1.410000,1.410000,16200
2015-09-30,1.410000,1.440000,1.380000,1.380000,1.380000,3600
2015-10-01,1.410000,1.580000,1.360000,1.550000,1.550000,10100
2015-10-02,1.550000,1.580000,1.500000,1.580000,1.580000,4200
2015-10-05,1.590000,1.670000,1.480000,1.520000,1.520000,16600
2015-10-06,1.520000,1.550000,1.480000,1.540000,1.540000,3800
2015-10-07,1.530000,1.550000,1.500000,1.500000,1.500000,20100
2015-10-08,1.690000,1.870000,1.530000,1.840000,1.840000,174900
2015-10-09,1.770000,2.220000,1.750000,2.220000,2.220000,92600
2015-10-12,3.280000,3.980000,2.220000,2.890000,2.890000,497000
2015-10-13,3.090000,3.800000,2.810000,3.060000,3.060000,454200
2015-10-14,3.370000,3.580000,2.650000,2.980000,2.980000,164100
2015-10-15,3.090000,3.140000,2.830000,3.080000,3.080000,77000
2015-10-16,2.920000,3.000000,2.700000,2.750000,2.750000,36800
2015-10-19,2.590000,2.910000,2.340000,2.420000,2.420000,53000
2015-10-20,2.440000,2.980000,2.350000,2.950000,2.950000,140900
2015-10-21,2.750000,3.130000,2.700000,3.100000,3.100000,91800
2015-10-22,3.340000,3.340000,2.730000,2.950000,2.950000,23700
2015-10-23,3.130000,3.130000,2.650000,2.830000,2.830000,51700
2015-10-26,2.850000,2.870000,2.650000,2.650000,2.650000,26700
2015-10-27,2.570000,2.650000,2.550000,2.550000,2.550000,18900
2015-10-28,2.650000,3.180000,2.640000,2.790000,2.790000,29000
2015-10-29,2.690000,2.800000,2.490000,2.520000,2.520000,42600
2015-10-30,2.780000,2.780000,2.500000,2.560000,2.560000,22300
2015-11-02,2.500000,2.500000,2.350000,2.350000,2.350000,39900
2015-11-03,2.360000,2.630000,2.160000,2.410000,2.410000,29000
2015-11-04,2.540000,2.540000,2.190000,2.340000,2.340000,4300
2015-11-05,2.370000,2.450000,2.290000,2.330000,2.330000,10300
2015-11-06,2.360000,2.640000,2.300000,2.610000,2.610000,25200
2015-11-09,2.680000,2.680000,2.360000,2.650000,2.650000,11700
2015-11-10,2.680000,2.680000,2.150000,2.360000,2.360000,43900
2015-11-11,2.360000,2.510000,2.170000,2.320000,2.320000,50700
2015-11-12,2.220000,2.440000,2.060000,2.070000,2.070000,33700
2015-11-13,2.100000,2.150000,2.100000,2.100000,2.100000,15600
2015-11-16,2.100000,2.100000,1.850000,1.970000,1.970000,17500
2015-11-17,1.970000,1.970000,1.820000,1.820000,1.820000,11000
2015-11-18,1.850000,2.700000,1.820000,2.100000,2.100000,73900
2015-11-19,2.120000,2.430000,2.020000,2.140000,2.140000,24700
2015-11-20,2.170000,2.190000,1.990000,2.180000,2.180000,24000
2015-11-23,1.950000,2.190000,1.910000,2.160000,2.160000,26600
2015-11-24,2.090000,2.160000,1.920000,2.000000,2.000000,21500
2015-11-25,1.980000,2.020000,1.940000,1.950000,1.950000,6200
2015-11-27,1.970000,2.190000,1.920000,2.160000,2.160000,20800
2015-11-30,2.180000,2.180000,2.030000,2.070000,2.070000,14700
2015-12-01,2.060000,2.100000,1.960000,2.100000,2.100000,40200
2015-12-02,2.030000,2.030000,1.910000,2.000000,2.000000,22900
2015-12-03,1.920000,2.000000,1.920000,1.930000,1.930000,6800
2015-12-04,1.960000,1.960000,1.910000,1.940000,1.940000,2000
2015-12-07,1.940000,1.940000,1.720000,1.730000,1.730000,15000
2015-12-08,1.730000,1.730000,1.530000,1.540000,1.540000,29700
2015-12-09,1.530000,1.600000,1.530000,1.550000,1.550000,22900
2015-12-10,1.530000,1.620000,1.420000,1.430000,1.430000,39200
2015-12-11,1.440000,1.590000,1.400000,1.450000,1.450000,40900
2015-12-14,1.490000,1.490000,1.310000,1.320000,1.320000,19400
2015-12-15,1.350000,1.750000,1.250000,1.750000,1.750000,266400
2015-12-16,1.800000,1.890000,1.360000,1.650000,1.650000,232200
2015-12-17,1.620000,2.020000,1.450000,2.020000,2.020000,48400
2015-12-18,1.900000,1.980000,1.660000,1.740000,1.740000,204300
2015-12-21,1.650000,1.700000,1.600000,1.610000,1.610000,30400
2015-12-22,1.610000,1.610000,1.570000,1.580000,1.580000,9100
2015-12-23,1.570000,1.700000,1.570000,1.590000,1.590000,43400
2015-12-24,1.700000,1.700000,1.480000,1.500000,1.500000,24400
2015-12-28,1.590000,1.590000,1.360000,1.530000,1.530000,54200
2015-12-29,1.510000,1.540000,1.450000,1.510000,1.510000,6300
2015-12-30,1.460000,1.500000,1.450000,1.470000,1.470000,6800
2015-12-31,1.490000,1.540000,1.430000,1.540000,1.540000,15200
2016-01-04,1.490000,1.540000,1.420000,1.480000,1.480000,17400
2016-01-05,1.480000,1.500000,1.430000,1.500000,1.500000,11800
2016-01-06,1.510000,1.510000,1.430000,1.470000,1.470000,6500
2016-01-07,1.490000,1.490000,1.430000,1.440000,1.440000,14700
2016-01-08,1.450000,1.480000,1.440000,1.440000,1.440000,1000
2016-01-11,1.430000,1.430000,1.330000,1.330000,1.330000,6600
2016-01-12,1.410000,1.410000,1.290000,1.320000,1.320000,10300
2016-01-13,1.330000,1.330000,1.260000,1.300000,1.300000,5900
2016-01-14,1.270000,1.320000,1.260000,1.320000,1.320000,9800
2016-01-15,1.320000,1.320000,1.120000,1.150000,1.150000,22700
2016-01-19,1.170000,1.200000,1.130000,1.130000,1.130000,15500
2016-01-20,1.100000,1.270000,1.040000,1.160000,1.160000,16100
2016-01-21,1.230000,1.250000,1.210000,1.210000,1.210000,3600
2016-01-22,1.220000,1.260000,1.200000,1.220000,1.220000,8700
2016-01-25,1.230000,1.230000,1.150000,1.150000,1.150000,18600
2016-01-26,1.160000,1.160000,1.130000,1.130000,1.130000,14600
2016-01-27,1.130000,1.150000,1.060000,1.090000,1.090000,43100
2016-01-28,1.070000,1.090000,0.980000,0.980000,0.980000,38400
2016-01-29,1.020000,1.030000,0.860000,0.860000,0.860000,70500
2016-02-01,0.900000,1.040000,0.880000,1.040000,1.040000,31000
2016-02-02,1.070000,1.230000,1.070000,1.200000,1.200000,40300
2016-02-03,1.240000,1.240000,1.130000,1.240000,1.240000,27100
2016-02-04,1.220000,1.220000,1.160000,1.180000,1.180000,8700
2016-02-05,1.200000,1.250000,1.170000,1.220000,1.220000,22900
2016-02-08,1.230000,1.270000,1.230000,1.250000,1.250000,3800
2016-02-09,1.250000,1.420000,1.180000,1.270000,1.270000,13900
2016-02-10,1.240000,1.340000,1.240000,1.250000,1.250000,1900
2016-02-11,1.220000,1.320000,1.200000,1.310000,1.310000,21500
2016-02-12,1.320000,1.330000,1.300000,1.300000,1.300000,18000
2016-02-16,1.300000,1.480000,1.300000,1.430000,1.430000,21200
2016-02-17,1.480000,1.480000,1.400000,1.420000,1.420000,7400
2016-02-18,1.420000,1.420000,1.380000,1.380000,1.380000,2400
2016-02-19,1.330000,1.350000,1.320000,1.320000,1.320000,6300
2016-02-22,1.340000,1.390000,1.340000,1.370000,1.370000,9000
2016-02-23,1.390000,1.470000,1.390000,1.420000,1.420000,24500
2016-02-24,1.370000,1.430000,1.360000,1.430000,1.430000,6700
2016-02-25,1.400000,1.470000,1.400000,1.430000,1.430000,8000
2016-02-26,1.460000,1.490000,1.460000,1.480000,1.480000,37100
2016-02-29,1.490000,1.600000,1.490000,1.520000,1.520000,20300
2016-03-01,1.570000,1.680000,1.570000,1.640000,1.640000,11200
2016-03-02,1.640000,1.750000,1.640000,1.720000,1.720000,16900
2016-03-03,1.760000,1.870000,1.750000,1.760000,1.760000,16400
2016-03-04,1.760000,2.070000,1.760000,1.910000,1.910000,42000
2016-03-07,2.060000,2.220000,2.060000,2.120000,2.120000,57800
2016-03-08,2.190000,2.220000,2.140000,2.150000,2.150000,40400
2016-03-09,2.160000,2.240000,2.140000,2.210000,2.210000,55400
2016-03-10,2.250000,2.290000,1.920000,2.150000,2.150000,54700
2016-03-11,2.130000,2.170000,1.890000,2.060000,2.060000,22600
2016-03-14,2.140000,2.160000,2.050000,2.100000,2.100000,7400
2016-03-15,2.060000,2.180000,1.920000,2.090000,2.090000,8300
2016-03-16,2.070000,2.110000,2.010000,2.010000,2.010000,25500
2016-03-17,2.050000,2.110000,1.980000,2.010000,2.010000,16000
2016-03-18,2.100000,2.100000,2.020000,2.030000,2.030000,21000
2016-03-21,2.070000,2.090000,2.020000,2.060000,2.060000,12700
2016-03-22,2.080000,2.100000,2.060000,2.070000,2.070000,7200
2016-03-23,2.080000,2.110000,2.040000,2.050000,2.050000,13300
2016-03-24,2.050000,2.070000,1.990000,2.040000,2.040000,20600
2016-03-28,2.090000,2.100000,2.010000,2.010000,2.010000,7700
2016-03-29,1.990000,2.080000,1.920000,1.960000,1.960000,57000
2016-03-30,2.250000,2.250000,1.910000,1.930000,1.930000,45300
2016-03-31,1.950000,1.950000,1.900000,1.900000,1.900000,6400
2016-04-01,1.900000,1.920000,1.860000,1.860000,1.860000,6100
2016-04-04,1.860000,1.870000,1.800000,1.800000,1.800000,3900
2016-04-05,1.790000,1.790000,1.570000,1.680000,1.680000,17400
2016-04-06,1.820000,1.820000,1.660000,1.660000,1.660000,7200
2016-04-07,1.670000,1.690000,1.670000,1.690000,1.690000,500
2016-04-08,1.720000,1.740000,1.660000,1.690000,1.690000,5000
2016-04-11,1.730000,1.740000,1.700000,1.710000,1.710000,15100
2016-04-12,1.740000,1.740000,1.710000,1.730000,1.730000,32200
2016-04-13,1.740000,1.800000,1.700000,1.700000,1.700000,17800
2016-04-14,1.690000,1.700000,1.620000,1.670000,1.670000,96900
2016-04-15,1.670000,1.670000,1.650000,1.650000,1.650000,109500
2016-04-18,1.650000,1.650000,1.600000,1.610000,1.610000,54900
2016-04-19,1.590000,1.590000,1.500000,1.510000,1.510000,43800
2016-04-20,1.500000,1.500000,1.380000,1.430000,1.430000,30500
2016-04-21,1.440000,1.490000,1.440000,1.490000,1.490000,3800
2016-04-22,1.500000,1.630000,1.460000,1.500000,1.500000,21100
2016-04-25,1.500000,1.530000,1.500000,1.510000,1.510000,1500
2016-04-26,1.510000,1.560000,1.510000,1.530000,1.530000,4800
2016-04-27,1.510000,1.590000,1.510000,1.510000,1.510000,5900
2016-04-28,1.520000,1.600000,1.510000,1.560000,1.560000,9400
2016-04-29,1.520000,1.580000,1.520000,1.520000,1.520000,3100
2016-05-02,1.550000,1.550000,1.530000,1.530000,1.530000,3100
2016-05-03,1.530000,1.530000,1.490000,1.500000,1.500000,20900
2016-05-04,1.580000,1.620000,1.550000,1.560000,1.560000,49300
2016-05-05,1.550000,1.550000,1.460000,1.460000,1.460000,9200
2016-05-06,1.460000,1.540000,1.460000,1.540000,1.540000,1300
2016-05-09,1.490000,1.690000,1.380000,1.450000,1.450000,21000
2016-05-10,1.420000,1.500000,1.390000,1.400000,1.400000,2400
2016-05-11,1.410000,1.450000,1.390000,1.420000,1.420000,3900
2016-05-12,1.450000,1.490000,1.450000,1.450000,1.450000,2300
2016-05-13,1.450000,1.450000,1.350000,1.350000,1.350000,6700
2016-05-16,1.390000,1.460000,1.120000,1.170000,1.170000,42000
2016-05-17,1.130000,1.440000,0.960000,0.970000,0.970000,98400
2016-05-18,0.950000,1.100000,0.950000,0.950000,0.950000,136800
2016-05-19,0.960000,1.030000,0.880000,0.890000,0.890000,93500
2016-05-20,0.810000,0.910000,0.630000,0.820000,0.820000,92100
2016-05-23,0.800000,0.870000,0.800000,0.820000,0.820000,107900
2016-05-24,0.860000,0.890000,0.800000,0.850000,0.850000,79700
2016-05-25,0.840000,0.850000,0.810000,0.820000,0.820000,24300
2016-05-26,0.820000,0.860000,0.810000,0.810000,0.810000,12900
2016-05-27,0.810000,0.890000,0.780000,0.780000,0.780000,65100
2016-05-31,0.810000,0.880000,0.730000,0.800000,0.800000,45600
2016-06-01,0.850000,0.850000,0.720000,0.830000,0.830000,25300
2016-06-02,0.850000,0.850000,0.790000,0.800000,0.800000,22900
2016-06-03,0.810000,0.820000,0.750000,0.770000,0.770000,22500
2016-06-06,0.750000,0.800000,0.720000,0.750000,0.750000,22800
2016-06-07,0.770000,0.770000,0.710000,0.720000,0.720000,10900
2016-06-08,0.720000,0.720000,0.600000,0.640000,0.640000,113100
2016-06-09,0.660000,0.660000,0.600000,0.610000,0.610000,41200
2016-06-10,0.620000,0.670000,0.540000,0.560000,0.560000,47600
2016-06-13,0.580000,0.600000,0.570000,0.600000,0.600000,24500
2016-06-14,0.600000,0.730000,0.600000,0.700000,0.700000,52500
2016-06-15,0.710000,0.800000,0.710000,0.760000,0.760000,81200
2016-06-16,0.800000,0.940000,0.750000,0.880000,0.880000,95000
2016-06-17,0.870000,0.970000,0.850000,0.920000,0.920000,48200
2016-06-20,1.000000,1.000000,0.790000,0.830000,0.830000,60000
2016-06-21,0.900000,0.900000,0.700000,0.730000,0.730000,44700
2016-06-22,0.750000,0.770000,0.660000,0.720000,0.720000,84800
2016-06-23,0.720000,0.830000,0.720000,0.800000,0.800000,27000
2016-06-24,0.710000,0.930000,0.710000,0.920000,0.920000,37700
2016-06-27,0.940000,0.940000,0.830000,0.850000,0.850000,1500
2016-06-28,0.840000,0.840000,0.740000,0.820000,0.820000,31400
2016-06-29,0.890000,0.890000,0.820000,0.840000,0.840000,13300
2016-06-30,0.850000,0.900000,0.820000,0.830000,0.830000,12800
2016-07-01,0.850000,0.880000,0.840000,0.850000,0.850000,12400
2016-07-05,0.820000,0.820000,0.820000,0.820000,0.820000,200
2016-07-06,0.860000,0.880000,0.800000,0.870000,0.870000,11800
2016-07-07,0.790000,0.860000,0.790000,0.860000,0.860000,7600
2016-07-08,0.870000,0.870000,0.780000,0.800000,0.800000,35700
2016-07-11,0.800000,0.860000,0.780000,0.830000,0.830000,14800
2016-07-12,0.800000,0.850000,0.800000,0.830000,0.830000,9000
2016-07-13,0.830000,0.850000,0.800000,0.850000,0.850000,4500
2016-07-14,0.850000,0.850000,0.800000,0.830000,0.830000,8000
2016-07-15,0.850000,0.850000,0.720000,0.760000,0.760000,9800
2016-07-18,0.790000,0.810000,0.790000,0.790000,0.790000,6200
2016-07-19,0.760000,0.850000,0.760000,0.840000,0.840000,25400
2016-07-20,0.790000,0.840000,0.790000,0.840000,0.840000,700
2016-07-21,0.850000,0.850000,0.750000,0.800000,0.800000,48100
2016-07-22,0.820000,0.820000,0.700000,0.800000,0.800000,191800
2016-07-25,0.780000,0.790000,0.700000,0.770000,0.770000,189900
2016-07-26,0.750000,0.850000,0.740000,0.750000,0.750000,188800
2016-07-27,0.750000,0.780000,0.710000,0.750000,0.750000,130800
2016-07-28,0.730000,0.770000,0.710000,0.730000,0.730000,29700
2016-07-29,0.750000,0.800000,0.560000,0.590000,0.590000,186900
2016-08-01,0.580000,0.640000,0.540000,0.540000,0.540000,71800
2016-08-02,0.550000,0.560000,0.430000,0.450000,0.450000,106100
2016-08-03,0.500000,0.500000,0.430000,0.440000,0.440000,40400
2016-08-04,0.450000,0.560000,0.400000,0.470000,0.470000,165500
2016-08-05,0.460000,0.560000,0.450000,0.480000,0.480000,241100
2016-08-08,0.480000,0.550000,0.470000,0.470000,0.470000,96300
2016-08-09,0.470000,0.500000,0.430000,0.450000,0.450000,97800
2016-08-10,0.450000,0.470000,0.450000,0.460000,0.460000,19300
2016-08-11,0.420000,0.480000,0.410000,0.450000,0.450000,27400
2016-08-12,0.440000,0.470000,0.420000,0.460000,0.460000,44800
2016-08-15,0.450000,0.480000,0.420000,0.450000,0.450000,39600
2016-08-16,0.460000,0.460000,0.400000,0.400000,0.400000,91000
2016-08-17,0.400000,0.430000,0.380000,0.410000,0.410000,39200
2016-08-18,0.410000,0.420000,0.370000,0.400000,0.400000,66200
2016-08-19,0.390000,0.420000,0.380000,0.390000,0.390000,66300
2016-08-22,0.400000,0.410000,0.370000,0.390000,0.390000,39400
2016-08-23,0.650000,0.650000,0.450000,0.460000,0.460000,959100
2016-08-24,0.500000,0.500000,0.400000,0.420000,0.420000,180300
2016-08-25,0.400000,0.460000,0.400000,0.440000,0.440000,137400
2016-08-26,0.440000,0.450000,0.410000,0.440000,0.440000,60900
2016-08-29,0.430000,0.440000,0.400000,0.430000,0.430000,67100
2016-08-30,0.400000,0.410000,0.370000,0.410000,0.410000,59400
2016-08-31,0.390000,0.430000,0.370000,0.430000,0.430000,52400
2016-09-01,0.420000,0.430000,0.380000,0.400000,0.400000,20800
2016-09-02,0.430000,0.430000,0.390000,0.420000,0.420000,12500
2016-09-06,0.410000,0.430000,0.350000,0.370000,0.370000,40900
2016-09-07,0.390000,0.400000,0.360000,0.360000,0.360000,63400
2016-09-08,0.370000,0.380000,0.350000,0.360000,0.360000,176800
2016-09-09,0.330000,0.360000,0.320000,0.320000,0.320000,119500
2016-09-12,0.340000,0.360000,0.320000,0.320000,0.320000,95800
2016-09-13,0.340000,0.340000,0.290000,0.300000,0.300000,98900
2016-09-14,0.300000,0.320000,0.300000,0.300000,0.300000,32700
2016-09-15,0.300000,0.320000,0.260000,0.300000,0.300000,66500
2016-09-16,0.290000,0.340000,0.280000,0.340000,0.340000,48300
2016-09-19,0.340000,0.340000,0.310000,0.310000,0.310000,45900
2016-09-20,0.320000,0.430000,0.320000,0.360000,0.360000,340800
2016-09-21,0.380000,0.410000,0.330000,0.400000,0.400000,260800
2016-09-22,0.400000,0.400000,0.320000,0.380000,0.380000,98300
2016-09-23,0.350000,0.410000,0.350000,0.400000,0.400000,50600
2016-09-26,0.400000,0.420000,0.360000,0.400000,0.400000,40800
2016-09-27,0.420000,0.420000,0.360000,0.410000,0.410000,75200
2016-09-28,0.420000,0.460000,0.400000,0.410000,0.410000,160300
2016-09-29,0.410000,0.450000,0.390000,0.420000,0.420000,106600
2016-09-30,0.410000,0.460000,0.410000,0.450000,0.450000,18400
2016-10-03,0.450000,0.670000,0.450000,0.590000,0.590000,974000
2016-10-04,0.580000,0.620000,0.490000,0.510000,0.510000,225600
2016-10-05,0.510000,0.570000,0.510000,0.550000,0.550000,69000
2016-10-06,0.530000,0.550000,0.480000,0.510000,0.510000,116000
2016-10-07,0.540000,0.540000,0.460000,0.490000,0.490000,36700
2016-10-10,0.480000,0.510000,0.460000,0.500000,0.500000,42200
2016-10-11,0.480000,0.550000,0.410000,0.450000,0.450000,167800
2016-10-12,0.440000,0.480000,0.440000,0.450000,0.450000,35800
2016-10-13,0.440000,0.490000,0.400000,0.400000,0.400000,118600
2016-10-14,0.420000,0.480000,0.410000,0.480000,0.480000,31600
2016-10-17,0.480000,0.480000,0.420000,0.430000,0.430000,31100
2016-10-18,0.450000,0.450000,0.420000,0.450000,0.450000,54700
2016-10-19,0.440000,0.470000,0.400000,0.440000,0.440000,36300
2016-10-20,0.500000,0.500000,0.440000,0.470000,0.470000,29400
2016-10-21,0.490000,0.510000,0.450000,0.490000,0.490000,53700
2016-10-24,0.460000,0.510000,0.440000,0.460000,0.460000,46200
2016-10-25,0.480000,0.600000,0.430000,0.540000,0.540000,85900
2016-10-26,0.470000,0.600000,0.470000,0.530000,0.530000,67800
2016-10-27,0.540000,0.570000,0.520000,0.560000,0.560000,19600
2016-10-28,0.590000,0.590000,0.490000,0.510000,0.510000,23400
2016-10-31,0.460000,0.500000,0.450000,0.500000,0.500000,24100
2016-11-01,0.520000,0.520000,0.460000,0.470000,0.470000,17900
2016-11-02,0.460000,0.520000,0.460000,0.480000,0.480000,7500
2016-11-03,0.490000,0.520000,0.480000,0.490000,0.490000,13500
2016-11-04,0.470000,0.490000,0.400000,0.440000,0.440000,31700
2016-11-07,0.440000,0.480000,0.440000,0.480000,0.480000,3300
2016-11-08,0.440000,0.480000,0.440000,0.450000,0.450000,19400
2016-11-09,0.400000,0.520000,0.400000,0.460000,0.460000,42600
2016-11-10,0.500000,0.500000,0.400000,0.450000,0.450000,41500
2016-11-11,0.430000,0.460000,0.400000,0.430000,0.430000,10600
2016-11-14,0.420000,0.470000,0.350000,0.370000,0.370000,79700
2016-11-15,0.380000,0.430000,0.380000,0.380000,0.380000,46400
2016-11-16,0.420000,0.420000,0.380000,0.380000,0.380000,46100
2016-11-17,0.370000,0.410000,0.370000,0.390000,0.390000,32400
2016-11-18,0.390000,0.390000,0.290000,0.330000,0.330000,235100
2016-11-21,0.340000,0.340000,0.290000,0.310000,0.310000,41500
2016-11-22,0.330000,0.330000,0.250000,0.280000,0.280000,141100
2016-11-23,0.280000,0.320000,0.280000,0.300000,0.300000,68800
2016-11-25,0.310000,0.310000,0.280000,0.280000,0.280000,5100
2016-11-28,0.290000,0.320000,0.290000,0.290000,0.290000,42400
2016-11-29,0.300000,0.320000,0.260000,0.270000,0.270000,84600
2016-11-30,0.270000,0.290000,0.270000,0.290000,0.290000,41300
2016-12-01,0.300000,0.300000,0.290000,0.290000,0.290000,15200
2016-12-02,0.290000,0.300000,0.260000,0.270000,0.270000,45300
2016-12-05,0.270000,0.300000,0.250000,0.260000,0.260000,56200
2016-12-06,0.260000,0.270000,0.250000,0.250000,0.250000,69600
2016-12-07,0.250000,0.320000,0.250000,0.320000,0.320000,798300
2016-12-08,0.320000,0.520000,0.270000,0.510000,0.510000,926900
2016-12-09,0.530000,0.530000,0.360000,0.370000,0.370000,629900
2016-12-12,0.400000,0.400000,0.310000,0.320000,0.320000,133800
2016-12-13,0.320000,0.370000,0.270000,0.310000,0.310000,46700
2016-12-14,0.290000,0.330000,0.280000,0.310000,0.310000,105500
2016-12-15,0.320000,0.330000,0.290000,0.320000,0.320000,48100
2016-12-16,0.320000,0.330000,0.300000,0.300000,0.300000,201700
2016-12-19,0.320000,0.320000,0.290000,0.300000,0.300000,130800
2016-12-20,0.310000,0.330000,0.280000,0.290000,0.290000,127900
2016-12-21,0.290000,0.290000,0.280000,0.280000,0.280000,95000
2016-12-22,0.280000,0.440000,0.280000,0.430000,0.430000,749300
2016-12-23,0.430000,0.440000,0.340000,0.370000,0.370000,589100
2016-12-27,0.390000,0.390000,0.310000,0.350000,0.350000,131100
2016-12-28,0.330000,0.360000,0.330000,0.340000,0.340000,73700
2016-12-29,0.340000,0.360000,0.330000,0.340000,0.340000,17300
2016-12-30,0.320000,0.360000,0.320000,0.350000,0.350000,81300
2017-01-03,0.360000,0.370000,0.350000,0.350000,0.350000,69500
2017-01-04,0.360000,0.380000,0.350000,0.360000,0.360000,41300
2017-01-05,0.380000,0.380000,0.360000,0.360000,0.360000,235400
2017-01-06,0.420000,0.420000,0.370000,0.370000,0.370000,110000
2017-01-09,0.410000,0.410000,0.330000,0.360000,0.360000,3200
2017-01-10,0.360000,0.360000,0.280000,0.330000,0.330000,90100
2017-01-11,0.330000,0.350000,0.310000,0.330000,0.330000,65400
2017-01-12,0.300000,0.420000,0.300000,0.420000,0.420000,120400
2017-01-13,0.440000,0.450000,0.380000,0.440000,0.440000,70300
2017-01-17,0.440000,0.500000,0.380000,0.390000,0.390000,340600
2017-01-18,0.400000,0.420000,0.370000,0.390000,0.390000,95600
2017-01-19,0.370000,0.410000,0.370000,0.370000,0.370000,48900
2017-01-20,0.390000,0.390000,0.360000,0.370000,0.370000,40500
2017-01-23,0.370000,0.370000,0.330000,0.330000,0.330000,42800
2017-01-24,0.350000,0.380000,0.340000,0.340000,0.340000,29900
2017-01-25,0.360000,0.360000,0.350000,0.350000,0.350000,112100
2017-01-26,0.360000,0.390000,0.340000,0.350000,0.350000,36600
2017-01-27,0.360000,0.380000,0.350000,0.380000,0.380000,72200
2017-01-30,0.380000,0.380000,0.350000,0.370000,0.370000,32300
2017-01-31,0.370000,0.390000,0.350000,0.380000,0.380000,39100
2017-02-01,0.380000,0.430000,0.330000,0.400000,0.400000,44800
2017-02-02,0.420000,0.420000,0.360000,0.400000,0.400000,20500
2017-02-03,0.380000,0.400000,0.350000,0.380000,0.380000,53500
2017-02-06,0.360000,0.380000,0.360000,0.380000,0.380000,21200
2017-02-07,0.390000,0.400000,0.360000,0.380000,0.380000,5900
2017-02-08,0.370000,0.390000,0.360000,0.360000,0.360000,9500
2017-02-09,0.360000,0.380000,0.360000,0.360000,0.360000,69200
2017-02-10,0.370000,0.370000,0.360000,0.370000,0.370000,23100
2017-02-13,0.380000,0.380000,0.370000,0.370000,0.370000,12700
2017-02-14,0.360000,0.380000,0.360000,0.370000,0.370000,7300
2017-02-15,0.390000,0.390000,0.360000,0.360000,0.360000,4500
2017-02-16,0.360000,0.380000,0.350000,0.360000,0.360000,26800
2017-02-17,0.350000,0.370000,0.330000,0.360000,0.360000,62900
2017-02-21,0.370000,0.370000,0.320000,0.360000,0.360000,53400
2017-02-22,0.360000,0.370000,0.330000,0.360000,0.360000,43100
2017-02-23,0.360000,0.370000,0.340000,0.360000,0.360000,7600
2017-02-24,0.360000,0.360000,0.340000,0.360000,0.360000,8700
2017-02-27,0.340000,0.360000,0.340000,0.360000,0.360000,36000
2017-02-28,0.340000,0.370000,0.340000,0.360000,0.360000,44700
2017-03-01,0.370000,0.380000,0.340000,0.370000,0.370000,9600
2017-03-02,0.360000,0.380000,0.340000,0.360000,0.360000,58600
2017-03-03,0.360000,0.370000,0.350000,0.360000,0.360000,12200
2017-03-06,0.360000,0.360000,0.340000,0.360000,0.360000,40600
2017-03-07,0.370000,0.370000,0.340000,0.350000,0.350000,14400
2017-03-08,0.370000,0.370000,0.340000,0.360000,0.360000,4100
2017-03-09,0.370000,0.430000,0.340000,0.350000,0.350000,162700
2017-03-10,0.350000,0.380000,0.350000,0.370000,0.370000,12500
2017-03-13,0.360000,0.370000,0.360000,0.360000,0.360000,5000
2017-03-14,0.380000,0.380000,0.360000,0.360000,0.360000,41100
2017-03-15,0.370000,0.370000,0.350000,0.350000,0.350000,20700
2017-03-16,0.370000,0.370000,0.350000,0.370000,0.370000,9500
2017-03-17,0.370000,0.420000,0.350000,0.420000,0.420000,29300
2017-03-20,0.410000,0.410000,0.360000,0.380000,0.380000,20300
2017-03-21,0.350000,0.400000,0.350000,0.380000,0.380000,12400
2017-03-22,0.350000,0.390000,0.350000,0.390000,0.390000,10400
2017-03-23,0.350000,0.380000,0.350000,0.370000,0.370000,9800
2017-03-24,0.360000,0.380000,0.360000,0.370000,0.370000,14000
2017-03-27,0.360000,0.390000,0.360000,0.380000,0.380000,42900
2017-03-28,0.360000,0.400000,0.360000,0.380000,0.380000,16000
2017-03-29,0.380000,0.410000,0.380000,0.400000,0.400000,39800
2017-03-30,0.390000,0.400000,0.390000,0.400000,0.400000,6100
2017-03-31,0.400000,0.420000,0.360000,0.370000,0.370000,60200
2017-04-03,0.430000,0.430000,0.390000,0.400000,0.400000,36200
2017-04-04,0.400000,0.430000,0.400000,0.400000,0.400000,16300
2017-04-05,0.400000,0.420000,0.390000,0.390000,0.390000,28100
2017-04-06,0.390000,0.400000,0.390000,0.390000,0.390000,23400
2017-04-07,0.390000,0.410000,0.390000,0.410000,0.410000,10800
2017-04-10,0.400000,0.420000,0.400000,0.400000,0.400000,68600
2017-04-11,0.420000,0.420000,0.410000,0.410000,0.410000,5200
2017-04-12,0.480000,0.480000,0.400000,0.450000,0.450000,22100
2017-04-13,0.460000,0.460000,0.420000,0.450000,0.450000,59700
2017-04-17,0.450000,0.470000,0.450000,0.470000,0.470000,43100
2017-04-18,0.460000,0.470000,0.440000,0.460000,0.460000,11400
2017-04-19,0.440000,0.470000,0.440000,0.470000,0.470000,20200
2017-04-20,0.440000,0.480000,0.440000,0.480000,0.480000,1900
2017-04-21,0.460000,0.480000,0.450000,0.460000,0.460000,10700
2017-04-24,0.470000,0.470000,0.430000,0.470000,0.470000,48300
2017-04-25,0.470000,0.480000,0.450000,0.470000,0.470000,68100
2017-04-26,0.440000,0.480000,0.440000,0.470000,0.470000,57100
2017-04-27,0.460000,0.470000,0.430000,0.460000,0.460000,26500
2017-04-28,0.440000,0.800000,0.400000,0.600000,0.600000,263200
2017-05-01,0.650000,0.930000,0.650000,0.730000,0.730000,1045600
2017-05-02,0.700000,0.740000,0.500000,0.550000,0.550000,300900
2017-05-03,0.580000,0.600000,0.510000,0.530000,0.530000,87800
2017-05-04,0.500000,0.500000,0.390000,0.470000,0.470000,72200
2017-05-05,0.470000,0.490000,0.440000,0.470000,0.470000,126100
2017-05-08,0.460000,0.580000,0.460000,0.560000,0.560000,101100
2017-05-09,0.560000,0.620000,0.500000,0.540000,0.540000,50900
2017-05-10,0.550000,0.580000,0.500000,0.550000,0.550000,29900
2017-05-11,0.550000,0.550000,0.470000,0.510000,0.510000,54200
2017-05-12,0.540000,0.540000,0.480000,0.500000,0.500000,20000
2017-05-15,0.500000,0.500000,0.480000,0.500000,0.500000,28200
2017-05-16,0.500000,0.500000,0.460000,0.460000,0.460000,66400
2017-05-17,0.480000,0.480000,0.390000,0.420000,0.420000,93900
2017-05-18,0.410000,0.480000,0.410000,0.450000,0.450000,30600
2017-05-19,0.450000,0.480000,0.420000,0.420000,0.420000,98500
2017-05-22,0.440000,0.450000,0.420000,0.440000,0.440000,24100
2017-05-23,0.420000,0.470000,0.420000,0.420000,0.420000,65900
2017-05-24,0.460000,0.460000,0.420000,0.420000,0.420000,14000
2017-05-25,0.430000,0.430000,0.420000,0.420000,0.420000,29400
2017-05-26,0.430000,0.480000,0.380000,0.400000,0.400000,200300
2017-05-30,3.300000,7.450000,3.030000,6.330000,6.330000,35600
2017-05-31,7.000000,9.030000,5.020000,5.060000,5.060000,56300
2017-06-01,5.000000,5.490000,4.170000,5.130000,5.130000,20200
2017-06-02,5.060000,5.110000,4.810000,4.860000,4.860000,9200
2017-06-05,4.850000,5.000000,4.440000,4.670000,4.670000,14600
2017-06-06,4.640000,4.890000,4.550000,4.550000,4.550000,10300
2017-06-07,4.840000,5.000000,4.500000,4.700000,4.700000,31500
2017-06-08,4.980000,6.000000,4.900000,5.600000,5.600000,13900
2017-06-09,5.640000,5.830000,5.420000,5.770000,5.770000,7500
2017-06-12,5.700000,6.680000,5.660000,5.970000,5.970000,37000
2017-06-13,6.350000,6.370000,5.470000,5.950000,5.950000,20000
2017-06-14,5.850000,6.300000,5.190000,5.610000,5.610000,9600
2017-06-15,5.700000,5.700000,5.500000,5.500000,5.500000,2700
2017-06-16,5.490000,5.800000,4.900000,5.050000,5.050000,13100
2017-06-19,5.200000,5.390000,5.030000,5.290000,5.290000,6200
2017-06-20,5.270000,5.690000,4.770000,4.850000,4.850000,19500
2017-06-21,4.880000,5.530000,4.770000,5.020000,5.020000,48800
2017-06-22,5.140000,5.250000,5.000000,5.030000,5.030000,5100
2017-06-23,5.030000,5.030000,4.690000,4.850000,4.850000,16500
2017-06-26,4.750000,4.980000,4.750000,4.760000,4.760000,12600
2017-06-27,5.700000,5.940000,4.800000,4.950000,4.950000,52000
2017-06-28,5.000000,5.280000,4.880000,5.050000,5.050000,31600
2017-06-29,4.890000,5.150000,4.760000,5.140000,5.140000,67700
2017-06-30,5.140000,5.150000,4.930000,5.150000,5.150000,2400
2017-07-03,4.940000,4.940000,4.000000,4.290000,4.290000,96600
2017-07-05,4.330000,4.500000,3.850000,3.850000,3.850000,71400
2017-07-06,3.930000,4.220000,3.510000,3.510000,3.510000,36000
2017-07-07,3.750000,3.780000,3.300000,3.560000,3.560000,27800
2017-07-10,3.690000,3.730000,3.580000,3.580000,3.580000,5500
2017-07-11,3.650000,3.700000,3.370000,3.380000,3.380000,11200
2017-07-12,3.410000,3.550000,2.790000,2.950000,2.950000,94700
2017-07-13,2.970000,3.700000,2.970000,3.090000,3.090000,54800
2017-07-14,3.090000,3.430000,3.090000,3.130000,3.130000,33900
2017-07-17,3.140000,3.570000,3.140000,3.210000,3.210000,17100
2017-07-18,3.280000,3.340000,3.060000,3.070000,3.070000,15600
2017-07-19,3.110000,3.380000,2.670000,2.750000,2.750000,19700
2017-07-20,2.900000,3.090000,2.800000,2.870000,2.870000,70300
2017-07-21,2.990000,2.990000,2.770000,2.770000,2.770000,4800
2017-07-24,2.670000,2.780000,2.520000,2.710000,2.710000,15300
2017-07-25,2.750000,2.850000,2.730000,2.730000,2.730000,5000
2017-07-26,2.520000,2.750000,2.520000,2.710000,2.710000,16600
2017-07-27,2.650000,2.800000,2.610000,2.650000,2.650000,12400
2017-07-28,2.680000,2.760000,2.600000,2.620000,2.620000,17600
2017-07-31,2.690000,3.120000,2.690000,3.000000,3.000000,67600
2017-08-01,3.030000,3.390000,2.640000,3.090000,3.090000,60700
2017-08-02,2.910000,2.910000,2.600000,2.600000,2.600000,34100
2017-08-03,2.640000,3.540000,2.640000,2.950000,2.950000,133000
2017-08-04,2.980000,3.300000,2.950000,2.950000,2.950000,34000
2017-08-07,3.050000,3.150000,2.860000,2.860000,2.860000,26200
2017-08-08,3.190000,3.330000,3.000000,3.020000,3.020000,25400
2017-08-09,2.990000,3.080000,2.710000,2.770000,2.770000,36300
2017-08-10,2.770000,2.860000,2.400000,2.430000,2.430000,40400
2017-08-11,2.390000,2.500000,2.210000,2.250000,2.250000,13300
2017-08-14,2.350000,2.740000,2.300000,2.380000,2.380000,8300
2017-08-15,2.340000,2.470000,2.230000,2.350000,2.350000,14100
2017-08-16,2.350000,2.490000,2.270000,2.420000,2.420000,44000
2017-08-17,2.420000,2.450000,2.310000,2.350000,2.350000,12800
2017-08-18,2.180000,2.420000,2.180000,2.280000,2.280000,4100
2017-08-21,2.280000,2.350000,2.270000,2.330000,2.330000,5800
2017-08-22,2.270000,2.480000,2.270000,2.480000,2.480000,2600
2017-08-23,2.530000,2.680000,2.500000,2.560000,2.560000,12900
2017-08-24,2.590000,2.590000,2.290000,2.500000,2.500000,1600
2017-08-25,2.350000,2.550000,2.280000,2.280000,2.280000,24500
2017-08-28,2.470000,2.900000,2.400000,2.550000,2.550000,34400
2017-08-29,2.670000,2.740000,2.470000,2.470000,2.470000,14600
2017-08-30,2.590000,2.700000,2.590000,2.600000,2.600000,16000
2017-08-31,2.670000,2.750000,2.600000,2.690000,2.690000,2500
2017-09-01,2.710000,2.850000,2.710000,2.750000,2.750000,11400
2017-09-05,2.810000,2.990000,2.760000,2.930000,2.930000,7000
2017-09-06,2.820000,2.940000,2.760000,2.760000,2.760000,4600
2017-09-07,2.800000,3.000000,2.800000,2.920000,2.920000,17200
2017-09-08,2.880000,3.000000,2.800000,2.920000,2.920000,11000
2017-09-11,3.200000,3.200000,2.940000,3.080000,3.080000,22900
2017-09-12,3.100000,3.100000,2.930000,3.040000,3.040000,1200
2017-09-13,2.980000,2.990000,2.900000,2.960000,2.960000,7500
2017-09-14,2.900000,3.120000,2.900000,2.910000,2.910000,4800
2017-09-15,3.010000,3.140000,3.010000,3.130000,3.130000,6500
2017-09-18,3.140000,3.900000,3.140000,3.400000,3.400000,34700
2017-09-19,3.530000,3.910000,3.350000,3.640000,3.640000,10400
2017-09-20,3.590000,3.700000,3.450000,3.450000,3.450000,6500
2017-09-21,3.450000,3.480000,3.270000,3.270000,3.270000,4200
2017-09-22,3.300000,3.550000,3.300000,3.460000,3.460000,3900
2017-09-25,3.510000,3.710000,3.300000,3.330000,3.330000,10700
2017-09-26,3.280000,3.420000,3.220000,3.220000,3.220000,9200
2017-09-27,3.250000,3.370000,3.190000,3.230000,3.230000,2700
2017-09-28,3.350000,3.380000,3.110000,3.220000,3.220000,7700
2017-09-29,3.310000,3.370000,3.140000,3.190000,3.190000,8600
2017-10-02,3.110000,3.230000,3.080000,3.140000,3.140000,2500
2017-10-03,3.090000,3.090000,3.000000,3.000000,3.000000,2600
2017-10-04,2.970000,3.090000,2.850000,2.920000,2.920000,38100
2017-10-05,2.970000,3.360000,2.920000,3.290000,3.290000,34600
2017-10-06,3.210000,3.250000,3.100000,3.230000,3.230000,6100
2017-10-09,3.040000,3.140000,3.020000,3.140000,3.140000,600
2017-10-10,3.120000,3.790000,3.060000,3.560000,3.560000,67000
2017-10-11,3.620000,3.620000,3.450000,3.560000,3.560000,5700
2017-10-12,3.550000,3.580000,3.220000,3.520000,3.520000,5200
2017-10-13,3.360000,3.500000,3.230000,3.500000,3.500000,2200
2017-10-16,3.370000,3.690000,3.340000,3.690000,3.690000,5600
2017-10-17,3.690000,3.830000,3.380000,3.390000,3.390000,9600
2017-10-18,3.490000,3.550000,3.430000,3.510000,3.510000,12100
2017-10-19,3.470000,3.640000,3.470000,3.590000,3.590000,6300
2017-10-20,3.580000,3.590000,3.420000,3.420000,3.420000,4100
2017-10-23,3.510000,3.510000,3.350000,3.450000,3.450000,8900
2017-10-24,3.440000,3.500000,3.040000,3.190000,3.190000,16400
2017-10-25,3.180000,3.270000,3.070000,3.170000,3.170000,14000
2017-10-26,3.090000,3.120000,2.850000,3.000000,3.000000,19200
2017-10-27,2.990000,2.990000,2.890000,2.980000,2.980000,5700
2017-10-30,2.910000,2.940000,2.810000,2.830000,2.830000,19300
2017-10-31,2.890000,2.900000,2.790000,2.820000,2.820000,30700
2017-11-01,2.820000,3.100000,2.750000,2.870000,2.870000,68200
2017-11-02,2.850000,2.910000,2.790000,2.800000,2.800000,27200
2017-11-03,2.850000,2.950000,2.430000,2.510000,2.510000,36100
2017-11-06,2.600000,2.780000,2.600000,2.640000,2.640000,11300
2017-11-07,2.800000,2.810000,2.610000,2.800000,2.800000,2400
2017-11-08,2.900000,2.930000,2.800000,2.890000,2.890000,3000
2017-11-09,2.820000,2.820000,2.420000,2.450000,2.450000,10300
2017-11-10,2.440000,2.710000,2.310000,2.380000,2.380000,8800
2017-11-13,2.310000,2.510000,2.210000,2.350000,2.350000,10100
2017-11-14,2.560000,2.560000,2.250000,2.250000,2.250000,1000
2017-11-15,2.280000,3.770000,2.220000,2.800000,2.800000,249300
2017-11-16,2.660000,3.080000,2.660000,2.870000,2.870000,24300
2017-11-17,2.850000,2.950000,2.510000,2.720000,2.720000,17800
2017-11-20,2.730000,2.980000,2.570000,2.570000,2.570000,36200
2017-11-21,2.510000,2.810000,2.500000,2.540000,2.540000,17200
2017-11-22,2.530000,2.780000,2.520000,2.610000,2.610000,36300
2017-11-24,2.580000,2.730000,2.500000,2.530000,2.530000,9600
2017-11-27,2.610000,2.610000,2.400000,2.420000,2.420000,9300
2017-11-28,2.460000,2.480000,2.330000,2.340000,2.340000,9800
2017-11-29,2.460000,2.490000,2.270000,2.360000,2.360000,29300
2017-11-30,2.440000,2.450000,2.300000,2.300000,2.300000,10300
2017-12-01,2.270000,2.280000,2.030000,2.160000,2.160000,27900
2017-12-04,2.170000,2.300000,2.110000,2.110000,2.110000,3400
2017-12-05,2.100000,2.190000,1.990000,2.080000,2.080000,43600
2017-12-06,2.170000,2.170000,1.820000,1.980000,1.980000,31200
2017-12-07,2.010000,2.160000,2.010000,2.050000,2.050000,16700
2017-12-08,2.090000,2.090000,1.940000,1.950000,1.950000,15200
2017-12-11,2.200000,8.670000,2.190000,5.530000,5.530000,12345900
2017-12-12,5.520000,5.520000,4.020000,4.200000,4.200000,1127200
2017-12-13,4.600000,5.000000,4.150000,4.320000,4.320000,401200
2017-12-14,4.240000,4.400000,3.380000,3.580000,3.580000,506200
2017-12-15,3.660000,4.100000,3.180000,3.200000,3.200000,474700
2017-12-18,3.100000,3.440000,2.790000,2.850000,2.850000,767400
2017-12-19,2.130000,2.130000,2.050000,2.090000,2.090000,1928700
2017-12-20,2.090000,2.100000,1.920000,2.010000,2.010000,652700
2017-12-21,2.010000,2.100000,1.880000,1.920000,1.920000,496100
2017-12-22,2.030000,2.030000,1.910000,1.960000,1.960000,213800
2017-12-26,1.970000,1.980000,1.890000,1.980000,1.980000,254400
2017-12-27,1.930000,2.000000,1.930000,1.930000,1.930000,135200
2017-12-28,1.940000,2.090000,1.810000,1.820000,1.820000,1141800
2017-12-29,1.840000,1.900000,1.770000,1.770000,1.770000,373000
2018-01-02,1.800000,2.090000,1.780000,2.050000,2.050000,1745200
2018-01-03,2.060000,2.080000,1.930000,1.940000,1.940000,458100
2018-01-04,1.930000,1.930000,1.830000,1.840000,1.840000,317700
2018-01-05,1.850000,1.870000,1.770000,1.810000,1.810000,353800
2018-01-08,1.800000,1.810000,1.650000,1.680000,1.680000,545800
2018-01-09,1.800000,1.850000,1.580000,1.590000,1.590000,976200
2018-01-10,1.590000,1.660000,1.540000,1.660000,1.660000,357400
2018-01-11,1.660000,1.660000,1.580000,1.620000,1.620000,213000
2018-01-12,1.600000,1.650000,1.570000,1.570000,1.570000,142100
2018-01-16,1.600000,2.030000,1.570000,1.590000,1.590000,2100100
2018-01-17,1.640000,1.710000,1.590000,1.680000,1.680000,452000
2018-01-18,1.700000,1.910000,1.630000,1.870000,1.870000,1326400
2018-01-19,2.050000,2.320000,1.830000,1.870000,1.870000,6345000
2018-01-22,1.850000,1.850000,1.720000,1.760000,1.760000,697800
2018-01-23,1.750000,1.870000,1.670000,1.810000,1.810000,568400
2018-01-24,1.790000,1.830000,1.690000,1.730000,1.730000,299100
2018-01-25,1.750000,1.840000,1.730000,1.780000,1.780000,219300
2018-01-26,1.760000,1.780000,1.700000,1.740000,1.740000,122200
2018-01-29,1.750000,2.080000,1.750000,2.030000,2.030000,3515500
2018-01-30,2.010000,2.120000,1.760000,1.920000,1.920000,2192100
2018-01-31,1.930000,1.970000,1.750000,1.800000,1.800000,550000
2018-02-01,1.760000,1.790000,1.680000,1.750000,1.750000,504200
2018-02-02,1.760000,1.760000,1.650000,1.700000,1.700000,413700
2018-02-05,1.690000,1.730000,1.590000,1.620000,1.620000,260200
2018-02-06,1.620000,1.730000,1.590000,1.680000,1.680000,246300
2018-02-07,1.700000,1.740000,1.660000,1.700000,1.700000,129600
2018-02-08,1.700000,1.740000,1.560000,1.600000,1.600000,219500
2018-02-09,1.630000,1.650000,1.440000,1.530000,1.530000,329700
2018-02-12,1.520000,1.570000,1.450000,1.520000,1.520000,166000
2018-02-13,1.550000,1.560000,1.460000,1.550000,1.550000,68900
2018-02-14,1.530000,1.570000,1.480000,1.570000,1.570000,149500
2018-02-15,1.560000,1.590000,1.480000,1.530000,1.530000,113300
2018-02-16,1.530000,1.720000,1.510000,1.630000,1.630000,688500
2018-02-20,1.650000,1.720000,1.560000,1.680000,1.680000,463600
2018-02-21,1.670000,1.760000,1.590000,1.610000,1.610000,447800
2018-02-22,1.610000,1.630000,1.520000,1.540000,1.540000,229900
2018-02-23,1.530000,1.660000,1.520000,1.550000,1.550000,185800
2018-02-26,1.570000,1.600000,1.500000,1.590000,1.590000,119700
2018-02-27,1.580000,1.620000,1.520000,1.540000,1.540000,206800
2018-02-28,1.540000,1.600000,1.500000,1.520000,1.520000,84400
2018-03-01,1.520000,1.570000,1.510000,1.550000,1.550000,67200
2018-03-02,1.510000,1.580000,1.500000,1.550000,1.550000,43800
2018-03-05,1.580000,1.730000,1.580000,1.640000,1.640000,417900
2018-03-06,1.610000,1.680000,1.570000,1.600000,1.600000,90200
2018-03-07,1.590000,1.780000,1.580000,1.720000,1.720000,518600
2018-03-08,1.740000,1.890000,1.600000,1.670000,1.670000,522500
2018-03-09,1.670000,1.900000,1.520000,1.760000,1.760000,1727100
2018-03-12,1.740000,1.920000,1.670000,1.700000,1.700000,819400
2018-03-13,1.740000,1.810000,1.670000,1.710000,1.710000,307500
2018-03-14,1.700000,3.100000,1.700000,2.970000,2.970000,17553400
2018-03-15,2.850000,3.030000,2.100000,2.160000,2.160000,5759400
2018-03-16,2.150000,2.350000,2.030000,2.160000,2.160000,2040700
2018-03-19,2.150000,2.330000,1.940000,1.990000,1.990000,1254200
2018-03-20,1.980000,2.240000,1.960000,2.100000,2.100000,973100
2018-03-21,2.090000,2.140000,1.980000,2.030000,2.030000,347500
2018-03-22,2.040000,2.070000,1.820000,1.870000,1.870000,477900
2018-03-23,1.890000,1.970000,1.830000,1.910000,1.910000,172800
2018-03-26,1.910000,2.090000,1.880000,2.030000,2.030000,488300
2018-03-27,2.030000,2.150000,1.880000,1.930000,1.930000,856500
2018-03-28,1.940000,1.980000,1.830000,1.890000,1.890000,337800
2018-03-29,1.900000,2.000000,1.840000,1.950000,1.950000,273500
2018-04-02,2.020000,2.320000,1.950000,2.090000,2.090000,3341200
2018-04-03,2.090000,2.120000,1.690000,1.850000,1.850000,1158000
2018-04-04,1.850000,1.940000,1.650000,1.890000,1.890000,378400
2018-04-05,1.880000,1.930000,1.800000,1.800000,1.800000,209100
2018-04-06,1.780000,1.870000,1.730000,1.750000,1.750000,166300
2018-04-09,1.780000,1.840000,1.720000,1.750000,1.750000,402400
2018-04-10,1.750000,1.890000,1.690000,1.730000,1.730000,667200
2018-04-11,1.730000,1.750000,1.650000,1.690000,1.690000,229100
2018-04-12,1.710000,1.960000,1.680000,1.910000,1.910000,1167500
2018-04-13,1.920000,1.940000,1.750000,1.790000,1.790000,450900
2018-04-16,1.810000,1.850000,1.750000,1.790000,1.790000,159500
2018-04-17,1.800000,1.820000,1.730000,1.760000,1.760000,162200
2018-04-18,1.750000,1.760000,1.680000,1.710000,1.710000,376800
2018-04-19,1.710000,1.750000,1.660000,1.680000,1.680000,255400
2018-04-20,1.670000,1.730000,1.620000,1.690000,1.690000,224600
2018-04-23,1.700000,1.700000,1.630000,1.690000,1.690000,82700
2018-04-24,1.720000,1.750000,1.650000,1.660000,1.660000,99400
2018-04-25,1.660000,1.770000,1.660000,1.750000,1.750000,227600
2018-04-26,1.790000,1.870000,1.720000,1.740000,1.740000,664500
2018-04-27,1.730000,1.810000,1.700000,1.800000,1.800000,246200
2018-04-30,1.810000,1.810000,1.730000,1.780000,1.780000,164000
2018-05-01,1.840000,1.840000,1.730000,1.740000,1.740000,115900
2018-05-02,1.730000,1.750000,1.670000,1.720000,1.720000,115600
2018-05-03,1.700000,1.760000,1.680000,1.740000,1.740000,105500
2018-05-04,1.720000,1.740000,1.680000,1.700000,1.700000,138800
2018-05-07,1.720000,1.750000,1.700000,1.750000,1.750000,101800
2018-05-08,1.980000,2.000000,1.660000,1.700000,1.700000,1283700
2018-05-09,1.720000,1.730000,1.670000,1.710000,1.710000,153100
2018-05-10,1.710000,1.710000,1.670000,1.700000,1.700000,164000
2018-05-11,1.650000,1.690000,1.620000,1.630000,1.630000,205400
2018-05-14,1.640000,1.690000,1.570000,1.610000,1.610000,245800
2018-05-15,1.590000,1.720000,1.580000,1.650000,1.650000,399900
2018-05-16,1.660000,1.670000,1.590000,1.620000,1.620000,115500
2018-05-17,1.600000,1.720000,1.600000,1.620000,1.620000,400900
2018-05-18,1.620000,1.680000,1.620000,1.650000,1.650000,118600
2018-05-21,1.650000,1.790000,1.610000,1.670000,1.670000,676200
2018-05-22,1.710000,1.740000,1.590000,1.610000,1.610000,285700
2018-05-23,1.620000,1.720000,1.570000,1.650000,1.650000,365800
2018-05-24,1.650000,1.650000,1.550000,1.610000,1.610000,169700
2018-05-25,1.580000,1.630000,1.580000,1.620000,1.620000,50800
2018-05-29,1.600000,1.660000,1.590000,1.620000,1.620000,92900
2018-05-30,1.610000,1.670000,1.610000,1.640000,1.640000,118100
2018-05-31,1.630000,1.700000,1.630000,1.700000,1.700000,107700
2018-06-01,1.670000,1.730000,1.650000,1.690000,1.690000,149800
2018-06-04,1.650000,1.680000,1.610000,1.610000,1.610000,109900
2018-06-05,1.650000,1.660000,1.610000,1.650000,1.650000,78600
2018-06-06,1.670000,1.670000,1.620000,1.650000,1.650000,130100
2018-06-07,1.640000,1.670000,1.580000,1.610000,1.610000,165600
2018-06-08,1.620000,1.620000,1.590000,1.610000,1.610000,46300
2018-06-11,1.610000,1.640000,1.370000,1.440000,1.440000,757600
2018-06-12,1.440000,1.520000,1.390000,1.470000,1.470000,187000
2018-06-13,1.460000,1.510000,1.450000,1.450000,1.450000,116700
2018-06-14,1.440000,1.520000,1.440000,1.480000,1.480000,91300
2018-06-15,1.490000,1.490000,1.420000,1.420000,1.420000,107600
2018-06-18,1.420000,1.560000,1.420000,1.470000,1.470000,502300
2018-06-19,1.470000,1.580000,1.430000,1.500000,1.500000,228000
2018-06-20,1.550000,1.550000,1.460000,1.490000,1.490000,94000
2018-06-21,1.650000,1.850000,1.520000,1.530000,1.530000,1912700
2018-06-22,1.500000,1.590000,1.480000,1.500000,1.500000,214200
2018-06-25,1.530000,1.570000,1.470000,1.480000,1.480000,77900
2018-06-26,1.480000,1.490000,1.450000,1.460000,1.460000,111700
2018-06-27,1.590000,1.590000,1.390000,1.390000,1.390000,145700
2018-06-28,1.390000,1.450000,1.390000,1.410000,1.410000,81600
2018-06-29,1.420000,1.450000,1.380000,1.410000,1.410000,86900
