Date,Open,High,Low,Close,Adj Close,Volume
2015-06-23,40.240002,40.400002,40.099998,40.099998,40.099998,400
2015-06-24,40.540001,41.939999,40.480000,41.900002,41.900002,6000
2015-06-25,41.540001,42.980000,40.880001,42.250000,42.250000,11100
2015-06-26,42.139999,44.340000,42.139999,43.439999,43.439999,19700
2015-06-29,45.820000,47.580002,43.720001,47.580002,47.580002,27100
2015-06-30,45.220001,46.580002,43.840000,44.299999,44.299999,15700
2015-07-01,42.540001,44.240002,42.200001,43.939999,43.939999,10800
2015-07-02,43.000000,44.340000,43.000000,43.880001,43.880001,3700
2015-07-06,45.040001,45.180000,42.500000,43.139999,43.139999,4500
2015-07-07,42.840000,44.799999,42.740002,42.740002,42.740002,7000
2015-07-08,43.939999,46.599998,43.807999,46.459999,46.459999,5600
2015-07-09,44.080002,45.060001,43.796001,44.799999,44.799999,11900
2015-07-10,42.820000,44.119999,42.599998,42.639999,42.639999,6300
2015-07-13,41.299999,41.299999,40.240002,40.320000,40.320000,15200
2015-07-14,39.720001,40.180000,37.419998,37.520000,37.520000,19600
2015-07-15,36.139999,37.180000,35.000000,36.720001,36.720001,14900
2015-07-16,36.099998,36.540001,35.180000,35.360001,35.360001,9700
2015-07-17,35.520000,36.119999,34.840000,34.840000,34.840000,2900
2015-07-20,34.560001,34.959999,34.000000,34.919998,34.919998,10300
2015-07-21,35.000000,36.560001,35.000000,35.380001,35.380001,13500
2015-07-22,36.720001,37.139999,35.320000,35.599998,35.599998,36800
2015-07-23,35.419998,36.160000,34.939999,35.840000,35.840000,9500
2015-07-24,37.919998,40.619999,37.080002,40.259998,40.259998,29100
2015-07-27,41.419998,42.759998,40.799999,41.580002,41.580002,15600
2015-07-28,40.299999,41.498001,38.344002,38.619999,38.619999,23500
2015-07-29,39.160000,40.639999,38.340000,39.980000,39.980000,7300
2015-07-30,40.520000,42.180000,39.340000,39.660000,39.660000,11500
2015-07-31,38.900002,39.279999,37.599998,38.439999,38.439999,14700
2015-08-03,38.020000,39.459999,37.799999,38.419998,38.419998,5200
2015-08-04,38.060001,38.459999,37.400002,38.132000,38.132000,6500
2015-08-05,37.160000,37.259998,36.220001,37.240002,37.240002,13500
2015-08-06,37.180000,42.040001,37.180000,42.040001,42.040001,39300
2015-08-07,41.299999,44.900002,41.299999,42.599998,42.599998,30700
2015-08-10,41.000000,41.820000,40.160000,41.660000,41.660000,19300
2015-08-11,42.900002,44.060001,41.200001,42.980000,42.980000,10200
2015-08-12,22.150000,23.219999,20.889999,21.030001,21.030001,61400
2015-08-13,21.160000,21.690001,20.650000,21.690001,21.690001,55200
2015-08-14,43.860001,45.840000,43.299999,44.080002,44.080002,8700
2015-08-17,22.500000,22.600000,20.590000,20.639999,20.639999,37200
2015-08-18,41.220001,42.400002,40.894001,42.200001,42.200001,15000
2015-08-19,43.820000,44.680000,42.285999,43.259998,43.259998,21300
2015-08-20,44.740002,48.500000,43.639999,48.500000,48.500000,62600
2015-08-21,50.299999,53.000000,47.380001,52.740002,52.740002,131800
2015-08-24,66.959999,71.910004,53.020000,60.599998,60.599998,96900
2015-08-25,53.279999,59.919998,52.099998,59.779999,59.779999,54400
2015-08-26,54.820000,60.060001,50.402000,50.700001,50.700001,21600
2015-08-27,47.900002,49.599998,46.220001,46.880001,46.880001,51100
2015-08-28,47.360001,47.820000,45.759998,45.799999,45.799999,36100
2015-08-31,45.880001,50.299999,45.380001,50.240002,50.240002,30100
2015-09-01,27.020000,27.219999,25.350000,26.850000,26.850000,158100
2015-09-02,25.770000,26.799999,24.000000,24.000000,24.000000,95000
2015-09-03,23.820000,25.510000,23.309999,25.379999,25.379999,44500
2015-09-04,53.220001,53.560001,50.124001,51.279999,51.279999,47000
2015-09-08,48.619999,49.102001,44.720001,44.818001,44.818001,43000
2015-09-09,43.500000,48.020000,43.360001,47.779999,47.779999,28900
2015-09-10,24.049999,24.049999,22.150000,22.520000,22.520000,81100
2015-09-11,23.000000,23.059999,21.709999,21.730000,21.730000,59500
2015-09-14,21.680000,22.670000,21.590000,21.980000,21.980000,41100
2015-09-15,43.779999,44.340000,42.200001,42.459999,42.459999,17700
2015-09-16,21.090000,22.100000,21.090000,21.559999,21.559999,37900
2015-09-17,43.580002,43.580002,39.200001,40.520000,40.520000,25700
2015-09-18,42.200001,42.716000,41.200001,42.480000,42.480000,30200
2015-09-21,21.131001,24.670000,20.879999,24.080000,24.080000,148900
2015-09-22,51.000000,53.060001,49.500000,50.720001,50.720001,45700
2015-09-23,50.919998,52.742001,49.119999,51.459999,51.459999,41400
2015-09-24,52.459999,57.316002,52.160000,54.500000,54.500000,57100
2015-09-25,52.400002,65.500000,52.200001,62.520000,62.520000,88100
2015-09-28,65.519997,77.599998,64.099998,74.500000,74.500000,144400
2015-09-29,74.120003,77.699997,65.400002,75.099998,75.099998,120300
2015-09-30,69.099998,71.000000,64.480003,65.599998,65.599998,66000
2015-10-01,32.529999,34.439999,31.590000,31.660000,31.660000,101600
2015-10-02,33.910000,34.099998,28.559999,28.559999,28.559999,143200
2015-10-05,27.809999,30.420000,26.830000,29.156000,29.156000,70800
2015-10-06,30.350000,34.849998,30.170000,32.410000,32.410000,99300
2015-10-07,31.920000,33.660000,29.520000,30.469999,30.469999,72100
2015-10-08,30.709999,33.680000,30.100000,30.660000,30.660000,83600
2015-10-09,30.360001,31.478001,29.410000,30.230000,30.230000,59900
2015-10-12,29.879999,30.705999,29.230000,30.209999,30.209999,69400
2015-10-13,31.032000,33.080002,29.191000,33.080002,33.080002,55800
2015-10-14,31.940001,33.355999,30.240000,32.139999,32.139999,86700
2015-10-15,33.209999,33.349998,27.940001,27.954000,27.954000,88600
2015-10-16,27.879999,29.040001,27.299999,28.077000,28.077000,25000
2015-10-19,28.200001,29.441999,26.299000,27.500000,27.500000,112200
2015-10-20,27.600000,30.299999,27.500000,30.200001,30.200001,99800
2015-10-21,28.860001,33.380001,28.250000,30.650000,30.650000,162800
2015-10-22,30.510000,32.160000,29.681000,30.260000,30.260000,194600
2015-10-23,28.840000,29.209999,27.139999,27.139999,27.139999,122400
2015-10-26,55.200001,56.799999,51.360001,53.799999,53.799999,46700
2015-10-27,53.104000,53.104000,48.860001,48.880001,48.880001,35500
2015-10-28,49.580002,51.560001,46.820000,46.820000,46.820000,55100
2015-10-29,46.860001,48.459999,44.660000,47.939999,47.939999,41700
2015-10-30,23.900000,24.660000,23.900000,24.639999,24.639999,24400
2015-11-02,23.990000,23.990000,21.850000,21.860001,21.860001,106200
2015-11-03,22.160000,22.750000,21.219999,21.789000,21.789000,108500
2015-11-04,42.680000,45.880001,42.599998,43.880001,43.880001,45500
2015-11-05,22.500000,23.780001,22.490000,23.200001,23.200001,141000
2015-11-06,23.510000,24.750000,23.000000,23.400000,23.400000,103900
2015-11-09,23.910000,24.000000,22.950001,23.320000,23.320000,54200
2015-11-10,23.410000,23.940001,22.959999,23.059999,23.059999,65600
2015-11-11,23.049999,24.160000,22.799999,24.160000,24.160000,71100
2015-11-12,24.309999,25.610001,24.000000,25.580000,25.580000,96000
2015-11-13,25.590000,25.740000,23.600000,24.809999,24.809999,69400
2015-11-16,25.170000,26.100000,24.370001,24.370001,24.370001,101400
2015-11-17,24.129999,24.650000,22.980000,23.520000,23.520000,66800
2015-11-18,23.170000,23.400000,21.360001,21.400999,21.400999,99200
2015-11-19,21.469999,22.520000,21.330000,22.379999,22.379999,153400
2015-11-20,22.080000,22.540001,21.799999,22.440001,22.440001,47900
2015-11-23,22.180000,22.350000,21.400000,21.969999,21.969999,37200
2015-11-24,22.549999,22.709999,22.010000,22.120001,22.120001,25500
2015-11-25,21.950001,21.950001,21.250000,21.360001,21.360001,59400
2015-11-27,21.360001,21.360001,20.840000,20.940001,20.940001,35800
2015-11-30,20.709999,22.559999,20.709999,22.160000,22.160000,115900
2015-12-01,21.629999,22.719999,21.629999,21.780001,21.780001,82500
2015-12-02,22.068001,22.400000,21.299999,22.260000,22.260000,24500
2015-12-03,22.139999,25.000000,22.139999,24.540001,24.540001,92800
2015-12-04,24.379999,24.379999,22.379999,22.379999,22.379999,61500
2015-12-07,22.600000,24.010000,22.549999,23.801001,23.801001,53800
2015-12-08,24.570000,24.580000,22.350000,22.490000,22.490000,58500
2015-12-09,22.940001,23.980000,22.420000,23.500000,23.500000,60400
2015-12-10,23.680000,23.680000,22.469999,22.750000,22.750000,21300
2015-12-11,23.290001,24.700001,23.010000,24.610001,24.610001,120600
2015-12-14,48.448002,51.639999,47.840000,48.840000,48.840000,39200
2015-12-15,23.530001,23.610001,22.080000,22.370001,22.370001,68200
2015-12-16,21.820000,22.209999,20.716000,20.799999,20.799999,50300
2015-12-17,20.540001,21.895000,20.540001,21.799999,21.799999,45300
2015-12-18,22.000000,22.330000,21.309999,22.190001,22.190001,56200
2015-12-21,43.419998,44.900002,43.259998,43.560001,43.560001,16300
2015-12-22,43.160000,44.099998,42.939999,43.419998,43.419998,10100
2015-12-23,42.180000,42.180000,40.742001,41.040001,41.040001,26700
2015-12-24,40.939999,40.939999,40.200001,40.419998,40.419998,7500
2015-12-28,41.299999,41.980000,41.080002,41.400002,41.400002,8800
2015-12-29,20.379999,20.379999,19.549999,19.650000,19.650000,28800
2015-12-30,19.760000,20.070000,19.650000,20.040001,20.040001,29000
2015-12-31,40.419998,41.020000,39.782001,41.020000,41.020000,34000
2016-01-04,43.660000,45.900002,43.400002,44.900002,44.900002,45700
2016-01-05,44.680000,45.622002,43.520000,45.040001,45.040001,15500
2016-01-06,47.099998,48.720001,45.900002,47.500000,47.500000,15200
2016-01-07,51.400002,53.340000,49.799999,53.340000,53.340000,64000
2016-01-08,50.799999,56.500000,50.660000,56.439999,56.439999,42400
2016-01-11,55.580002,65.858002,55.320000,62.060001,62.060001,64200
2016-01-12,29.760000,32.779999,27.690001,29.750000,29.750000,189300
2016-01-13,29.150000,34.528999,28.900000,34.509998,34.509998,130900
2016-01-14,34.410000,36.939999,29.000000,30.330000,30.330000,257400
2016-01-15,33.869999,34.580002,31.959999,32.560001,32.560001,139700
2016-01-19,62.360001,72.559998,61.360001,69.320000,69.320000,53900
2016-01-20,74.400002,76.120003,60.720001,63.980000,63.980000,65100
2016-01-21,65.620003,68.160004,62.400002,68.160004,68.160004,30100
2016-01-22,63.360001,65.834000,61.000000,61.520000,61.520000,37000
2016-01-25,63.560001,64.680000,60.200001,64.580002,64.580002,35900
2016-01-26,64.180000,69.559998,63.560001,65.419998,65.419998,80000
2016-01-27,32.340000,36.349998,31.400000,35.720001,35.720001,71500
2016-01-28,34.910000,41.259998,34.880001,39.549999,39.549999,131000
2016-01-29,39.669998,40.810001,37.450001,37.959999,37.959999,67200
2016-02-01,77.080002,80.360001,73.139999,74.680000,74.680000,26900
2016-02-02,77.139999,82.660004,76.419998,81.199997,81.199997,38900
2016-02-03,80.480003,89.339996,78.019997,78.019997,78.019997,72100
2016-02-04,79.820000,81.379997,71.239998,77.339996,77.339996,45200
2016-02-05,38.889999,43.820000,38.889999,42.500000,42.500000,138100
2016-02-08,90.239998,97.199997,89.459999,93.419998,93.419998,55000
2016-02-09,101.639999,101.900002,87.440002,93.019997,93.019997,57300
2016-02-10,45.779999,46.130001,41.380001,45.459999,45.459999,91800
2016-02-11,49.270000,50.470001,47.529999,48.770000,48.770000,121200
2016-02-12,46.490002,50.000000,44.389999,44.490002,44.490002,66200
2016-02-16,84.339996,84.720001,80.900002,80.959999,80.959999,32900
2016-02-17,77.199997,80.000000,73.419998,73.559998,73.559998,28600
2016-02-18,72.959999,79.580002,72.919998,79.239998,79.239998,35300
2016-02-19,80.300003,82.540001,76.379997,77.279999,77.279999,27200
2016-02-22,73.419998,76.739998,73.180000,75.400002,75.400002,23300
2016-02-23,76.940002,80.820000,74.800003,80.519997,80.519997,17700
2016-02-24,83.500000,87.559998,79.120003,79.639999,79.639999,29600
2016-02-25,78.080002,81.320000,75.440002,78.980003,78.980003,11300
2016-02-26,38.650002,39.230000,37.750000,38.500000,38.500000,50400
2016-02-29,77.699997,83.320000,77.019997,83.120003,83.120003,22800
2016-03-01,81.239998,83.288002,72.699997,72.699997,72.699997,26500
2016-03-02,73.540001,73.540001,68.980003,70.300003,70.300003,21800
2016-03-03,70.300003,74.220001,70.300003,73.139999,73.139999,17600
2016-03-04,36.470001,37.535999,35.340000,37.060001,37.060001,45500
2016-03-07,75.699997,75.839996,66.940002,68.699997,68.699997,45800
2016-03-08,69.199997,76.139999,69.160004,75.860001,75.860001,50500
2016-03-09,74.900002,81.500000,74.800003,78.559998,78.559998,40400
2016-03-10,77.820000,82.879997,73.919998,80.379997,80.379997,100000
2016-03-11,39.029999,39.549999,36.860001,37.029999,37.029999,44900
2016-03-14,74.440002,74.889999,72.559998,74.019997,74.019997,14100
2016-03-15,77.019997,83.660004,76.699997,82.839996,82.839996,60300
2016-03-16,83.099998,87.320000,79.139999,84.040001,84.040001,43200
2016-03-17,85.019997,92.500000,84.896004,87.139999,87.139999,45600
2016-03-18,86.000000,89.209999,81.620003,82.720001,82.720001,32200
2016-03-21,83.419998,83.419998,76.260002,77.739998,77.739998,31000
2016-03-22,79.300003,79.300003,70.919998,71.699997,71.699997,38400
2016-03-23,72.199997,78.940002,71.000000,78.599998,78.599998,67200
2016-03-24,80.820000,83.003998,74.279999,77.540001,77.540001,49500
2016-03-28,77.040001,81.059998,75.379997,80.620003,80.620003,29500
2016-03-29,81.680000,85.174004,76.120003,76.279999,76.279999,48400
2016-03-30,37.270000,39.208000,35.521000,38.820000,38.820000,98300
2016-03-31,77.639999,77.760002,69.699997,72.459999,72.459999,35400
2016-04-01,73.400002,75.099998,65.991997,66.339996,66.339996,52700
2016-04-04,65.660004,65.800003,61.419998,64.639999,64.639999,59800
2016-04-05,66.120003,66.860001,62.880001,65.139999,65.139999,47600
2016-04-06,64.260002,64.260002,53.400002,53.540001,53.540001,124400
2016-04-07,27.150000,28.570000,26.200001,28.090000,28.090000,195200
2016-04-08,53.919998,59.740002,53.919998,58.259998,58.259998,59500
2016-04-11,57.119999,61.700001,57.119999,61.160000,61.160000,69100
2016-04-12,61.119999,62.779999,58.840000,59.180000,59.180000,22000
2016-04-13,28.670000,29.316999,27.660000,27.820000,27.820000,22300
2016-04-14,54.799999,56.599998,54.799999,55.419998,55.419998,7300
2016-04-15,27.520000,28.820000,27.520000,28.010000,28.010000,26100
2016-04-18,56.700001,56.700001,52.619999,53.419998,53.419998,13500
2016-04-19,27.129999,28.680000,27.129999,28.260000,28.260000,25900
2016-04-20,56.000000,57.400002,55.341999,56.419998,56.419998,12000
2016-04-21,55.820000,56.200001,51.459999,51.639999,51.639999,31300
2016-04-22,51.360001,53.700001,50.639999,51.200001,51.200001,15100
2016-04-25,51.459999,52.785999,50.560001,52.560001,52.560001,36600
2016-04-26,52.599998,56.220001,52.599998,54.919998,54.919998,24100
2016-04-27,55.360001,57.959999,55.220001,57.060001,57.060001,28700
2016-04-28,58.000000,60.139999,54.959999,58.560001,58.560001,36200
2016-04-29,59.900002,64.559998,59.139999,63.139999,63.139999,57400
2016-05-02,62.759998,65.440002,60.959999,61.080002,61.080002,39700
2016-05-03,62.360001,64.839996,61.639999,64.580002,64.580002,20200
2016-05-04,66.320000,70.599998,65.879997,70.220001,70.220001,50200
2016-05-05,68.660004,71.639999,68.660004,69.419998,69.419998,29300
2016-05-06,71.620003,75.000000,69.120003,72.300003,72.300003,54700
2016-05-09,71.040001,71.040001,65.260002,67.040001,67.040001,19300
2016-05-10,64.940002,69.220001,64.379997,65.180000,65.180000,14700
2016-05-11,32.509998,35.570000,32.509998,35.529999,35.529999,23500
2016-05-12,35.150002,38.500000,35.037998,37.369999,37.369999,63600
2016-05-13,37.709999,37.709999,35.500000,36.349998,36.349998,35700
2016-05-16,71.080002,71.080002,65.760002,66.160004,66.160004,22100
2016-05-17,66.639999,68.540001,65.213997,67.879997,67.879997,9300
2016-05-18,68.660004,68.660004,64.360001,65.220001,65.220001,14800
2016-05-19,66.680000,69.599998,64.300003,67.919998,67.919998,14600
2016-05-20,66.980003,67.040001,63.240002,63.799999,63.799999,17400
2016-05-23,63.439999,63.900002,60.816002,62.520000,62.520000,25200
2016-05-24,30.450001,30.570000,28.959999,29.180000,29.180000,44300
2016-05-25,57.180000,57.639999,55.759998,56.320000,56.320000,24700
2016-05-26,56.119999,58.200001,56.119999,57.340000,57.340000,6000
2016-05-27,28.490000,28.600000,27.790001,27.830000,27.830000,33100
2016-05-31,54.820000,54.820000,52.680000,53.459999,53.459999,24800
2016-06-01,54.160000,54.590000,52.139999,52.599998,52.599998,13800
2016-06-02,52.599998,52.599998,49.759998,49.759998,49.759998,21600
2016-06-03,25.200001,27.000000,25.200001,26.000000,26.000000,66600
2016-06-06,51.840000,53.619999,49.340000,49.740002,49.740002,12100
2016-06-07,51.599998,54.180000,51.599998,53.459999,53.459999,14700
2016-06-08,53.299999,54.340000,52.919998,53.560001,53.560001,18400
2016-06-09,54.900002,56.500000,53.419998,56.500000,56.500000,24400
2016-06-10,58.380001,60.959999,58.320000,60.240002,60.240002,84600
2016-06-13,61.439999,62.540001,58.720001,62.259998,62.259998,60700
2016-06-14,62.619999,65.519997,61.060001,63.400002,63.400002,41500
2016-06-15,62.400002,64.040001,61.560001,63.759998,63.759998,55700
2016-06-16,65.239998,66.660004,63.660000,64.080002,64.080002,27000
2016-06-17,63.660000,68.080002,63.599998,67.900002,67.900002,85400
2016-06-20,65.320000,66.379997,63.299999,66.160004,66.160004,69100
2016-06-21,65.360001,70.660004,65.360001,69.139999,69.139999,55500
2016-06-22,69.760002,70.080002,63.299999,67.639999,67.639999,54200
2016-06-23,65.260002,66.680000,63.259998,63.400002,63.400002,24000
2016-06-24,70.279999,73.000000,67.500000,73.000000,73.000000,110900
2016-06-27,74.739998,80.328003,72.779999,79.440002,79.440002,54100
2016-06-28,37.650002,37.650002,35.180000,35.230000,35.230000,75700
2016-06-29,33.830002,34.520000,32.417999,32.889999,32.889999,111100
2016-06-30,66.739998,67.800003,64.480003,64.680000,64.680000,22900
2016-07-01,64.860001,64.980003,60.139999,60.779999,60.779999,26900
2016-07-05,61.900002,63.639999,61.080002,61.639999,61.639999,16000
2016-07-06,63.919998,63.919998,57.852001,57.880001,57.880001,125300
2016-07-07,57.759998,58.820000,56.259998,56.959999,56.959999,109200
2016-07-08,28.559999,28.700001,27.200001,27.469999,27.469999,48500
2016-07-11,54.299999,55.360001,53.759998,55.279999,55.279999,19700
2016-07-12,54.259998,54.480000,52.840000,54.080002,54.080002,9600
2016-07-13,53.299999,56.900002,52.959999,56.820000,56.820000,24000
2016-07-14,55.040001,57.180000,55.040001,56.240002,56.240002,11300
2016-07-15,55.639999,55.680000,53.299999,53.900002,53.900002,16500
2016-07-18,53.830002,54.658001,52.840000,53.320000,53.320000,8900
2016-07-19,53.320000,55.740002,53.099998,55.439999,55.439999,13100
2016-07-20,55.500000,55.500000,50.987999,51.200001,51.200001,31800
2016-07-21,50.020000,50.431999,48.299999,49.220001,49.220001,31900
2016-07-22,49.220001,49.700001,48.080002,49.000000,49.000000,18500
2016-07-25,48.799999,49.779999,47.919998,48.223999,48.223999,10900
2016-07-26,49.560001,50.220001,48.279999,49.259998,49.259998,17500
2016-07-27,48.119999,48.520000,45.360001,45.639999,45.639999,30900
2016-07-28,22.870001,23.490000,22.500000,22.660000,22.660000,61400
2016-07-29,45.639999,46.459999,44.299999,44.419998,44.419998,24600
2016-08-01,44.000000,44.040001,41.040001,42.220001,42.220001,21100
2016-08-02,41.919998,44.619999,40.259998,42.000000,42.000000,35600
2016-08-03,42.279999,42.459999,40.500000,40.639999,40.639999,13200
2016-08-04,40.259998,41.639999,40.080002,41.500000,41.500000,16400
2016-08-05,20.440001,20.643999,20.070000,20.450001,20.450001,24900
2016-08-08,40.639999,42.480000,40.459999,42.139999,42.139999,10500
2016-08-09,42.259998,42.439999,41.419998,41.980000,41.980000,20800
2016-08-10,42.500000,44.759998,42.500000,44.419998,44.419998,21900
2016-08-11,43.919998,44.700001,42.790001,42.919998,42.919998,20900
2016-08-12,21.629999,22.090000,21.319000,21.400000,21.400000,29000
2016-08-15,42.119999,42.279999,41.181999,41.500000,41.500000,14500
2016-08-16,41.840000,43.400002,41.680000,43.340000,43.340000,16100
2016-08-17,43.060001,44.250000,42.799999,43.360001,43.360001,15600
2016-08-18,43.419998,43.740002,42.560001,43.099998,43.099998,12200
2016-08-19,43.740002,44.020000,43.040001,43.560001,43.560001,14400
2016-08-22,42.980000,42.980000,40.748001,41.080002,41.080002,20700
2016-08-23,40.279999,41.139999,40.200001,40.919998,40.919998,14800
2016-08-24,41.060001,45.439999,39.680000,45.080002,45.080002,42600
2016-08-25,44.900002,48.520000,43.743999,46.580002,46.580002,40200
2016-08-26,46.560001,46.779999,44.549999,45.540001,45.540001,30700
2016-08-29,44.980000,46.759998,44.880001,46.180000,46.180000,14400
2016-08-30,23.000000,23.440001,22.660000,23.260000,23.260000,33200
2016-08-31,46.740002,48.200001,46.540001,47.660000,47.660000,23400
2016-09-01,47.360001,48.680000,46.980000,47.439999,47.439999,21200
2016-09-02,47.180000,48.240002,46.689999,47.779999,47.779999,19100
2016-09-06,47.580002,47.580002,45.340000,45.939999,45.939999,26300
2016-09-07,45.980000,45.980000,44.521999,45.080002,45.080002,10900
2016-09-08,45.459999,45.900002,43.820000,43.959999,43.959999,17300
2016-09-09,22.600000,24.139999,22.559999,24.129999,24.129999,92200
2016-09-12,49.400002,49.400002,43.660000,43.820000,43.820000,41500
2016-09-13,45.259998,47.380001,44.980000,45.959999,45.959999,43900
2016-09-14,45.139999,45.375999,42.686001,44.419998,44.419998,24600
2016-09-15,44.400002,45.099998,42.099998,42.400002,42.400002,32100
2016-09-16,21.559999,21.700001,20.750000,20.870001,20.870001,30900
2016-09-19,41.299999,42.099998,40.400002,41.779999,41.779999,15600
2016-09-20,20.350000,20.549999,19.750000,19.959999,19.959999,43900
2016-09-21,39.980000,41.660000,38.980000,39.279999,39.279999,20000
2016-09-22,38.779999,39.700001,38.220001,38.279999,38.279999,47600
2016-09-23,38.759998,39.026001,37.660000,39.020000,39.020000,14800
2016-09-26,39.419998,40.799999,39.419998,40.439999,40.439999,39500
2016-09-27,40.820000,41.139999,39.119999,39.119999,39.119999,26300
2016-09-28,38.959999,40.919998,38.959999,40.160000,40.160000,19900
2016-09-29,40.080002,44.080002,40.080002,43.799999,43.799999,36200
2016-09-30,43.639999,44.540001,41.799999,42.259998,42.259998,16700
2016-10-03,42.759998,44.000000,42.040001,42.060001,42.060001,21200
2016-10-04,42.023998,43.320000,41.520000,42.820000,42.820000,15700
2016-10-05,42.439999,42.480000,40.939999,41.619999,41.619999,9900
2016-10-06,43.020000,44.580002,43.020000,44.400002,44.400002,42600
2016-10-07,44.060001,45.700001,44.000000,44.480000,44.480000,27500
2016-10-10,42.877998,42.877998,42.000000,42.619999,42.619999,18600
2016-10-11,22.389999,24.190001,22.139999,23.740000,23.740000,222100
2016-10-12,47.680000,51.160000,46.860001,51.000000,51.000000,67600
2016-10-13,52.180000,52.279999,49.459999,50.459999,50.459999,85900
2016-10-14,49.220001,53.340000,49.220001,53.340000,53.340000,41000
2016-10-17,53.820000,55.400002,52.240002,53.439999,53.439999,46300
2016-10-18,51.320000,51.759998,50.400002,51.320000,51.320000,40100
2016-10-19,25.629999,26.250000,25.629999,26.250000,26.250000,32200
2016-10-20,52.959999,52.959999,50.220001,50.959999,50.959999,57400
2016-10-21,50.980000,52.480000,50.860001,52.180000,52.180000,82200
2016-10-24,51.680000,53.099998,51.380001,52.959999,52.959999,9500
2016-10-25,53.080002,54.119999,52.136002,53.619999,53.619999,28000
2016-10-26,53.380001,54.660000,51.599998,53.580002,53.580002,54800
2016-10-27,52.000000,53.680000,50.580002,53.400002,53.400002,38800
2016-10-28,55.000000,58.279999,54.521999,56.380001,56.380001,121600
2016-10-31,56.480000,59.099998,56.360001,59.060001,59.060001,106700
2016-11-01,59.099998,60.360001,56.619999,57.279999,57.279999,72100
2016-11-02,58.279999,60.380001,57.799999,60.299999,60.299999,48500
2016-11-03,60.080002,65.779999,59.169998,65.639999,65.639999,65000
2016-11-04,65.919998,65.919998,59.759998,61.799999,61.799999,55100
2016-11-07,58.200001,58.880001,54.299999,54.900002,54.900002,69400
2016-11-08,55.880001,56.740002,52.686001,54.779999,54.779999,41600
2016-11-09,20.990000,22.620001,19.180000,20.010000,20.010000,241900
2016-11-10,38.860001,39.998001,36.122002,38.080002,38.080002,167300
2016-11-11,39.299999,40.639999,38.368000,38.700001,38.700001,158100
2016-11-14,38.099998,39.299999,36.520000,36.619999,36.619999,144500
2016-11-15,18.480000,19.370001,18.480000,18.639999,18.639999,87200
2016-11-16,37.939999,39.099998,37.139999,39.060001,39.060001,89300
2016-11-17,19.440001,20.000000,19.020000,19.190001,19.190001,63700
2016-11-18,38.040001,40.136002,37.880001,39.759998,39.759998,24400
2016-11-21,39.340000,39.712002,38.751999,38.919998,38.919998,27100
2016-11-22,38.299999,42.060001,38.299999,41.040001,41.040001,52400
2016-11-23,44.299999,44.299999,40.000000,40.020000,40.020000,61700
2016-11-25,39.220001,40.880001,39.220001,39.590000,39.590000,20500
2016-11-28,40.360001,41.820000,39.820000,41.619999,41.619999,50900
2016-11-29,41.500000,42.480000,40.419998,41.439999,41.439999,25400
2016-11-30,40.759998,44.299999,40.759998,44.259998,44.259998,92400
2016-12-01,44.820000,46.840000,43.720001,46.540001,46.540001,60500
2016-12-02,46.799999,47.279999,44.740002,45.939999,45.939999,59500
2016-12-05,44.900002,45.880001,43.560001,45.139999,45.139999,57500
2016-12-06,44.880001,45.840000,43.799999,43.939999,43.939999,35700
2016-12-07,46.700001,50.000000,46.020000,47.799999,47.799999,111400
2016-12-08,48.099998,50.102001,46.500000,46.720001,46.720001,45600
2016-12-09,45.220001,46.714001,43.040001,46.160000,46.160000,58200
2016-12-12,46.919998,48.060001,46.700001,47.099998,47.099998,59200
2016-12-13,46.540001,46.580002,45.009998,46.320000,46.320000,33100
2016-12-14,46.240002,47.220001,45.279999,46.200001,46.200001,62400
2016-12-15,46.139999,46.139999,44.599998,44.799999,44.799999,38600
2016-12-16,44.639999,45.060001,43.060001,44.639999,44.639999,34000
2016-12-19,22.240000,23.280001,21.760000,23.280001,23.280001,166700
2016-12-20,46.220001,46.220001,44.919998,45.340000,45.340000,22300
2016-12-21,45.299999,47.136002,45.299999,47.000000,47.000000,22000
2016-12-22,47.119999,48.020000,46.779999,47.419998,47.419998,17200
2016-12-23,47.799999,47.799999,44.119999,44.360001,44.360001,12800
2016-12-27,44.299999,44.880001,42.661999,44.860001,44.860001,8000
2016-12-28,44.680000,46.580002,44.680000,46.459999,46.459999,16700
2016-12-29,46.299999,47.480000,46.000000,46.919998,46.919998,9400
2016-12-30,47.020000,48.540001,46.459999,47.980000,47.980000,25700
2017-01-03,47.279999,47.279999,44.939999,45.200001,45.200001,18700
2017-01-04,44.759998,44.759998,41.090000,41.619999,41.619999,25500
2017-01-05,41.400002,42.240002,40.759998,41.259998,41.259998,17000
2017-01-06,40.439999,41.060001,39.880001,40.400002,40.400002,26000
2017-01-09,39.520000,40.279999,38.299999,38.700001,38.700001,25400
2017-01-10,38.040001,39.259998,37.419998,37.740002,37.740002,18200
2017-01-11,38.340000,42.259998,37.619999,41.200001,41.200001,47300
2017-01-12,42.299999,42.360001,40.060001,40.540001,40.540001,27500
2017-01-13,40.700001,40.700001,39.000000,40.160000,40.160000,12100
2017-01-17,41.139999,42.799999,41.139999,42.459999,42.459999,43300
2017-01-18,21.170000,21.198999,20.680000,20.700001,20.700001,34000
2017-01-19,41.880001,42.950001,41.681999,42.480000,42.480000,21000
2017-01-20,41.959999,43.259998,41.860001,43.000000,43.000000,14600
2017-01-23,43.180000,44.495998,42.487999,44.139999,44.139999,18300
2017-01-24,44.020000,46.020000,43.959999,44.520000,44.520000,17500
2017-01-25,43.560001,44.113998,42.959999,43.200001,43.200001,34200
2017-01-26,43.080002,43.939999,42.299999,43.840000,43.840000,11400
2017-01-27,43.060001,43.240002,42.480000,42.480000,42.480000,6800
2017-01-30,42.700001,44.866001,42.700001,44.220001,44.220001,16000
2017-01-31,45.380001,45.419998,40.419998,40.480000,40.480000,29000
2017-02-01,40.599998,40.860001,39.360001,39.400002,39.400002,18300
2017-02-02,39.660000,40.720001,39.220001,39.660000,39.660000,21400
2017-02-03,39.099998,39.900002,38.320000,38.360001,38.360001,24500
2017-02-06,38.619999,39.119999,38.139999,38.139999,38.139999,5800
2017-02-07,38.000000,39.099998,37.779999,38.660000,38.660000,7900
2017-02-08,40.080002,40.279999,38.340000,38.340000,38.340000,18700
2017-02-09,38.799999,38.840000,37.400002,37.680000,37.680000,16300
2017-02-10,37.540001,38.080002,37.200001,37.820000,37.820000,16100
2017-02-13,37.200001,37.223999,36.799999,36.959999,36.959999,13000
2017-02-14,37.160000,37.290001,35.599998,35.700001,35.700001,28800
2017-02-15,17.870001,17.952999,16.830000,16.889999,16.889999,46400
2017-02-16,33.680000,35.405998,33.200001,34.500000,34.500000,8900
2017-02-17,34.660000,34.660000,33.919998,33.980000,33.980000,4200
2017-02-21,33.419998,34.720001,33.419998,34.480000,34.480000,10200
2017-02-22,34.660000,35.400002,34.360001,35.400002,35.400002,7300
2017-02-23,35.099998,36.700001,35.099998,35.660000,35.660000,19600
2017-02-24,36.360001,36.500000,35.439999,35.459999,35.459999,5100
2017-02-27,35.099998,35.099998,32.360001,32.360001,32.360001,21900
2017-02-28,32.500000,33.200001,32.000000,32.820000,32.820000,13600
2017-03-01,32.000000,32.279999,31.160000,31.480000,31.480000,18900
2017-03-02,32.000000,32.040001,30.740000,31.940001,31.940001,10800
2017-03-03,32.299999,32.299999,31.000000,31.000000,31.000000,7900
2017-03-06,31.799999,32.242001,31.540001,31.900000,31.900000,19600
2017-03-07,32.980000,33.720001,32.599998,33.380001,33.380001,30800
2017-03-08,33.599998,33.599998,31.648001,32.400002,32.400002,45900
2017-03-09,32.639999,33.000000,31.844000,32.220001,32.220001,9700
2017-03-10,31.559999,32.731998,31.459999,31.540001,31.540001,14400
2017-03-13,31.540001,32.139999,31.379999,31.480000,31.480000,12500
2017-03-14,32.000000,32.480000,31.708000,32.340000,32.340000,11500
2017-03-15,32.419998,32.419998,30.500000,30.860001,30.860001,36500
2017-03-16,30.980000,32.397999,30.980000,32.040001,32.040001,7800
2017-03-17,33.160000,33.900002,32.646000,33.180000,33.180000,11500
2017-03-20,33.119999,33.139999,32.360001,32.619999,32.619999,5800
2017-03-21,32.279999,35.439999,32.279999,35.380001,35.380001,31500
2017-03-22,35.560001,35.658001,34.660000,34.740002,34.740002,29600
2017-03-23,34.660000,35.338001,34.223999,35.180000,35.180000,14900
2017-03-24,35.060001,35.160000,34.374001,34.560001,34.560001,3900
2017-03-27,35.279999,35.599998,33.360001,33.459999,33.459999,14100
2017-03-28,33.200001,34.259998,33.000000,33.900002,33.900002,16200
2017-03-29,33.180000,33.278000,32.259998,33.080002,33.080002,18000
2017-03-30,33.360001,33.740002,33.279999,33.439999,33.439999,4700
2017-03-31,33.320000,33.700001,33.119999,33.500000,33.500000,5000
2017-04-03,33.160000,34.240002,32.720001,34.220001,34.220001,10500
2017-04-04,34.380001,34.459999,33.720001,34.040001,34.040001,4600
2017-04-05,33.959999,35.779999,33.560001,35.419998,35.419998,12600
2017-04-06,35.400002,35.779999,34.980000,35.160000,35.160000,3700
2017-04-07,35.459999,35.459999,34.310001,34.320000,34.320000,2200
2017-04-10,34.200001,34.799999,33.980000,34.779999,34.779999,1800
2017-04-11,34.560001,35.919998,34.480000,35.139999,35.139999,9500
2017-04-12,34.959999,35.480000,34.700001,35.060001,35.060001,2100
2017-04-13,35.080002,35.200001,33.919998,34.259998,34.259998,6400
2017-04-17,34.759998,34.759998,34.279999,34.360001,34.360001,2300
2017-04-18,34.720001,35.880001,34.720001,35.299999,35.299999,5100
2017-04-19,34.900002,34.959999,34.200001,34.900002,34.900002,5400
2017-04-20,34.580002,35.080002,34.139999,34.419998,34.419998,5700
2017-04-21,34.759998,35.660000,34.419998,35.400002,35.400002,3400
2017-04-24,34.160000,34.480000,33.680000,33.799999,33.799999,9300
2017-04-25,33.000000,33.119999,32.085999,32.459999,32.459999,7800
2017-04-26,32.380001,32.560001,31.980000,32.240002,32.240002,4800
2017-04-27,32.680000,32.740002,31.770000,32.180000,32.180000,12500
2017-04-28,31.840000,32.320000,31.622000,31.860001,31.860001,5700
2017-05-01,15.890000,15.890000,15.570000,15.610000,15.610000,12000
2017-05-02,31.100000,31.958000,30.851999,31.600000,31.600000,8800
2017-05-03,32.020000,32.520000,32.000000,32.240002,32.240002,10600
2017-05-04,31.719999,31.879999,31.379999,31.480000,31.480000,6300
2017-05-05,32.020000,32.740002,31.639999,32.340000,32.340000,9500
2017-05-08,32.360001,34.599998,32.360001,34.380001,34.380001,10700
2017-05-09,34.000000,34.000000,33.139999,33.139999,33.139999,6300
2017-05-10,33.580002,34.456001,33.459999,33.520000,33.520000,4400
2017-05-11,34.000000,34.599998,33.540001,33.580002,33.580002,17400
2017-05-12,34.320000,34.320000,32.980000,33.268002,33.268002,2400
2017-05-15,32.900002,32.900002,32.580002,32.759998,32.759998,2000
2017-05-16,32.660000,32.730000,32.320000,32.419998,32.419998,4100
2017-05-17,33.520000,34.580002,33.160000,34.580002,34.580002,9900
2017-05-18,34.639999,34.639999,32.959999,33.080002,33.080002,27900
2017-05-19,33.096001,33.900002,32.419998,33.880001,33.880001,10400
2017-05-22,33.939999,34.000000,33.571999,33.599998,33.599998,1000
2017-05-23,33.779999,34.060001,33.590000,33.759998,33.759998,1600
2017-05-24,34.500000,34.540001,33.590000,33.700001,33.700001,4200
2017-05-25,33.200001,33.826000,33.200001,33.820000,33.820000,2000
2017-05-26,33.759998,34.632000,33.689999,34.613998,34.613998,5500
2017-05-30,34.619999,36.320000,34.619999,36.060001,36.060001,12700
2017-05-31,36.119999,36.720001,35.293999,35.759998,35.759998,6800
2017-06-01,35.000000,35.000000,33.439999,33.560001,33.560001,18700
2017-06-02,33.200001,33.265999,31.760000,31.900000,31.900000,7900
2017-06-05,31.440001,33.099998,31.440001,32.439999,32.439999,22800
2017-06-06,32.400002,33.060001,32.400002,32.919998,32.919998,1600
2017-06-07,32.560001,33.251999,32.400002,32.740002,32.740002,1500
2017-06-08,32.759998,32.759998,32.139999,32.180000,32.180000,2000
2017-06-09,31.980000,32.639999,30.993999,32.500000,32.500000,10200
2017-06-12,32.380001,33.400002,32.380001,32.759998,32.759998,4500
2017-06-13,32.779999,33.000000,32.279999,32.279999,32.279999,4800
2017-06-14,32.060001,32.480000,31.200001,31.760000,31.760000,10200
2017-06-15,32.200001,33.200001,32.195999,32.636002,32.636002,6000
2017-06-16,32.908001,33.500000,32.860001,32.900002,32.900002,1200
2017-06-19,32.299999,32.299999,30.100000,30.420000,30.420000,19600
2017-06-20,30.240000,30.240000,27.980000,29.260000,29.260000,25300
2017-06-21,29.000000,29.000000,25.940001,25.959999,25.959999,59000
2017-06-22,25.540001,25.540001,23.959999,24.680000,24.680000,54900
2017-06-23,24.780001,25.677999,24.459999,24.480000,24.480000,17800
2017-06-26,24.459999,25.240000,24.320000,24.820000,24.820000,14200
2017-06-27,25.000000,26.878000,24.940001,26.820000,26.820000,26700
2017-06-28,26.430000,26.639999,25.100000,25.260000,25.260000,23100
2017-06-29,25.718000,27.112000,25.658001,26.280001,26.280001,40600
2017-06-30,25.920000,26.940001,25.920000,26.840000,26.840000,6500
2017-07-03,26.459999,26.660000,26.160000,26.440001,26.440001,3600
2017-07-05,26.566000,26.566000,25.440001,25.500000,25.500000,10600
2017-07-06,25.980000,27.000000,25.980000,26.740000,26.740000,71600
2017-07-07,26.350000,26.422001,26.076000,26.219999,26.219999,6100
2017-07-10,26.360001,27.190001,26.360001,26.719999,26.719999,3300
2017-07-11,26.459999,26.900000,26.299999,26.299999,26.299999,1700
2017-07-12,25.888000,26.129999,25.680000,25.700001,25.700001,9000
2017-07-13,25.799999,26.549999,24.920000,25.200001,25.200001,8100
2017-07-14,25.254000,25.334000,24.837999,25.124001,25.124001,1300
2017-07-17,25.000000,25.417999,24.802000,25.417999,25.417999,1700
2017-07-18,25.559999,26.080000,25.459999,25.459999,25.459999,15000
2017-07-19,24.100000,24.639999,23.719999,24.478001,24.478001,20300
2017-07-20,24.180000,24.180000,23.299999,23.639999,23.639999,13800
2017-07-21,23.598000,23.598000,23.200001,23.340000,23.340000,8300
2017-07-24,23.240000,23.620001,22.700001,22.700001,22.700001,11500
2017-07-25,22.667999,23.600000,22.580000,23.440001,23.440001,32000
2017-07-26,23.440001,23.440001,22.900000,22.980000,22.980000,6900
2017-07-27,22.600000,24.760000,22.500000,24.320000,24.320000,22800
2017-07-28,24.525999,24.525999,23.700001,23.700001,23.700001,10400
2017-07-31,23.820000,24.480000,23.820000,24.480000,24.480000,6900
2017-08-01,24.681999,25.400000,24.608000,25.219999,25.219999,9300
2017-08-02,25.000000,25.580000,24.799999,24.844000,24.844000,4300
2017-08-03,24.760000,25.558001,24.760000,25.420000,25.420000,5500
2017-08-04,25.600000,25.760000,25.180000,25.180000,25.180000,24700
2017-08-07,25.180000,25.299999,24.718000,24.796000,24.796000,3200
2017-08-08,25.100000,25.740000,24.700001,25.440001,25.440001,15800
2017-08-09,26.020000,26.180000,25.438000,25.700001,25.700001,6600
2017-08-10,26.191999,27.930000,26.191999,27.930000,27.930000,22000
2017-08-11,27.799999,27.879999,27.040001,27.299999,27.299999,4200
2017-08-14,26.624001,26.700001,26.396000,26.480000,26.480000,5600
2017-08-15,26.120001,26.780001,26.120001,26.440001,26.440001,2100
2017-08-16,26.080000,26.600000,25.860001,26.360001,26.360001,7300
2017-08-17,26.520000,27.840000,26.160000,27.740000,27.740000,10800
2017-08-18,27.639999,28.177999,27.388000,27.920000,27.920000,7400
2017-08-21,28.180000,28.180000,27.639999,27.740000,27.740000,4000
2017-08-22,26.980000,27.054001,26.059999,26.180000,26.180000,8000
2017-08-23,26.360001,26.620001,26.100000,26.299999,26.299999,8700
2017-08-24,26.280001,26.540001,25.480000,25.559999,25.559999,4000
2017-08-25,25.400000,26.040001,25.139999,26.040001,26.040001,3600
2017-08-28,25.139999,25.260000,24.350000,24.540001,24.540001,10200
2017-08-29,24.719999,25.000000,24.280001,24.299999,24.299999,4800
2017-08-30,24.299999,24.340000,22.600000,22.878000,22.878000,22700
2017-08-31,22.620001,22.666000,20.920000,20.980000,20.980000,34200
2017-09-01,21.440001,21.440001,20.370001,20.480000,20.480000,14700
2017-09-05,20.940001,21.600000,20.480000,20.900000,20.900000,20100
2017-09-06,20.700001,21.186001,20.500000,20.820000,20.820000,28900
2017-09-07,20.900000,21.384001,20.400000,20.540001,20.540001,10600
2017-09-08,20.920000,20.920000,20.400000,20.780001,20.780001,4900
2017-09-11,20.400000,21.059999,20.382000,20.719999,20.719999,6900
2017-09-12,20.740000,21.080000,20.540001,20.540001,20.540001,6100
2017-09-13,20.680000,20.978001,20.580000,20.580000,20.580000,5600
2017-09-14,21.180000,21.459999,20.660000,21.120001,21.120001,6000
2017-09-15,21.040001,21.284000,20.820000,21.139999,21.139999,2200
2017-09-18,21.139999,21.200001,20.820000,21.200001,21.200001,7900
2017-09-19,21.299999,21.600000,21.200001,21.502001,21.502001,2200
2017-09-20,21.379999,21.420000,20.858000,21.219999,21.219999,2000
2017-09-21,21.219999,21.299999,20.944000,21.170000,21.170000,500
2017-09-22,21.360001,21.964001,21.360001,21.500000,21.500000,35900
2017-09-25,21.459999,21.480000,21.034000,21.280001,21.280001,4800
2017-09-26,21.177999,21.879999,21.177999,21.860001,21.860001,4500
2017-09-27,21.459999,21.600000,21.240000,21.440001,21.440001,7100
2017-09-28,21.799999,21.799999,21.160000,21.379999,21.379999,4400
2017-09-29,21.379999,21.500000,20.760000,20.799999,20.799999,15600
2017-10-02,20.620001,20.660000,19.837999,19.902000,19.902000,10800
2017-10-03,20.122000,20.400000,20.000000,20.000000,20.000000,1700
2017-10-04,19.780001,19.920000,19.459999,19.559999,19.559999,11000
2017-10-05,19.500000,19.799999,19.360001,19.440001,19.440001,5400
2017-10-06,19.459999,19.799999,19.278000,19.559999,19.559999,19000
2017-10-09,19.502001,19.820000,19.502001,19.722000,19.722000,3800
2017-10-10,19.520000,19.900000,19.459999,19.639999,19.639999,2900
2017-10-11,20.000000,20.000000,19.760000,19.799999,19.799999,1300
2017-10-12,20.024000,20.299999,20.024000,20.139999,20.139999,6300
2017-10-13,20.139999,20.340000,19.896000,20.180000,20.180000,9000
2017-10-16,19.760000,20.340000,19.379999,20.180000,20.180000,10200
2017-10-17,20.059999,20.198000,19.712000,19.920000,19.920000,8300
2017-10-18,20.002001,20.341999,20.002001,20.320000,20.320000,1700
2017-10-19,20.680000,20.940001,20.382000,20.500000,20.500000,8300
2017-10-20,20.826000,21.540001,20.826000,21.000000,21.000000,34000
2017-10-23,21.320000,21.879999,21.280001,21.840000,21.840000,4200
2017-10-24,22.000000,22.980000,22.000000,22.379999,22.379999,9300
2017-10-25,22.600000,23.412001,22.600000,23.040001,23.040001,10200
2017-10-26,24.600000,25.160000,24.120001,24.660000,24.660000,16200
2017-10-27,25.000000,25.260000,24.002001,24.180000,24.180000,18600
2017-10-30,24.400000,24.441999,23.362000,24.162001,24.162001,88300
2017-10-31,23.920000,24.958000,23.700001,24.660000,24.660000,11200
2017-11-01,24.139999,25.299999,24.139999,25.120001,25.120001,8000
2017-11-02,25.299999,25.440001,24.580000,25.256001,25.256001,4900
2017-11-03,24.478001,24.610001,24.000000,24.000000,24.000000,79300
2017-11-06,23.860001,24.298000,23.860001,24.280001,24.280001,2300
2017-11-07,24.420000,24.806000,24.420000,24.660000,24.660000,1700
2017-11-08,24.238001,24.959999,24.059999,24.860001,24.860001,1100
2017-11-09,25.620001,26.143999,25.340000,25.379999,25.379999,12800
2017-11-10,25.940001,25.997999,25.020000,25.080000,25.080000,5500
2017-11-13,25.600000,25.719999,25.360001,25.719999,25.719999,8200
2017-11-14,25.865999,27.500000,25.846001,26.780001,26.780001,25800
2017-11-15,27.340000,27.680000,26.167999,26.480000,26.480000,18800
2017-11-16,25.820000,26.240000,25.271999,25.320000,25.320000,9900
2017-11-17,25.219999,25.600000,25.180000,25.240000,25.240000,6500
2017-11-20,25.740000,25.941999,25.740000,25.884001,25.884001,600
2017-11-21,25.459999,25.650000,25.200001,25.362000,25.362000,4100
2017-11-22,25.000000,25.209999,24.840000,24.879999,24.879999,5200
2017-11-24,24.860001,24.860001,24.660000,24.802000,24.802000,800
2017-11-27,24.799999,25.400000,24.799999,25.299999,25.299999,1600
2017-11-28,25.780001,25.860001,25.100000,25.100000,25.100000,4100
2017-11-29,25.160000,25.379999,24.417999,25.379999,25.379999,7600
2017-11-30,24.459999,24.520000,24.020000,24.080000,24.080000,6700
2017-12-01,24.091999,25.280001,23.500000,23.993999,23.993999,4100
2017-12-04,23.042000,24.930000,22.940001,24.930000,24.930000,3000
2017-12-05,24.486000,25.540001,24.299999,25.540001,25.540001,1800
2017-12-06,25.719999,26.660000,25.340000,26.080000,26.080000,6000
2017-12-07,26.160000,26.160000,24.680000,24.840000,24.840000,4800
2017-12-08,24.240000,24.266001,23.101999,23.200001,23.200001,9800
2017-12-11,22.600000,23.480000,22.580000,23.280001,23.280001,5300
2017-12-12,23.600000,23.820000,23.400000,23.600000,23.600000,5200
2017-12-13,23.420000,23.420000,22.820000,22.822001,22.822001,800
2017-12-14,22.760000,24.080000,22.760000,23.976000,23.976000,1900
2017-12-15,23.785999,23.785999,23.000000,23.020000,23.020000,700
2017-12-18,22.559999,23.219999,22.559999,23.219999,23.219999,22900
2017-12-19,23.492001,23.492001,22.780001,23.320000,23.320000,33100
2017-12-20,22.898001,23.000000,22.898001,23.000000,23.000000,1500
2017-12-21,22.959999,23.059999,22.620001,22.799999,22.799999,3700
2017-12-22,23.000000,23.138000,22.660000,22.680000,22.680000,5300
2017-12-26,22.540001,22.600000,22.280001,22.420000,22.420000,2900
2017-12-27,22.280001,22.379999,21.959999,22.260000,22.260000,13200
2017-12-28,22.072001,22.658001,22.072001,22.180000,22.180000,3400
2017-12-29,22.020000,22.792000,21.920000,22.792000,22.792000,7200
2018-01-02,22.660000,22.760000,21.120001,21.120001,21.120001,23500
2018-01-03,21.020000,21.170000,20.100000,20.260000,20.260000,5000
2018-01-04,20.966000,20.966000,20.580000,20.760000,20.760000,1600
2018-01-05,20.559999,21.170000,20.559999,20.940001,20.940001,1300
2018-01-08,20.660000,22.021999,20.660000,21.700001,21.700001,9800
2018-01-09,21.280001,21.280001,20.299999,20.400000,20.400000,34300
2018-01-10,20.799999,21.063999,20.100000,20.100000,20.100000,2500
2018-01-11,20.080000,20.160000,19.820000,20.020000,20.020000,112500
2018-01-12,20.260000,20.260000,19.422001,19.559999,19.559999,85000
2018-01-16,19.420000,20.478001,18.924000,20.340000,20.340000,231100
2018-01-17,20.021999,20.320000,19.582001,19.837999,19.837999,13500
2018-01-18,20.280001,20.540001,19.900000,19.900000,19.900000,32200
2018-01-19,19.760000,20.000000,19.540001,19.580000,19.580000,24400
2018-01-22,19.340000,19.340000,17.709999,17.740000,17.740000,260200
2018-01-23,17.540001,17.540001,16.879999,17.100000,17.100000,109600
2018-01-24,17.020000,17.820000,16.920000,17.580000,17.580000,56500
2018-01-25,17.040001,17.620001,17.000000,17.139999,17.139999,28900
2018-01-26,16.799999,16.898001,16.455999,16.540001,16.540001,51000
2018-01-29,16.559999,16.618000,16.059999,16.360001,16.360001,32300
2018-01-30,17.299999,17.400000,16.761999,17.240000,17.240000,43600
2018-01-31,17.120001,18.400000,17.120001,18.219999,18.219999,48300
2018-02-01,18.600000,18.639999,18.059999,18.299999,18.299999,21900
2018-02-02,18.676001,19.240000,18.400000,19.200001,19.200001,86800
2018-02-05,19.712000,21.740000,19.059999,21.740000,21.740000,136100
2018-02-06,22.299999,22.832001,20.340000,20.540001,20.540001,65500
2018-02-07,20.600000,20.680000,19.622000,19.702000,19.702000,22600
2018-02-08,19.780001,22.879999,19.780001,22.540001,22.540001,43400
2018-02-09,22.219999,25.400000,22.000000,22.360001,22.360001,55200
2018-02-12,21.620001,22.299999,20.760000,21.400000,21.400000,81300
2018-02-13,21.719999,21.941999,21.139999,21.209999,21.209999,10100
2018-02-14,21.738001,21.738001,19.600000,19.980000,19.980000,44300
2018-02-15,19.219999,20.218000,19.219999,19.320000,19.320000,28800
2018-02-16,19.436001,19.700001,19.020000,19.520000,19.520000,5200
2018-02-20,20.000000,20.240000,19.469999,20.200001,20.200001,31100
2018-02-21,19.639999,20.280001,19.059999,20.280001,20.280001,13400
2018-02-22,20.042000,20.700001,19.681999,20.634001,20.634001,31900
2018-02-23,20.320000,20.799999,19.320000,19.340000,19.340000,53000
2018-02-26,18.700001,19.299999,18.700001,18.879999,18.879999,19900
2018-02-27,18.959999,19.660000,18.700001,19.660000,19.660000,12000
2018-02-28,19.240000,20.719999,19.240000,20.719999,20.719999,30500
2018-03-01,20.840000,21.790001,20.440001,21.260000,21.260000,44100
2018-03-02,22.000000,22.299999,19.604000,19.760000,19.760000,53800
2018-03-05,19.582001,20.040001,19.000000,19.020000,19.020000,20700
2018-03-06,18.680000,19.219999,18.680000,19.020000,19.020000,4300
2018-03-07,19.125999,19.200001,18.622000,18.622000,18.622000,13400
2018-03-08,18.563999,18.700001,18.260000,18.340000,18.340000,8800
2018-03-09,18.000000,18.068001,17.360001,17.400000,17.400000,45000
2018-03-12,17.360001,17.559999,17.143999,17.219999,17.219999,10400
2018-03-13,17.360001,17.709999,17.143999,17.598000,17.598000,22100
2018-03-14,17.559999,17.740000,17.299999,17.660000,17.660000,12900
2018-03-15,17.488001,18.299999,17.488001,18.160000,18.160000,54400
2018-03-16,17.968000,18.200001,17.799999,18.160000,18.160000,51200
2018-03-19,18.400000,19.559999,18.268000,19.200001,19.200001,97600
2018-03-20,19.000000,19.379999,19.000000,19.200001,19.200001,8000
2018-03-21,18.879999,19.090000,18.799999,19.090000,19.090000,4700
2018-03-22,19.559999,20.459999,19.200001,20.459999,20.459999,16700
2018-03-23,20.500000,22.030001,20.100000,21.940001,21.940001,12700
2018-03-26,20.900000,22.148001,20.219999,20.260000,20.260000,35800
2018-03-27,19.520000,22.280001,19.520000,22.280001,22.280001,21200
2018-03-28,21.520000,21.940001,21.073999,21.420000,21.420000,15300
2018-03-29,21.459999,21.459999,20.360001,20.920000,20.920000,51700
2018-04-02,21.520000,24.000000,21.520000,23.500000,23.500000,109800
2018-04-03,23.400000,24.422001,22.900000,23.139999,23.139999,27300
2018-04-04,24.480000,24.480000,20.980000,21.139999,21.139999,30400
2018-04-05,20.820000,22.379999,20.820000,22.139999,22.139999,38100
2018-04-06,23.200001,24.610001,22.892000,24.160000,24.160000,18400
2018-04-09,23.459999,23.459999,21.799999,22.940001,22.940001,33400
2018-04-10,21.639999,22.280001,20.799999,20.959999,20.959999,51500
2018-04-11,20.959999,21.240000,20.502001,21.219999,21.219999,54000
2018-04-12,20.799999,20.820000,20.040001,20.420000,20.420000,21400
2018-04-13,20.420000,21.100000,20.400000,20.799999,20.799999,28300
2018-04-16,20.559999,21.320000,20.559999,21.160000,21.160000,10800
2018-04-17,21.180000,21.180000,19.799999,20.000000,20.000000,5700
2018-04-18,19.906000,19.959999,19.620001,19.959999,19.959999,3800
2018-04-19,20.280001,20.980000,19.940001,20.840000,20.840000,11800
2018-04-20,21.000000,21.459999,20.900000,21.340000,21.340000,14000
2018-04-23,21.000000,21.775999,21.000000,21.459999,21.459999,7700
2018-04-24,21.520000,22.660000,21.520000,22.400000,22.400000,15000
2018-04-25,22.760000,22.879999,22.219999,22.379999,22.379999,7400
2018-04-26,21.340000,21.340000,20.782000,21.100000,21.100000,1700
2018-04-27,20.959999,21.340000,20.820000,20.860001,20.860001,4900
2018-04-30,20.940001,22.059999,20.940001,22.059999,22.059999,2600
2018-05-01,22.299999,22.448000,22.020000,22.020000,22.020000,5400
2018-05-02,22.500000,22.500000,21.780001,21.780001,21.780001,4000
2018-05-03,23.200001,24.080000,23.200001,23.677999,23.677999,16200
2018-05-04,23.660000,23.660000,22.500000,22.879999,22.879999,38300
2018-05-07,22.348000,22.480000,22.348000,22.440001,22.440001,4400
2018-05-08,22.459999,23.139999,22.459999,22.639999,22.639999,22500
2018-05-09,22.799999,22.820000,21.700001,21.840000,21.840000,6600
2018-05-10,21.719999,21.879999,21.219999,21.808001,21.808001,6600
2018-05-11,21.100000,21.379999,20.000000,20.059999,20.059999,18200
2018-05-14,20.020000,20.020000,19.100000,19.500000,19.500000,7100
2018-05-15,20.139999,20.139999,20.011999,20.100000,20.100000,7800
2018-05-16,20.100000,20.100000,19.378000,19.559999,19.559999,31400
2018-05-17,19.572001,19.862000,19.540001,19.540001,19.540001,24000
2018-05-18,19.480000,19.500000,19.379999,19.440001,19.440001,9200
2018-05-21,19.530001,20.400000,19.530001,20.219999,20.219999,7000
2018-05-22,19.860001,20.122000,19.702000,20.020000,20.020000,10300
2018-05-23,20.139999,20.139999,19.500000,19.742001,19.742001,3700
2018-05-24,19.785000,19.785000,19.785000,19.785000,19.785000,700
2018-05-25,19.610001,19.620001,19.549999,19.549999,19.549999,12500
2018-05-29,19.820000,20.190001,19.690001,19.809999,19.809999,2600
2018-05-30,19.740000,19.740000,18.990000,19.000000,19.000000,2600
2018-05-31,19.000000,19.070000,18.750000,19.020000,19.020000,20600
2018-06-01,18.430000,18.430000,18.299999,18.330000,18.330000,2800
2018-06-04,18.580000,19.400000,18.580000,18.730000,18.730000,3700
2018-06-05,18.549999,18.959999,18.230000,18.690001,18.690001,5100
2018-06-06,18.469999,18.469999,17.930000,17.959999,17.959999,1000
2018-06-07,17.999001,18.657000,17.966999,18.379999,18.379999,1000
2018-06-08,18.379999,18.379999,18.379999,18.379999,18.379999,0
2018-06-11,18.379999,18.379999,18.379999,18.379999,18.379999,0
2018-06-12,17.608999,17.820000,17.608999,17.790001,17.790001,900
2018-06-13,17.639999,17.639999,17.639999,17.639999,17.639999,400
2018-06-14,18.000000,18.000000,17.520000,17.520000,17.520000,1800
2018-06-15,17.379999,17.650000,17.379999,17.610001,17.610001,4300
2018-06-18,18.350000,18.350000,18.000000,18.000000,18.000000,4400
2018-06-19,18.299999,18.299999,17.200001,17.209999,17.209999,5200
2018-06-20,17.090000,17.090000,16.330000,16.360001,16.360001,25900
2018-06-21,16.820000,16.980000,16.820000,16.920000,16.920000,2400
2018-06-22,17.160000,17.160000,17.090000,17.110001,17.110001,800
2018-06-25,17.370001,18.299999,17.370001,18.030001,18.030001,5000
2018-06-26,18.580000,18.690001,18.209999,18.219999,18.219999,2000
2018-06-27,18.386000,19.000000,18.386000,19.000000,19.000000,1000
2018-06-28,19.900000,19.900000,18.830999,18.990000,18.990000,9500
2018-06-29,18.400000,18.441999,17.830000,18.040001,18.040001,3100
